24 5
545023032433411521513304
525511350343451541421551
400455201211401254201354
153203402230533513543252
454105010441435113514430
345152553014112055353410
515404044014354450553132
212433424225055341451525
015501131224204212355351
442201340350411043301515
533145502434223401510412
342434414125244553302335
053400424234340212405133
513221403125525554305220
522352311542223243025230
223245114141022311514430
212145534024330313104220
524234505141233200114044
415521213250424251405250
413225250330313350233315
252141411332233130433223
141422115022544335211033
330210120315224524304253
311020140400523511140045
