24 5
304405542135130502512012
145321522030543243421335
030205450501412323410254
022204112121011332140312
024413540233452502335522
435034432323153213215444
331452405504110045142001
042132133453125032140343
430354551155103355250513
343123114540221442522114
514214241245322233301230
503121514542514245121424
535432511151041002145423
254045504512502431530352
111114445554514523551233
513215203052555101133544
513411154441003431122203
235045323215120414343041
525335353141432352420505
541042502454501404142112
405303042403402525051223
250335441303402325324413
304150002412345313150322
435423231505100321433212
