24 5
012332011505423540124134
321214235345115112005212
103513335332445245510554
054331002144123001042134
012450312155144223355342
441313523453023422152152
442433333415523524321524
143125503554224125113321
554451404352530440320114
425154100314355122440245
034503551524111250421220
450101232044532040223433
454434342143534021441425
022141033003253454513530
135453323531455431241105
502354234021554343101125
113515050320513053102244
554132513435454100302240
430545131323120032232420
315333220124115455410232
102010122524405313240114
002541503134403221140425
252232335130541032114011
222045552005455531315210
