24 5
515455024220004010252132
355231403435431202202105
200231255503443210410143
040503302125542502141101
325050552003544303551451
151122501125510221042312
521443501514443131231524
411131533025340343312020
420442153354101525453152
051203032234205512431134
533453215411422422414423
114405124343533305030142
235532223232300155225114
242514310324232324514201
140532154224451142303320
345405341522154553505441
144312432511453303440333
342435501221415550515021
541351242544055010144550
410033321344531324014425
135114321351533234533531
214051045441433415124555
341455132030224223212034
403121034353420052221003
