24 5
113432413332152134014353
241515241314532550252003
204432344124254002211134
330442550115325324201451
555224535305204123150412
344102005030412503120102
313043115014250513024040
415433452221323015414212
541325514405003522012042
144343553144543454122240
341141534225255042131230
150412524123042101550223
300524050351210155445335
151101543412441234303141
134214105554112532543205
125145543131113121151232
004203233435231233350103
040231330445055543253023
253432141554145314035014
023513523341223541530041
324521223532320041023343
205203545524445242122043
031305344555210025132240
345241515415245453121503
