24 5
435431452152141011500053
341434144552211204252320
451432214512215113224520
114105130013330130453354
131511454245214425251434
222202120322042504305334
021211254350134143441203
503404055330435210525153
255443530115554524232553
314513411103414143332550
420302244341345040024151
300352500353221344135200
445131311132342245050225
411025211252202341335125
332500253004402013351351
333155505223520415410012
503225310252420231430111
402120244011334041320335
453552124314225125015114
132421223323231430422434
035511025411441540210425
351415253430555251241405
530554543401345444000323
253433525344421343515023
