24 5
135231142145551303402215
500041333203450153050241
434142442231544414445241
434132433541511254544115
225343312331421304145313
445125312035015543544412
234552213430254141304035
340032153035111234411251
350333522133453434231355
250222445132443201452230
345015420441124243344212
311321352325341402442515
023051120133502522341351
435550145512352440214114
323552232101515005411524
355305144120452341013251
044025512541523201050523
145500003322324412051550
053035001033414421431325
332241005442213213222220
032013200235535013055254
303305551014020310210445
105442152223405002255120
125115254304351313104142
