24 5
324011054343105501223145
320040031445353422152121
122314103054050342142114
331233541501553003521541
234433504211054514415225
051134332401251353045012
233114554002241021334403
203345241451151155123125
403421502333140205524531
433023544425221250325555
122424552101020335230353
214435245045341541054252
344151424420354245550012
553102231320145001432410
343143102134231312022053
533111423532025413400241
204151415543554013323451
224153423255215054435023
402035214114145430021253
003544030104123332013222
132412022144531434241322
405341254303504042251124
145305155540551152043034
123330225325533415521115
