24 5
513103453033551102323553
323252555504413142145020
213200135142511032511402
324241224543224332042230
405441354241333525145402
350335520411154104352211
212124555512544445522304
322344513513131402230343
543415342524425024412322
234442143205215113211123
502104242333353410330120
144505543220114351334345
314145233551535211030020
105122431211144241405033
243055555500243545334002
412145042454012052335104
113023412154100422405204
150050213212451031214510
155034502020241421034431
323554452154210055450353
531502411124125245104003
313351530144443352304352
032142432231111350523431
345500511002234101535523
