24 5
155110452222024335222431
123313555132002435005520
251340034412013543410402
254543450112441432540003
235412214145455205544341
553243133014255104443350
205145334013510550221130
523201125003324122105521
404044423043421413513044
120203301311222231343523
353403135231124501213341
124545451351525052355022
315222215440143502352234
513011413441413355455413
232543111531345343355435
435442155450043433540042
102250315151221353120314
151224544132522014314002
253551340250155350404222
235302123024410441314433
420302055432501111302432
251515154250122432031540
201002013550215441330222
022141411334034511345345
