24 5
145130533101055555154021
512525011455442342143402
215544423552305215050241
153301520145525354431250
131340302515145033232403
440421032033013434012213
531241545205121454432331
313501434425505225435410
045111104444200525224225
144423131024334251550415
134435413052140552321414
545051253301122010433211
414131231320001453230424
103424242554442053220333
005125245443453431550413
153313023001050215303255
403221250535152154201342
025021521205320352251153
543215311354425154212440
034103141323111423343005
405022343224343234243203
031420453320124232311502
211322542253410532154123
324044335532111110541450
