24 5
041022024105113210144125
051322520322553552431132
331422532350135105553455
544441334425344115504412
033124205415231300044245
152220051524115434232055
230331555111012214300031
533305511331550303201103
522245541515353532051122
503110144452333242121253
024340324503011134305421
215144501154544244245021
421421401451245002322331
453330324034554501324200
311353300123313240055230
304103423555054454103030
553225215322404404335115
333552215344542012305342
050434430155054142441424
243143124041334135544121
232352222142111142433550
223553335403255521301053
443115224412041235411240
204210154114242502312110
