24 5
444222300442035042154335
210144420550415215034105
444405412031145543324404
321124001120315313434154
102551142110152343004214
415123222322234543155510
455342325340052544315043
035253255533310302313314
235334122344212033510535
004204220111001131513432
111200222421514254430021
234322453514550325502410
405211324121434335112123
504304031552551051315134
455032445250423122042205
104522131524031432515044
012553504055323545003153
550225510205531313110111
403222025232123425410112
545141343505232353135504
531343232015514451525123
233321422132313005144415
144453121020445310235435
352404024324410331352434
