24 5
423431125153325442411535
323022240545151532413325
541033453013203131252143
402424330301044234321150
423111310354233132331022
445154045422502235122325
020001444523442501541215
025344355004314152503151
341202005222314022125413
530332252345132520120522
242221355141554541113132
243405114303521142455031
103402405053445145352453
301415451531052053553311
344232004032301551305405
420123222315500451554225
353532421310255404102354
103434415110544042110355
231221444211544445313124
032053240524351211541135
551330350051452124304202
412330104402241121545015
144430024053054450332230
054443315211330211332511
