24 5
042440354341012545131132
253341145003533115121222
111203222554421304400101
114542503045152525025151
415044250245504144503354
213220035334153530134223
151550525525005003154401
245210104153312513333353
504555301202215143142044
443313454123234231435215
154313235322210334455503
024113114555434512411032
011242225355054133253005
522051314410352343452342
320302544241204553320040
243021041445524055522422
113342354543552353141530
340331030153555452452411
312323403325040025204300
012242432130303131130204
223212543213311440514201
201532414204114344441453
212542151545120330250422
033125212424314155111014
