24 5
134445355255354432310111
453552351212512550101204
010053530453220324241024
251325533214054200432112
344042331034141521354533
424204525332243053024443
141450203531324405325552
142545105141145544040521
535112513505143351332215
401120423002341411023333
025355443102423540035512
200250152504242431514053
511544110320522031230241
424232343113134120424154
114334425301234551423301
204103335112524132212331
233041020543053213245144
110443520213132245131034
245010312042052405035335
250321231211514324103141
014341551212420210300413
543301252325415500235521
404003342124523530455055
554514415551434521252423
