24 5
321130554241522402111244
555154041351515344414232
015204511135034412151042
412512250354532234030512
211234554550430215513351
440022221500411555502530
133335413055322233454113
330433451110020212345445
444400213254553501534221
112251311524430235532533
322001430014114524025544
214514351245113455224244
145400543053051234432104
400425521252105435524212
430504223152553430314351
412122403125333500533355
023431113530205254404313
410244200033330342341125
014242441554020133331520
254220440552542233013121
440421101223125021215311
153304503311134030124534
134200111534245212455303
353543250203021232342310
