24 5
554105503033453431153431
413032130553211332225522
015335331201130544411321
244515033005201131102230
331233455214215250444522
254144104141520350143315
313425143243422403353252
525142033215012241515433
041224555424245233205454
100034322355141445130421
035554001141105515522544
251053515555143215544105
253103514342401250231321
553525153315353012512233
332200311311402314243244
102252141542401132450450
140535322151143101143002
534234313301422001055410
532251022322102324202141
442120432320423242345000
231003251510543123551210
354024310415435454434334
420013254025422545124150
350425304404431014044243
