34
8 17 12 21 14 19 10 15 
8 18 10 20 13 17 11 15 
10 21 12 21 12 20 10 20 
10 27 22 27 22 23 10 23 
11 14 11 15 16 15 16 14 
11 24 13 22 12 21 10 23 
13 18 13 17 8 17 8 18 
13 24 24 24 24 22 13 22 
14 16 15 17 17 15 16 14 
17 18 17 26 18 26 18 18 
17 29 17 26 16 26 16 29 
19 28 19 26 18 26 18 28 
19 31 20 30 18 28 17 29 
20 32 22 32 22 30 20 30 
21 23 15 17 12 20 18 26 
22 13 22 19 25 19 25 13 
22 26 24 24 18 18 16 20 
22 34 24 32 22 30 20 32 
23 13 24 14 25 13 24 12 
23 19 28 14 24 10 19 15 
23 30 26 27 22 23 19 26 
24 17 28 17 28 14 24 14 
24 34 24 32 22 32 22 34 
25 32 28 32 28 29 25 29 
26 17 17 26 19 28 28 19 
26 33 29 30 28 29 25 32 
27 31 28 32 31 29 30 28 
28 20 29 19 24 14 23 15 
29 17 28 17 28 19 29 19 
30 10 24 10 24 12 30 12 
30 32 32 32 32 28 30 28 
7 24 10 27 13 24 10 21 
25 20 28 20 28 19 25 19 
27 28 19 28 19 31 27 31 
