86
7 13 11 17 14 14 10 10 
9 20 10 21 15 16 14 15 
9 28 12 28 12 20 9 20 
10 14 10 15 14 15 14 14 
10 18 12 20 13 19 11 17 
10 27 16 27 16 23 10 23 
11 11 11 10 10 10 10 11 
11 14 10 15 16 21 17 20 
11 18 11 17 10 17 10 18 
11 22 14 22 14 18 11 18 
12 11 11 10 10 11 11 12 
12 12 12 11 11 11 11 12 
12 23 21 14 20 13 11 22 
12 24 14 22 12 20 10 22 
12 31 13 30 12 29 11 30 
13 17 14 18 15 17 14 16 
13 20 17 20 17 19 13 19 
13 28 15 30 26 19 24 17 
13 29 13 28 12 28 12 29 
13 31 14 31 14 30 13 30 
14 10 14 11 16 11 16 10 
14 17 15 17 15 16 14 16 
16 16 18 16 18 11 16 11 
16 24 12 28 13 29 17 25 
16 28 16 30 19 30 19 28 
17 12 17 14 21 14 21 12 
17 15 17 14 15 14 15 15 
17 17 18 16 17 15 16 16 
18 7 14 11 17 14 21 10 
18 22 20 24 22 22 20 20 
18 29 19 30 20 29 19 28 
19 7 16 10 19 13 22 10 
19 18 21 16 17 12 15 14 
19 19 22 16 21 15 18 18 
19 24 25 30 26 29 20 23 
20 7 19 7 19 13 20 13 
20 21 20 20 17 20 17 21 
20 31 22 31 22 29 20 29 
21 19 21 18 19 18 19 19 
21 23 21 30 25 30 25 23 
21 29 26 24 25 23 20 28 
21 32 22 31 21 30 20 31 
22 14 23 14 23 10 22 10 
22 15 21 15 21 16 22 16 
22 34 26 30 20 24 16 28 
23 16 24 15 23 14 22 15 
23 18 23 16 22 16 22 18 
23 24 23 29 26 29 26 24 
24 12 22 14 26 18 28 16 
24 18 24 19 26 19 26 18 
24 25 28 21 27 20 23 24 
25 14 25 16 27 16 27 14 
25 31 26 31 26 30 25 30 
25 34 25 31 22 31 22 34 
26 15 27 14 26 13 25 14 
26 17 26 15 24 15 24 17 
26 35 31 30 30 29 25 34 
27 24 21 18 16 23 22 29 
27 27 31 27 31 25 27 25 
28 11 26 11 26 13 28 13 
28 17 27 16 26 17 27 18 
28 23 32 23 32 21 28 21 
28 26 28 29 30 29 30 26 
29 19 29 20 32 20 32 19 
29 23 28 24 30 26 31 25 
30 16 28 16 28 17 30 17 
30 19 31 18 30 17 29 18 
31 22 32 21 30 19 29 20 
31 35 31 31 26 31 26 35 
32 15 32 13 28 13 28 15 
32 30 28 26 27 27 31 31 
8 29 10 31 11 30 9 28 
9 22 10 23 11 22 10 21 
10 29 10 31 12 31 12 29 
12 30 13 31 14 30 13 29 
13 24 16 27 19 24 16 21 
14 29 18 29 18 22 14 22 
17 30 18 29 16 27 15 28 
18 9 21 12 23 10 20 7 
19 23 19 24 20 24 20 23 
19 32 21 32 21 30 19 30 
27 23 27 24 28 24 28 23 
32 27 31 27 31 30 32 30 
36 23 32 19 28 23 32 27 
12 25 13 24 12 23 11 24 
18 31 19 32 20 31 19 30 
