52
10 13 10 15 15 15 15 13 
10 14 12 16 15 13 13 11 
10 16 14 20 16 18 12 14 
10 22 17 22 17 19 10 19 
12 20 10 22 16 28 18 26 
12 29 12 32 14 32 14 29 
13 20 13 28 14 28 14 20 
14 31 15 30 14 29 13 30 
14 34 18 30 16 28 12 32 
15 16 20 16 20 15 15 15 
15 24 15 30 17 30 17 24 
16 9 10 15 16 21 22 15 
16 13 16 14 24 14 24 13 
16 29 24 29 24 28 16 28 
17 26 19 24 17 22 15 24 
17 32 18 32 18 30 17 30 
17 34 17 32 14 32 14 34 
18 18 17 19 21 23 22 22 
18 21 18 18 16 18 16 21 
20 10 19 11 23 15 24 14 
20 21 16 17 13 20 17 24 
20 32 23 32 23 25 20 25 
21 11 21 10 20 10 20 11 
21 21 20 21 20 23 21 23 
21 26 20 25 16 29 17 30 
22 9 21 10 24 13 25 12 
22 26 22 23 21 23 21 26 
22 31 23 32 25 30 24 29 
23 9 22 9 22 15 23 15 
24 8 23 9 26 12 27 11 
24 18 29 23 30 22 25 17 
24 19 29 14 25 10 20 15 
24 31 25 31 25 30 24 30 
25 11 27 11 27 10 25 10 
25 14 24 14 24 17 25 17 
25 27 23 25 22 26 24 28 
26 19 26 22 30 22 30 19 
27 18 32 18 32 17 27 17 
27 23 27 28 29 28 29 23 
28 9 27 10 31 14 32 13 
28 27 27 28 28 29 29 28 
29 13 29 14 31 14 31 13 
29 27 28 26 24 30 25 31 
30 27 30 28 32 28 32 27 
30 30 30 28 29 28 29 30 
31 17 26 22 27 23 32 18 
11 32 13 30 12 29 10 31 
21 12 25 12 25 11 21 11 
21 39 30 30 23 23 14 32 
25 16 24 17 26 19 27 18 
25 26 25 27 28 27 28 26 
29 22 26 19 22 23 25 26 
