105
3 18 11 26 18 19 10 11 
3 20 10 20 10 18 3 18 
7 19 10 22 13 19 10 16 
7 23 10 26 13 23 10 20 
7 26 10 26 10 23 7 23 
8 27 11 24 10 23 7 26 
9 13 10 14 11 13 10 12 
9 16 13 20 14 19 10 15 
10 13 10 14 11 14 11 13 
11 20 10 21 12 23 13 22 
11 21 11 20 10 20 10 21 
11 25 11 26 13 26 13 25 
11 27 11 28 13 28 13 27 
12 12 12 11 10 11 10 12 
12 15 15 15 15 12 12 12 
12 16 12 15 10 15 10 16 
12 22 12 23 13 23 13 22 
12 27 11 26 10 27 11 28 
12 31 16 31 16 30 12 30 
13 10 13 19 14 19 14 10 
13 11 12 12 15 15 16 14 
13 12 12 11 10 13 11 14 
13 16 16 13 15 12 12 15 
13 29 17 29 17 28 13 28 
14 26 15 25 14 24 13 25 
14 27 17 27 17 26 14 26 
15 18 20 18 20 17 15 17 
15 24 14 24 14 25 15 25 
15 26 14 25 13 26 14 27 
16 16 23 16 23 14 16 14 
16 25 18 25 18 23 16 23 
16 29 17 30 18 29 17 28 
17 10 16 10 16 11 17 11 
17 12 17 15 19 15 19 12 
17 20 17 24 23 24 23 20 
17 22 16 23 17 24 18 23 
17 31 18 30 17 29 16 30 
18 6 14 10 19 15 23 11 
18 13 19 12 18 11 17 12 
18 16 20 18 21 17 19 15 
18 21 19 22 24 17 23 16 
18 26 20 26 20 25 18 25 
18 31 18 30 17 30 17 31 
18 37 23 32 17 26 12 31 
19 18 22 21 23 20 20 17 
19 23 20 23 20 22 19 22 
19 25 20 26 25 21 24 20 
19 32 23 28 22 27 18 31 
20 12 25 12 25 10 20 10 
20 28 18 26 17 27 19 29 
21 6 18 6 18 11 21 11 
21 15 17 11 12 16 16 20 
21 18 24 18 24 17 21 17 
21 21 16 16 15 17 20 22 
21 28 21 26 20 26 20 28 
22 23 20 25 21 26 23 24 
22 30 23 30 23 28 22 28 
23 17 24 18 28 14 27 13 
23 29 24 28 23 27 22 28 
23 31 27 31 27 30 23 30 
24 13 25 14 26 13 25 12 
24 19 27 22 28 21 25 18 
24 22 25 22 25 21 24 21 
24 30 23 29 22 30 23 31 
25 15 28 15 28 14 25 14 
25 20 25 19 24 19 24 20 
25 28 27 28 27 22 25 22 
25 32 27 30 25 28 23 30 
26 12 26 13 27 13 27 12 
27 8 25 10 27 12 29 10 
28 25 32 25 32 22 28 22 
28 27 29 28 32 25 31 24 
28 29 29 30 30 29 29 28 
28 32 28 31 27 31 27 32 
29 12 30 12 30 10 29 10 
29 13 29 14 31 14 31 13 
29 23 29 20 26 20 26 23 
29 27 31 27 31 24 29 24 
29 29 30 29 30 28 29 28 
29 31 31 31 31 30 29 30 
30 11 29 12 31 14 32 13 
30 14 31 13 30 12 29 13 
30 26 29 27 30 28 31 27 
30 33 31 32 29 30 28 31 
31 15 30 14 25 19 26 20 
31 19 28 22 29 23 32 20 
32 30 30 28 29 29 31 31 
32 31 31 31 31 32 32 32 
33 28 29 24 28 25 32 29 
33 29 33 28 32 28 32 29 
33 30 32 29 31 30 32 31 
8 16 10 18 12 16 10 14 
9 27 9 16 8 16 8 27 
10 28 12 30 13 29 11 27 
10 31 11 31 11 28 10 28 
13 34 16 31 13 28 10 31 
15 19 15 21 18 21 18 19 
18 24 19 23 16 20 15 21 
19 11 20 12 21 11 20 10 
19 31 19 32 23 32 23 31 
20 21 21 21 21 18 20 18 
21 23 22 23 22 21 21 21 
23 25 23 27 28 27 28 25 
28 19 31 19 31 15 28 15 
28 30 27 31 28 32 29 31 
