75
7 16 11 20 15 16 11 12 
7 32 12 32 12 16 7 16 
10 17 13 17 13 11 10 11 
10 18 11 19 13 17 12 16 
10 21 10 22 13 22 13 21 
11 14 12 14 12 12 11 12 
11 21 10 22 13 25 14 24 
12 23 13 22 11 20 10 21 
12 26 13 27 14 26 13 25 
12 27 13 28 14 27 13 26 
12 28 14 30 15 29 13 27 
13 23 13 25 19 25 19 23 
13 29 13 31 15 31 15 29 
14 10 14 11 16 11 16 10 
14 15 11 15 11 19 14 19 
14 16 18 12 16 10 12 14 
14 28 14 27 13 27 13 28 
14 32 15 31 14 30 13 31 
15 12 15 16 18 16 18 12 
15 21 15 22 18 22 18 21 
15 25 16 26 19 23 18 22 
15 28 18 28 18 27 15 27 
16 14 16 15 20 15 20 14 
16 24 14 24 14 26 16 26 
17 12 18 11 17 10 16 11 
17 20 18 21 22 17 21 16 
18 30 22 30 22 28 18 28 
18 32 18 30 14 30 14 32 
19 12 21 12 21 10 19 10 
19 16 15 12 10 17 14 21 
19 17 21 15 20 14 18 16 
19 29 18 28 17 29 18 30 
19 31 18 30 17 31 18 32 
20 11 21 12 22 11 21 10 
20 16 21 16 21 15 20 15 
20 17 20 16 19 16 19 17 
20 20 20 22 21 22 21 20 
20 23 22 25 23 24 21 22 
20 26 22 26 22 25 20 25 
21 18 24 18 24 16 21 16 
21 19 19 17 18 18 20 20 
21 27 22 28 23 27 22 26 
21 30 23 28 20 25 18 27 
21 31 19 31 19 32 21 32 
21 34 23 32 21 30 19 32 
22 21 31 12 30 11 21 20 
22 24 21 23 19 25 20 26 
22 34 22 32 21 32 21 34 
23 11 23 10 22 10 22 11 
23 21 22 21 22 24 23 24 
23 25 27 25 27 24 23 24 
23 26 23 27 29 27 29 26 
23 30 26 30 26 28 23 28 
23 31 23 32 25 32 25 31 
23 34 25 32 23 30 21 32 
24 9 23 10 24 11 25 10 
24 28 22 30 23 31 25 29 
25 11 27 11 27 10 25 10 
25 12 25 22 26 22 26 12 
25 23 25 22 21 22 21 23 
25 27 27 25 25 23 23 25 
26 10 25 11 26 12 27 11 
26 21 25 22 27 24 28 23 
26 32 27 31 26 30 25 31 
27 15 31 15 31 12 27 12 
27 21 24 18 23 19 26 22 
27 28 27 31 30 31 30 28 
28 13 28 17 29 17 29 13 
28 22 28 23 31 23 31 22 
28 29 30 27 29 26 27 28 
28 32 31 32 31 29 28 29 
29 25 32 25 32 17 29 17 
29 33 32 30 31 29 28 32 
10 15 14 19 15 18 11 14 
18 19 21 19 21 18 18 18 
