103
6 19 10 23 18 15 14 11 
8 14 15 21 17 19 10 12 
8 23 15 30 18 27 11 20 
8 24 11 27 14 24 11 21 
8 30 12 30 12 24 8 24 
9 14 11 16 13 14 11 12 
9 23 10 23 10 14 9 14 
11 26 13 26 13 21 11 21 
11 31 10 31 10 32 11 32 
12 14 12 16 13 16 13 14 
12 17 13 18 14 17 13 16 
12 18 11 18 11 20 12 20 
12 19 15 22 16 21 13 18 
12 32 13 31 12 30 11 31 
13 24 14 25 16 23 15 22 
13 28 15 28 15 27 13 27 
14 18 12 20 13 21 15 19 
14 27 15 26 14 25 13 26 
15 23 15 26 16 26 16 23 
15 31 16 31 16 30 15 30 
16 10 14 10 14 11 16 11 
16 12 14 10 12 12 14 14 
16 14 17 15 18 14 17 13 
16 16 15 16 15 19 16 19 
16 20 17 20 17 19 16 19 
16 22 16 21 15 21 15 22 
16 28 17 27 16 26 15 27 
16 32 17 31 16 30 15 31 
17 12 17 11 16 11 16 12 
17 14 17 15 18 15 18 14 
17 17 14 17 14 18 17 18 
17 26 17 27 18 27 18 26 
17 28 17 27 16 27 16 28 
18 18 20 20 24 16 22 14 
18 21 19 20 18 19 17 20 
18 24 18 21 17 21 17 24 
18 28 21 28 21 27 18 27 
18 30 20 32 23 29 21 27 
18 31 17 30 16 31 17 32 
18 32 18 31 17 31 17 32 
19 14 19 15 22 15 22 14 
19 16 19 15 18 15 18 16 
19 17 19 20 20 20 20 17 
19 23 18 24 20 26 21 25 
19 26 20 26 20 23 19 23 
20 13 18 11 17 12 19 14 
20 21 17 24 19 26 22 23 
20 27 21 28 22 27 21 26 
20 31 20 32 27 32 27 31 
21 14 19 16 20 17 22 15 
21 35 28 28 25 25 18 32 
22 11 20 11 20 13 22 13 
22 25 25 25 25 23 22 23 
22 26 22 25 21 25 21 26 
23 19 24 19 24 16 23 16 
23 27 23 26 22 26 22 27 
24 21 24 20 20 20 20 21 
24 27 28 31 29 30 25 26 
24 29 24 27 23 27 23 29 
25 10 22 13 23 14 26 11 
25 13 25 15 26 15 26 13 
25 14 26 13 23 10 22 11 
25 17 29 21 30 20 26 16 
25 22 22 25 23 26 26 23 
26 10 25 10 25 11 26 11 
26 12 27 11 26 10 25 11 
26 19 28 19 28 17 26 17 
26 21 28 19 26 17 24 19 
26 22 29 22 29 21 26 21 
26 24 27 24 27 23 26 23 
26 26 26 25 25 25 25 26 
26 31 30 27 28 25 24 29 
27 12 27 11 26 11 26 12 
27 15 28 14 26 12 25 13 
27 16 27 15 26 15 26 16 
28 23 31 26 32 25 29 22 
28 33 29 32 28 31 27 32 
29 14 27 16 28 17 30 15 
29 25 29 23 28 23 28 25 
29 27 29 30 30 30 30 27 
29 29 27 31 28 32 30 30 
29 31 28 31 28 32 29 32 
30 22 31 22 31 20 30 20 
31 25 32 25 32 22 31 22 
31 27 31 31 32 31 32 27 
32 24 30 22 29 23 31 25 
34 24 32 22 29 25 31 27 
9 29 8 30 10 32 11 31 
10 17 11 18 12 17 11 16 
11 17 12 17 12 16 11 16 
14 22 15 23 16 22 15 21 
15 14 17 12 16 11 14 13 
21 18 24 21 26 19 23 16 
21 19 21 18 18 18 18 19 
22 17 25 17 25 15 22 15 
25 21 24 22 25 23 26 22 
27 33 28 33 28 32 27 32 
28 26 29 25 27 23 26 24 
29 11 28 11 28 14 29 14 
29 26 31 26 31 25 29 25 
11 23 12 24 14 22 13 21 
15 12 15 14 16 14 16 12 
26 28 28 28 28 26 26 26 
