77
9 13 13 17 16 14 12 10 
9 21 12 24 16 20 13 17 
10 12 17 12 17 11 10 11 
10 14 16 14 16 13 10 13 
10 22 11 22 11 21 10 21 
10 26 12 28 14 26 12 24 
10 28 12 28 12 26 10 26 
11 20 18 27 19 26 12 19 
11 29 12 30 13 29 12 28 
11 31 13 31 13 29 11 29 
12 16 13 16 13 10 12 10 
13 15 23 25 27 21 17 11 
14 9 13 10 16 13 17 12 
14 15 13 16 16 19 17 18 
14 18 17 18 17 15 14 15 
14 19 14 20 16 20 16 19 
14 25 17 22 14 19 11 22 
15 26 15 25 14 25 14 26 
15 29 17 29 17 27 15 27 
16 17 16 16 13 16 13 17 
16 22 18 24 26 16 24 14 
16 28 17 29 18 28 17 27 
16 29 17 30 19 28 18 27 
17 20 16 20 16 22 17 22 
17 25 19 27 20 26 18 24 
17 32 17 30 12 30 12 32 
18 12 17 12 17 13 18 13 
18 19 20 19 20 13 18 13 
18 26 18 27 19 27 19 26 
18 31 19 31 19 28 18 28 
19 14 20 13 19 12 18 13 
19 20 19 24 21 24 21 20 
19 29 20 30 21 29 20 28 
19 32 21 32 21 31 19 31 
20 21 21 20 20 19 19 20 
20 25 20 26 22 26 22 25 
20 32 21 31 20 30 19 31 
21 26 22 25 21 24 20 25 
21 30 27 30 27 29 21 29 
22 21 24 23 25 22 23 20 
22 27 24 27 24 26 22 26 
23 12 25 14 27 12 25 10 
23 27 24 26 23 25 22 26 
23 33 27 29 26 28 22 32 
24 11 24 14 25 14 25 11 
24 16 24 23 26 23 26 16 
24 22 17 15 16 16 23 23 
25 9 14 9 14 10 25 10 
25 28 24 27 21 30 22 31 
26 26 26 28 28 28 28 26 
27 13 27 12 23 12 23 13 
27 24 31 20 30 19 26 23 
27 25 28 26 29 25 28 24 
27 32 27 31 22 31 22 32 
28 18 27 19 31 23 32 22 
28 21 27 21 27 24 28 24 
29 12 29 15 32 15 32 12 
29 24 29 25 32 25 32 24 
29 27 28 28 29 29 30 28 
29 30 24 25 22 27 27 32 
30 10 27 13 29 15 32 12 
30 23 30 28 31 28 31 23 
31 16 32 15 29 12 28 13 
31 26 32 25 30 23 29 24 
11 24 12 25 17 20 16 19 
11 25 12 25 12 24 11 24 
14 28 15 29 16 28 15 27 
15 23 16 22 14 20 13 21 
16 31 17 32 18 31 17 30 
22 19 20 19 20 21 22 21 
25 25 26 26 27 25 26 24 
26 25 27 25 27 24 26 24 
27 18 28 18 28 13 27 13 
27 27 29 27 29 25 27 25 
30 29 31 28 27 24 26 25 
30 30 30 29 29 29 29 30 
28 32 30 30 29 29 27 31 
