73
9 16 10 17 14 13 13 12 
9 17 10 17 10 16 9 16 
9 22 11 24 14 21 12 19 
9 28 13 32 16 29 12 25 
10 18 11 17 10 16 9 17 
10 22 12 24 15 21 13 19 
10 27 10 32 13 32 13 27 
11 10 11 17 12 17 12 10 
11 18 11 17 10 17 10 18 
11 21 11 24 12 24 12 21 
12 18 12 19 13 19 13 18 
13 16 12 17 13 18 14 17 
13 17 14 17 14 16 13 16 
13 21 10 24 13 27 16 24 
14 19 13 19 13 21 14 21 
14 22 15 22 15 21 14 21 
14 23 19 28 20 27 15 22 
14 25 17 25 17 23 14 23 
15 17 16 17 16 12 15 12 
15 18 16 19 17 18 16 17 
15 24 16 24 16 22 15 22 
16 8 14 10 16 12 18 10 
16 9 14 11 15 12 17 10 
17 11 18 11 18 10 17 10 
17 13 17 11 14 11 14 13 
17 26 26 26 26 25 17 25 
18 12 21 12 21 11 18 11 
18 14 17 13 14 16 15 17 
18 22 17 21 16 22 17 23 
18 38 24 32 17 25 11 31 
19 13 26 20 28 18 21 11 
19 18 21 18 21 14 19 14 
19 21 19 18 17 18 17 21 
19 22 19 28 22 28 22 22 
20 29 16 29 16 30 20 30 
20 31 21 31 21 30 20 30 
21 13 28 13 28 12 21 12 
22 9 21 10 26 15 27 14 
22 17 21 18 23 20 24 19 
22 19 22 17 16 17 16 19 
22 25 26 21 25 20 21 24 
23 24 25 24 25 20 23 20 
23 27 22 28 25 31 26 30 
24 16 24 17 29 17 29 16 
24 22 29 27 31 25 26 20 
24 24 26 26 28 24 26 22 
24 30 24 32 26 32 26 30 
25 27 27 29 28 28 26 26 
26 10 22 14 24 16 28 12 
26 14 26 10 22 10 22 14 
27 15 27 14 26 14 26 15 
28 17 26 15 24 17 26 19 
28 27 28 24 25 24 25 27 
29 28 29 27 28 27 28 28 
30 16 30 22 31 22 31 16 
30 32 31 32 31 25 30 25 
31 26 30 25 28 27 29 28 
9 18 9 22 10 22 10 18 
10 19 11 18 10 17 9 18 
14 18 15 18 15 17 14 17 
16 31 17 32 20 29 19 28 
21 27 23 27 23 24 21 24 
22 8 16 8 16 9 22 9 
23 31 25 31 25 27 23 27 
23 32 28 27 26 25 21 30 
24 21 24 22 26 22 26 21 
28 14 27 15 29 17 30 16 
28 34 30 32 28 30 26 32 
30 34 30 32 28 32 28 34 
11 30 11 31 16 31 16 30 
19 25 21 27 24 24 22 22 
19 29 20 30 22 28 21 27 
21 32 23 32 23 31 21 31 
