48
6 16 10 20 15 15 11 11 
9 27 10 28 20 18 19 17 
10 18 10 20 11 20 11 18 
10 21 19 30 20 29 11 20 
10 29 11 30 20 21 19 20 
10 30 10 31 11 31 11 30 
11 26 20 26 20 21 11 21 
12 13 12 16 20 16 20 13 
12 30 14 32 20 26 18 24 
12 31 11 30 10 31 11 32 
12 32 12 31 11 31 11 32 
14 25 14 32 18 32 18 25 
15 11 11 11 11 15 15 15 
15 14 11 18 18 25 22 21 
15 20 17 20 17 15 15 15 
16 12 15 11 11 15 12 16 
16 21 23 28 24 27 17 20 
17 30 19 30 19 20 17 20 
19 16 20 17 25 12 24 11 
19 18 20 18 20 17 19 17 
20 22 28 30 29 29 21 21 
20 28 10 28 10 29 20 29 
21 10 21 11 23 11 23 10 
21 13 22 14 24 12 23 11 
21 18 26 18 26 17 21 17 
21 28 22 28 22 21 21 21 
21 34 29 26 25 22 17 30 
21 35 25 31 22 28 18 32 
22 26 12 16 10 18 20 28 
22 31 24 29 23 28 21 30 
23 12 24 12 24 11 23 11 
23 15 22 14 20 16 21 17 
23 20 26 17 24 15 21 18 
23 31 23 28 22 28 22 31 
24 19 32 19 32 15 24 15 
24 20 23 20 23 27 24 27 
24 28 30 28 30 27 24 27 
24 31 25 31 25 29 24 29 
26 21 28 21 28 18 26 18 
27 30 28 30 28 23 27 23 
27 34 27 30 21 30 21 34 
28 24 27 23 23 27 24 28 
30 17 26 21 28 23 32 19 
10 25 11 26 16 21 15 20 
11 29 10 30 11 31 12 30 
22 30 23 31 25 29 24 28 
27 17 30 17 30 11 27 11 
27 19 28 18 27 17 26 18 
