43
3 21 13 31 20 24 10 14 
8 18 19 29 24 24 13 13 
10 17 11 18 14 15 13 14 
10 27 12 29 18 23 16 21 
11 14 13 14 13 13 11 13 
11 17 11 14 10 14 10 17 
11 27 11 18 10 18 10 27 
12 20 13 19 11 17 10 18 
12 21 12 23 16 23 16 21 
12 31 13 31 13 29 12 29 
14 14 18 14 18 11 14 11 
14 28 12 26 11 27 13 29 
15 24 15 32 16 32 16 24 
16 27 19 30 23 26 20 23 
17 7 11 13 25 27 31 21 
17 26 23 26 23 10 17 10 
18 19 18 23 20 23 20 19 
19 22 22 19 14 11 11 14 
21 12 27 18 29 16 23 10 
21 13 21 12 19 12 19 13 
21 21 29 21 29 16 21 16 
23 17 19 13 18 14 22 18 
23 32 32 23 27 18 18 27 
24 19 24 18 22 18 22 19 
24 23 20 23 20 24 24 24 
25 20 28 20 28 10 25 10 
25 26 23 26 23 27 25 27 
26 22 26 23 27 23 27 22 
27 10 21 16 24 19 30 13 
27 11 31 15 32 14 28 10 
27 27 32 27 32 23 27 23 
28 30 28 29 19 29 19 30 
31 14 31 15 32 15 32 14 
31 17 28 20 29 21 32 18 
31 28 32 27 27 22 26 23 
8 27 12 31 16 27 12 23 
13 15 14 15 14 14 13 14 
14 21 13 22 15 24 16 23 
18 32 23 32 23 27 18 27 
23 34 28 29 25 26 20 31 
29 28 31 28 31 21 29 21 
37 20 32 15 24 23 29 28 
37 18 32 18 32 20 37 20 
