60
5 26 10 31 16 25 11 20 
8 15 11 18 14 15 11 12 
10 26 10 27 13 27 13 26 
11 17 11 18 20 18 20 17 
12 16 14 16 14 15 12 15 
12 24 14 26 16 24 14 22 
12 25 16 25 16 24 12 24 
12 27 15 30 16 29 13 26 
13 24 18 29 25 22 20 17 
14 18 13 19 15 21 16 20 
14 20 11 20 11 22 14 22 
15 12 16 13 18 11 17 10 
15 15 15 21 26 21 26 15 
15 20 17 22 23 16 21 14 
16 10 16 13 17 13 17 10 
16 12 14 14 15 15 17 13 
16 26 16 29 18 29 18 26 
16 31 16 29 10 29 10 31 
16 33 17 32 16 31 15 32 
17 14 18 14 18 13 17 13 
17 27 18 26 17 25 16 26 
17 31 18 30 14 26 13 27 
18 15 19 14 18 13 17 14 
18 19 18 22 23 22 23 19 
18 23 18 25 31 25 31 23 
18 31 18 30 17 30 17 31 
19 11 19 14 21 14 21 11 
19 29 22 32 24 30 21 27 
19 30 24 30 24 29 19 29 
19 32 20 31 19 30 18 31 
21 32 22 32 22 27 21 27 
22 21 18 25 19 26 23 22 
23 14 23 16 25 16 25 14 
23 25 24 24 15 15 14 16 
23 26 22 27 23 28 24 27 
23 34 26 31 24 29 21 32 
24 15 25 16 26 15 25 14 
25 26 23 26 23 28 25 28 
25 30 27 30 27 28 25 28 
26 16 21 11 18 14 23 19 
26 26 27 27 31 23 30 22 
26 29 27 30 28 29 27 28 
27 13 24 10 23 11 26 14 
27 22 29 22 29 16 27 16 
27 24 24 24 24 27 27 27 
28 17 29 16 28 15 27 16 
28 19 25 16 23 18 26 21 
28 26 26 26 26 29 28 29 
29 31 30 31 30 22 29 22 
30 17 30 15 28 15 28 17 
32 34 32 32 23 32 23 34 
35 31 32 28 29 31 32 34 
10 23 12 25 13 24 11 22 
13 12 15 12 15 11 13 11 
16 32 17 32 17 31 16 31 
17 33 18 32 17 31 16 32 
18 33 18 32 17 32 17 33 
24 13 27 13 27 10 24 10 
15 33 16 33 16 32 15 32 
9 27 15 33 16 32 10 26 
