30
8 26 13 31 16 28 11 23 
8 31 10 31 10 26 8 26 
10 20 10 21 19 21 19 20 
10 23 12 25 25 12 23 10 
11 25 11 32 12 32 12 25 
14 18 13 19 19 25 20 24 
14 28 26 16 23 13 11 25 
15 15 14 16 19 21 20 20 
15 16 15 15 14 15 14 16 
15 23 26 23 26 16 15 16 
16 18 14 18 14 28 16 28 
16 25 10 31 11 32 17 26 
17 13 17 26 23 26 23 13 
20 14 20 10 16 10 16 14 
20 23 23 26 25 24 22 21 
21 22 19 22 19 25 21 25 
22 31 24 31 24 22 22 22 
23 27 26 24 24 22 21 25 
23 30 22 31 23 32 24 31 
24 17 13 17 13 19 24 19 
25 30 23 30 23 32 25 32 
27 34 29 32 27 30 25 32 
28 24 28 32 29 32 29 24 
30 23 30 27 32 27 32 23 
31 26 30 27 31 28 32 27 
9 20 10 21 15 16 14 15 
24 34 27 34 27 31 24 31 
25 18 24 19 29 24 30 23 
25 35 28 32 27 31 24 34 
28 35 28 32 25 32 25 35 
