58
11 22 12 23 13 22 12 21 
11 29 12 30 17 25 16 24 
12 13 12 14 14 14 14 13 
12 22 13 22 13 21 12 21 
13 20 18 25 21 22 16 17 
13 24 12 24 12 30 13 30 
13 25 18 30 21 27 16 22 
14 31 19 26 18 25 13 30 
15 11 17 13 18 12 16 10 
15 14 16 13 15 12 14 13 
16 18 19 18 19 17 16 17 
16 21 13 24 18 29 21 26 
17 10 16 10 16 13 17 13 
17 19 18 20 20 18 19 17 
17 20 17 25 18 25 18 20 
18 5 10 13 16 19 24 11 
18 11 18 12 24 12 24 11 
18 14 18 12 15 12 15 14 
18 27 11 27 11 29 18 29 
19 22 20 22 20 18 19 18 
19 24 19 22 16 22 16 24 
19 25 21 25 21 24 19 24 
19 27 21 27 21 26 19 26 
21 20 19 22 21 24 23 22 
21 30 21 29 18 29 18 30 
22 13 22 14 23 14 23 13 
22 28 22 30 24 30 24 28 
23 16 23 22 24 22 24 16 
23 17 24 16 22 14 21 15 
23 23 24 24 25 23 24 22 
23 26 22 27 26 31 27 30 
23 29 22 28 21 29 22 30 
24 31 26 31 26 30 24 30 
25 20 25 15 21 15 21 20 
25 26 25 23 23 23 23 26 
26 14 24 12 23 13 25 15 
26 16 29 16 29 14 26 14 
27 22 24 22 24 24 27 24 
27 36 31 32 25 26 21 30 
28 15 29 16 30 15 29 14 
28 30 28 24 27 24 27 30 
29 23 32 23 32 17 29 17 
30 19 30 29 31 29 31 19 
30 26 28 24 24 28 26 30 
32 22 26 16 20 22 26 28 
35 24 30 19 27 22 32 27 
10 16 14 20 16 18 12 14 
11 23 12 23 12 22 11 22 
12 26 13 25 12 24 11 25 
13 17 21 25 23 23 15 15 
14 15 15 15 15 14 14 14 
14 17 13 17 13 20 14 20 
14 32 24 32 24 31 14 31 
16 34 21 29 19 27 14 32 
26 32 28 30 26 28 24 30 
28 32 28 31 26 31 26 32 
26 34 28 32 26 30 24 32 
24 34 26 34 26 32 24 32 
