105
7 19 11 23 15 19 11 15 
7 22 11 22 11 19 7 19 
8 13 10 15 12 13 10 11 
9 24 10 25 11 24 10 23 
10 12 13 12 13 11 10 11 
10 13 10 14 12 14 12 13 
10 18 11 19 12 18 11 17 
10 19 13 22 14 21 11 18 
10 24 11 24 11 23 10 23 
11 16 16 16 16 15 11 15 
11 21 13 23 15 21 13 19 
11 25 13 27 14 26 12 24 
11 30 10 30 10 31 11 31 
11 32 12 31 11 30 10 31 
12 17 11 17 11 18 12 18 
12 25 12 24 11 24 11 25 
12 32 12 31 11 31 11 32 
13 18 16 15 15 14 12 17 
13 20 15 20 15 19 13 19 
13 24 16 24 16 23 13 23 
13 30 15 28 13 26 11 28 
14 8 10 12 12 14 16 10 
14 12 16 12 16 11 14 11 
14 27 14 26 13 26 13 27 
14 31 15 31 15 28 14 28 
15 8 14 8 14 10 15 10 
15 12 16 11 15 10 14 11 
15 23 16 24 19 21 18 20 
15 29 14 28 11 31 12 32 
16 7 15 8 20 13 21 12 
16 8 14 10 16 12 18 10 
16 13 18 13 18 12 16 12 
16 21 13 24 18 29 21 26 
16 29 18 29 18 24 16 24 
17 16 16 17 18 19 19 18 
17 17 17 16 16 16 16 17 
17 19 17 20 18 20 18 19 
17 27 20 30 23 27 20 24 
17 28 17 30 20 30 20 28 
18 8 16 8 16 10 18 10 
18 14 18 18 19 18 19 14 
19 15 17 17 18 18 20 16 
19 22 21 24 24 21 22 19 
19 24 20 24 20 22 19 22 
19 27 19 32 22 32 22 27 
20 10 20 13 23 13 23 10 
20 26 21 26 21 24 20 24 
20 31 18 29 17 30 19 32 
21 13 20 14 25 19 26 18 
21 14 21 21 23 21 23 14 
21 23 22 22 21 21 20 22 
21 27 20 26 19 27 20 28 
21 29 21 30 23 30 23 29 
21 31 22 32 24 30 23 29 
22 13 21 14 22 15 23 14 
23 19 22 20 23 21 24 20 
23 22 22 22 22 24 23 24 
23 28 24 27 23 26 22 27 
24 11 27 14 28 13 25 10 
24 12 23 13 27 17 28 16 
24 18 26 18 26 12 24 12 
24 23 24 27 26 27 26 23 
24 28 24 27 23 27 23 28 
25 9 24 10 26 12 27 11 
25 11 25 10 24 10 24 11 
25 13 27 13 27 11 25 11 
25 24 26 23 25 22 24 23 
25 26 26 27 28 25 27 24 
26 26 29 23 28 22 25 25 
27 15 22 15 22 17 27 17 
27 22 25 22 25 24 27 24 
27 27 29 27 29 24 27 24 
27 29 27 27 26 27 26 29 
27 32 27 31 25 31 25 32 
28 14 28 13 27 13 27 14 
28 17 27 17 27 18 28 18 
28 29 26 27 23 30 25 32 
29 14 31 14 31 13 29 13 
29 16 29 14 28 14 28 16 
29 22 28 22 28 23 29 23 
30 23 29 22 28 23 29 24 
30 29 30 25 28 25 28 29 
31 25 31 28 32 28 32 25 
31 30 31 28 24 28 24 30 
32 29 31 28 30 29 31 30 
9 16 10 17 11 16 10 15 
9 25 10 25 10 24 9 24 
10 26 11 25 10 24 9 25 
11 26 10 26 10 28 11 28 
13 13 14 13 14 12 13 12 
13 14 13 18 15 18 15 14 
14 14 16 16 18 14 16 12 
15 32 17 30 16 29 14 31 
16 20 15 20 15 21 16 21 
17 32 17 31 15 31 15 32 
20 15 21 14 20 13 19 14 
23 12 24 11 23 10 22 11 
23 25 23 26 25 26 25 25 
25 23 23 25 27 29 29 27 
25 29 27 27 26 26 24 28 
25 34 27 32 23 28 21 30 
26 15 28 17 29 16 27 14 
28 12 27 13 28 14 29 13 
12 15 15 18 16 17 13 14 
22 34 25 34 25 32 22 32 
