50
9 19 12 22 15 19 12 16 
9 22 10 22 10 19 9 19 
9 27 11 29 12 28 10 26 
9 28 12 28 12 27 9 27 
10 23 12 23 12 22 10 22 
10 25 12 27 14 25 12 23 
11 25 11 29 14 29 14 25 
13 10 12 10 12 15 13 15 
13 26 10 26 10 31 13 31 
13 28 14 29 18 25 17 24 
14 18 18 18 18 14 14 14 
14 19 27 32 32 27 19 14 
14 28 21 21 18 18 11 25 
15 17 18 20 21 17 18 14 
15 20 18 20 18 19 15 19 
15 29 15 30 20 30 20 29 
16 12 24 12 24 10 16 10 
17 32 20 29 18 27 15 30 
19 15 24 15 24 14 19 14 
19 21 16 24 18 26 21 23 
20 17 20 21 21 21 21 17 
21 22 25 26 30 21 26 17 
21 26 18 26 18 27 21 27 
21 28 25 28 25 27 21 27 
21 31 25 27 24 26 20 30 
22 4 16 10 23 17 29 11 
22 19 20 17 18 19 20 21 
23 20 26 20 26 17 23 17 
23 25 23 20 18 20 18 25 
24 24 24 26 25 26 25 24 
25 21 26 20 23 17 22 18 
25 22 25 21 21 21 21 22 
28 30 29 31 31 29 30 28 
28 31 28 30 21 30 21 31 
29 13 30 13 30 11 29 11 
30 19 30 21 31 21 31 19 
30 27 30 28 32 28 32 27 
32 24 32 21 31 21 31 24 
34 15 30 11 26 15 30 19 
34 31 34 15 29 15 29 31 
36 29 32 25 30 27 34 31 
8 29 10 31 11 30 9 28 
8 30 11 30 11 29 8 29 
12 19 14 19 14 18 12 18 
12 30 13 31 15 29 14 28 
13 20 12 19 9 22 10 23 
16 32 17 32 17 24 16 24 
27 15 29 13 26 10 24 12 
27 26 32 21 30 19 25 24 
27 13 26 13 26 15 27 15 
