78
8 18 10 20 13 17 11 15 
8 19 10 19 10 18 8 18 
9 29 10 30 20 20 19 19 
10 15 12 17 13 16 11 14 
10 21 12 21 12 20 10 20 
10 25 10 30 11 30 11 25 
10 26 13 29 14 28 11 25 
10 29 11 30 18 23 17 22 
11 17 10 18 12 20 13 19 
11 19 12 19 12 17 11 17 
11 20 12 21 13 20 12 19 
12 13 11 13 11 14 12 14 
12 23 14 23 14 21 12 21 
13 9 11 11 15 15 17 13 
13 15 15 15 15 10 13 10 
13 18 16 21 17 20 14 17 
13 22 17 22 17 20 13 20 
13 24 14 23 13 22 12 23 
14 16 13 16 13 17 14 17 
14 22 20 28 23 25 17 19 
14 24 18 24 18 23 14 23 
14 32 15 32 15 28 14 28 
15 16 18 13 15 10 12 13 
15 18 19 18 19 16 15 16 
15 19 15 18 13 18 13 19 
16 13 16 17 17 17 17 13 
16 18 17 17 15 15 14 16 
17 16 16 17 18 19 19 18 
17 30 11 30 11 31 17 31 
17 35 27 25 24 22 14 32 
18 15 19 15 19 13 18 13 
18 17 17 17 17 19 18 19 
18 25 15 28 16 29 19 26 
18 30 17 31 18 32 19 31 
19 14 18 15 19 16 20 15 
19 20 20 20 20 19 19 19 
19 25 17 27 22 32 24 30 
19 28 23 32 27 28 23 24 
19 35 19 31 17 31 17 35 
20 16 24 20 26 18 22 14 
20 22 24 22 24 20 20 20 
20 26 19 26 19 28 20 28 
21 20 22 19 21 18 20 19 
21 21 16 21 16 29 21 29 
22 18 21 18 21 19 22 19 
22 25 22 32 23 32 23 25 
23 10 23 12 24 12 24 10 
23 11 24 12 25 11 24 10 
23 14 27 18 30 15 26 11 
23 22 25 24 29 20 27 18 
24 16 28 16 28 14 24 14 
24 25 24 30 26 30 26 25 
25 18 26 18 26 11 25 11 
26 16 29 19 31 17 28 14 
26 20 27 20 27 18 26 18 
27 15 30 15 30 13 27 13 
27 23 29 23 29 20 27 20 
28 20 30 22 31 21 29 19 
28 24 29 23 28 22 27 23 
29 25 27 27 29 29 31 27 
29 27 29 25 27 25 27 27 
29 31 29 30 26 30 26 31 
30 17 30 19 31 19 31 17 
30 24 30 22 28 22 28 24 
32 10 31 10 31 14 32 14 
32 32 32 31 29 31 29 32 
33 31 31 29 30 30 32 32 
8 23 10 25 12 23 10 21 
10 14 10 15 11 15 11 14 
14 31 15 32 17 30 16 29 
15 12 16 13 18 11 17 10 
17 37 19 35 13 29 11 31 
19 24 18 24 18 25 19 25 
22 12 22 14 23 14 23 12 
25 7 19 13 26 20 32 14 
28 15 25 18 27 20 30 17 
28 30 29 31 30 30 29 29 
6 17 8 19 15 12 13 10 
