23
3 20 11 28 21 18 13 10 
9 18 16 25 20 21 13 14 
10 20 15 25 23 17 18 12 
12 21 10 21 10 23 12 23 
14 13 18 13 18 12 14 12 
15 22 15 25 16 25 16 22 
17 27 20 27 20 21 17 21 
18 28 20 30 30 20 28 18 
20 11 20 10 13 10 13 11 
20 15 18 13 10 21 12 23 
21 15 21 18 25 18 25 15 
21 31 17 31 17 32 21 32 
23 24 22 23 19 26 20 27 
25 30 25 27 20 27 20 30 
25 31 26 30 17 21 16 22 
26 12 26 11 20 11 20 12 
26 16 28 16 28 13 26 13 
26 17 26 16 23 16 23 17 
26 18 28 18 28 17 26 17 
26 31 26 30 25 30 25 31 
28 19 26 17 25 18 27 20 
29 25 31 23 26 18 24 20 
33 14 29 10 26 13 30 17 
