99
12 14 13 15 14 14 13 13 
12 15 13 15 13 14 12 14 
12 29 15 32 17 30 14 27 
12 34 13 35 16 32 15 31 
12 38 13 39 14 38 13 37 
13 26 13 31 15 31 15 26 
13 36 19 36 19 35 13 35 
14 18 14 19 16 19 16 18 
14 22 14 27 16 27 16 22 
14 34 12 34 12 38 14 38 
15 21 16 22 18 20 17 19 
15 37 16 37 16 32 15 32 
15 39 15 37 13 37 13 39 
16 16 16 14 14 14 14 16 
16 40 20 36 19 35 15 39 
17 13 16 14 18 16 19 15 
17 15 17 16 18 16 18 15 
17 18 13 14 12 15 16 19 
18 17 18 20 20 20 20 17 
18 30 17 31 21 35 22 34 
18 31 18 30 17 30 17 31 
19 16 20 17 23 14 22 13 
19 18 17 18 17 19 19 19 
19 23 21 21 20 20 18 22 
19 28 24 23 23 22 18 27 
19 33 20 33 20 28 19 28 
19 34 19 33 17 33 17 34 
20 24 20 26 28 26 28 24 
20 35 20 36 21 36 21 35 
20 37 21 36 20 35 19 36 
21 22 21 21 18 21 18 22 
21 38 21 37 20 37 20 38 
22 22 22 28 23 28 23 22 
22 29 30 37 31 36 23 28 
23 13 23 14 26 14 26 13 
23 15 23 14 19 14 19 15 
23 23 20 26 22 28 25 25 
23 32 26 32 26 28 23 28 
23 39 25 37 23 35 21 37 
24 17 20 13 19 14 23 18 
24 25 24 34 25 34 25 25 
24 28 22 30 26 34 28 32 
25 13 23 15 24 16 26 14 
25 17 26 18 27 17 26 16 
25 21 28 24 33 19 30 16 
25 28 33 20 26 13 18 21 
25 31 23 33 24 34 26 32 
26 17 27 17 27 16 26 16 
26 20 29 20 29 18 26 18 
26 37 26 34 25 34 25 37 
27 25 28 26 29 25 28 24 
27 27 31 31 32 30 28 26 
28 17 29 18 33 14 32 13 
28 30 28 32 32 32 32 30 
28 36 29 37 33 33 32 32 
28 39 31 39 31 36 28 36 
29 24 29 25 36 25 36 24 
29 26 29 37 30 37 30 26 
29 32 32 35 39 28 36 25 
30 12 29 13 30 14 31 13 
30 18 33 18 33 16 30 16 
31 19 31 20 33 20 33 19 
31 28 29 26 23 32 25 34 
32 17 33 18 34 17 33 16 
32 28 36 24 34 22 30 26 
32 33 23 33 23 35 32 35 
33 12 30 12 30 14 33 14 
33 15 30 18 31 19 34 16 
34 20 34 22 36 22 36 20 
34 35 39 30 37 28 32 33 
35 15 35 14 33 14 33 15 
35 17 34 17 34 19 35 19 
35 21 36 20 35 19 34 20 
35 28 35 33 37 33 37 28 
35 29 34 30 37 33 38 32 
35 35 37 37 39 35 37 33 
36 16 38 14 37 13 35 15 
36 18 37 17 36 16 35 17 
36 37 36 38 37 38 37 37 
37 23 39 21 38 20 36 22 
37 29 34 32 35 33 38 30 
37 35 39 35 39 33 37 33 
38 13 37 13 37 14 38 14 
38 28 38 30 39 30 39 28 
39 19 35 19 35 21 39 21 
11 24 13 26 18 21 16 19 
13 29 14 30 20 24 19 23 
17 32 19 34 20 33 18 31 
19 30 24 25 21 22 16 27 
20 39 21 38 20 37 19 38 
24 21 25 21 25 17 24 17 
27 18 28 17 27 16 26 17 
27 40 28 39 26 37 25 38 
31 17 32 17 32 13 31 13 
31 26 31 28 32 28 32 26 
31 37 33 39 37 35 35 33 
34 33 34 35 35 35 35 33 
19 39 20 39 20 38 19 38 
26 23 29 20 27 18 24 21 
