140
5 29 15 39 24 30 14 20 
5 32 13 32 13 29 5 29 
11 33 17 39 21 35 15 29 
11 34 13 34 13 33 11 33 
12 25 18 31 23 26 17 20 
12 27 13 27 13 25 12 25 
12 35 14 37 15 36 13 34 
12 36 15 36 15 35 12 35 
13 15 14 16 15 15 14 14 
13 19 15 19 15 18 13 18 
13 28 15 26 14 25 12 27 
13 37 14 37 14 34 13 34 
14 15 14 16 15 16 15 15 
14 19 13 20 17 24 18 23 
14 21 17 21 17 20 14 20 
14 26 15 25 14 24 13 25 
14 29 15 29 15 26 14 26 
14 33 17 33 17 32 14 32 
15 24 16 24 16 19 15 19 
15 30 13 32 14 33 16 31 
15 31 14 32 16 34 17 33 
16 18 15 19 17 21 18 20 
16 27 13 27 13 28 16 28 
16 30 16 31 18 31 18 30 
16 39 16 36 15 36 15 39 
17 18 19 20 21 18 19 16 
17 25 17 26 23 26 23 25 
17 34 18 35 20 33 19 32 
17 35 16 34 15 35 16 36 
18 14 18 16 19 16 19 14 
18 19 18 20 19 20 19 19 
18 26 21 23 20 22 17 25 
18 27 22 23 21 22 17 26 
18 34 17 34 17 35 18 35 
18 37 21 37 21 35 18 35 
18 41 20 39 18 37 16 39 
19 29 21 31 25 27 23 25 
20 12 18 14 21 17 23 15 
20 18 20 22 21 22 21 18 
20 38 20 39 22 39 22 38 
21 21 22 20 20 18 19 19 
21 38 22 39 26 35 25 34 
21 39 22 38 21 37 20 38 
22 16 22 17 26 17 26 16 
22 21 25 21 25 20 22 20 
22 31 22 23 21 23 21 31 
23 22 25 20 24 19 22 21 
24 18 24 19 27 19 27 18 
24 20 22 22 23 23 25 21 
24 24 24 27 25 27 25 24 
24 28 24 30 25 30 25 28 
24 29 25 28 24 27 23 28 
25 15 26 16 28 14 27 13 
25 17 27 19 28 18 26 16 
25 25 27 23 26 22 24 24 
25 31 25 34 31 34 31 31 
25 35 25 38 26 38 26 35 
26 23 25 24 26 25 27 24 
26 24 27 24 27 23 26 23 
27 20 27 22 28 22 28 20 
28 13 28 14 29 14 29 13 
28 17 27 16 26 17 27 18 
28 21 27 22 29 24 30 23 
28 27 28 30 29 30 29 27 
28 28 31 31 32 30 29 27 
28 32 27 33 31 37 32 36 
28 33 31 30 28 27 25 30 
29 18 34 23 35 22 30 17 
29 21 32 24 35 21 32 18 
29 22 35 22 35 21 29 21 
29 25 31 25 31 24 29 24 
30 20 32 20 32 18 30 18 
30 24 29 25 30 26 31 25 
30 28 31 28 31 26 30 26 
30 35 33 38 34 37 31 34 
30 38 31 38 31 37 30 37 
30 39 31 38 30 37 29 38 
30 42 39 33 35 29 26 38 
31 29 31 30 32 30 32 29 
32 11 29 14 32 17 35 14 
32 23 35 20 32 17 29 20 
32 28 37 28 37 24 32 24 
32 31 38 31 38 30 32 30 
32 42 32 39 30 39 30 42 
33 24 37 28 38 27 34 23 
33 26 31 28 32 29 34 27 
33 32 28 32 28 33 33 33 
33 35 33 37 34 37 34 35 
34 11 32 11 32 17 34 17 
34 20 32 20 32 23 34 23 
34 25 34 26 39 26 39 25 
34 31 36 33 38 31 36 29 
34 39 37 39 37 37 34 37 
35 16 35 14 29 14 29 16 
35 17 33 15 30 18 32 20 
35 19 36 19 36 18 35 18 
35 33 36 33 36 29 35 29 
35 34 34 35 38 39 39 38 
36 17 35 16 34 17 35 18 
36 23 37 24 38 23 37 22 
36 34 37 34 37 33 36 33 
37 15 37 18 39 18 39 15 
37 21 37 22 38 22 38 21 
38 17 38 13 36 13 36 17 
38 19 39 18 38 17 37 18 
38 20 37 21 38 22 39 21 
38 32 38 33 39 33 39 32 
39 19 38 19 38 20 39 20 
39 23 39 22 38 22 38 23 
40 21 39 20 38 21 39 22 
40 24 39 23 38 24 39 25 
40 33 39 32 38 33 39 34 
40 34 40 33 39 33 39 34 
12 17 13 18 15 16 14 15 
14 41 18 41 18 37 14 37 
15 40 16 39 14 37 13 38 
16 17 15 18 16 19 17 18 
17 17 16 17 16 18 17 18 
17 27 16 28 18 30 19 29 
17 29 18 29 18 27 17 27 
23 32 25 30 24 29 22 31 
23 33 25 35 27 33 25 31 
25 13 23 13 23 15 25 15 
27 21 28 22 29 21 28 20 
27 32 23 32 23 33 27 33 
28 38 32 42 37 37 33 33 
29 17 28 17 28 18 29 18 
32 25 33 24 32 23 31 24 
33 30 32 31 33 32 34 31 
33 34 35 34 35 33 33 33 
33 40 34 39 33 38 32 39 
34 36 36 34 35 33 33 35 
36 40 37 39 34 36 33 37 
40 20 39 20 39 21 40 21 
40 23 39 23 39 24 40 24 
24 12 23 13 24 14 25 13 
27 38 28 38 28 33 27 33 
31 40 33 40 33 38 31 38 
35 40 36 40 36 34 35 34 
20 14 24 14 24 12 20 12 
