112
10 18 13 21 17 17 14 14 
10 35 13 38 16 35 13 32 
12 25 16 29 23 22 19 18 
12 27 16 27 16 25 12 25 
12 34 14 36 16 34 14 32 
12 35 16 35 16 34 12 34 
13 15 13 17 16 17 16 15 
13 31 13 32 14 32 14 31 
13 34 17 38 19 36 15 32 
14 25 16 27 24 19 22 17 
14 30 15 31 19 27 18 26 
14 38 14 36 13 36 13 38 
15 20 13 20 13 21 15 21 
16 28 19 28 19 27 16 27 
16 31 23 31 23 29 16 29 
16 32 16 31 15 31 15 32 
16 39 17 39 17 38 16 38 
18 15 19 15 19 14 18 14 
18 16 19 15 18 14 17 15 
18 22 19 21 14 16 13 17 
18 23 23 23 23 22 18 22 
18 32 17 33 19 35 20 34 
18 34 20 34 20 32 18 32 
18 35 18 36 19 36 19 35 
19 19 24 19 24 18 19 18 
19 22 23 26 24 25 20 21 
19 37 18 36 16 38 17 39 
20 18 24 22 27 19 23 15 
20 28 22 30 23 29 21 27 
20 37 21 38 28 31 27 30 
21 16 19 14 18 15 20 17 
21 26 18 23 16 25 19 28 
21 33 23 31 22 30 20 32 
21 36 22 36 22 33 21 33 
22 16 22 15 21 15 21 16 
22 28 20 28 20 30 22 30 
22 34 24 36 26 34 24 32 
23 16 33 16 33 15 23 15 
23 17 23 16 22 16 22 17 
23 27 23 26 21 26 21 27 
23 37 24 38 25 37 24 36 
23 39 23 37 20 37 20 39 
24 31 24 32 28 32 28 31 
24 35 26 35 26 34 24 34 
24 37 24 38 25 38 25 37 
25 12 22 15 23 16 26 13 
25 14 26 14 26 13 25 13 
25 29 28 32 29 31 26 28 
26 12 25 13 26 14 27 13 
26 18 27 18 27 17 26 17 
26 25 26 28 27 28 27 25 
26 26 27 25 24 22 23 23 
27 15 26 14 23 17 24 18 
27 22 27 19 24 19 24 22 
27 29 27 30 29 30 29 29 
27 36 26 35 24 37 25 38 
28 27 30 29 32 27 30 25 
29 25 30 25 30 21 29 21 
30 31 31 30 30 29 29 30 
30 35 33 35 33 34 30 34 
30 36 30 35 27 35 27 36 
31 14 30 13 26 17 27 18 
31 22 28 22 28 27 31 27 
31 29 30 29 30 30 31 30 
31 31 30 31 30 33 31 33 
31 36 30 35 27 38 28 39 
31 38 32 39 36 35 35 34 
32 16 33 17 34 16 33 15 
32 20 32 22 35 22 35 20 
32 25 33 26 36 23 35 22 
32 29 34 29 34 27 32 27 
32 30 31 29 30 30 31 31 
32 34 30 36 31 37 33 35 
33 21 32 22 37 27 38 26 
33 23 36 23 36 21 33 21 
33 25 37 21 33 17 29 21 
33 28 32 29 33 30 34 29 
33 33 33 30 32 30 32 33 
33 36 31 36 31 37 33 37 
33 39 35 39 35 37 33 37 
34 15 34 16 35 16 35 15 
34 17 35 16 34 15 33 16 
34 25 33 25 33 26 34 26 
35 18 34 17 30 21 31 22 
35 30 35 34 38 34 38 30 
35 31 38 28 37 27 34 30 
36 10 29 17 32 20 39 13 
36 24 39 24 39 23 36 23 
36 31 35 30 32 33 33 34 
36 36 38 34 35 31 33 33 
37 26 37 27 38 27 38 26 
37 28 38 27 37 26 36 27 
38 19 39 19 39 13 38 13 
38 40 39 39 36 36 35 37 
39 28 39 27 38 27 38 28 
39 36 36 36 36 39 39 39 
41 22 38 19 36 21 39 24 
17 16 18 16 18 15 17 15 
19 23 23 27 28 22 24 18 
21 28 24 31 26 29 23 26 
21 37 22 38 23 37 22 36 
25 26 27 28 28 27 26 25 
25 28 25 29 26 29 26 28 
26 38 27 38 27 36 26 36 
27 27 29 29 31 27 29 25 
29 14 29 17 31 17 31 14 
29 41 33 37 30 34 26 38 
36 28 37 28 37 27 36 27 
15 16 16 17 17 16 16 15 
17 23 18 24 19 23 18 22 
17 24 18 24 18 23 17 23 
14 18 15 18 15 16 14 16 
