135
10 27 14 31 19 26 15 22 
11 31 14 34 16 32 13 29 
11 32 14 32 14 31 11 31 
12 24 14 26 15 25 13 23 
12 31 16 35 18 33 14 29 
13 16 15 18 16 17 14 15 
13 22 13 23 15 23 15 22 
13 28 13 29 14 29 14 28 
13 35 13 37 16 37 16 35 
14 14 14 15 16 15 16 14 
14 24 14 26 16 26 16 24 
14 33 16 33 16 32 14 32 
14 36 14 38 15 38 15 36 
14 37 15 38 16 37 15 36 
15 15 14 14 13 15 14 16 
15 17 15 18 16 18 16 17 
15 29 17 27 16 26 14 28 
15 35 14 34 13 35 14 36 
15 37 14 36 13 37 14 38 
15 40 16 39 15 38 14 39 
16 16 15 17 16 18 17 17 
16 27 19 30 26 23 23 20 
16 28 16 30 18 30 18 28 
17 14 17 17 20 17 20 14 
17 25 17 23 15 23 15 25 
17 26 16 26 16 27 17 27 
17 29 19 29 19 27 17 27 
17 33 20 36 23 33 20 30 
17 35 18 36 24 30 23 29 
17 37 18 38 19 37 18 36 
17 39 19 39 19 37 17 37 
18 24 17 23 16 24 17 25 
18 31 17 31 17 33 18 33 
18 40 18 38 15 38 15 40 
19 16 16 19 17 20 20 17 
19 23 23 23 23 20 19 20 
19 24 19 23 18 23 18 24 
19 33 23 33 23 32 19 32 
19 36 19 33 18 33 18 36 
20 18 16 18 16 19 20 19 
20 20 22 22 26 18 24 16 
20 28 19 27 18 28 19 29 
20 29 19 29 19 30 20 30 
20 31 19 30 18 31 19 32 
20 35 24 35 24 31 20 31 
21 17 21 18 24 18 24 17 
21 20 22 19 21 18 20 19 
22 15 23 14 22 13 21 14 
22 20 20 22 23 25 25 23 
22 26 25 29 26 28 23 25 
22 33 24 35 25 34 23 32 
22 36 22 37 24 37 24 36 
23 11 20 14 24 18 27 15 
23 19 27 23 28 22 24 18 
23 22 21 24 24 27 26 25 
23 24 23 25 26 25 26 24 
23 27 23 29 24 29 24 27 
23 36 24 37 25 36 24 35 
23 38 24 39 25 38 24 37 
25 17 25 20 27 20 27 17 
25 18 24 19 25 20 26 19 
25 30 25 29 24 29 24 30 
25 31 25 32 27 32 27 31 
26 15 26 13 22 13 22 15 
26 26 33 33 35 31 28 24 
26 27 23 24 21 26 24 29 
26 31 25 30 24 31 25 32 
26 36 26 39 28 39 28 36 
26 37 28 39 31 36 29 34 
27 39 32 34 29 31 24 36 
28 11 26 13 29 16 31 14 
28 13 26 15 29 18 31 16 
28 18 29 18 29 16 28 16 
28 19 28 18 26 18 26 19 
28 23 30 23 30 22 28 22 
28 26 28 25 26 25 26 26 
28 31 29 31 29 26 28 26 
29 17 28 16 27 17 28 18 
29 20 33 20 33 18 29 18 
29 22 30 23 33 20 32 19 
29 23 32 26 33 25 30 22 
29 30 28 31 31 34 32 33 
29 36 31 36 31 34 29 34 
29 42 32 39 29 36 26 39 
30 19 29 18 28 19 29 20 
30 25 33 25 33 23 30 23 
30 27 31 26 30 25 29 26 
30 28 30 27 26 27 26 28 
30 34 28 36 30 38 32 36 
31 17 34 20 35 19 32 16 
31 19 31 26 32 26 32 19 
31 37 31 39 32 39 32 37 
32 14 31 14 31 16 32 16 
32 20 34 22 39 17 37 15 
32 27 34 27 34 26 32 26 
32 30 32 33 33 33 33 30 
32 41 34 39 32 37 30 39 
33 13 32 14 34 16 35 15 
33 22 34 22 34 20 33 20 
33 35 33 34 32 34 32 35 
33 37 35 37 35 35 33 35 
34 21 35 22 38 19 37 18 
34 28 32 26 30 28 32 30 
34 32 35 32 35 31 34 31 
34 35 36 33 35 32 33 34 
34 36 35 37 36 36 35 35 
34 41 34 39 32 39 32 41 
35 16 36 17 37 16 36 15 
35 23 35 22 34 22 34 23 
35 28 38 28 38 23 35 23 
36 16 36 15 35 15 35 16 
36 18 37 18 37 17 36 17 
36 29 35 28 33 30 34 31 
36 32 35 32 35 33 36 33 
38 17 38 19 39 19 39 17 
38 20 39 19 37 17 36 18 
38 26 39 25 36 22 35 23 
39 33 36 33 36 36 39 36 
12 21 13 22 16 19 15 18 
13 31 14 32 16 30 15 29 
15 19 19 23 20 22 16 18 
17 13 16 14 20 18 21 17 
18 37 20 39 21 38 19 36 
19 15 16 15 16 16 19 16 
21 11 21 14 23 14 23 11 
22 24 21 24 21 26 22 26 
26 21 28 23 29 22 27 20 
27 21 26 21 26 23 27 23 
27 24 28 24 28 23 27 23 
29 24 28 23 27 24 28 25 
32 17 33 18 35 16 34 15 
33 11 28 11 28 13 33 13 
34 17 34 16 32 16 32 17 
34 24 35 23 34 22 33 23 
35 20 38 20 38 19 35 19 
