151
11 23 14 26 16 24 13 21 
11 24 14 24 14 23 11 23 
11 26 13 28 16 25 14 23 
11 33 16 38 21 33 16 28 
12 30 14 32 16 30 14 28 
12 31 16 31 16 30 12 30 
13 17 17 17 17 16 13 16 
13 18 14 19 17 16 16 15 
13 26 13 28 14 28 14 26 
13 34 14 34 14 32 13 32 
14 21 15 20 14 19 13 20 
14 25 16 25 16 24 14 24 
14 29 16 29 16 28 14 28 
14 33 16 35 18 33 16 31 
15 18 13 18 13 20 15 20 
15 30 14 29 12 31 13 32 
15 33 14 34 16 36 17 35 
15 35 15 36 16 36 16 35 
16 13 14 15 18 19 20 17 
16 20 18 20 18 19 16 19 
16 23 19 23 19 22 16 22 
16 26 17 26 17 25 16 25 
16 37 17 38 18 37 17 36 
16 39 17 39 17 38 16 38 
17 13 13 17 16 20 20 16 
17 15 17 13 16 13 16 15 
17 21 16 22 18 24 19 23 
17 28 14 25 13 26 16 29 
17 31 17 33 18 33 18 31 
17 34 17 35 21 35 21 34 
17 37 17 36 16 36 16 37 
17 40 18 39 17 38 16 39 
18 21 17 21 17 24 18 24 
18 26 25 26 25 24 18 24 
18 28 18 26 17 26 17 28 
18 40 18 39 17 39 17 40 
19 25 18 24 17 25 18 26 
19 30 18 31 21 34 22 33 
19 39 18 38 17 39 18 40 
20 18 21 18 21 17 20 17 
20 30 17 33 22 38 25 35 
20 33 18 33 18 37 20 37 
21 19 26 19 26 18 21 18 
21 20 20 19 18 21 19 22 
21 27 21 29 23 29 23 27 
21 30 21 29 20 29 20 30 
21 36 23 36 23 35 21 35 
22 17 22 21 23 21 23 17 
22 18 23 17 22 16 21 17 
22 20 23 21 26 18 25 17 
22 22 23 23 24 22 23 21 
22 28 23 29 24 28 23 27 
22 29 23 30 26 27 25 26 
22 30 21 30 21 33 22 33 
22 37 21 36 20 37 21 38 
23 18 25 20 26 19 24 17 
23 25 23 23 19 23 19 25 
23 31 24 31 24 30 23 30 
23 37 22 37 22 38 23 38 
24 16 24 17 25 17 25 16 
24 21 24 22 25 22 25 21 
24 29 27 29 27 28 24 28 
24 32 25 33 27 31 26 30 
24 33 24 35 25 35 25 33 
25 31 26 31 26 30 25 30 
25 32 25 31 24 31 24 32 
25 34 26 33 25 32 24 33 
25 37 27 35 25 33 23 35 
26 14 28 14 28 13 26 13 
26 15 26 16 29 16 29 15 
26 21 25 20 24 21 25 22 
26 22 27 21 26 20 25 21 
26 23 26 24 30 24 30 23 
26 26 25 26 25 27 26 27 
26 35 27 35 27 33 26 33 
26 37 26 35 25 35 25 37 
27 16 29 14 28 13 26 15 
27 17 29 15 28 14 26 16 
27 20 26 20 26 21 27 21 
27 32 29 30 28 29 26 31 
28 19 30 17 29 16 27 18 
28 22 26 24 28 26 30 24 
28 24 26 26 31 31 33 29 
28 25 30 23 28 21 26 23 
28 27 29 26 28 25 27 26 
28 31 28 29 27 29 27 31 
28 34 30 34 30 31 28 31 
29 17 30 17 30 16 29 16 
29 18 29 17 27 17 27 18 
29 20 29 19 28 19 28 20 
29 25 28 25 28 26 29 26 
30 12 29 13 30 14 31 13 
30 13 29 13 29 14 30 14 
30 18 29 19 32 22 33 21 
30 22 32 22 32 18 30 18 
30 26 29 26 29 28 30 28 
31 12 30 13 32 15 33 14 
31 14 33 14 33 13 31 13 
31 21 33 21 33 20 31 20 
31 32 33 32 33 31 31 31 
31 34 34 37 36 35 33 32 
31 36 31 34 30 34 30 36 
31 37 32 38 35 35 34 34 
32 16 35 19 36 18 33 15 
32 24 32 25 35 25 35 24 
32 27 35 30 38 27 35 24 
32 29 33 29 33 27 32 27 
32 31 31 30 30 31 31 32 
33 16 33 15 32 15 32 16 
33 19 35 19 35 18 33 18 
33 36 37 36 37 33 33 33 
33 37 33 36 31 36 31 37 
34 14 34 15 38 15 38 14 
34 21 36 19 35 18 33 20 
34 26 34 27 38 27 38 26 
34 35 34 37 35 37 35 35 
35 15 32 18 33 19 36 16 
35 32 37 30 34 27 32 29 
36 25 37 25 37 19 36 19 
36 28 36 32 38 32 38 28 
37 14 38 15 39 14 38 13 
37 27 35 25 34 26 36 28 
37 31 36 32 37 33 38 32 
38 16 38 19 39 19 39 16 
38 24 37 25 38 26 39 25 
39 31 39 30 37 30 37 31 
40 18 38 16 37 17 39 19 
12 33 13 34 14 33 13 32 
15 17 18 20 20 18 17 15 
20 20 21 20 21 19 20 19 
20 28 21 29 22 28 21 27 
21 21 22 20 21 19 20 20 
21 22 22 22 22 21 21 21 
21 28 20 29 21 30 22 29 
22 19 23 18 22 17 21 18 
23 14 25 16 26 15 24 13 
23 15 24 16 26 14 25 13 
24 23 25 24 26 23 25 22 
24 24 23 25 25 27 26 26 
25 36 26 35 25 34 24 35 
26 32 27 32 27 31 26 31 
27 22 28 22 28 21 27 21 
27 27 28 27 28 26 27 26 
30 38 31 37 30 36 29 37 
31 25 33 27 34 26 32 24 
34 12 33 13 34 14 35 13 
11 31 11 33 12 33 12 31 
21 14 21 15 23 15 23 14 
23 24 24 23 22 21 21 22 
24 39 26 37 25 36 23 38 
30 39 30 38 24 38 24 39 
