32
14 35 17 35 17 29 14 29 
15 23 15 34 24 34 24 23 
15 30 28 17 27 16 14 29 
17 17 15 19 18 22 20 20 
17 20 22 25 24 23 19 18 
17 27 20 27 20 20 17 20 
18 26 30 26 30 22 18 22 
19 16 27 16 27 13 19 13 
21 28 21 36 25 36 25 28 
21 29 18 26 17 27 20 30 
22 14 14 14 14 25 22 25 
22 32 20 30 13 37 15 39 
23 26 22 25 20 27 21 28 
24 15 14 25 25 36 35 26 
25 17 25 15 24 15 24 17 
26 17 28 17 28 14 26 14 
26 19 26 36 31 36 31 19 
26 39 26 36 25 36 25 39 
27 15 28 14 27 13 26 14 
27 36 28 35 21 28 20 29 
28 27 36 27 36 17 28 17 
28 30 28 35 29 35 29 30 
29 21 31 19 27 15 25 17 
30 32 28 30 24 34 26 36 
31 34 25 28 20 33 26 39 
32 32 34 30 30 26 28 28 
35 13 32 13 32 26 35 26 
37 21 37 32 39 32 39 21 
37 30 31 36 33 38 39 32 
37 34 37 32 32 32 32 34 
15 18 19 18 19 16 15 16 
24 8 19 13 32 26 37 21 
