92
9 23 16 30 21 25 14 18 
12 29 16 33 18 31 14 27 
13 24 17 28 19 26 15 22 
13 36 16 39 19 36 16 33 
13 38 19 38 19 36 13 36 
14 25 14 27 21 27 21 25 
15 18 14 18 14 22 15 22 
15 21 14 22 20 28 21 27 
15 24 24 24 24 22 15 22 
15 33 16 33 16 30 15 30 
17 14 17 28 20 28 20 14 
17 17 18 18 21 15 20 14 
17 33 20 36 21 35 18 32 
18 21 22 21 22 18 18 18 
18 33 20 31 17 28 15 30 
18 37 18 33 17 33 17 37 
19 28 22 25 18 21 15 24 
20 18 19 19 23 23 24 22 
20 32 20 31 18 31 18 32 
20 35 20 36 21 36 21 35 
21 14 21 15 23 15 23 14 
21 19 21 20 31 20 31 19 
21 22 25 26 26 25 22 21 
21 38 24 38 24 37 21 37 
22 35 23 36 34 25 33 24 
22 36 23 36 23 35 22 35 
22 39 24 37 23 36 21 38 
23 17 30 17 30 16 23 16 
23 39 24 38 22 36 21 37 
24 15 28 15 28 13 24 13 
24 25 22 25 22 26 24 26 
24 29 33 38 36 35 27 26 
25 14 24 13 23 14 24 15 
25 18 29 18 29 14 25 14 
25 23 25 18 23 18 23 23 
25 25 26 24 25 23 24 24 
25 29 29 33 32 30 28 26 
25 36 23 36 23 39 25 39 
25 43 30 38 20 28 15 33 
26 14 23 17 28 22 31 19 
26 17 24 15 23 16 25 18 
26 26 26 25 25 25 25 26 
26 28 26 37 28 37 28 28 
27 14 28 15 29 14 28 13 
27 16 29 18 30 17 28 15 
27 22 27 26 28 26 28 22 
27 32 20 32 20 33 27 33 
27 35 29 35 29 33 27 33 
29 24 33 24 33 23 29 23 
29 27 34 27 34 25 29 25 
29 31 27 33 29 35 31 33 
29 43 33 39 29 35 25 39 
30 35 29 35 29 38 30 38 
30 39 33 39 33 38 30 38 
31 30 32 30 32 20 31 20 
32 15 35 18 36 17 33 14 
32 18 34 18 34 16 32 16 
32 26 35 23 32 20 29 23 
32 35 29 38 30 39 33 36 
33 20 31 18 27 22 29 24 
33 26 35 26 35 24 33 24 
34 19 35 20 36 19 35 18 
34 34 33 34 33 36 34 36 
35 19 35 18 34 18 34 19 
35 28 36 27 35 26 34 27 
35 39 39 35 38 34 34 38 
36 20 36 19 35 19 35 20 
36 26 34 28 35 29 37 27 
36 29 36 35 39 35 39 29 
37 18 37 27 39 27 39 18 
37 38 37 36 34 36 34 38 
38 14 38 13 33 13 33 14 
39 15 38 14 34 18 35 19 
40 22 34 16 32 18 38 24 
42 17 38 13 31 20 35 24 
44 34 39 29 34 34 39 39 
44 37 44 34 38 34 38 37 
17 18 19 20 23 16 21 14 
21 34 20 35 21 36 22 35 
22 27 22 31 29 31 29 27 
22 34 28 28 26 26 20 32 
29 39 25 39 25 43 29 43 
32 22 33 23 36 20 35 19 
34 29 35 29 35 28 34 28 
35 27 36 27 36 26 35 26 
35 30 36 29 35 28 34 29 
35 35 35 30 32 30 32 35 
36 37 37 38 38 37 37 36 
20 29 22 31 24 29 22 27 
21 31 21 34 22 34 22 31 
24 28 20 28 20 29 24 29 
35 37 36 37 36 35 35 35 
