157
10 25 13 28 17 24 14 21 
12 30 13 31 14 30 13 29 
12 37 13 38 17 34 16 33 
13 16 14 17 15 16 14 15 
13 18 18 23 19 22 14 17 
13 22 19 22 19 18 13 18 
13 26 13 28 14 28 14 26 
13 30 14 30 14 29 13 29 
14 14 15 14 15 13 14 13 
14 22 15 23 18 20 17 19 
14 33 15 32 14 31 13 32 
14 34 13 35 14 36 15 35 
14 35 14 34 13 34 13 35 
15 15 14 15 14 16 15 16 
15 17 17 17 17 16 15 16 
15 20 15 23 18 23 18 20 
15 28 22 21 20 19 13 26 
15 30 15 31 17 31 17 30 
15 33 15 32 14 32 14 33 
15 36 15 35 14 35 14 36 
16 14 15 13 14 14 15 15 
16 16 15 15 14 16 15 17 
16 28 15 29 17 31 18 30 
16 29 15 28 14 29 15 30 
16 32 15 31 14 32 15 33 
16 36 15 36 15 38 16 38 
17 27 19 25 18 24 16 26 
17 33 17 32 16 32 16 33 
17 35 18 36 19 35 18 34 
17 37 16 38 17 39 18 38 
17 38 17 39 18 39 18 38 
18 13 16 15 17 16 19 14 
18 15 18 14 16 14 16 15 
18 25 18 30 19 30 19 25 
18 33 17 33 17 34 18 34 
18 37 17 38 18 39 19 38 
19 28 17 30 21 34 23 32 
19 34 26 27 25 26 18 33 
19 37 19 38 20 38 20 37 
20 20 22 18 19 15 17 17 
20 21 20 24 22 24 22 21 
20 36 19 37 20 38 21 37 
21 17 20 17 20 18 21 18 
21 21 23 23 28 18 26 16 
21 23 20 24 21 25 22 24 
21 29 21 31 25 31 25 29 
21 32 21 33 23 33 23 32 
21 35 21 34 19 34 19 35 
21 38 22 37 21 36 20 37 
22 13 22 18 25 18 25 13 
22 17 21 16 20 17 21 18 
22 27 26 27 26 24 22 24 
22 36 21 36 21 37 22 37 
23 15 23 16 26 16 26 15 
23 24 29 18 26 15 20 21 
23 29 25 31 29 27 27 25 
23 36 23 38 29 38 29 36 
23 37 25 39 27 37 25 35 
24 20 24 25 25 25 25 20 
24 34 23 33 21 35 22 36 
24 35 24 39 25 39 25 35 
25 19 24 20 26 22 27 21 
25 30 26 29 23 26 22 27 
25 37 27 39 30 36 28 34 
26 18 28 16 25 13 23 15 
26 19 25 20 28 23 29 22 
26 28 26 29 32 29 32 28 
26 34 30 30 25 25 21 29 
27 22 29 22 29 21 27 21 
27 24 28 25 29 24 28 23 
27 26 27 25 25 25 25 26 
27 27 29 27 29 26 27 26 
27 32 28 33 30 31 29 30 
27 38 29 36 26 33 24 35 
28 17 28 18 29 18 29 17 
28 19 28 18 26 18 26 19 
28 20 29 21 35 15 34 14 
28 27 29 26 28 25 27 26 
28 30 28 33 29 33 29 30 
29 16 30 17 32 15 31 14 
29 19 33 19 33 18 29 18 
29 20 29 19 28 19 28 20 
29 25 30 24 29 23 28 24 
29 34 28 33 23 38 24 39 
30 13 30 14 31 14 31 13 
30 16 29 17 32 20 33 19 
30 20 32 20 32 17 30 17 
30 21 33 18 32 17 29 20 
30 22 29 22 29 23 30 23 
30 26 30 27 32 27 32 26 
30 33 29 33 29 34 30 34 
31 23 32 23 32 22 31 22 
31 24 31 23 30 23 30 24 
31 28 32 29 33 28 32 27 
31 31 34 34 36 32 33 29 
31 36 32 36 32 34 31 34 
31 37 33 39 34 38 32 36 
31 39 33 39 33 38 31 38 
31 40 33 38 31 36 29 38 
32 14 31 14 31 15 32 15 
32 21 35 21 35 20 32 20 
32 25 36 25 36 24 32 24 
32 30 33 30 33 29 32 29 
33 20 32 21 34 23 35 22 
33 23 32 22 31 23 32 24 
33 24 32 23 31 24 32 25 
33 27 33 28 34 28 34 27 
33 31 33 34 34 34 34 31 
33 36 36 33 34 31 31 34 
34 13 33 13 33 14 34 14 
34 15 35 14 34 13 33 14 
34 17 35 17 35 15 34 15 
34 18 35 17 32 14 31 15 
34 19 35 19 35 18 34 18 
34 29 38 33 39 32 35 28 
34 32 32 34 36 38 38 36 
34 42 38 38 35 35 31 39 
35 16 34 15 33 16 34 17 
35 24 36 25 37 24 36 23 
35 25 36 26 37 25 36 24 
35 27 34 28 36 30 37 29 
35 29 35 28 34 28 34 29 
36 17 35 18 36 19 37 18 
36 27 37 27 37 26 36 26 
36 34 34 34 34 38 36 38 
37 16 37 18 38 18 38 16 
37 17 38 18 39 17 38 16 
37 20 36 21 38 23 39 22 
37 22 36 22 36 23 37 23 
37 28 38 27 37 26 36 27 
37 32 37 33 38 33 38 32 
38 17 39 16 38 15 37 16 
38 22 39 22 39 18 38 18 
38 24 38 23 37 23 37 24 
38 28 38 27 37 27 37 28 
38 37 38 38 39 38 39 37 
39 19 38 18 35 21 36 22 
39 23 38 22 37 23 38 24 
39 27 38 26 37 27 38 28 
12 29 13 30 14 29 13 28 
12 31 13 31 13 30 12 30 
14 19 15 19 15 17 14 17 
15 26 15 28 16 28 16 26 
17 36 17 37 18 37 18 36 
24 33 24 34 26 34 26 33 
27 23 27 24 28 24 28 23 
27 31 28 30 26 28 25 29 
27 40 31 40 31 39 27 39 
28 11 23 16 25 18 30 13 
29 11 28 11 28 16 29 16 
30 32 30 31 27 31 27 32 
30 37 31 37 31 36 30 36 
31 27 32 28 33 27 32 26 
31 33 30 32 29 33 30 34 
33 22 33 23 34 23 34 22 
25 23 26 24 27 23 26 22 
28 12 30 14 31 13 29 11 
