156
10 25 13 28 16 25 13 22 
10 26 13 26 13 25 10 25 
11 15 13 17 15 15 13 13 
11 22 13 24 15 22 13 20 
11 24 13 24 13 22 11 22 
11 27 14 30 16 28 13 25 
11 33 13 35 16 32 14 30 
11 35 13 35 13 33 11 33 
12 31 13 32 15 30 14 29 
12 36 14 38 15 37 13 35 
13 18 15 18 15 17 13 17 
13 27 13 28 16 28 16 27 
13 31 13 32 16 32 16 31 
13 34 15 36 16 35 14 33 
14 17 15 18 17 16 16 15 
14 18 15 19 16 18 15 17 
14 26 14 29 17 29 17 26 
14 36 14 37 15 37 15 36 
15 14 15 15 16 15 16 14 
15 32 18 35 19 34 16 31 
15 38 16 37 15 36 14 37 
16 19 16 18 15 18 15 19 
16 20 15 21 19 25 20 24 
16 23 15 23 15 25 16 25 
16 24 15 23 14 24 15 25 
16 36 17 37 18 36 17 35 
16 38 16 37 15 37 15 38 
17 15 19 15 19 14 17 14 
17 18 16 19 18 21 19 20 
17 19 26 19 26 18 17 18 
17 20 17 19 16 19 16 20 
17 27 20 30 21 29 18 26 
17 32 16 32 16 35 17 35 
17 36 18 36 18 35 17 35 
17 39 18 38 17 37 16 38 
18 20 18 21 19 21 19 20 
18 22 18 21 15 21 15 22 
18 23 19 24 22 21 21 20 
18 27 20 25 19 24 17 26 
18 31 21 28 16 23 13 26 
19 17 20 17 20 15 19 15 
19 19 21 21 25 17 23 15 
19 22 19 24 20 24 20 22 
19 30 19 34 20 34 20 30 
19 31 22 34 23 33 20 30 
19 35 21 37 22 36 20 34 
19 37 17 37 17 39 19 39 
20 13 19 14 20 15 21 14 
20 36 22 36 22 34 20 34 
20 38 20 36 18 36 18 38 
21 24 22 25 23 24 22 23 
21 25 21 24 20 24 20 25 
21 27 21 28 23 28 23 27 
21 38 18 35 17 36 20 39 
21 39 21 38 20 38 20 39 
22 13 22 17 25 17 25 13 
22 20 21 20 21 21 22 21 
22 22 22 23 28 23 28 22 
22 31 24 33 25 32 23 30 
22 37 23 38 25 36 24 35 
22 38 21 37 20 38 21 39 
23 14 23 15 26 15 26 14 
23 23 22 22 21 23 22 24 
23 25 23 24 22 24 22 25 
23 29 23 30 25 30 25 29 
23 37 22 37 22 38 23 38 
24 19 26 21 30 17 28 15 
24 24 25 25 28 22 27 21 
24 26 23 27 25 29 26 28 
24 34 24 35 28 35 28 34 
24 39 28 39 28 38 24 38 
25 21 25 25 26 25 26 21 
25 22 27 24 28 23 26 21 
25 28 26 28 26 26 25 26 
25 31 28 34 29 33 26 30 
25 34 27 36 28 35 26 33 
26 8 19 15 25 21 32 14 
26 31 26 30 25 30 25 31 
26 41 28 39 26 37 24 39 
27 14 27 21 31 21 31 14 
27 25 30 28 31 27 28 24 
27 39 28 38 24 34 23 35 
28 14 26 16 31 21 33 19 
28 16 28 15 26 15 26 16 
28 17 30 19 32 17 30 15 
28 18 30 18 30 17 28 17 
28 25 28 24 27 24 27 25 
28 27 26 25 25 26 27 28 
28 28 28 27 27 27 27 28 
28 32 30 32 30 31 28 31 
29 20 32 23 33 22 30 19 
29 29 35 35 36 34 30 28 
29 34 30 33 28 31 27 32 
30 25 32 27 34 25 32 23 
30 34 30 33 29 33 29 34 
31 22 33 22 33 21 31 21 
31 23 33 21 30 18 28 20 
31 25 30 25 30 27 31 27 
31 31 32 31 32 27 31 27 
32 16 32 17 34 17 34 16 
32 39 35 39 35 35 32 35 
33 14 32 13 31 14 32 15 
33 15 34 16 36 14 35 13 
33 18 30 18 30 19 33 19 
33 31 33 32 36 32 36 31 
33 37 35 39 37 37 35 35 
33 38 37 38 37 37 33 37 
34 19 35 18 34 17 33 18 
34 23 34 25 35 25 35 23 
34 24 35 25 36 24 35 23 
34 31 38 27 34 23 30 27 
35 14 36 14 36 13 35 13 
35 15 35 14 33 14 33 15 
35 17 34 17 34 18 35 18 
35 20 34 21 37 24 38 23 
35 28 36 28 36 27 35 27 
35 29 38 32 39 31 36 28 
36 18 39 15 38 14 35 17 
36 20 36 18 35 18 35 20 
37 14 38 14 38 13 37 13 
37 15 37 16 39 16 39 15 
37 32 38 32 38 27 37 27 
37 34 37 32 36 32 36 34 
37 39 38 39 38 38 37 38 
38 35 39 35 39 34 38 34 
40 15 38 13 37 14 39 16 
44 31 37 24 30 31 37 38 
10 30 13 33 16 30 13 27 
14 39 15 39 15 38 14 38 
15 40 16 39 15 38 14 39 
16 16 17 16 17 15 16 15 
16 40 16 39 15 39 15 40 
18 16 17 15 16 16 17 17 
18 17 18 16 17 16 17 17 
18 18 17 19 18 20 19 19 
20 19 22 17 20 15 18 17 
22 26 23 25 22 24 21 25 
22 28 23 27 22 26 21 27 
22 32 25 32 25 31 22 31 
24 17 26 19 28 17 26 15 
24 25 23 25 23 26 24 26 
24 27 25 26 24 25 23 26 
24 29 25 28 24 27 23 28 
26 29 25 30 26 31 27 30 
27 29 27 28 26 28 26 29 
28 30 29 29 28 28 27 29 
30 29 35 29 35 28 30 28 
33 17 34 18 35 17 34 16 
34 29 32 27 30 29 32 31 
34 39 38 35 37 34 33 38 
35 12 34 13 35 14 36 13 
44 27 39 27 39 31 44 31 
10 29 10 30 14 30 14 29 
21 26 22 26 22 25 21 25 
22 27 23 26 22 25 21 26 
28 29 27 29 27 30 28 30 
