56
13 17 15 19 18 16 16 14 
13 28 13 35 23 35 23 28 
14 21 18 25 21 22 17 18 
15 15 15 19 23 19 23 15 
15 30 16 30 16 26 15 26 
15 34 19 38 24 33 20 29 
16 38 19 38 19 37 16 37 
17 19 18 20 23 15 22 14 
17 25 19 27 24 22 22 20 
17 28 15 26 13 28 15 30 
18 17 38 17 38 16 18 16 
18 22 23 27 25 25 20 20 
18 23 21 23 21 22 18 22 
18 28 16 30 20 34 22 32 
18 36 15 33 13 35 16 38 
20 14 20 20 22 20 22 14 
20 33 15 33 15 34 20 34 
20 40 24 36 23 35 19 39 
21 24 26 24 26 23 21 23 
22 13 18 17 19 18 23 14 
23 26 26 23 24 21 21 24 
23 39 28 39 28 38 23 38 
23 41 32 32 28 28 19 37 
24 17 18 23 23 28 29 22 
24 20 24 21 36 21 36 20 
25 28 25 34 28 34 28 28 
25 40 25 34 20 34 20 40 
26 36 26 33 24 33 24 36 
26 39 31 34 25 28 20 33 
29 23 32 23 32 22 29 22 
29 27 31 25 29 23 27 25 
30 32 33 29 24 20 21 23 
30 36 28 34 26 36 28 38 
31 28 31 34 34 34 34 28 
32 36 32 32 30 32 30 36 
33 18 34 19 38 15 37 14 
33 26 33 23 32 23 32 26 
34 23 35 24 37 22 36 21 
34 38 36 38 36 34 34 34 
35 19 32 22 33 23 36 20 
35 23 35 19 34 19 34 23 
35 33 36 34 37 33 36 32 
36 24 35 24 35 32 36 32 
36 36 34 34 32 36 34 38 
37 21 35 23 36 24 38 22 
37 28 37 33 39 33 39 28 
37 30 33 26 31 28 35 32 
38 21 37 21 37 22 38 22 
43 22 38 17 32 23 37 28 
43 31 43 22 38 22 38 31 
13 21 14 21 14 17 13 17 
16 24 18 22 15 19 13 21 
17 23 17 25 18 25 18 23 
19 26 19 27 23 27 23 26 
19 41 23 41 23 39 19 39 
15 25 16 26 17 25 16 24 
