161
11 30 13 32 16 29 14 27 
11 34 13 36 15 34 13 32 
12 32 14 34 16 32 14 30 
12 36 13 36 13 32 12 32 
13 14 17 14 17 13 13 13 
13 17 14 18 15 17 14 16 
13 22 13 24 15 24 15 22 
13 27 14 27 14 26 13 26 
14 15 13 16 18 21 19 20 
14 17 14 16 13 16 13 17 
14 22 17 25 18 24 15 21 
14 23 15 24 16 23 15 22 
14 25 19 30 20 29 15 24 
14 29 14 30 16 30 16 29 
14 32 16 34 18 32 16 30 
14 33 16 33 16 32 14 32 
14 36 13 36 13 37 14 37 
14 39 17 39 17 37 14 37 
15 16 15 17 17 17 17 16 
15 18 15 17 14 17 14 18 
15 25 17 25 17 24 15 24 
15 35 17 37 18 36 16 34 
15 38 18 38 18 36 15 36 
16 10 13 13 17 17 20 14 
16 18 15 18 15 21 16 21 
16 22 16 23 23 23 23 22 
16 26 17 27 18 26 17 25 
16 28 18 28 18 26 16 26 
16 37 15 36 14 37 15 38 
16 38 17 39 18 38 17 37 
17 15 20 15 20 14 17 14 
17 29 18 28 17 27 16 28 
17 32 20 35 21 34 18 31 
17 34 18 34 18 32 17 32 
17 35 17 34 16 34 16 35 
18 15 17 14 16 15 17 16 
19 17 19 20 21 20 21 17 
19 24 18 25 21 28 22 27 
19 25 19 24 18 24 18 25 
19 26 22 26 22 25 19 25 
19 29 19 30 20 30 20 29 
19 36 19 38 20 38 20 36 
20 22 21 21 17 17 16 18 
21 16 27 16 27 15 21 15 
21 18 23 20 27 16 25 14 
21 19 23 17 21 15 19 17 
21 27 22 26 20 24 19 25 
21 30 26 35 28 33 23 28 
21 31 23 31 23 30 21 30 
21 32 21 31 20 31 20 32 
21 35 26 35 26 34 21 34 
21 37 22 36 21 35 20 36 
21 38 22 37 20 35 19 36 
22 17 22 20 23 20 23 17 
22 24 19 27 23 31 26 28 
22 28 21 27 19 29 20 30 
22 33 22 36 27 36 27 33 
22 38 22 37 21 37 21 38 
23 24 24 25 29 20 28 19 
23 27 22 27 22 28 23 28 
24 16 25 17 27 15 26 14 
24 28 27 25 26 24 23 27 
24 31 23 30 21 32 22 33 
24 32 26 34 27 33 25 31 
24 36 26 38 28 36 26 34 
24 38 22 38 22 39 24 39 
25 13 25 14 26 14 26 13 
25 18 24 18 24 21 25 21 
25 19 26 18 25 17 24 18 
25 22 31 22 31 21 25 21 
25 26 27 28 29 26 27 24 
25 28 24 28 24 31 25 31 
25 36 26 37 27 36 26 35 
26 23 23 23 23 24 26 24 
26 25 26 28 27 28 27 25 
27 19 28 19 28 17 27 17 
27 21 29 23 31 21 29 19 
27 37 27 39 31 39 31 37 
28 20 29 20 29 19 28 19 
28 30 28 33 30 33 30 30 
28 31 29 32 31 30 30 29 
28 34 28 36 34 36 34 34 
29 14 29 18 32 18 32 14 
29 15 30 16 32 14 31 13 
29 27 30 28 33 25 32 24 
29 28 29 29 30 29 30 28 
29 31 30 30 29 29 28 30 
30 25 32 25 32 24 30 24 
30 27 33 30 35 28 32 25 
30 32 31 33 32 32 31 31 
30 38 37 38 37 35 30 35 
31 15 31 16 34 16 34 15 
31 26 31 23 29 23 29 26 
31 28 31 30 32 30 32 28 
32 22 33 22 33 21 32 21 
32 23 33 22 32 21 31 22 
32 38 31 37 30 38 31 39 
33 15 34 16 35 15 34 14 
33 17 32 18 35 21 36 20 
33 26 33 30 36 30 36 26 
33 29 32 30 36 34 37 33 
33 32 33 30 32 30 32 32 
34 20 36 20 36 19 34 19 
34 27 34 28 35 28 35 27 
34 37 37 34 33 30 30 33 
35 17 37 17 37 15 35 15 
35 18 36 19 39 16 38 15 
35 23 37 23 37 21 35 21 
35 37 37 35 36 34 34 36 
36 22 33 22 33 25 36 25 
36 24 37 23 36 22 35 23 
36 28 35 27 34 28 35 29 
36 29 38 31 39 30 37 28 
36 31 38 31 38 30 36 30 
36 33 36 31 31 31 31 33 
36 37 36 34 35 34 35 37 
37 20 38 21 39 20 38 19 
37 29 39 29 39 28 37 28 
37 31 38 30 37 29 36 30 
38 16 37 17 38 18 39 17 
38 17 39 17 39 16 38 16 
38 38 37 38 37 39 38 39 
39 19 38 19 38 20 39 20 
39 21 38 20 37 21 38 22 
39 22 38 21 35 24 36 25 
41 35 37 31 34 34 38 38 
42 26 39 23 36 26 39 29 
11 33 11 34 14 34 14 33 
12 23 13 24 14 23 13 22 
12 25 14 25 14 23 12 23 
13 30 16 33 17 32 14 29 
13 35 12 36 13 37 14 36 
14 10 14 15 16 15 16 10 
14 35 15 35 15 34 14 34 
15 20 16 21 21 16 20 15 
15 27 16 26 15 25 14 26 
18 35 21 32 20 31 17 34 
19 28 21 28 21 27 19 27 
19 31 20 32 21 31 20 30 
20 34 18 34 18 35 20 35 
21 9 17 13 21 17 25 13 
21 24 22 24 22 21 21 21 
21 39 22 38 21 37 20 38 
22 23 21 24 22 25 23 24 
23 32 24 32 24 31 23 31 
25 27 29 27 29 26 25 26 
32 15 31 16 34 19 35 18 
32 37 35 34 33 32 30 35 
33 18 35 18 35 17 33 17 
34 24 35 23 33 21 32 22 
37 18 38 18 38 17 37 17 
38 23 39 23 39 22 38 22 
41 30 39 30 39 35 41 35 
11 27 11 30 13 30 13 27 
18 30 18 31 19 31 19 30 
20 9 20 13 21 13 21 9 
20 39 21 39 21 38 20 38 
21 40 22 39 21 38 20 39 
22 40 22 39 21 39 21 40 
38 33 41 30 39 28 36 31 
38 34 38 33 37 33 37 34 
