139
13 16 17 20 20 17 16 13 
13 19 19 19 19 17 13 17 
13 26 14 26 14 24 13 24 
13 29 15 29 15 28 13 28 
14 12 13 13 18 18 19 17 
14 25 17 22 16 21 13 24 
14 27 18 27 18 26 14 26 
14 28 15 29 18 26 17 25 
14 29 15 28 14 27 13 28 
15 33 17 33 17 32 15 32 
15 34 16 35 18 33 17 32 
15 36 18 39 19 38 16 35 
15 38 19 38 19 37 15 37 
16 16 16 13 13 13 13 16 
16 23 16 25 17 25 17 23 
16 34 15 34 15 35 16 35 
16 36 15 35 14 36 15 37 
17 16 16 16 16 20 17 20 
17 21 19 19 18 18 16 20 
17 35 18 35 18 33 17 33 
17 36 17 35 16 35 16 36 
18 22 17 23 18 24 19 23 
18 23 18 24 19 24 19 23 
18 31 25 31 25 27 18 27 
18 34 17 33 16 34 17 35 
18 36 17 36 17 39 18 39 
19 21 19 20 17 20 17 21 
19 22 18 23 19 24 20 23 
19 28 20 28 20 24 19 24 
20 22 20 21 19 21 19 22 
20 33 21 34 27 28 26 27 
20 34 20 37 21 37 21 34 
20 38 20 39 24 39 24 38 
21 17 20 17 20 18 21 18 
21 20 20 19 19 20 20 21 
21 22 20 22 20 23 21 23 
21 28 22 28 22 23 21 23 
21 35 20 34 18 36 19 37 
22 14 24 16 25 15 23 13 
22 15 25 15 25 14 22 14 
22 21 27 21 27 17 22 17 
22 27 19 24 18 25 21 28 
22 29 21 30 29 38 30 37 
23 16 23 20 24 20 24 16 
23 17 27 21 28 20 24 16 
23 19 20 22 21 23 24 20 
23 22 22 21 21 22 22 23 
23 24 22 23 18 27 19 28 
23 27 24 26 21 23 20 24 
23 30 23 36 28 36 28 30 
24 13 22 15 23 16 25 14 
24 19 22 17 21 18 23 20 
24 21 27 24 29 22 26 19 
24 23 25 24 30 19 29 18 
24 24 25 24 25 23 24 23 
24 28 27 31 28 30 25 27 
24 29 24 28 22 28 22 29 
24 32 26 34 27 33 25 31 
24 36 26 38 28 36 26 34 
25 19 26 19 26 16 25 16 
25 25 27 25 27 24 25 24 
25 33 27 33 27 31 25 31 
26 24 25 23 24 24 25 25 
26 26 27 27 28 26 27 25 
26 28 27 28 27 27 26 27 
26 32 24 32 24 34 26 34 
26 37 30 37 30 34 26 34 
26 39 27 39 27 38 26 38 
28 14 26 16 27 17 29 15 
28 25 28 26 30 26 30 25 
29 14 28 14 28 15 29 15 
29 17 34 17 34 15 29 15 
29 19 26 19 26 22 29 22 
29 23 30 24 31 23 30 22 
29 25 30 26 31 25 30 24 
29 26 30 25 29 24 28 25 
29 33 38 33 38 32 29 32 
30 14 30 16 31 16 31 14 
30 17 31 16 29 14 28 15 
30 18 29 17 28 18 29 19 
30 23 30 22 29 22 29 23 
30 27 33 27 33 26 30 26 
30 29 36 35 37 34 31 28 
30 42 34 38 31 35 27 39 
31 18 30 18 30 19 31 19 
31 21 31 23 32 23 32 21 
31 24 31 23 30 23 30 24 
31 29 30 30 37 37 38 36 
31 30 31 29 30 29 30 30 
31 32 29 30 24 35 26 37 
31 33 34 36 38 32 35 29 
32 13 31 14 33 16 34 15 
32 16 33 16 33 13 32 13 
32 18 35 15 33 13 30 16 
32 19 34 17 33 16 31 18 
32 25 32 24 31 24 31 25 
33 24 32 23 31 24 32 25 
33 25 34 24 33 23 32 24 
33 38 34 38 34 36 33 36 
34 20 33 21 35 23 36 22 
34 21 34 20 33 20 33 21 
34 23 33 23 33 24 34 24 
34 26 36 26 36 24 34 24 
34 39 37 36 36 35 33 38 
35 13 35 15 39 15 39 13 
35 22 35 23 36 23 36 22 
35 24 36 23 35 22 34 23 
35 28 37 26 35 24 33 26 
35 36 35 37 37 37 37 36 
35 42 35 37 30 37 30 42 
36 28 38 26 36 24 34 26 
36 29 36 28 35 28 35 29 
36 39 36 38 34 38 34 39 
37 20 37 17 35 17 35 20 
37 23 37 26 38 26 38 23 
38 38 37 37 36 38 37 39 
41 20 38 17 35 20 38 23 
41 23 39 21 37 23 39 25 
41 25 41 23 39 23 39 25 
42 20 35 13 32 16 39 23 
10 22 14 26 17 23 13 19 
14 35 14 36 15 36 15 35 
16 22 17 22 17 21 16 21 
18 40 20 38 19 37 17 39 
20 30 21 30 21 28 20 28 
20 40 20 39 18 39 18 40 
23 26 24 26 24 24 23 24 
23 29 24 28 23 27 22 28 
23 42 26 39 23 36 20 39 
28 17 28 18 29 18 29 17 
28 24 29 23 27 21 26 22 
29 12 26 15 28 17 31 14 
30 32 29 33 30 34 31 33 
31 20 32 21 33 20 32 19 
32 20 32 19 31 19 31 20 
32 22 33 21 32 20 31 21 
32 26 33 27 34 26 33 25 
13 34 14 35 15 34 14 33 
28 23 28 24 29 24 29 23 
