67
9 18 16 25 21 20 14 13 
9 21 17 21 17 18 9 18 
11 19 16 24 19 21 14 16 
11 28 18 28 18 19 11 19 
12 35 15 38 29 24 26 21 
12 39 24 39 24 35 12 35 
13 14 14 14 14 13 13 13 
14 26 15 27 17 25 16 24 
14 31 16 29 13 26 11 28 
15 19 16 20 21 15 20 14 
15 32 15 31 14 31 14 32 
15 34 18 37 22 33 19 30 
16 14 16 20 20 20 20 14 
17 24 16 24 16 25 17 25 
17 29 15 31 18 34 20 32 
17 32 15 32 15 34 17 34 
17 37 18 37 18 34 17 34 
17 38 17 37 15 37 15 38 
17 39 20 36 18 34 15 37 
18 32 20 32 20 28 18 28 
19 25 26 25 26 21 19 21 
19 29 19 25 17 25 17 29 
20 33 22 33 22 32 20 32 
21 16 21 15 14 15 14 16 
21 18 23 18 23 16 21 16 
21 24 21 20 20 20 20 24 
22 30 23 29 21 27 20 28 
23 30 26 30 26 29 23 29 
24 27 24 32 32 32 32 27 
24 28 26 30 30 26 28 24 
24 33 29 38 32 35 27 30 
25 14 25 20 28 20 28 14 
25 17 28 20 31 17 28 14 
25 18 28 21 29 20 26 17 
26 22 24 20 20 24 22 26 
27 12 25 14 27 16 29 14 
27 24 26 25 30 29 31 28 
27 32 32 37 35 34 30 29 
28 30 28 24 27 24 27 30 
29 16 34 16 34 14 29 14 
29 17 29 18 31 18 31 17 
29 21 29 20 28 20 28 21 
30 15 29 16 31 18 32 17 
30 23 30 26 31 26 31 23 
30 25 31 26 34 23 33 22 
33 28 35 26 34 25 32 27 
33 39 33 29 30 29 30 39 
36 18 34 16 29 21 31 23 
36 26 36 20 35 20 35 26 
37 22 39 20 37 18 35 20 
37 28 37 22 33 22 33 28 
37 32 38 32 38 28 37 28 
37 35 37 32 32 32 32 35 
38 21 29 21 29 24 38 24 
38 35 39 35 39 32 38 32 
40 26 38 24 36 26 38 28 
13 16 13 26 14 26 14 16 
16 19 17 18 14 15 13 16 
16 22 19 25 20 24 17 21 
19 27 18 28 19 29 20 28 
22 29 19 29 19 30 22 30 
23 20 25 18 23 16 21 18 
23 22 21 24 24 27 26 25 
23 23 23 22 16 22 16 23 
24 18 23 18 23 20 24 20 
26 14 20 20 23 23 29 17 
27 14 23 18 25 20 29 16 
