114
9 29 15 35 25 25 19 19 
9 31 13 31 13 29 9 29 
12 17 13 18 16 15 15 14 
12 22 15 22 15 17 12 17 
13 17 19 23 22 20 16 14 
13 23 19 29 23 25 17 19 
13 26 17 30 18 29 14 25 
14 18 14 19 17 19 17 18 
14 28 16 28 16 25 14 25 
14 31 13 31 13 38 14 38 
14 37 15 38 19 34 18 33 
14 39 15 39 15 38 14 38 
14 40 15 39 14 38 13 39 
15 15 16 15 16 14 15 14 
15 18 14 19 20 25 21 24 
15 31 16 30 14 28 13 29 
15 34 19 38 20 37 16 33 
16 16 19 16 19 15 16 15 
16 18 17 17 16 16 15 17 
16 31 16 33 18 33 18 31 
17 16 16 17 17 18 18 17 
17 23 19 23 19 19 17 19 
17 24 21 20 19 18 15 22 
17 28 16 28 16 30 17 30 
17 32 18 31 17 30 16 31 
17 34 17 32 15 32 15 34 
17 37 19 37 19 34 17 34 
18 30 22 34 23 33 19 29 
19 11 17 13 19 15 21 13 
19 17 19 18 23 18 23 17 
19 26 17 24 16 25 18 27 
19 27 18 27 18 29 19 29 
20 11 17 14 19 16 22 13 
20 24 20 25 21 25 21 24 
20 33 20 35 23 35 23 33 
20 36 20 37 23 37 23 36 
20 38 20 37 19 37 19 38 
21 14 21 13 17 13 17 14 
21 21 22 21 22 20 21 20 
21 34 23 32 22 31 20 33 
21 37 20 36 19 37 20 38 
21 39 24 39 24 38 21 38 
22 22 22 23 25 23 25 22 
22 25 22 31 23 31 23 25 
22 37 24 39 25 38 23 36 
22 40 24 38 23 37 21 39 
23 22 26 19 25 18 22 21 
23 24 25 26 27 24 25 22 
23 26 26 29 28 27 25 24 
23 28 27 32 29 30 25 26 
24 16 25 16 25 13 24 13 
24 22 25 23 29 19 28 18 
24 28 27 31 29 29 26 26 
24 32 24 31 23 31 23 32 
24 46 32 38 17 23 9 31 
25 20 27 20 27 18 25 18 
25 29 25 35 26 35 26 29 
25 46 25 39 24 39 24 46 
26 15 29 18 31 16 28 13 
26 21 29 21 29 19 26 19 
26 23 26 26 31 26 31 23 
27 22 31 26 37 20 33 16 
27 25 27 24 25 24 25 25 
27 30 29 30 29 29 27 29 
27 34 30 37 32 35 29 32 
27 35 28 36 34 30 33 29 
27 39 27 35 26 35 26 39 
28 19 31 22 32 21 29 18 
28 22 29 21 24 16 23 17 
28 26 31 23 30 22 27 25 
28 32 25 35 28 38 31 35 
28 34 28 32 27 32 27 34 
29 13 28 13 28 18 29 18 
29 27 27 29 32 34 34 32 
30 16 30 22 31 22 31 16 
30 23 34 27 35 26 31 22 
31 17 33 15 32 14 30 16 
31 21 35 25 36 24 32 20 
31 34 31 35 32 35 32 34 
31 36 28 36 28 38 31 38 
32 13 32 14 33 14 33 13 
32 15 33 14 32 13 31 14 
32 16 33 16 33 15 32 15 
33 18 37 22 39 20 35 16 
33 27 33 29 34 29 34 27 
33 32 35 34 38 31 36 29 
33 34 34 34 34 32 33 32 
35 11 33 13 37 17 39 15 
35 17 37 17 37 16 35 16 
35 22 35 25 37 25 37 22 
35 27 37 27 37 26 35 26 
35 29 37 27 35 25 33 27 
35 30 35 29 34 29 34 30 
36 21 36 20 32 20 32 21 
36 23 36 24 38 24 38 23 
36 34 34 36 37 39 39 37 
36 36 36 34 35 34 35 36 
37 24 38 25 39 24 38 23 
37 37 37 39 39 39 39 37 
38 20 38 22 39 22 39 20 
39 25 39 24 38 24 38 25 
13 24 17 24 17 23 13 23 
13 40 14 40 14 39 13 39 
15 27 16 28 20 24 19 23 
15 30 14 31 15 32 16 31 
15 33 18 30 16 28 13 31 
21 31 21 34 22 34 22 31 
22 30 24 28 21 25 19 27 
23 14 25 16 26 15 24 13 
25 32 27 30 26 29 24 31 
28 20 27 20 27 22 28 22 
38 26 39 25 38 24 37 25 
12 39 13 40 14 39 13 38 
24 33 26 35 27 34 25 32 
