142
11 17 13 19 16 16 14 14 
11 19 13 19 13 17 11 17 
12 20 13 21 14 20 13 19 
12 21 13 21 13 20 12 20 
12 25 13 26 14 25 13 24 
12 28 13 29 14 28 13 27 
13 16 16 19 17 18 14 15 
13 22 15 24 16 23 14 21 
13 23 16 23 16 22 13 22 
13 25 14 25 14 24 13 24 
13 28 15 30 16 29 14 27 
14 18 16 18 16 16 14 16 
14 26 13 26 13 27 14 27 
14 29 16 29 16 28 14 28 
14 33 14 29 13 29 13 33 
14 34 13 34 13 36 14 36 
15 14 15 13 14 13 14 14 
15 17 18 17 18 14 15 14 
15 20 15 21 18 21 18 20 
15 25 14 24 13 25 14 26 
15 27 16 28 17 27 16 26 
16 24 16 26 21 26 21 24 
16 35 22 35 22 29 16 29 
16 40 17 39 14 36 13 37 
17 16 18 17 20 15 19 14 
17 19 17 18 16 18 16 19 
17 22 18 21 16 19 15 20 
17 23 19 21 18 20 16 22 
17 25 18 25 18 23 17 23 
17 26 21 30 22 29 18 25 
17 31 24 31 24 27 17 27 
17 35 21 39 22 38 18 34 
17 36 19 38 22 35 20 33 
17 37 17 36 14 36 14 37 
18 16 16 18 17 19 19 17 
18 24 17 23 16 24 17 25 
18 30 18 33 20 33 20 30 
18 39 20 39 20 34 18 34 
19 15 19 17 20 17 20 15 
19 19 19 17 18 17 18 19 
19 40 20 39 19 38 18 39 
20 21 18 23 21 26 23 24 
20 25 20 21 19 21 19 25 
21 17 19 19 22 22 24 20 
21 33 18 30 17 31 20 34 
21 36 21 39 23 39 23 36 
22 14 25 14 25 13 22 13 
22 25 23 25 23 24 22 24 
22 33 24 31 23 30 21 32 
22 37 22 38 26 38 26 37 
22 40 22 38 19 38 19 40 
23 14 20 17 22 19 25 16 
23 17 24 16 23 15 22 16 
23 19 22 19 22 22 23 22 
23 28 25 28 25 26 23 26 
23 32 28 32 28 30 23 30 
24 19 26 21 28 19 26 17 
24 26 20 30 24 34 28 30 
24 29 25 28 24 27 23 28 
25 17 26 17 26 16 25 16 
25 23 29 23 29 22 25 22 
25 24 26 25 29 22 28 21 
25 29 34 29 34 28 25 28 
25 32 23 34 25 36 27 34 
25 34 25 35 27 35 27 34 
25 40 26 39 23 36 22 37 
25 41 29 37 27 35 23 39 
26 12 25 13 26 14 27 13 
26 19 26 21 27 21 27 19 
26 20 27 21 28 20 27 19 
26 26 29 26 29 25 26 25 
26 31 29 34 33 30 30 27 
27 17 29 15 28 14 26 16 
27 25 29 23 27 21 25 23 
28 11 25 14 29 18 32 15 
28 12 26 12 26 14 28 14 
28 15 29 15 29 14 28 14 
28 25 29 26 32 23 31 22 
28 26 29 27 30 26 29 25 
28 35 30 35 30 32 28 32 
29 16 30 15 29 14 28 15 
29 20 28 20 28 21 29 21 
29 29 37 37 39 35 31 27 
29 33 32 36 33 35 30 32 
29 35 30 36 34 32 33 31 
30 16 29 16 29 18 30 18 
30 30 30 31 33 31 33 30 
30 37 32 37 32 36 30 36 
31 15 32 16 34 14 33 13 
31 16 32 16 32 15 31 15 
31 24 30 24 30 26 31 26 
31 30 30 31 34 35 35 34 
31 36 30 35 29 36 30 37 
31 38 26 38 26 39 31 39 
32 19 33 19 33 16 32 16 
32 22 32 23 34 23 34 22 
32 24 33 25 35 23 34 22 
32 25 33 26 35 24 34 23 
32 26 33 26 33 25 32 25 
33 27 35 27 35 26 33 26 
33 32 34 32 34 31 33 31 
33 37 34 37 34 35 33 35 
34 17 34 20 36 20 36 17 
34 18 36 20 38 18 36 16 
34 24 35 24 35 23 34 23 
34 26 33 25 32 26 33 27 
34 33 39 33 39 32 34 32 
34 34 34 33 29 33 29 34 
35 18 34 17 32 19 33 20 
35 19 38 19 38 18 35 18 
35 21 36 22 37 21 36 20 
35 28 34 29 35 30 36 29 
35 29 36 30 38 28 37 27 
36 25 38 27 39 26 37 24 
36 26 39 26 39 25 36 25 
36 28 35 28 35 29 36 29 
36 34 36 30 35 30 35 34 
37 23 37 24 38 24 38 23 
37 28 38 29 39 28 38 27 
37 29 38 29 38 28 37 28 
38 15 36 15 36 16 38 16 
38 31 39 31 39 29 38 29 
39 23 38 22 37 23 38 24 
40 17 38 15 36 17 38 19 
40 35 35 30 34 31 39 36 
40 36 40 35 39 35 39 36 
12 27 12 28 13 28 13 27 
15 26 15 27 16 27 16 26 
15 34 13 36 14 37 16 35 
16 25 15 26 16 27 17 26 
16 30 13 33 14 34 17 31 
21 15 21 17 23 17 23 15 
22 34 26 38 29 35 25 31 
22 41 25 41 25 40 22 40 
23 29 26 26 22 22 19 25 
24 22 22 24 23 25 25 23 
27 38 29 36 28 35 26 37 
30 38 31 39 33 37 32 36 
31 17 33 19 34 18 32 16 
31 21 32 22 34 20 33 19 
21 40 22 41 26 37 25 36 
29 17 30 18 31 17 30 16 
