130
7 26 15 34 21 28 13 20 
12 20 13 21 15 19 14 18 
12 21 13 21 13 20 12 20 
13 17 13 18 14 18 14 17 
13 26 16 29 17 28 14 25 
13 38 14 38 14 36 13 36 
14 15 16 17 18 15 16 13 
14 16 16 18 17 17 15 15 
14 21 13 21 13 25 14 25 
14 23 17 26 20 23 17 20 
14 30 15 31 17 29 16 28 
14 31 15 32 17 30 16 29 
14 32 15 32 15 31 14 31 
15 14 14 14 14 15 15 15 
15 18 15 19 16 19 16 18 
15 36 16 36 16 34 15 34 
16 15 16 17 17 17 17 15 
16 22 13 25 15 27 18 24 
16 24 18 24 18 22 16 22 
16 26 16 28 17 28 17 26 
16 30 17 30 17 29 16 29 
16 38 18 36 16 34 14 36 
16 39 16 38 14 38 14 39 
17 18 16 17 15 18 16 19 
17 21 19 21 19 20 17 20 
17 40 20 37 19 36 16 39 
18 17 17 17 17 18 18 18 
18 20 17 21 18 22 19 21 
18 30 22 30 22 29 18 29 
18 33 21 36 23 34 20 31 
18 37 18 36 16 36 16 37 
18 39 20 39 20 37 18 37 
19 17 19 18 23 18 23 17 
19 28 21 28 21 27 19 27 
19 35 21 37 22 36 20 34 
20 12 17 15 19 17 22 14 
20 17 19 18 25 24 26 23 
20 18 21 19 23 17 22 16 
20 25 23 25 23 23 20 23 
20 26 21 27 23 25 22 24 
20 33 30 33 30 31 20 31 
20 36 21 36 21 34 20 34 
22 23 26 19 23 16 19 20 
22 27 24 25 22 23 20 25 
22 37 22 36 21 36 21 37 
23 21 23 19 21 19 21 21 
23 33 27 37 30 34 26 30 
23 36 23 37 27 37 27 36 
23 38 23 37 22 37 22 38 
23 39 24 38 23 37 22 38 
24 16 24 18 33 18 33 16 
24 27 32 27 32 25 24 25 
24 29 25 30 26 29 25 28 
24 30 24 38 25 38 25 30 
24 31 29 36 30 35 25 30 
24 37 25 38 27 36 26 35 
24 39 24 38 23 38 23 39 
25 21 23 19 21 21 23 23 
26 14 24 16 27 19 29 17 
26 22 27 22 27 19 26 19 
26 24 30 24 30 23 26 23 
26 28 26 24 25 24 25 28 
26 32 28 30 26 28 24 30 
26 34 27 35 31 31 30 30 
27 13 27 17 29 17 29 13 
27 25 30 28 34 24 31 21 
27 28 30 28 30 26 27 26 
27 29 27 28 26 28 26 29 
27 34 27 35 30 35 30 34 
28 17 31 20 33 18 30 15 
28 29 28 30 30 30 30 29 
28 32 28 30 26 30 26 32 
28 36 29 36 29 32 28 32 
29 22 30 21 29 20 28 21 
29 24 27 26 30 29 32 27 
29 30 30 31 31 30 30 29 
30 14 26 14 26 15 30 15 
30 20 27 17 23 21 26 24 
30 38 32 38 32 37 30 37 
31 17 30 17 30 20 31 20 
31 23 32 23 32 21 31 21 
31 24 27 28 28 29 32 25 
31 26 34 26 34 24 31 24 
31 28 31 29 32 29 32 28 
31 32 30 31 29 32 30 33 
31 36 35 36 35 33 31 33 
31 37 32 38 36 34 35 33 
31 38 32 37 31 36 30 37 
32 15 33 16 34 15 33 14 
32 24 30 26 32 28 34 26 
32 31 31 31 31 32 32 32 
33 19 35 17 33 15 31 17 
33 28 32 29 34 31 35 30 
33 30 33 31 34 31 34 30 
34 13 34 15 38 15 38 13 
34 21 37 18 36 17 33 20 
35 14 35 17 36 17 36 14 
35 20 35 23 36 23 36 20 
35 26 38 29 39 28 36 25 
35 31 35 32 36 32 36 31 
36 24 35 24 35 25 36 25 
36 36 32 32 31 33 35 37 
36 37 36 36 35 36 35 37 
37 19 37 18 33 18 33 19 
37 22 37 24 39 24 39 22 
38 23 37 22 36 23 37 24 
38 26 36 24 35 25 37 27 
38 28 37 27 34 30 35 31 
39 26 38 26 38 28 39 28 
7 25 7 26 13 26 13 25 
14 19 15 18 14 17 13 18 
14 20 15 20 15 19 14 19 
15 33 18 33 18 32 15 32 
16 32 15 31 14 32 15 33 
19 19 20 18 19 17 18 18 
21 29 22 30 27 25 26 24 
21 33 24 30 21 27 18 30 
21 40 23 38 22 37 20 39 
23 30 20 33 21 34 24 31 
23 35 26 35 26 34 23 34 
26 20 30 24 31 23 27 19 
29 21 30 21 30 20 29 20 
30 36 26 32 23 35 27 39 
32 14 32 15 33 15 33 14 
33 22 35 24 36 23 34 21 
33 29 38 29 38 28 33 28 
18 19 19 19 19 18 18 18 
28 22 29 22 29 21 28 21 
31 22 32 23 33 22 32 21 
32 30 33 29 32 28 31 29 
