32
13 34 20 34 20 23 13 23 
14 32 17 35 31 21 28 18 
14 37 30 37 30 32 14 32 
15 18 28 18 28 15 15 15 
16 18 23 25 24 24 17 17 
17 22 31 22 31 21 17 21 
18 20 22 20 22 14 18 14 
18 25 20 23 15 18 13 20 
21 33 15 27 14 28 20 34 
23 26 21 28 30 37 32 35 
24 20 18 26 25 33 31 27 
24 37 31 30 29 28 22 35 
25 28 21 28 21 33 25 33 
26 26 26 27 27 27 27 26 
27 30 31 30 31 27 27 27 
30 36 33 33 27 27 24 30 
31 37 36 37 36 30 31 30 
32 29 35 29 35 19 32 19 
34 20 35 19 30 14 29 15 
34 24 34 20 24 20 24 24 
34 26 36 26 36 24 34 24 
34 35 34 38 35 38 35 35 
35 31 37 31 37 29 35 29 
36 28 35 29 36 30 37 29 
36 32 37 31 36 30 35 31 
37 26 36 26 36 28 37 28 
38 36 36 38 37 39 39 37 
38 38 38 37 36 37 36 38 
41 32 39 30 34 35 36 37 
22 29 22 35 32 35 32 29 
24 12 22 14 34 26 36 24 
38 30 38 36 39 36 39 30 
