78
9 24 18 33 22 29 13 20 
10 28 14 32 17 29 13 25 
10 30 14 34 20 28 16 24 
11 30 14 33 17 30 14 27 
13 27 14 27 14 25 13 25 
14 31 14 32 23 32 23 31 
15 17 13 17 13 20 15 20 
16 17 16 19 18 19 18 17 
16 33 14 33 14 34 16 34 
16 37 18 37 18 34 16 34 
17 18 18 19 19 18 18 17 
17 35 18 34 17 33 16 34 
17 36 18 37 20 35 19 34 
17 38 21 38 21 36 17 36 
18 25 18 28 20 28 20 25 
18 27 14 31 16 33 20 29 
18 30 17 30 17 33 18 33 
19 29 19 18 17 18 17 29 
19 30 19 34 37 34 37 30 
21 21 26 26 30 22 25 17 
21 22 23 24 25 22 23 20 
21 23 24 26 32 18 29 15 
21 24 16 19 15 20 20 25 
22 24 22 26 23 26 23 24 
22 28 20 28 20 29 22 29 
22 33 24 33 24 29 22 29 
23 12 21 14 24 17 26 15 
23 27 25 29 26 28 24 26 
23 34 24 33 23 32 22 33 
23 38 25 36 23 34 21 36 
24 13 24 17 25 17 25 13 
24 27 24 26 23 26 23 27 
25 21 21 21 21 22 25 22 
25 25 25 29 32 29 32 25 
25 33 24 33 24 36 25 36 
26 12 25 13 27 15 28 14 
26 14 26 15 27 15 27 14 
27 20 32 25 34 23 29 18 
27 28 26 28 26 37 27 37 
27 31 25 29 23 31 25 33 
28 16 28 15 27 15 27 16 
28 23 27 22 23 26 24 27 
28 25 32 29 37 24 33 20 
29 14 28 13 27 14 28 15 
29 16 29 18 32 18 32 16 
29 22 29 32 30 32 30 22 
29 38 23 38 23 39 29 39 
30 12 29 13 32 16 33 15 
30 37 35 37 35 32 30 32 
31 21 31 23 33 23 33 21 
31 38 36 33 35 32 30 37 
32 22 33 21 32 20 31 21 
32 24 33 23 32 22 31 23 
33 14 29 14 29 15 33 15 
33 18 32 18 32 20 33 20 
33 29 30 32 35 37 38 34 
34 15 33 16 34 17 35 16 
34 16 34 15 33 15 33 16 
34 19 35 18 34 17 33 18 
34 29 34 23 33 23 33 29 
35 17 35 16 34 16 34 17 
37 18 37 17 35 17 35 18 
37 31 35 29 27 37 29 39 
38 14 38 13 34 13 34 14 
38 33 39 32 37 30 36 31 
40 35 38 33 37 34 39 36 
9 22 9 24 16 24 16 22 
11 28 10 28 10 30 11 30 
13 34 16 37 17 36 14 33 
14 16 13 17 14 18 15 17 
21 27 22 28 23 27 22 26 
23 16 23 20 27 20 27 16 
26 19 34 19 34 17 26 17 
28 17 29 16 28 15 27 16 
29 36 28 37 29 38 30 37 
31 26 34 29 35 28 32 25 
31 33 31 38 36 38 36 33 
37 13 34 16 35 17 38 14 
