47
9 29 19 39 25 33 15 23 
9 33 15 33 15 29 9 29 
13 20 28 20 28 18 13 18 
14 22 13 22 13 30 14 30 
14 33 15 34 23 26 22 25 
15 22 26 22 26 19 15 19 
16 18 20 14 19 13 15 17 
17 25 17 23 15 23 15 25 
17 26 16 27 20 31 21 30 
18 19 15 22 29 36 32 33 
19 14 15 14 15 17 19 17 
19 21 19 39 27 39 27 21 
19 38 22 35 21 34 18 37 
21 26 21 25 17 25 17 26 
21 33 15 33 15 34 21 34 
22 18 26 22 27 21 23 17 
23 25 25 25 25 17 23 17 
23 29 23 34 30 34 30 29 
24 28 31 21 28 18 21 25 
25 28 35 18 34 17 24 27 
26 15 26 17 30 17 30 15 
26 35 26 32 22 32 22 35 
27 31 24 28 23 29 26 32 
28 38 22 32 21 33 27 39 
31 20 28 20 28 21 31 21 
32 16 32 18 35 18 35 16 
32 17 30 15 26 19 28 21 
32 28 25 28 25 33 32 33 
33 14 35 16 36 15 34 13 
33 19 33 14 31 14 31 19 
34 15 36 15 36 13 34 13 
34 28 34 37 39 37 39 28 
34 30 32 28 28 32 30 34 
35 25 39 25 39 18 35 18 
36 20 32 16 28 20 32 24 
37 15 37 31 38 31 38 15 
43 21 37 15 33 19 39 25 
16 28 24 28 24 27 16 27 
18 22 19 21 16 18 15 19 
20 26 21 25 18 22 17 23 
20 34 21 33 16 28 15 29 
22 26 23 26 23 25 22 25 
22 30 22 26 21 26 21 30 
29 25 29 36 35 36 35 25 
32 20 33 19 32 18 31 19 
36 24 36 20 32 20 32 24 
26 28 29 25 26 22 23 25 
