100
8 28 15 35 27 23 20 16 
8 34 15 41 24 32 17 25 
15 28 15 29 19 29 19 28 
15 30 15 35 16 35 16 30 
16 18 22 24 24 22 18 16 
17 30 19 28 17 26 15 28 
17 42 17 35 16 35 16 42 
18 19 17 20 21 24 22 23 
18 22 24 22 24 19 18 19 
18 41 17 42 18 43 19 42 
18 44 25 44 25 43 18 43 
19 26 21 28 23 26 21 24 
19 34 37 34 37 29 19 29 
20 26 26 32 28 30 22 24 
20 29 22 31 23 30 21 28 
20 39 20 40 24 40 24 39 
21 20 17 20 17 24 21 24 
21 26 22 26 22 24 21 24 
21 31 24 28 22 26 19 29 
21 32 26 37 27 36 22 31 
21 37 21 36 15 36 15 37 
22 21 22 23 26 23 26 21 
22 28 21 28 21 31 22 31 
22 32 22 36 24 36 24 32 
22 37 37 22 36 21 21 36 
22 41 24 39 22 37 20 39 
22 42 24 40 22 38 20 40 
23 35 24 36 27 33 26 32 
23 38 23 37 22 37 22 38 
23 45 25 43 17 35 15 37 
24 23 25 22 23 20 22 21 
25 16 25 22 31 22 31 16 
25 30 28 30 28 28 25 28 
25 35 25 30 23 30 23 35 
25 38 30 38 30 35 25 35 
26 18 26 15 16 15 16 18 
27 17 27 23 28 23 28 17 
27 18 28 17 26 15 25 16 
27 21 39 33 41 31 29 19 
27 26 27 23 26 23 26 26 
27 42 29 44 31 42 29 40 
28 24 32 24 32 23 28 23 
28 25 29 26 32 23 31 22 
28 34 35 41 36 40 29 33 
28 40 28 44 29 44 29 40 
29 14 24 19 26 21 31 16 
29 20 32 20 32 19 29 19 
29 25 28 25 28 26 29 26 
29 31 35 37 36 36 30 30 
29 36 29 33 27 33 27 36 
31 19 32 20 35 17 34 16 
31 28 31 42 32 42 32 28 
31 29 32 28 29 25 28 26 
32 37 35 40 36 39 33 36 
33 19 39 19 39 18 33 18 
33 22 33 36 36 36 36 22 
34 46 36 44 30 38 28 40 
35 32 35 33 39 33 39 32 
35 39 35 40 36 40 36 39 
35 44 34 43 33 44 34 45 
36 20 36 21 38 21 38 20 
36 37 42 37 42 36 36 36 
36 41 35 41 35 44 36 44 
37 23 39 23 39 22 37 22 
37 25 38 26 40 24 39 23 
37 30 35 32 37 34 39 32 
37 38 37 41 41 41 41 38 
38 31 38 26 29 26 29 31 
38 42 39 42 39 35 38 35 
39 21 38 20 36 22 37 23 
39 34 38 35 41 38 42 37 
40 19 38 21 39 22 41 20 
40 21 40 19 39 19 39 21 
40 34 40 33 39 33 39 34 
40 44 45 39 43 37 38 42 
41 19 41 20 43 20 43 19 
41 33 40 34 42 36 43 35 
43 21 43 22 45 22 45 21 
43 23 43 22 42 22 42 23 
44 22 43 21 42 22 43 23 
44 25 45 24 43 22 42 23 
45 29 45 24 40 24 40 29 
12 19 17 24 21 20 16 15 
13 28 15 30 19 26 17 24 
13 32 16 35 18 33 15 30 
15 31 21 37 22 36 16 30 
18 38 18 41 22 41 22 38 
19 16 19 26 20 26 20 16 
19 40 20 39 16 35 15 36 
19 45 22 45 22 42 19 42 
23 46 34 46 34 45 23 45 
24 31 29 36 30 35 25 30 
24 43 22 45 23 46 25 44 
25 24 27 26 28 25 26 23 
27 41 28 40 24 36 23 37 
35 36 36 37 38 35 37 34 
38 34 39 35 40 34 39 33 
40 20 41 19 40 18 39 19 
8 32 13 32 13 28 8 28 
8 40 19 40 19 34 8 34 
