180
12 21 17 26 21 22 16 17 
12 26 16 26 16 21 12 21 
12 32 15 35 19 31 16 28 
13 42 15 44 18 41 16 39 
15 20 17 20 17 19 15 19 
15 24 15 25 21 25 21 24 
15 32 15 33 16 33 16 32 
15 41 16 42 17 41 16 40 
15 42 16 42 16 41 15 41 
16 19 15 20 16 21 17 20 
16 20 19 23 20 22 17 19 
16 27 17 27 17 26 16 26 
16 43 23 43 23 42 16 42 
17 25 19 27 21 25 19 23 
17 28 17 37 18 37 18 28 
17 34 21 30 20 29 16 33 
17 36 18 37 20 35 19 34 
18 16 18 17 19 17 19 16 
18 27 17 26 16 27 17 28 
18 36 17 37 20 40 21 39 
18 40 18 41 20 41 20 40 
18 43 17 44 18 45 19 44 
19 15 18 16 19 17 20 16 
19 18 20 19 21 18 20 17 
19 35 22 38 24 36 21 33 
19 45 23 45 23 44 19 44 
20 18 20 17 19 17 19 18 
20 20 20 22 21 22 21 20 
20 23 19 23 19 27 20 27 
20 25 22 27 23 26 21 24 
20 34 23 34 23 29 20 29 
20 37 24 41 25 40 21 36 
21 27 23 29 24 28 22 26 
21 28 21 30 24 30 24 28 
21 31 21 33 22 33 22 31 
21 35 21 36 24 36 24 35 
22 16 21 16 21 17 22 17 
22 18 21 17 20 18 21 19 
22 19 22 18 21 18 21 19 
22 23 25 26 30 21 27 18 
22 25 22 26 23 26 23 25 
22 30 19 27 18 28 21 31 
22 44 23 45 24 44 23 43 
23 17 23 18 27 18 27 17 
23 20 22 19 21 20 22 21 
23 32 22 33 23 34 24 33 
23 37 25 37 25 34 23 34 
24 15 24 16 26 16 26 15 
24 18 25 19 27 17 26 16 
24 19 27 16 26 15 23 18 
24 20 24 19 23 19 23 20 
24 25 27 25 27 20 24 20 
24 26 29 21 28 20 23 25 
24 29 27 32 29 30 26 27 
24 34 28 38 33 33 29 29 
24 40 25 40 25 38 24 38 
24 43 25 42 24 41 23 42 
25 21 29 21 29 19 25 19 
25 23 25 26 30 26 30 23 
25 27 25 26 24 26 24 27 
25 30 25 32 27 32 27 30 
25 39 24 38 23 39 24 40 
26 20 25 19 24 20 25 21 
26 28 25 29 28 32 29 31 
26 33 25 34 27 36 28 35 
26 37 27 38 28 37 27 36 
26 38 30 34 29 33 25 37 
26 43 27 43 27 38 26 38 
26 44 26 43 24 43 24 44 
27 33 27 36 29 36 29 33 
28 24 27 25 29 27 30 26 
28 31 28 32 29 32 29 31 
28 45 32 41 30 39 26 43 
28 46 29 45 27 43 26 44 
29 17 30 18 31 17 30 16 
29 18 27 20 30 23 32 21 
29 28 34 33 36 31 31 26 
29 37 28 37 28 38 29 38 
29 39 28 39 28 45 29 45 
30 17 29 17 29 18 30 18 
30 19 30 21 32 21 32 19 
30 28 31 29 35 25 34 24 
30 29 30 28 29 28 29 29 
30 31 31 32 33 30 32 29 
30 35 29 36 34 41 35 40 
30 38 30 39 35 39 35 38 
31 15 31 17 33 17 33 15 
31 19 34 22 35 21 32 18 
31 20 28 20 28 24 31 24 
31 25 32 25 32 24 31 24 
31 30 32 30 32 29 31 29 
31 31 31 32 34 32 34 31 
32 28 35 28 35 25 32 25 
32 33 33 33 33 30 32 30 
32 34 30 34 30 35 32 35 
33 21 32 21 32 22 33 22 
33 23 33 26 36 26 36 23 
33 29 34 30 37 27 36 26 
33 42 32 43 33 44 34 43 
33 47 37 43 35 41 31 45 
34 16 34 22 36 22 36 16 
34 23 33 22 31 24 32 25 
34 25 33 26 35 28 36 27 
34 27 34 30 36 30 36 27 
34 34 34 33 33 33 33 34 
34 35 35 34 34 33 33 34 
34 40 34 41 35 41 35 40 
35 29 39 29 39 28 35 28 
35 33 37 35 39 33 37 31 
35 35 35 34 34 34 34 35 
35 37 36 38 38 36 37 35 
36 24 39 27 40 26 37 23 
36 32 36 35 37 35 37 32 
36 37 36 35 35 35 35 37 
37 14 32 19 36 23 41 18 
37 19 38 20 41 17 40 16 
37 36 37 40 38 40 38 36 
37 39 38 40 41 37 40 36 
37 45 39 45 39 43 37 43 
38 16 38 20 40 20 40 16 
38 21 38 25 41 25 41 21 
38 28 39 29 40 28 39 27 
38 31 40 29 39 28 37 30 
38 35 40 35 40 31 38 31 
38 39 36 37 35 38 37 40 
39 17 39 18 41 18 41 17 
39 21 40 22 41 21 40 20 
39 23 39 27 42 27 42 23 
39 38 40 37 38 35 37 36 
39 41 39 38 36 38 36 41 
39 44 40 43 37 40 36 41 
40 25 41 26 43 24 42 23 
40 40 42 42 44 40 42 38 
41 19 43 19 43 18 41 18 
41 28 41 26 40 26 40 28 
41 33 44 33 44 28 41 28 
41 34 38 31 37 32 40 35 
41 36 40 36 40 37 41 37 
41 38 41 42 42 42 42 38 
41 47 44 44 42 42 39 45 
42 13 40 15 42 17 44 15 
42 21 44 23 45 22 43 20 
42 24 40 22 39 23 41 25 
42 41 41 42 43 44 44 43 
42 43 44 43 44 42 42 42 
43 17 44 17 44 15 43 15 
44 19 45 18 44 17 43 18 
44 20 44 19 43 19 43 20 
44 22 44 23 45 23 45 22 
45 17 44 17 44 18 45 18 
45 19 44 18 43 19 44 20 
46 30 45 29 41 33 42 34 
13 38 16 41 20 37 17 34 
13 44 15 44 15 42 13 42 
16 24 15 25 16 26 17 25 
19 37 20 37 20 35 19 35 
21 26 21 27 22 27 22 26 
21 37 21 39 23 39 23 37 
22 40 22 41 24 41 24 40 
23 14 21 16 22 17 24 15 
23 15 22 16 23 17 24 16 
23 30 24 29 22 27 21 28 
23 31 26 34 27 33 24 30 
23 36 25 38 26 37 24 35 
23 46 28 46 28 45 23 45 
25 28 26 28 26 27 25 27 
26 31 24 31 24 33 26 33 
26 47 33 47 33 44 26 44 
27 46 24 43 23 44 26 47 
30 20 31 19 30 18 29 19 
31 23 32 24 33 23 32 22 
31 34 32 33 31 32 30 33 
31 39 35 35 34 34 30 38 
32 16 33 17 34 16 33 15 
33 40 25 40 25 42 33 42 
36 40 37 39 36 38 35 39 
39 34 41 34 41 33 39 33 
40 27 41 28 42 27 41 26 
43 13 41 15 43 17 45 15 
19 14 19 15 23 15 23 14 
