171
12 21 16 25 19 22 15 18 
12 23 15 23 15 21 12 21 
12 29 15 32 18 29 15 26 
12 35 15 38 18 35 15 32 
12 38 15 38 15 35 12 35 
13 37 12 38 16 42 17 41 
13 43 15 45 22 38 20 36 
13 45 15 45 15 43 13 43 
14 20 15 21 19 17 18 16 
14 22 15 23 16 22 15 21 
14 25 16 25 16 22 14 22 
15 30 15 32 19 32 19 30 
15 42 18 45 20 43 17 40 
15 47 17 45 15 43 13 45 
16 16 16 17 18 17 18 16 
16 21 24 29 30 23 22 15 
16 35 16 36 18 36 18 35 
16 38 15 38 15 42 16 42 
17 25 16 25 16 29 17 29 
17 33 18 33 18 29 17 29 
17 47 17 45 15 45 15 47 
18 19 19 19 19 17 18 17 
18 27 20 27 20 24 18 24 
18 30 20 32 23 29 21 27 
18 34 17 33 15 35 16 36 
19 13 16 16 19 19 22 16 
19 27 18 28 24 34 25 33 
19 33 18 33 18 34 19 34 
19 40 24 40 24 39 19 39 
19 41 19 40 17 40 17 41 
20 19 21 20 23 18 22 17 
20 22 20 19 19 19 19 22 
20 30 21 30 21 27 20 27 
20 33 19 32 18 33 19 34 
20 35 23 38 25 36 22 33 
20 37 18 39 19 40 21 38 
21 17 21 20 22 20 22 17 
21 28 23 26 22 25 20 27 
21 33 21 32 20 32 20 33 
21 47 26 42 24 40 19 45 
22 18 18 22 20 24 24 20 
22 22 24 22 24 20 22 20 
22 24 24 22 22 20 20 22 
22 31 22 33 24 33 24 31 
22 37 22 38 23 38 23 37 
22 41 22 44 30 44 30 41 
22 47 22 44 21 44 21 47 
23 16 23 15 22 15 22 16 
23 17 30 17 30 16 23 16 
23 23 15 23 15 26 23 26 
24 26 23 26 23 29 24 29 
24 35 24 34 20 34 20 35 
24 36 21 33 20 34 23 37 
24 41 28 45 32 41 28 37 
24 46 28 42 26 40 22 44 
25 26 25 33 26 33 26 26 
25 32 24 33 25 34 26 33 
25 35 24 35 24 36 25 36 
26 12 23 15 27 19 30 16 
26 24 30 20 29 19 25 23 
26 25 26 24 24 24 24 25 
26 34 25 35 28 38 29 37 
26 39 26 40 29 40 29 39 
26 45 28 45 28 42 26 42 
27 23 29 23 29 19 27 19 
27 27 28 26 27 25 26 26 
27 31 28 32 29 31 28 30 
28 27 29 28 33 24 32 23 
28 28 32 32 34 30 30 26 
28 31 28 32 29 32 29 31 
28 33 30 35 31 34 29 32 
28 34 28 35 30 35 30 34 
28 36 28 37 29 37 29 36 
28 41 29 42 30 41 29 40 
29 26 30 26 30 23 29 23 
29 27 29 26 28 26 28 27 
29 30 29 28 28 28 28 30 
29 48 32 45 29 42 26 45 
30 19 30 20 36 20 36 19 
30 24 34 28 35 27 31 23 
30 29 32 31 33 30 31 28 
30 30 30 31 32 31 32 30 
30 38 33 38 33 36 30 36 
31 22 31 23 32 23 32 22 
31 29 34 29 34 28 31 28 
31 35 33 33 32 32 30 34 
31 38 32 37 30 35 29 36 
31 39 30 38 29 39 30 40 
31 41 32 42 33 41 32 40 
31 42 32 42 32 41 31 41 
31 43 31 42 29 42 29 43 
32 35 31 35 31 37 32 37 
32 36 31 35 30 36 31 37 
33 18 33 24 34 24 34 18 
33 19 35 21 36 20 34 18 
33 28 34 29 38 25 37 24 
33 32 33 33 35 33 35 32 
33 35 35 33 32 30 30 32 
33 43 35 45 39 41 37 39 
34 35 35 36 37 34 36 33 
34 39 36 37 35 36 33 38 
34 41 34 39 33 39 33 41 
34 42 32 42 32 45 34 45 
35 16 36 17 37 16 36 15 
35 18 36 19 37 18 36 17 
35 25 35 27 37 27 37 25 
35 34 36 34 36 33 35 33 
35 40 35 37 32 37 32 40 
35 41 35 43 39 43 39 41 
36 16 36 17 37 17 37 16 
36 26 37 25 36 24 35 25 
36 36 37 36 37 34 36 34 
36 39 42 45 45 42 39 36 
36 41 37 42 45 34 44 33 
36 47 39 44 37 42 34 45 
37 20 36 20 36 24 37 24 
37 29 38 29 38 27 37 27 
37 30 37 29 34 29 34 30 
37 37 36 37 36 39 37 39 
37 40 37 42 42 42 42 40 
37 41 39 43 41 41 39 39 
38 17 37 17 37 18 38 18 
38 20 38 21 40 21 40 20 
38 28 37 27 36 28 37 29 
38 33 38 34 40 34 40 33 
38 38 40 36 39 35 37 37 
39 18 40 19 41 18 40 17 
39 21 40 22 41 21 40 20 
39 29 39 35 43 35 43 29 
39 32 40 33 42 31 41 30 
40 30 43 27 42 26 39 29 
40 38 42 38 42 36 40 36 
40 39 40 41 41 41 41 39 
40 43 39 43 39 44 40 44 
41 24 42 24 42 22 41 22 
41 33 40 34 42 36 43 35 
41 37 40 38 41 39 42 38 
41 40 40 41 42 43 43 42 
42 15 40 15 40 17 42 17 
43 16 42 15 41 16 42 17 
43 18 43 16 41 16 41 18 
43 21 43 27 44 27 44 21 
43 22 40 19 38 21 41 24 
43 39 43 42 45 42 45 39 
43 43 42 43 42 45 43 45 
44 19 43 18 40 21 41 22 
44 30 41 30 41 33 44 33 
44 37 44 34 41 34 41 37 
46 26 42 22 39 25 43 29 
46 40 45 39 42 42 43 43 
13 24 16 21 15 20 12 23 
13 32 16 35 18 33 15 30 
14 18 14 20 15 20 15 18 
19 35 19 36 20 36 20 35 
20 31 21 32 22 31 21 30 
20 48 29 48 29 43 20 43 
21 40 22 41 24 39 23 38 
24 27 28 31 29 30 25 26 
24 47 26 45 23 42 21 44 
30 28 31 29 35 25 34 24 
30 42 29 43 30 44 31 43 
33 34 32 35 33 36 34 35 
33 40 34 41 35 40 34 39 
34 26 36 26 36 24 34 24 
34 34 33 34 33 35 34 35 
36 31 38 33 39 32 37 30 
36 38 37 37 36 36 35 37 
36 46 24 46 24 47 36 47 
37 47 40 44 39 43 36 46 
46 24 42 24 42 26 46 26 
13 17 14 18 16 16 15 15 
