196
13 35 17 39 19 37 15 33 
13 41 16 44 20 40 17 37 
13 44 15 44 15 41 13 41 
15 24 16 25 17 24 16 23 
15 27 16 28 18 26 17 25 
15 28 15 29 16 29 16 28 
15 32 15 33 17 33 17 32 
15 34 17 36 19 34 17 32 
15 45 16 45 16 44 15 44 
16 21 19 24 20 23 17 20 
16 24 16 25 17 25 17 24 
16 34 18 34 18 29 16 29 
16 35 16 34 15 34 15 35 
16 36 16 37 17 37 17 36 
17 18 17 20 21 20 21 18 
17 23 18 24 19 23 18 22 
17 26 16 27 18 29 19 28 
17 38 16 39 21 44 22 43 
17 42 27 42 27 41 17 41 
18 23 18 24 19 24 19 23 
18 25 17 25 17 26 18 26 
18 35 18 37 19 37 19 35 
18 38 18 37 17 37 17 38 
18 40 18 44 20 44 20 40 
18 43 17 42 15 44 16 45 
19 16 19 19 23 19 23 16 
19 18 18 19 20 21 21 20 
19 22 19 19 18 19 18 22 
19 25 19 28 22 28 22 25 
19 38 21 38 21 37 19 37 
19 43 18 44 19 45 20 44 
20 22 22 22 22 21 20 21 
20 32 20 36 22 36 22 32 
21 14 19 16 21 18 23 16 
21 23 20 23 20 24 21 24 
21 31 22 32 23 31 22 30 
21 33 20 32 18 34 19 35 
21 35 20 36 21 37 22 36 
21 43 24 40 21 37 18 40 
21 45 21 44 20 44 20 45 
22 16 19 19 22 22 25 19 
22 24 23 23 22 22 21 23 
22 29 24 31 26 29 24 27 
22 31 24 33 26 31 24 29 
22 40 24 40 24 36 22 36 
23 22 22 22 22 23 23 23 
23 24 22 23 21 24 22 25 
23 25 23 27 24 27 24 25 
23 29 24 28 23 27 22 28 
23 30 22 30 22 31 23 31 
23 33 24 33 24 31 23 31 
23 35 23 33 21 33 21 35 
23 38 27 42 30 39 26 35 
24 15 24 16 25 16 25 15 
24 21 23 20 22 21 23 22 
24 34 23 35 24 36 25 35 
24 42 28 38 26 36 22 40 
25 20 25 19 23 19 23 20 
25 21 25 23 28 23 28 21 
25 24 25 23 23 23 23 24 
25 27 27 27 27 24 25 24 
25 28 25 27 24 27 24 28 
25 31 28 28 27 27 24 30 
25 36 26 36 26 35 25 35 
25 38 25 39 28 39 28 38 
26 14 25 15 26 16 27 15 
26 15 26 16 27 16 27 15 
26 17 26 16 25 16 25 17 
26 18 27 17 26 16 25 17 
26 19 25 20 27 22 28 21 
26 22 25 23 29 27 30 26 
26 23 27 24 28 23 27 22 
26 25 26 26 30 26 30 25 
26 30 26 29 24 29 24 30 
26 32 29 32 29 31 26 31 
26 43 27 44 28 43 27 42 
27 18 27 17 26 17 26 18 
27 20 26 20 26 22 27 22 
27 28 27 30 28 30 28 28 
27 33 24 33 24 34 27 34 
27 35 28 36 30 34 29 33 
27 40 31 40 31 35 27 35 
27 43 27 44 28 44 28 43 
28 17 27 16 26 17 27 18 
28 20 29 20 29 19 28 19 
28 22 29 23 31 21 30 20 
28 27 29 27 29 23 28 23 
28 31 29 32 35 26 34 25 
29 21 30 21 30 20 29 20 
29 26 27 24 26 25 28 27 
29 37 29 39 30 39 30 37 
29 43 31 41 29 39 27 41 
29 46 33 42 32 41 28 45 
30 17 31 18 32 17 31 16 
30 36 34 36 34 34 30 34 
31 13 29 15 33 19 35 17 
31 28 35 28 35 27 31 27 
31 29 30 28 28 30 29 31 
31 30 31 31 33 31 33 30 
31 32 32 33 34 31 33 30 
31 33 31 32 29 32 29 33 
32 19 32 20 33 20 33 19 
32 34 33 35 34 34 33 33 
32 35 29 32 27 34 30 37 
32 40 31 40 31 41 32 41 
32 42 33 42 33 41 32 41 
33 21 35 21 35 20 33 20 
33 25 32 24 31 25 32 26 
33 34 35 36 39 32 37 30 
33 39 33 35 32 35 32 39 
33 40 36 37 35 36 32 39 
33 43 34 42 33 41 32 42 
33 46 34 45 28 39 27 40 
34 18 35 18 35 17 34 17 
34 20 33 19 32 20 33 21 
34 22 33 22 33 25 34 25 
34 28 32 26 31 27 33 29 
34 33 34 31 33 31 33 33 
34 38 31 35 30 36 33 39 
34 43 34 42 33 42 33 43 
34 44 28 44 28 45 34 45 
35 24 35 26 37 26 37 24 
35 29 36 30 39 27 38 26 
35 33 38 36 39 35 36 32 
35 35 39 35 39 33 35 33 
35 37 35 40 36 40 36 37 
36 15 34 17 35 18 37 16 
36 17 36 18 39 18 39 17 
36 19 36 18 35 18 35 19 
36 20 37 19 36 18 35 19 
36 22 36 23 39 23 39 22 
36 36 35 35 34 36 35 37 
36 38 42 44 44 42 38 36 
36 39 35 40 38 43 39 42 
36 44 39 44 39 42 36 42 
37 13 31 13 31 16 37 16 
37 20 37 19 36 19 36 20 
37 27 37 30 39 30 39 27 
37 32 37 30 36 30 36 32 
37 36 38 36 38 32 37 32 
37 46 39 44 38 43 36 45 
38 17 36 19 37 20 39 18 
38 21 39 22 44 17 43 16 
38 24 39 23 37 21 36 22 
38 25 37 24 36 25 37 26 
38 40 43 40 43 36 38 36 
39 14 38 15 39 16 40 15 
39 19 41 21 43 19 41 17 
39 20 43 20 43 19 39 19 
39 25 40 26 42 24 41 23 
39 26 39 25 38 25 38 26 
40 16 41 16 41 15 40 15 
40 29 37 26 36 27 39 30 
40 37 42 37 42 29 40 29 
41 24 39 26 42 29 44 27 
41 38 40 37 34 43 35 44 
42 18 42 22 45 22 45 18 
42 23 41 23 41 24 42 24 
42 27 44 27 44 24 42 24 
42 39 45 39 45 38 42 38 
43 17 43 16 41 16 41 17 
43 30 39 30 39 32 43 32 
43 37 42 38 44 40 45 39 
43 42 44 42 44 40 43 40 
43 44 43 42 42 42 42 44 
44 22 43 21 42 22 43 23 
44 26 38 32 39 33 45 27 
44 28 45 28 45 27 44 27 
44 37 42 39 43 40 45 38 
45 37 43 35 39 39 41 41 
45 45 45 41 41 41 41 45 
47 20 45 18 43 20 45 22 
47 21 47 20 43 20 43 21 
48 20 44 16 43 17 47 21 
15 25 15 27 16 27 16 25 
16 20 16 21 17 21 17 20 
16 38 16 39 17 39 17 38 
16 40 17 41 18 40 17 39 
18 18 16 20 17 21 19 19 
18 28 19 29 23 25 22 24 
19 21 20 22 23 19 22 18 
21 36 19 38 21 40 23 38 
23 28 22 28 22 29 23 29 
25 14 24 15 25 16 26 15 
25 26 26 25 25 24 24 25 
28 15 28 17 29 17 29 15 
30 29 31 29 31 28 30 28 
31 22 33 20 32 19 30 21 
34 19 35 20 36 19 35 18 
34 21 33 22 35 24 36 23 
35 11 29 17 31 19 37 13 
35 23 36 22 35 21 34 22 
35 45 36 45 36 44 35 44 
38 20 37 20 37 21 38 21 
30 22 31 22 31 21 30 21 
35 43 34 44 35 45 36 44 
