62
12 37 17 42 21 38 16 33 
13 24 15 26 21 20 19 18 
13 30 18 30 18 24 13 24 
15 32 19 32 19 27 15 27 
15 36 15 37 26 37 26 36 
17 20 17 21 19 21 19 20 
17 26 21 30 23 28 19 24 
17 29 19 27 17 25 15 27 
17 39 17 42 26 42 26 39 
17 44 18 45 19 44 18 43 
18 13 15 16 19 20 22 17 
18 33 21 33 21 30 18 30 
19 29 18 30 21 33 22 32 
19 35 22 35 22 32 19 32 
19 45 29 45 29 44 19 44 
20 33 22 35 26 31 24 29 
21 22 37 38 41 34 25 18 
21 26 21 25 17 25 17 26 
21 34 21 38 27 38 27 34 
22 16 17 21 21 25 26 20 
22 41 30 41 30 35 22 35 
23 32 35 44 38 41 26 29 
24 26 24 29 26 29 26 26 
25 38 26 39 27 38 26 37 
26 22 26 20 21 20 21 22 
26 47 29 44 18 33 15 36 
27 17 27 16 22 16 22 17 
27 28 23 28 23 32 27 32 
27 37 30 34 29 33 26 36 
28 23 44 23 44 18 28 18 
28 28 26 26 15 37 17 39 
28 40 21 33 19 35 26 42 
28 44 29 45 37 37 36 36 
29 14 27 16 33 22 35 20 
30 14 29 14 29 25 30 25 
30 26 30 34 41 34 41 26 
30 29 27 32 30 35 33 32 
31 15 30 14 27 17 28 18 
31 47 31 42 26 42 26 47 
32 22 33 22 33 19 32 19 
32 25 32 22 31 22 31 25 
35 24 39 28 41 26 37 22 
35 25 35 44 44 44 44 25 
36 32 40 36 42 34 38 30 
36 38 36 45 37 45 37 38 
36 52 44 44 39 39 31 47 
37 16 37 22 39 22 39 16 
38 29 38 30 45 30 45 29 
39 41 39 39 38 39 38 41 
40 32 36 32 36 36 40 36 
41 20 35 20 35 24 41 24 
41 36 42 36 42 34 41 34 
42 28 42 22 39 22 39 28 
43 22 41 20 39 22 41 24 
44 30 45 29 43 27 42 28 
16 43 18 43 18 33 16 33 
19 38 22 41 25 38 22 35 
29 19 26 22 29 25 32 22 
29 52 36 52 36 45 29 45 
32 23 34 25 35 24 33 22 
28 51 29 52 36 45 35 44 
29 24 30 25 32 23 31 22 
