127
9 34 16 41 22 35 15 28 
9 43 15 43 15 34 9 34 
12 40 15 43 26 32 23 29 
14 28 15 29 19 25 18 24 
14 29 15 29 15 28 14 28 
14 32 15 33 16 32 15 31 
15 23 20 28 27 21 22 16 
15 25 19 25 19 23 15 23 
15 32 15 33 16 33 16 32 
16 15 16 16 22 16 22 15 
16 19 16 20 20 20 20 19 
16 24 16 27 18 27 18 24 
16 31 15 32 16 33 17 32 
17 20 19 22 22 19 20 17 
17 22 20 25 23 22 20 19 
17 26 16 27 17 28 18 27 
17 44 17 45 20 45 20 44 
18 41 16 43 17 44 19 42 
18 43 18 41 16 41 16 43 
19 18 19 22 23 22 23 18 
19 28 19 29 20 29 20 28 
19 37 25 43 26 42 20 36 
19 41 19 42 22 42 22 41 
21 21 19 23 26 30 28 28 
21 27 30 27 30 23 21 23 
21 34 21 35 22 35 22 34 
21 37 21 35 19 35 19 37 
22 43 25 43 25 42 22 42 
23 26 24 26 24 22 23 22 
23 33 24 33 24 29 23 29 
23 40 16 33 15 34 22 41 
24 17 23 18 27 22 28 21 
24 32 20 28 19 29 23 33 
25 22 29 18 28 17 24 21 
25 32 26 32 26 30 25 30 
26 18 29 18 29 15 26 15 
26 29 25 28 24 29 25 30 
26 39 28 41 30 39 28 37 
26 40 30 40 30 39 26 39 
27 24 27 22 25 22 25 24 
27 32 30 35 34 31 31 28 
27 34 25 32 24 33 26 35 
27 39 33 45 37 41 31 35 
27 42 28 43 29 42 28 41 
27 43 27 42 26 42 26 43 
27 49 31 45 26 40 22 44 
28 22 33 22 33 21 28 21 
28 36 28 37 31 37 31 36 
28 49 28 43 27 43 27 49 
29 20 20 20 20 25 29 25 
29 26 30 27 34 23 33 22 
29 39 30 40 32 38 31 37 
29 57 44 42 32 30 17 45 
30 20 32 18 29 15 27 17 
30 21 32 19 31 18 29 20 
30 26 32 28 35 25 33 23 
30 28 30 35 31 35 31 28 
31 17 31 18 32 18 32 17 
31 38 32 38 32 37 31 37 
31 41 31 40 30 40 30 41 
31 57 31 45 29 45 29 57 
32 24 38 24 38 19 32 19 
32 31 32 30 27 30 27 31 
32 33 34 33 34 31 32 31 
32 40 32 42 40 42 40 40 
32 41 31 40 30 41 31 42 
33 16 34 17 35 16 34 15 
33 25 34 25 34 23 33 23 
33 38 32 37 31 38 32 39 
33 39 33 38 32 38 32 39 
33 41 32 40 31 41 32 42 
34 22 35 21 34 20 33 21 
34 41 38 45 40 43 36 39 
34 45 34 41 33 41 33 45 
35 17 41 17 41 16 35 16 
35 18 35 17 34 17 34 18 
35 22 35 21 34 21 34 22 
35 27 38 24 36 22 33 25 
35 28 35 27 32 27 32 28 
35 30 39 30 39 28 35 28 
35 33 35 37 37 37 37 33 
35 41 38 44 40 42 37 39 
35 45 38 45 38 44 35 44 
36 18 35 18 35 20 36 20 
36 21 35 20 34 21 35 22 
36 25 36 22 35 22 35 25 
36 30 41 35 45 31 40 26 
36 38 37 37 36 36 35 37 
36 41 37 41 37 39 36 39 
37 21 41 25 45 21 41 17 
37 25 41 25 41 21 37 21 
37 28 34 25 32 27 35 30 
38 30 36 32 37 33 39 31 
38 37 39 36 35 32 34 33 
39 23 39 26 40 26 40 23 
39 24 43 28 44 27 40 23 
39 32 36 32 36 36 39 36 
40 21 36 25 39 28 43 24 
40 31 40 33 45 33 45 31 
40 36 43 39 44 38 41 35 
40 50 45 45 40 40 35 45 
41 32 40 31 39 32 40 33 
42 25 41 25 41 32 42 32 
43 26 40 26 40 28 43 28 
44 34 44 38 45 38 45 34 
44 50 44 43 40 43 40 50 
45 23 45 21 44 21 44 23 
50 28 45 23 40 28 45 33 
50 39 50 28 43 28 43 39 
16 29 15 29 15 31 16 31 
16 40 23 40 23 33 16 33 
18 38 16 40 20 44 22 42 
21 17 21 21 24 21 24 17 
22 25 19 28 20 29 23 26 
26 34 27 34 27 32 26 32 
26 41 25 42 26 43 27 42 
26 51 28 49 22 43 20 45 
27 26 32 31 35 28 30 23 
27 33 26 34 28 36 29 35 
28 44 31 41 30 40 27 43 
32 34 36 30 28 22 24 26 
32 48 35 45 32 42 29 45 
35 19 36 18 35 17 34 18 
40 49 50 39 45 34 35 44 
23 41 26 41 26 40 23 40 
25 51 26 51 26 43 25 43 
33 55 27 49 25 51 31 57 
