211
10 36 17 43 22 38 15 31 
10 38 16 38 16 36 10 36 
12 30 16 34 20 30 16 26 
12 31 15 31 15 30 12 30 
13 24 16 27 18 25 15 22 
13 30 12 31 15 34 16 33 
14 22 15 23 17 21 16 20 
14 23 15 23 15 22 14 22 
15 20 16 20 16 19 15 19 
15 33 15 34 16 34 16 33 
15 35 16 36 17 35 16 34 
15 43 17 43 17 40 15 40 
16 16 15 17 18 20 19 19 
16 22 16 25 17 25 17 22 
16 28 19 28 19 27 16 27 
16 39 15 40 16 41 17 40 
16 44 17 45 18 44 17 43 
17 16 22 21 23 20 18 15 
17 20 16 20 16 21 17 21 
17 32 18 33 19 32 18 31 
17 34 19 34 19 32 17 32 
17 36 17 38 22 38 22 36 
17 39 17 38 16 38 16 39 
17 44 16 44 16 45 17 45 
17 46 18 45 17 44 16 45 
18 21 17 22 19 24 20 23 
18 26 16 28 17 29 19 27 
18 30 20 30 20 26 18 26 
18 35 17 34 16 35 17 36 
18 40 22 36 21 35 17 39 
18 46 18 45 17 45 17 46 
19 15 18 15 18 19 19 19 
19 20 19 21 22 21 22 20 
19 22 19 21 18 21 18 22 
19 25 19 24 18 24 18 25 
19 35 21 35 21 34 19 34 
19 36 17 38 23 44 25 42 
19 43 25 43 25 42 19 42 
20 20 19 21 26 28 27 27 
20 28 18 30 20 32 22 30 
20 35 23 38 24 37 21 34 
20 40 27 40 27 39 20 39 
20 44 20 40 18 40 18 44 
21 17 21 19 23 19 23 17 
21 30 20 30 20 32 21 32 
22 18 21 19 22 20 23 19 
22 29 23 30 24 29 23 28 
22 31 23 32 24 31 23 30 
22 40 25 43 29 39 26 36 
22 42 21 41 19 43 20 44 
23 27 22 27 22 28 23 28 
23 29 23 30 24 30 24 29 
23 31 21 33 24 36 26 34 
23 36 24 36 24 33 23 33 
23 41 25 41 25 38 23 38 
24 18 25 17 24 16 23 17 
24 19 24 20 25 20 25 19 
24 21 24 20 23 20 23 21 
24 22 23 21 19 25 20 26 
24 32 24 31 23 31 23 32 
24 39 26 41 27 40 25 38 
25 16 28 16 28 15 25 15 
25 21 24 21 24 22 25 22 
25 23 24 23 24 28 25 28 
25 29 24 28 23 29 24 30 
26 20 25 19 24 20 25 21 
26 21 25 20 24 21 25 22 
26 25 27 24 25 22 24 23 
26 29 26 28 25 28 25 29 
26 37 26 36 24 36 24 37 
26 40 28 42 29 41 27 39 
27 14 25 16 26 17 28 15 
27 17 29 19 30 18 28 16 
27 20 27 17 26 17 26 20 
27 21 25 23 26 24 28 22 
27 25 27 24 26 24 26 25 
27 26 25 28 26 29 28 27 
27 32 28 33 29 32 28 31 
27 33 28 33 28 32 27 32 
27 34 28 35 29 34 28 33 
27 41 27 44 29 44 29 41 
28 18 30 18 30 16 28 16 
28 21 28 20 27 20 27 21 
28 26 27 26 27 27 28 27 
28 28 28 31 33 31 33 28 
28 34 28 35 29 35 29 34 
28 39 30 37 28 35 26 37 
29 18 27 20 28 21 30 19 
29 20 29 21 30 21 30 20 
29 22 29 21 28 21 28 22 
29 24 30 25 33 22 32 21 
29 27 28 28 30 30 31 29 
29 29 31 29 31 27 29 27 
29 30 29 29 26 29 26 30 
29 31 31 33 32 32 30 30 
29 33 28 32 27 33 28 34 
29 38 30 38 30 37 29 37 
30 22 32 22 32 21 30 21 
30 24 30 22 29 22 29 24 
30 31 33 28 32 27 29 30 
30 33 30 35 31 35 31 33 
30 36 29 37 30 38 31 37 
31 18 30 18 30 19 31 19 
31 21 30 20 29 21 30 22 
31 23 30 24 32 26 33 25 
31 36 33 34 32 33 30 35 
31 38 34 38 34 37 31 37 
31 40 34 40 34 39 31 39 
31 45 31 43 25 43 25 45 
31 48 34 45 30 41 27 44 
32 16 31 17 33 19 34 18 
32 17 32 16 31 16 31 17 
32 18 34 18 34 17 32 17 
32 19 30 21 36 27 38 25 
32 25 33 25 33 22 32 22 
32 30 33 31 37 27 36 26 
32 34 32 42 33 42 33 34 
32 45 34 45 34 44 32 44 
32 48 32 45 31 45 31 48 
33 15 33 16 38 16 38 15 
33 18 34 19 35 18 34 17 
33 20 33 19 32 19 32 20 
33 27 33 26 32 26 32 27 
33 32 34 33 40 27 39 26 
33 43 32 42 31 43 32 44 
34 32 33 32 33 33 34 33 
35 13 33 15 36 18 38 16 
35 19 32 22 35 25 38 22 
35 24 35 25 38 25 38 24 
35 35 31 35 31 36 35 36 
35 37 32 34 31 35 34 38 
35 40 38 37 37 36 34 39 
35 41 35 44 43 44 43 41 
35 43 37 45 42 40 40 38 
36 13 35 13 35 18 36 18 
36 22 35 21 34 22 35 23 
36 29 37 29 37 27 36 27 
36 34 34 32 33 33 35 35 
36 38 40 38 40 34 36 34 
37 18 36 18 36 22 37 22 
37 20 38 21 39 20 38 19 
37 31 39 31 39 29 37 29 
37 37 38 37 38 36 37 36 
37 39 36 38 34 40 35 41 
37 44 43 38 37 32 31 38 
38 30 39 31 40 30 39 29 
38 34 37 35 38 36 39 35 
38 38 39 37 38 36 37 37 
39 22 43 22 43 20 39 20 
39 32 37 32 37 35 39 35 
39 43 41 43 41 37 39 37 
40 17 38 17 38 19 40 19 
40 25 41 26 42 25 41 24 
40 33 41 32 40 31 39 32 
40 40 42 40 42 38 40 38 
41 25 41 26 42 26 42 25 
41 28 40 28 40 30 41 30 
41 47 44 44 40 40 37 43 
42 17 40 19 43 22 45 20 
42 27 43 28 45 26 44 25 
42 30 44 28 42 26 40 28 
42 31 44 29 43 28 41 30 
42 33 42 31 40 31 40 33 
42 43 44 43 44 40 42 40 
42 47 42 43 41 43 41 47 
43 17 44 18 45 17 44 16 
43 25 43 28 44 28 44 25 
43 30 43 28 42 28 42 30 
43 35 42 36 43 37 44 36 
43 42 42 43 43 44 44 43 
44 17 45 17 45 16 44 16 
44 33 42 33 42 36 44 36 
44 35 45 34 44 33 43 34 
44 38 43 38 43 39 44 39 
45 18 44 18 44 20 45 20 
45 30 43 30 43 34 45 34 
45 39 44 38 43 39 44 40 
46 17 45 16 44 17 45 18 
48 22 44 18 38 24 42 28 
17 15 16 15 16 16 17 16 
17 18 16 19 17 20 18 19 
20 27 19 28 21 30 22 29 
20 31 21 32 22 31 21 30 
20 43 24 39 23 38 19 42 
21 27 22 28 23 27 22 26 
21 44 23 44 23 41 21 41 
22 16 22 18 24 18 24 16 
26 33 26 34 27 34 27 33 
27 22 28 23 29 22 28 21 
27 23 28 23 28 22 27 22 
28 38 28 39 29 39 29 38 
28 48 31 45 28 42 25 45 
29 23 27 25 28 26 30 24 
29 36 30 36 30 35 29 35 
30 17 31 18 32 17 31 16 
32 28 36 32 37 31 33 27 
34 21 35 21 35 19 34 19 
34 23 32 25 33 26 35 24 
35 22 34 22 34 23 35 23 
35 39 37 39 37 37 35 37 
38 23 39 22 38 21 37 22 
38 27 40 27 40 25 38 25 
39 23 39 22 38 22 38 23 
40 13 38 15 40 17 42 15 
40 49 42 47 37 42 35 44 
41 17 42 17 42 15 41 15 
41 23 39 23 39 24 41 24 
41 44 42 43 35 36 34 37 
46 22 44 20 41 23 43 25 
48 17 46 17 46 22 48 22 
20 14 19 15 21 17 22 16 
