161
10 22 15 27 21 21 16 16 
10 25 15 25 15 22 10 22 
10 34 15 39 21 33 16 28 
11 29 15 33 19 29 15 25 
11 36 19 36 19 29 11 29 
12 29 16 33 20 29 16 25 
14 17 22 25 24 23 16 15 
14 39 15 40 16 39 15 38 
14 40 15 41 16 40 15 39 
14 41 15 41 15 40 14 40 
15 16 16 16 16 15 15 15 
15 28 15 33 16 33 16 28 
15 34 18 37 19 36 16 33 
15 37 15 38 18 38 18 37 
16 18 20 18 20 16 16 16 
16 27 16 25 15 25 15 27 
16 34 21 34 21 33 16 33 
17 21 23 27 24 26 18 20 
17 23 21 27 26 22 22 18 
17 33 24 40 25 39 18 32 
17 42 15 40 14 41 16 43 
17 43 16 43 16 45 17 45 
17 44 16 43 15 44 16 45 
18 19 18 20 28 20 28 19 
18 23 16 21 15 22 17 24 
18 24 18 23 17 23 17 24 
18 28 18 32 22 32 22 28 
18 40 18 39 16 39 16 40 
18 46 20 44 19 43 17 45 
19 40 18 40 18 43 19 43 
19 41 18 40 16 42 17 43 
20 41 24 37 23 36 19 40 
20 43 20 44 23 44 23 43 
21 16 18 19 27 28 30 25 
21 17 22 16 21 15 20 16 
21 25 20 25 20 27 21 27 
21 28 23 26 22 25 20 27 
21 30 23 32 25 30 23 28 
21 37 24 37 24 34 21 34 
21 41 25 41 25 39 21 39 
22 15 21 15 21 16 22 16 
22 33 16 27 15 28 21 34 
22 42 23 43 25 41 24 40 
22 45 23 44 21 42 20 43 
23 17 21 17 21 21 23 21 
23 23 23 26 24 26 24 23 
23 33 23 32 22 32 22 33 
23 45 24 45 24 44 23 44 
24 9 18 15 24 21 30 15 
24 28 26 30 28 28 26 26 
24 30 22 28 20 30 22 32 
24 39 26 41 35 32 33 30 
24 43 30 43 30 40 24 40 
25 9 24 9 24 15 25 15 
25 16 28 16 28 15 25 15 
25 18 25 16 22 16 22 18 
25 19 28 22 31 19 28 16 
25 26 25 30 26 30 26 26 
26 8 25 9 33 17 34 16 
26 21 26 22 28 22 28 21 
26 32 27 33 29 31 28 30 
26 33 26 39 27 39 27 33 
26 38 27 39 33 33 32 32 
26 42 28 42 28 41 26 41 
26 46 28 44 26 42 24 44 
26 47 30 43 28 41 24 45 
27 13 25 15 28 18 30 16 
27 16 31 20 32 19 28 15 
27 30 28 30 28 28 27 28 
27 31 27 30 26 30 26 31 
28 31 29 31 29 30 28 30 
28 37 29 36 26 33 25 34 
28 46 28 44 26 44 26 46 
29 19 28 20 32 24 33 23 
29 20 31 20 31 19 29 19 
29 22 30 21 29 20 28 21 
29 34 29 36 35 36 35 34 
29 39 30 40 42 28 41 27 
29 46 30 45 26 41 25 42 
30 18 30 16 28 16 28 18 
30 24 30 25 32 25 32 24 
30 29 29 30 34 35 35 34 
30 46 30 45 29 45 29 46 
31 28 32 28 32 27 31 27 
31 35 31 38 34 38 34 35 
32 39 35 36 34 35 31 38 
33 16 33 17 34 17 34 16 
33 18 36 21 37 20 34 17 
33 19 33 18 32 18 32 19 
33 22 32 23 43 34 44 33 
33 25 32 24 30 26 31 27 
33 26 32 27 38 33 39 32 
33 29 33 26 30 26 30 29 
33 37 38 37 38 33 33 33 
34 24 36 24 36 21 34 21 
34 50 44 40 40 36 30 46 
35 17 37 17 37 16 35 16 
35 18 35 17 34 17 34 18 
35 19 33 19 33 22 35 22 
35 23 33 23 33 25 35 25 
35 28 34 28 34 32 35 32 
35 29 43 21 42 20 34 28 
36 16 35 17 36 18 37 17 
36 17 37 16 36 15 35 16 
36 38 36 43 37 43 37 38 
36 41 35 40 31 44 32 45 
36 45 37 44 36 43 35 44 
37 35 40 38 43 35 40 32 
37 41 39 39 36 36 34 38 
38 30 42 30 42 28 38 28 
38 38 40 38 40 37 38 37 
39 19 35 23 36 24 40 20 
39 27 41 27 41 22 39 22 
39 36 40 36 40 32 39 32 
39 38 40 37 39 36 38 37 
39 41 40 41 40 39 39 39 
39 44 39 43 37 43 37 44 
40 17 37 17 37 20 40 20 
40 23 42 25 43 24 41 22 
41 28 42 27 36 21 35 22 
41 31 42 30 39 27 38 28 
42 23 42 20 40 20 40 23 
42 34 43 34 43 30 42 30 
42 37 41 38 44 41 45 40 
42 40 42 41 44 41 44 40 
42 43 43 44 45 42 44 41 
43 19 43 18 39 18 39 19 
43 22 43 24 44 24 44 22 
43 25 42 25 42 27 43 27 
44 21 40 17 39 18 43 22 
10 33 10 34 15 34 15 33 
14 38 14 39 15 39 15 38 
17 20 16 20 16 21 17 21 
18 47 26 47 26 46 18 46 
20 42 21 42 21 41 20 41 
21 29 20 29 20 30 21 30 
21 43 22 42 21 41 20 42 
22 44 23 45 24 44 23 43 
23 30 24 30 24 28 23 28 
24 13 22 15 25 18 27 16 
25 31 23 33 24 34 26 32 
25 32 26 32 26 31 25 31 
27 32 28 31 27 30 26 31 
28 32 28 31 27 31 27 32 
29 47 30 46 29 45 28 46 
32 37 32 32 28 32 28 37 
32 43 32 45 36 45 36 43 
33 27 32 28 33 29 34 28 
33 39 33 37 32 37 32 39 
34 20 35 19 34 18 33 19 
34 40 37 43 39 41 36 38 
34 44 35 44 35 40 34 40 
36 46 39 43 37 41 34 44 
37 42 39 44 42 41 40 39 
40 43 42 43 42 41 40 41 
44 19 43 19 43 21 44 21 
28 47 29 47 29 46 28 46 
31 50 34 50 34 44 31 44 
32 46 34 44 30 40 28 42 
32 49 29 46 28 47 31 50 
36 49 36 46 32 46 32 49 
