46
11 29 22 40 30 32 19 21 
15 17 15 20 16 20 16 17 
15 22 15 39 19 39 19 22 
16 23 20 23 20 20 16 20 
17 26 22 31 25 28 20 23 
17 38 23 44 27 40 21 34 
17 41 17 44 23 44 23 41 
18 40 16 38 15 39 17 41 
18 45 20 43 19 42 17 44 
20 21 22 19 18 15 16 17 
20 34 23 37 33 27 30 24 
20 40 21 40 21 34 20 34 
21 16 15 22 16 23 22 17 
22 36 22 40 27 40 27 36 
23 32 27 36 32 31 28 27 
24 23 24 28 25 28 25 23 
25 45 28 42 23 37 20 40 
26 26 32 32 41 23 35 17 
26 38 26 26 17 26 17 38 
26 41 41 41 41 38 26 38 
27 23 35 31 37 29 29 21 
27 24 30 27 34 23 31 20 
28 24 28 27 30 27 30 24 
28 36 37 45 41 41 32 32 
28 39 19 39 19 42 28 42 
30 31 30 32 32 32 32 31 
30 37 30 32 23 32 23 37 
30 49 39 40 30 31 21 40 
31 19 22 19 22 20 31 20 
32 34 32 35 42 35 42 34 
32 39 34 37 32 35 30 37 
34 32 41 32 41 23 34 23 
34 40 34 37 30 37 30 40 
36 32 35 31 34 32 35 33 
37 43 37 45 41 45 41 43 
38 42 35 39 34 40 37 43 
39 15 39 26 40 26 40 15 
42 17 42 15 41 15 41 17 
44 33 35 33 35 39 44 39 
14 25 28 39 30 37 16 23 
18 43 20 43 20 40 18 40 
27 49 30 49 30 40 27 40 
28 29 28 36 37 36 37 29 
31 28 30 27 28 29 29 30 
31 45 31 28 25 28 25 45 
34 25 42 17 40 15 32 23 
