142
11 23 16 28 21 23 16 18 
12 28 23 39 28 34 17 23 
12 34 16 34 16 28 12 28 
13 24 15 26 19 22 17 20 
13 26 15 26 15 24 13 24 
14 32 16 34 19 31 17 29 
14 38 16 40 17 39 15 37 
15 38 16 39 18 37 17 36 
16 36 16 39 17 39 17 36 
16 42 17 41 16 40 15 41 
16 45 20 41 19 40 15 44 
17 19 17 20 22 20 22 19 
17 26 15 26 15 29 17 29 
17 35 16 34 15 35 16 36 
17 37 18 38 19 37 18 36 
17 43 20 43 20 41 17 41 
18 17 16 17 16 18 18 18 
18 33 18 36 22 36 22 33 
19 14 18 15 22 19 23 18 
19 25 19 27 23 27 23 25 
19 30 19 31 20 31 20 30 
19 32 18 33 20 35 21 34 
19 34 21 34 21 32 19 32 
19 38 19 37 18 37 18 38 
19 41 17 43 19 45 21 43 
19 42 16 42 16 45 19 45 
19 44 20 45 21 44 20 43 
20 16 18 18 24 24 26 22 
20 24 21 24 21 23 20 23 
20 25 21 24 20 23 19 24 
20 28 22 30 25 27 23 25 
20 38 19 38 19 40 20 40 
20 44 21 44 21 43 20 43 
21 22 26 27 27 26 22 21 
21 28 19 30 20 31 22 29 
21 37 24 37 24 34 21 34 
21 41 22 40 21 39 20 40 
22 32 23 32 23 31 22 31 
22 39 23 39 23 36 22 36 
23 20 22 20 22 21 23 21 
23 29 22 29 22 30 23 30 
23 35 22 36 25 39 26 38 
23 40 25 38 24 37 22 39 
23 42 26 45 27 44 24 41 
23 45 23 42 22 42 22 45 
24 18 22 20 23 21 25 19 
24 21 27 21 27 18 24 18 
24 28 24 24 21 24 21 28 
24 31 23 30 22 31 23 32 
24 40 24 41 30 41 30 40 
24 46 25 45 24 44 23 45 
25 26 25 27 26 27 26 26 
25 32 25 36 27 36 27 32 
25 33 23 31 22 32 24 34 
26 19 25 20 27 22 28 21 
26 20 26 19 25 19 25 20 
26 24 29 27 31 25 28 22 
26 30 30 30 30 29 26 29 
26 35 23 32 22 33 25 36 
26 39 26 38 25 38 25 39 
27 24 27 22 26 22 26 24 
27 28 26 29 30 33 31 32 
27 31 27 28 24 28 24 31 
27 46 27 44 24 44 24 46 
28 18 29 18 29 17 28 17 
28 19 29 18 28 17 27 18 
28 28 30 30 31 29 29 27 
28 32 29 33 31 31 30 30 
28 37 31 34 30 33 27 36 
28 44 29 43 25 39 24 40 
29 19 28 18 26 20 27 21 
29 21 29 19 28 19 28 21 
29 34 30 34 30 33 29 33 
29 35 32 38 33 37 30 34 
29 36 29 43 35 43 35 36 
30 22 34 18 33 17 29 21 
30 25 30 22 28 22 28 25 
31 17 33 17 33 16 31 16 
31 21 31 17 30 17 30 21 
31 22 30 21 27 24 28 25 
31 24 31 25 32 25 32 24 
31 26 32 25 31 24 30 25 
31 33 31 34 32 34 32 33 
31 44 32 45 39 38 38 37 
32 26 32 27 35 27 35 26 
33 31 31 31 31 32 33 32 
33 34 35 36 41 30 39 28 
33 38 38 38 38 37 33 37 
33 39 33 38 32 38 32 39 
33 45 35 43 32 40 30 42 
34 21 35 20 31 16 30 17 
34 22 34 21 31 21 31 22 
34 32 33 31 31 33 32 34 
34 34 34 32 33 32 33 34 
34 39 33 39 33 45 34 45 
34 40 42 32 41 31 33 39 
35 23 32 26 42 36 45 33 
35 30 32 27 30 29 33 32 
36 20 39 23 40 22 37 19 
36 23 36 20 35 20 35 23 
36 37 35 36 33 38 34 39 
36 43 38 45 41 42 39 40 
37 16 37 19 38 19 38 16 
37 26 37 27 41 27 41 26 
37 29 39 31 40 30 38 28 
37 36 42 36 42 32 37 32 
38 21 38 24 42 24 42 21 
38 31 39 31 39 28 38 28 
38 43 38 45 39 45 39 43 
39 37 35 33 34 34 38 38 
39 39 38 40 42 44 43 43 
40 27 41 26 37 22 36 23 
40 31 41 31 41 30 40 30 
40 37 40 31 39 31 39 37 
41 28 43 28 43 27 41 27 
41 41 30 41 30 42 41 42 
42 20 43 19 39 15 38 16 
42 26 39 23 38 24 41 27 
42 30 42 31 45 31 45 30 
43 39 43 41 44 41 44 39 
44 29 42 31 43 32 45 30 
45 38 38 31 37 32 44 39 
11 20 11 23 17 23 17 20 
13 22 18 17 16 15 11 20 
14 37 14 38 15 38 15 37 
15 28 17 26 15 24 13 26 
21 14 19 14 19 22 21 22 
21 40 22 40 22 39 21 39 
24 19 23 20 24 21 25 20 
27 27 25 29 26 30 28 28 
28 35 29 35 29 34 28 34 
29 26 27 26 27 27 29 27 
30 26 31 26 31 25 30 25 
31 37 28 37 28 44 31 44 
31 50 38 43 34 39 27 46 
32 21 37 26 42 21 37 16 
35 29 37 29 37 27 35 27 
38 39 38 40 39 40 39 39 
42 25 42 26 45 26 45 25 
42 50 42 44 31 44 31 50 
20 37 19 38 21 40 22 39 
31 30 35 30 35 29 31 29 
