49
7 27 23 43 32 34 16 18 
14 33 15 34 17 32 16 31 
15 25 15 34 18 34 18 25 
15 39 21 39 21 36 15 36 
16 16 18 18 19 17 17 15 
16 21 16 24 27 24 27 21 
16 40 35 21 34 20 15 39 
17 16 24 16 24 15 17 15 
17 18 17 16 16 16 16 18 
17 22 18 22 18 18 17 18 
17 24 18 25 27 16 26 15 
18 45 32 45 32 34 18 34 
19 29 19 30 36 30 36 29 
20 28 16 24 15 25 19 29 
21 16 16 21 17 22 22 17 
21 34 30 43 41 32 32 23 
22 25 22 17 19 17 19 25 
23 25 23 35 27 35 27 25 
25 26 42 43 44 41 27 24 
26 14 24 16 36 28 38 26 
26 26 34 34 35 33 27 25 
26 34 27 35 42 20 41 19 
29 36 34 41 41 34 36 29 
30 37 23 37 23 43 30 43 
31 25 31 26 38 26 38 25 
32 15 32 18 45 18 45 15 
32 20 32 23 34 23 34 20 
34 29 31 26 21 36 24 39 
34 32 34 34 40 34 40 32 
34 37 43 28 31 16 22 25 
35 12 32 15 36 19 39 16 
35 36 45 36 45 33 35 33 
36 24 41 24 41 19 36 19 
36 27 36 28 39 28 39 27 
36 43 36 44 42 44 42 43 
38 12 35 12 35 21 38 21 
38 28 36 30 40 34 42 32 
39 22 39 16 31 16 31 22 
40 28 40 29 43 29 43 28 
41 37 40 38 42 40 43 39 
41 41 41 37 34 37 34 41 
42 25 41 25 41 32 42 32 
42 26 41 25 39 27 40 28 
43 26 42 25 39 28 40 29 
7 28 15 36 25 26 17 18 
10 26 18 34 26 26 18 18 
20 27 7 27 7 28 20 28 
25 20 25 26 26 26 26 20 
40 42 41 41 34 34 33 35 
