126
9 21 18 30 24 24 15 15 
9 22 16 22 16 21 9 21 
12 26 16 30 19 27 15 23 
12 30 16 30 16 26 12 26 
13 31 17 27 16 26 12 30 
13 42 15 44 19 40 17 38 
14 27 15 28 17 26 16 25 
15 25 16 25 16 23 15 23 
15 27 15 28 17 28 17 27 
15 32 17 34 19 32 17 30 
15 33 19 33 19 32 15 32 
15 40 15 43 19 43 19 40 
16 34 17 34 17 30 16 30 
16 35 21 40 22 39 17 34 
16 37 16 38 17 38 17 37 
17 22 17 26 21 26 21 22 
17 31 19 33 20 32 18 30 
18 19 21 22 23 20 20 17 
18 25 19 24 17 22 16 23 
18 38 17 37 16 38 17 39 
18 39 18 38 17 38 17 39 
19 28 18 29 20 31 21 30 
20 15 20 17 23 17 23 15 
20 23 19 23 19 24 20 24 
20 34 20 33 19 33 19 34 
20 44 25 39 24 38 19 43 
20 45 26 39 25 38 19 44 
21 24 22 23 21 22 20 23 
21 29 18 29 18 30 21 30 
21 31 20 31 20 32 21 32 
21 44 20 44 20 45 21 45 
22 16 23 17 24 16 23 15 
22 25 37 40 41 36 26 21 
22 32 20 34 21 35 23 33 
22 35 22 32 21 32 21 35 
23 21 26 21 26 20 23 20 
23 22 23 29 28 29 28 22 
23 34 21 32 20 33 22 35 
23 38 24 38 24 36 23 36 
24 17 28 17 28 16 24 16 
24 23 24 24 32 24 32 23 
24 26 21 29 26 34 29 31 
24 27 24 34 26 34 26 27 
24 39 25 39 25 38 24 38 
25 19 26 20 27 19 26 18 
25 26 33 26 33 25 25 25 
26 15 25 15 25 18 26 18 
26 30 29 27 23 21 20 24 
26 40 29 43 35 37 32 34 
26 41 27 42 30 39 29 38 
27 16 26 15 24 17 25 18 
27 28 28 29 33 24 32 23 
28 38 28 43 29 43 29 38 
29 16 29 22 36 22 36 16 
29 33 31 33 31 31 29 31 
29 41 31 39 26 34 24 36 
30 15 29 16 32 19 33 18 
30 20 34 20 34 15 30 15 
30 23 29 22 25 26 26 27 
30 26 31 27 33 25 32 24 
30 30 31 31 37 25 36 24 
30 34 26 34 26 37 30 37 
30 40 30 39 26 39 26 40 
30 46 32 44 29 41 27 43 
31 28 32 29 34 27 33 26 
31 32 32 33 36 29 35 28 
31 34 32 34 32 33 31 33 
31 38 40 29 39 28 30 37 
32 18 31 19 33 21 34 20 
32 32 31 31 30 32 31 33 
32 41 36 41 36 34 32 34 
32 42 32 44 34 44 34 42 
33 16 39 22 40 21 34 15 
33 19 33 18 32 18 32 19 
33 39 33 40 37 40 37 39 
33 43 34 44 35 43 34 42 
34 26 34 27 37 27 37 26 
34 28 34 27 31 27 31 28 
34 45 35 44 32 41 31 42 
35 24 35 28 36 28 36 24 
35 30 35 28 34 28 34 30 
35 33 35 37 39 37 39 33 
35 38 35 43 40 43 40 38 
35 45 35 44 34 44 34 45 
36 21 41 26 45 22 40 17 
36 32 40 28 39 27 35 31 
36 38 37 39 39 37 38 36 
37 28 39 28 39 27 37 27 
37 29 37 28 36 28 36 29 
37 33 36 32 35 33 36 34 
38 15 38 17 40 17 40 15 
38 31 38 36 41 36 41 31 
39 21 39 22 40 22 40 21 
39 23 40 22 39 21 38 22 
39 29 40 29 40 28 39 28 
40 45 42 45 42 43 40 43 
41 18 44 18 44 17 41 17 
41 25 45 21 44 20 40 24 
41 39 44 36 43 35 40 38 
41 40 42 41 44 39 43 38 
41 44 40 43 39 44 40 45 
43 36 44 36 44 35 43 35 
44 19 44 20 45 20 45 19 
44 40 44 39 41 39 41 40 
45 24 45 22 40 22 40 24 
51 26 45 20 37 28 43 34 
14 32 15 33 17 31 16 30 
18 18 18 19 25 19 25 18 
20 25 21 26 22 25 21 24 
21 41 26 41 26 40 21 40 
22 42 24 42 24 39 22 39 
24 35 26 37 31 32 29 30 
27 17 30 20 31 19 28 16 
30 27 29 27 29 30 30 30 
30 43 33 43 33 40 30 40 
37 18 37 25 41 25 41 18 
38 23 39 23 39 22 38 22 
39 40 39 44 41 44 41 40 
39 49 45 43 41 39 35 45 
41 38 43 38 43 36 41 36 
42 35 43 36 44 35 43 34 
44 41 41 38 39 40 42 43 
51 25 41 25 41 26 51 26 
23 35 24 35 24 34 23 34 
29 46 30 46 30 43 29 43 
20 40 24 36 23 35 19 39 
