111
8 32 15 39 23 31 16 24 
11 23 15 27 19 23 15 19 
13 31 15 33 17 31 15 29 
15 22 17 24 20 21 18 19 
15 26 17 28 18 27 16 25 
15 28 15 29 17 29 17 28 
15 34 15 39 18 39 18 34 
15 37 19 41 22 38 18 34 
16 19 16 24 17 24 17 19 
16 27 18 27 18 25 16 25 
18 31 22 35 23 34 19 30 
18 42 18 45 24 45 24 42 
19 21 20 21 20 16 19 16 
19 22 19 21 15 21 15 22 
19 31 21 31 21 30 19 30 
19 38 22 38 22 37 19 37 
19 39 18 39 18 41 19 41 
20 23 24 27 29 22 25 18 
20 30 21 31 24 28 23 27 
20 39 25 44 27 42 22 37 
20 44 20 41 19 41 19 44 
21 16 24 16 24 15 21 15 
21 23 21 21 20 21 20 23 
21 26 27 32 32 27 26 21 
21 42 22 43 28 37 27 36 
21 43 19 41 18 42 20 44 
22 18 20 16 17 19 19 21 
22 24 20 26 31 37 33 35 
22 31 22 34 23 34 23 31 
22 44 25 44 25 43 22 43 
23 14 21 16 22 17 24 15 
23 20 23 21 26 21 26 20 
23 23 26 20 24 18 21 21 
23 26 23 23 21 23 21 26 
23 28 24 28 24 27 23 27 
23 36 24 36 24 34 23 34 
23 45 25 43 24 42 22 44 
24 17 22 17 22 18 24 18 
24 21 29 26 35 20 30 15 
24 30 27 30 27 28 24 28 
25 28 26 29 27 28 26 27 
25 29 27 31 30 28 28 26 
26 33 26 29 25 29 25 33 
26 36 27 35 25 33 24 34 
26 37 26 36 24 36 24 37 
27 18 27 19 35 19 35 18 
27 34 28 35 32 31 31 30 
27 37 27 42 28 42 28 37 
27 39 33 33 30 30 24 36 
28 18 25 15 24 16 27 19 
28 22 28 26 29 26 29 22 
28 27 28 28 30 28 30 27 
28 34 27 34 27 35 28 35 
29 28 30 27 29 26 28 27 
29 34 33 34 33 33 29 33 
30 24 35 19 33 17 28 22 
30 29 30 30 31 30 31 29 
30 31 30 30 27 30 27 31 
31 24 31 15 30 15 30 24 
31 35 31 37 33 37 33 35 
31 41 31 45 33 45 33 41 
32 24 31 24 31 27 32 27 
32 44 33 45 38 40 37 39 
33 19 36 22 38 20 35 17 
34 32 37 29 34 26 31 29 
34 36 36 38 37 37 35 35 
34 39 37 39 37 37 34 37 
35 23 38 23 38 20 35 20 
35 28 34 28 34 32 35 32 
35 29 27 37 31 41 39 33 
35 33 35 35 36 35 36 33 
35 36 35 35 34 35 34 36 
36 26 39 26 39 22 36 22 
36 41 36 43 40 43 40 41 
37 16 35 18 39 22 41 20 
37 17 38 18 39 17 38 16 
37 19 38 19 38 18 37 18 
37 30 39 30 39 29 37 29 
37 32 39 34 41 32 39 30 
38 17 38 16 37 16 37 17 
38 25 35 28 36 29 39 26 
38 41 36 43 38 45 40 43 
39 18 39 19 45 19 45 18 
39 32 41 34 44 31 42 29 
41 30 39 30 39 32 41 32 
41 33 39 33 39 34 41 34 
41 36 39 34 34 39 36 41 
41 40 36 35 35 36 40 41 
42 23 42 29 44 29 44 23 
43 29 36 22 35 23 42 30 
44 38 44 35 36 35 36 38 
45 28 39 22 38 23 44 29 
45 31 45 29 44 29 44 31 
46 17 45 16 44 17 45 18 
46 22 46 17 44 17 44 22 
47 37 39 29 35 33 43 41 
47 41 47 37 43 37 43 41 
12 31 15 34 18 31 15 28 
15 36 18 39 19 38 16 35 
16 34 19 37 22 34 19 31 
18 43 19 44 21 42 20 41 
19 26 20 26 20 23 19 23 
21 36 21 41 23 41 23 36 
22 40 23 41 27 37 26 36 
29 41 28 42 31 45 32 44 
30 44 32 44 32 31 30 31 
33 36 34 37 35 36 34 35 
34 31 35 32 37 30 36 29 
36 40 36 38 22 38 22 40 
39 40 41 40 41 36 39 36 
20 38 19 39 21 41 22 40 
