114
11 38 15 42 24 33 20 29 
12 28 16 32 23 25 19 21 
14 36 17 39 18 38 15 35 
14 38 17 41 25 33 22 30 
15 30 22 30 22 23 15 23 
15 36 15 40 20 40 20 36 
16 15 15 15 15 16 16 16 
16 34 16 37 22 37 22 34 
17 18 15 20 20 25 22 23 
17 21 15 23 18 26 20 24 
17 32 19 32 19 21 17 21 
17 33 16 32 15 33 16 34 
17 35 17 33 15 33 15 35 
17 42 21 42 21 41 17 41 
18 25 20 25 20 24 18 24 
18 44 21 41 20 40 17 43 
19 26 25 32 26 31 20 25 
19 35 20 36 22 34 21 33 
19 39 19 35 17 35 17 39 
20 16 15 21 18 24 23 19 
20 26 23 26 23 25 20 25 
20 31 19 32 26 39 27 38 
20 35 15 40 17 42 22 37 
21 17 23 17 23 15 21 15 
21 18 21 17 17 17 17 18 
21 28 21 33 24 33 24 28 
22 38 26 42 28 40 24 36 
22 43 24 45 28 41 26 39 
24 19 26 21 27 20 25 18 
24 23 29 28 31 26 26 21 
24 25 23 26 24 27 25 26 
24 26 24 27 25 27 25 26 
24 35 25 35 25 33 24 33 
24 39 26 39 26 36 24 36 
25 25 28 28 29 27 26 24 
25 31 25 32 26 32 26 31 
26 19 26 21 28 21 28 19 
26 34 25 35 26 36 27 35 
26 35 27 35 27 34 26 34 
27 37 32 37 32 36 27 36 
27 43 27 38 22 38 22 43 
28 18 36 18 36 17 28 17 
28 22 33 22 33 21 28 21 
28 25 29 26 31 24 30 23 
28 27 28 28 29 28 29 27 
28 32 29 31 25 27 24 28 
28 35 27 34 26 35 27 36 
28 37 32 41 37 36 33 32 
29 15 27 17 28 18 30 16 
29 18 28 19 32 23 33 22 
29 24 29 26 31 26 31 24 
29 29 28 28 25 31 26 32 
29 35 34 35 34 31 29 31 
29 39 26 39 26 42 29 42 
30 10 23 17 28 22 35 15 
30 18 33 21 36 18 33 15 
30 25 32 25 32 23 30 23 
30 42 30 44 36 44 36 42 
30 46 40 36 37 33 27 43 
31 32 33 32 33 26 31 26 
31 36 32 37 34 35 33 34 
31 37 29 35 27 37 29 39 
32 33 30 33 30 34 32 34 
32 40 28 40 28 41 32 41 
33 30 34 31 38 27 37 26 
33 39 36 42 37 41 34 38 
34 22 33 22 33 24 34 24 
34 25 33 24 32 25 33 26 
34 36 34 38 37 38 37 36 
34 46 36 44 32 40 30 42 
35 19 37 19 37 15 35 15 
35 25 40 20 39 19 34 24 
35 28 38 28 38 27 35 27 
35 40 40 45 42 43 37 38 
36 28 35 29 41 35 42 34 
37 24 39 24 39 22 37 22 
38 23 39 24 40 23 39 22 
38 24 40 22 37 19 35 21 
38 33 40 33 40 28 38 28 
39 14 36 17 38 19 41 16 
39 21 43 21 43 19 39 19 
39 42 43 42 43 39 39 39 
39 43 40 44 44 40 43 39 
40 10 30 10 30 16 40 16 
40 18 40 20 41 20 41 18 
41 23 41 22 40 22 40 23 
42 32 33 32 33 34 42 34 
42 41 42 38 37 38 37 41 
43 33 40 33 40 36 43 36 
44 29 35 29 35 40 44 40 
44 32 43 31 42 32 43 33 
44 44 40 44 40 45 44 45 
47 25 43 21 41 23 45 27 
47 32 44 29 40 33 43 36 
47 45 47 32 45 32 45 45 
11 36 11 38 14 38 14 36 
14 29 15 30 19 26 18 25 
14 44 18 44 18 38 14 38 
15 43 17 43 17 42 15 42 
16 29 16 31 20 31 20 29 
18 46 30 46 30 44 18 44 
19 45 24 45 24 39 19 39 
23 23 24 23 24 19 23 19 
24 24 29 19 28 18 23 23 
25 22 25 25 28 25 28 22 
26 23 24 23 24 24 26 24 
26 29 30 33 31 32 27 28 
27 32 28 32 28 28 27 28 
35 24 34 24 34 25 35 25 
36 23 37 24 38 23 37 22 
47 23 41 23 41 25 47 25 
10 35 11 36 16 31 15 30 
17 45 18 46 19 45 18 44 
16 46 17 45 15 43 14 44 
