175
13 19 19 25 21 23 15 17 
13 32 20 39 22 37 15 30 
14 19 16 21 17 20 15 18 
14 32 14 19 13 19 13 32 
14 35 15 36 21 30 20 29 
15 20 17 20 17 18 15 18 
15 22 18 25 19 24 16 21 
15 25 18 25 18 22 15 22 
15 32 18 35 26 27 23 24 
15 40 23 40 23 38 15 38 
15 43 15 44 18 44 18 43 
16 32 16 34 20 34 20 32 
17 23 20 23 20 20 17 20 
17 26 17 35 18 35 18 26 
17 33 16 32 15 33 16 34 
17 43 18 44 20 42 19 41 
18 37 22 37 22 36 18 36 
19 17 20 16 19 15 18 16 
19 21 19 24 22 24 22 21 
19 26 20 26 20 25 19 25 
19 27 20 26 19 25 18 26 
19 31 20 32 23 29 22 28 
19 33 17 35 18 36 20 34 
19 44 18 44 18 45 19 45 
20 12 16 16 20 20 24 16 
20 30 20 29 15 29 15 30 
20 43 23 40 18 35 15 38 
21 15 19 15 19 17 21 17 
21 20 22 21 24 19 23 18 
21 31 25 31 25 30 21 30 
21 33 21 31 19 31 19 33 
21 43 22 44 23 43 22 42 
21 50 26 45 20 39 15 44 
22 12 20 12 20 16 22 16 
22 19 24 19 24 16 22 16 
22 33 23 34 24 33 23 32 
22 39 20 39 20 42 22 42 
22 43 22 44 23 44 23 43 
23 20 27 20 27 18 23 18 
23 25 25 23 24 22 22 24 
23 35 22 36 24 38 25 37 
24 14 22 16 31 25 33 23 
24 28 22 28 22 33 24 33 
24 31 25 30 20 25 19 26 
24 32 26 34 27 33 25 31 
24 36 24 37 25 37 25 36 
24 39 24 42 30 42 30 39 
24 40 25 41 28 38 27 37 
25 21 25 23 26 23 26 21 
25 33 27 33 27 32 25 32 
25 38 24 37 23 38 24 39 
25 40 28 40 28 38 25 38 
26 25 22 21 20 23 24 27 
26 35 25 36 29 40 30 39 
26 41 25 40 22 43 23 44 
26 44 26 45 27 45 27 44 
26 50 26 45 21 45 21 50 
27 22 26 23 31 28 32 27 
27 23 31 19 29 17 25 21 
27 25 31 25 31 23 27 23 
27 27 27 25 26 25 26 27 
27 29 37 39 41 35 31 25 
27 34 30 31 28 29 25 32 
27 35 27 34 26 34 26 35 
27 41 29 43 30 42 28 40 
27 42 29 44 31 42 29 40 
27 43 25 41 24 42 26 44 
27 49 22 44 21 45 26 50 
28 17 27 16 26 17 27 18 
28 19 27 20 29 22 30 21 
28 22 28 20 27 20 27 22 
28 27 27 27 27 29 28 29 
28 31 27 32 30 35 31 34 
28 34 32 38 33 37 29 33 
28 37 28 35 27 35 27 37 
28 43 29 43 29 40 28 40 
29 15 29 17 31 17 31 15 
29 19 29 17 28 17 28 19 
29 25 32 28 34 26 31 23 
29 31 29 29 28 29 28 31 
30 14 29 15 30 16 31 15 
30 20 30 21 33 21 33 20 
30 28 29 29 31 31 32 30 
30 33 30 31 29 31 29 33 
30 37 32 37 32 35 30 35 
30 49 30 45 27 45 27 49 
31 27 31 28 32 28 32 27 
31 29 31 28 30 28 30 29 
31 32 28 32 28 34 31 34 
31 36 30 35 29 36 30 37 
31 40 31 42 42 42 42 40 
32 17 31 17 31 19 32 19 
32 26 34 26 34 19 32 19 
32 31 33 30 31 28 30 29 
32 34 33 34 33 31 32 31 
32 41 34 39 33 38 31 40 
32 43 36 43 36 41 32 41 
32 44 32 43 29 43 29 44 
32 51 38 45 36 43 30 49 
33 18 32 19 33 20 34 19 
33 24 36 24 36 23 33 23 
33 43 35 45 39 41 37 39 
34 17 33 17 33 18 34 18 
34 22 36 24 37 23 35 21 
34 29 34 31 40 31 40 29 
34 33 32 31 31 32 33 34 
34 34 35 35 42 28 41 27 
34 37 34 34 33 34 33 37 
35 22 33 20 31 22 33 24 
35 26 33 28 34 29 36 27 
35 27 35 35 36 35 36 27 
35 44 35 45 38 45 38 44 
36 37 38 37 38 35 36 35 
36 39 36 37 34 37 34 39 
37 16 37 18 38 18 38 16 
37 17 38 18 39 17 38 16 
37 22 39 24 40 23 38 21 
37 25 39 25 39 24 37 24 
37 36 38 37 39 36 38 35 
37 38 37 36 35 36 35 38 
37 40 38 39 37 38 36 39 
38 20 39 21 43 17 42 16 
38 23 39 23 39 21 38 21 
38 24 39 25 40 24 39 23 
38 27 38 34 41 34 41 27 
38 31 39 32 40 31 39 30 
38 38 37 38 37 39 38 39 
39 15 39 16 40 16 40 15 
39 20 39 18 38 18 38 20 
39 28 33 28 33 30 39 30 
39 39 41 41 42 40 40 38 
39 43 41 43 41 41 39 41 
40 13 37 16 39 18 42 15 
40 17 42 17 42 16 40 16 
40 19 40 21 45 21 45 19 
40 28 42 28 42 25 40 25 
40 42 41 43 42 42 41 41 
40 43 37 40 36 41 39 44 
40 44 40 45 44 45 44 44 
41 20 40 19 39 20 40 21 
41 26 44 29 45 28 42 25 
42 20 43 20 43 17 42 17 
42 22 41 23 42 24 43 23 
42 23 41 23 41 24 42 24 
42 32 44 32 44 31 42 31 
42 35 45 32 44 31 41 34 
42 36 39 36 39 39 42 39 
43 40 44 40 44 36 43 36 
44 28 42 28 42 29 44 29 
44 34 45 34 45 32 44 32 
46 30 44 28 42 30 44 32 
47 32 44 29 42 31 45 34 
14 33 15 33 15 32 14 32 
17 44 18 45 19 44 18 43 
18 27 19 26 18 25 17 26 
21 35 22 35 22 33 21 33 
22 25 23 25 23 24 22 24 
25 25 27 27 29 25 27 23 
25 29 25 25 23 25 23 29 
26 37 26 41 27 41 27 37 
27 14 27 16 30 16 30 14 
27 31 29 29 27 27 25 29 
35 18 37 16 36 15 34 17 
35 32 39 28 38 27 34 31 
37 21 35 21 35 22 37 22 
39 45 40 44 39 43 38 44 
41 22 42 22 42 20 41 20 
42 34 41 34 41 35 42 35 
44 21 43 20 41 22 42 23 
46 34 44 32 42 34 44 36 
46 43 46 34 45 34 45 43 
14 42 15 43 22 36 21 35 
17 42 17 35 14 35 14 42 
35 17 34 18 37 21 38 20 
42 43 44 45 46 43 44 41 
