61
15 32 18 32 18 25 15 25 
16 22 16 43 27 43 27 22 
16 28 31 43 39 35 24 20 
16 39 17 40 25 32 24 31 
17 42 26 42 26 40 17 40 
18 28 19 29 20 28 19 27 
19 25 19 27 32 27 32 25 
19 31 24 31 24 30 19 30 
21 20 24 20 24 19 21 19 
21 28 27 22 24 19 18 25 
21 37 19 35 17 37 19 39 
23 29 36 29 36 23 23 23 
23 33 25 35 26 34 24 32 
24 22 23 23 32 32 33 31 
24 35 25 35 25 32 24 32 
24 39 24 35 19 35 19 39 
25 37 30 37 30 35 25 35 
25 38 28 41 34 35 31 32 
26 31 30 31 30 19 26 19 
26 32 26 34 31 34 31 32 
27 30 26 31 30 35 31 34 
28 17 26 19 28 21 30 19 
28 29 30 31 34 27 32 25 
29 21 29 17 28 17 28 21 
29 37 33 33 32 32 28 36 
29 39 25 35 22 38 26 42 
31 19 33 17 31 15 29 17 
31 40 36 40 36 34 31 34 
31 42 31 43 37 43 37 42 
32 20 33 20 33 17 32 17 
32 31 32 32 33 32 33 31 
32 39 37 44 39 42 34 37 
33 21 32 20 23 29 24 30 
33 24 33 21 29 21 29 24 
33 37 36 40 39 37 36 34 
34 21 36 23 37 22 35 20 
34 25 45 25 45 21 34 21 
34 32 34 35 38 35 38 32 
34 41 39 41 39 37 34 37 
35 15 35 20 40 20 40 15 
35 28 32 31 33 32 36 29 
35 41 37 43 38 42 36 40 
36 20 38 22 40 20 38 18 
36 31 38 29 34 25 32 27 
37 18 37 22 38 22 38 18 
38 31 38 29 36 29 36 31 
39 31 29 21 28 22 38 32 
39 45 39 42 38 42 38 45 
40 43 37 43 37 44 40 44 
42 28 42 20 40 20 40 28 
46 27 45 26 37 34 38 35 
12 37 17 42 24 35 19 30 
20 37 21 37 21 28 20 28 
22 37 22 38 25 38 25 37 
29 38 31 40 32 39 30 37 
30 25 34 21 33 20 29 24 
32 38 29 38 29 39 32 39 
12 21 12 37 17 37 17 21 
27 31 26 32 32 38 33 37 
30 46 35 41 32 38 27 43 
33 46 33 37 30 37 30 46 
