136
11 30 16 35 20 31 15 26 
11 31 18 31 18 30 11 30 
13 25 18 30 24 24 19 19 
13 27 19 33 23 29 17 23 
13 33 17 37 25 29 21 25 
13 39 18 44 24 38 19 33 
13 42 21 42 21 39 13 39 
14 41 17 44 23 38 20 35 
14 44 17 44 17 41 14 41 
15 23 15 26 17 26 17 23 
16 20 16 25 21 25 21 20 
16 27 16 25 13 25 13 27 
16 38 20 38 20 35 16 35 
16 40 17 41 20 38 19 37 
17 19 17 22 19 22 19 19 
17 29 23 29 23 26 17 26 
17 33 17 37 19 37 19 33 
17 45 18 45 18 44 17 44 
18 16 18 21 20 21 20 16 
18 23 19 22 18 21 17 22 
18 27 22 31 26 27 22 23 
19 17 18 16 16 18 17 19 
19 24 18 23 16 25 17 26 
19 34 20 33 18 31 17 32 
20 23 20 31 22 31 22 23 
20 32 20 33 25 33 25 32 
20 43 21 44 22 43 21 42 
21 22 22 21 21 20 20 21 
21 29 25 33 31 27 27 23 
22 14 21 15 30 24 31 23 
22 20 22 21 23 21 23 20 
22 37 24 37 24 35 22 35 
22 38 20 38 20 43 22 43 
23 16 22 17 30 25 31 24 
23 19 22 20 23 21 24 20 
23 24 24 24 24 21 23 21 
23 30 25 30 25 29 23 29 
23 34 22 35 23 36 24 35 
23 40 24 40 24 38 23 38 
23 41 24 40 22 38 21 39 
24 19 24 20 30 20 30 19 
24 25 30 25 30 24 24 24 
24 44 25 44 25 40 24 40 
25 34 26 35 31 30 30 29 
25 36 25 34 23 34 23 36 
25 45 28 42 27 41 24 44 
26 26 26 27 28 27 28 26 
26 34 26 35 31 35 31 34 
26 37 25 36 24 37 25 38 
27 22 27 23 31 23 31 22 
27 33 26 34 29 37 30 36 
27 37 27 41 29 41 29 37 
27 39 29 41 31 39 29 37 
28 33 28 28 27 28 27 33 
28 45 28 44 25 44 25 45 
29 14 22 14 22 17 29 17 
29 15 28 16 29 17 30 16 
30 28 33 28 33 25 30 25 
30 31 35 31 35 29 30 29 
30 35 31 36 32 35 31 34 
30 37 31 37 31 36 30 36 
30 39 30 41 31 41 31 39 
30 43 25 38 23 40 28 45 
31 11 26 16 30 20 35 15 
32 15 32 20 35 20 35 15 
32 22 32 23 35 23 35 22 
32 24 32 23 31 23 31 24 
32 38 36 42 37 41 33 37 
32 39 30 37 28 39 30 41 
32 42 31 41 28 44 29 45 
33 21 32 20 31 21 32 22 
33 40 35 40 35 37 33 37 
33 42 33 40 32 40 32 42 
34 19 31 22 32 23 35 20 
34 22 32 24 33 25 35 23 
34 23 37 26 38 25 35 22 
34 26 37 26 37 25 34 25 
34 29 36 31 37 30 35 28 
34 30 31 30 31 32 34 32 
34 35 39 35 39 32 34 32 
34 38 34 35 32 35 32 38 
34 45 39 45 39 38 34 38 
36 16 36 17 37 17 37 16 
36 19 36 17 34 17 34 19 
36 28 39 28 39 19 36 19 
36 30 35 29 34 30 35 31 
36 36 37 37 39 35 38 34 
36 41 37 41 37 37 36 37 
36 43 33 40 31 42 34 45 
37 18 41 18 41 17 37 17 
37 31 37 30 36 30 36 31 
37 42 36 42 36 43 37 43 
38 17 37 16 36 17 37 18 
38 20 43 25 44 24 39 19 
38 21 38 20 35 20 35 21 
38 23 38 25 42 25 42 23 
38 26 43 21 42 20 37 25 
38 31 39 32 41 30 40 29 
38 42 37 43 39 45 40 44 
38 44 40 44 40 42 38 42 
39 20 37 18 36 19 38 21 
39 34 36 37 40 41 43 38 
40 25 42 23 40 21 38 23 
40 28 38 26 36 28 38 30 
40 38 41 37 40 36 39 37 
40 39 39 38 36 41 37 42 
41 21 42 21 42 20 41 20 
41 26 38 26 38 30 41 30 
42 17 41 18 43 20 44 19 
42 29 43 29 43 25 42 25 
42 34 38 30 37 31 41 35 
42 35 42 38 43 38 43 35 
42 39 42 38 40 38 40 39 
43 15 43 19 44 19 44 15 
43 28 44 27 42 25 41 26 
44 18 42 16 41 17 43 19 
44 23 45 22 43 20 42 21 
45 16 42 16 42 17 45 17 
23 45 24 44 17 37 16 38 
27 29 35 37 36 36 28 28 
27 36 30 39 34 35 31 32 
28 47 33 42 30 39 25 44 
29 43 30 43 30 41 29 41 
29 47 29 45 28 45 28 47 
31 26 31 27 34 27 34 26 
31 45 32 45 32 42 31 42 
32 25 31 26 33 28 34 27 
33 11 31 11 31 21 33 21 
35 36 36 36 36 31 35 31 
37 34 38 34 38 31 37 31 
38 27 39 28 41 26 40 25 
39 29 40 29 40 28 39 28 
40 31 42 31 42 29 40 29 
40 37 42 35 39 32 37 34 
41 36 40 36 40 37 41 37 
29 28 31 26 30 25 28 27 
