134
10 35 15 40 20 35 15 30 
10 38 18 38 18 35 10 35 
11 30 15 34 24 25 20 21 
11 33 15 33 15 30 11 30 
11 35 17 41 28 30 22 24 
12 26 19 33 24 28 17 21 
12 28 17 33 28 22 23 17 
12 30 15 33 20 28 17 25 
15 17 15 20 22 20 22 17 
15 23 16 23 16 21 15 21 
15 37 17 37 17 34 15 34 
15 39 15 40 17 40 17 39 
16 38 17 37 16 36 15 37 
17 24 17 25 22 25 22 24 
17 28 17 33 19 33 19 28 
18 29 19 28 18 27 17 28 
18 36 19 37 22 34 21 33 
18 43 19 44 24 39 23 38 
19 16 19 19 20 19 20 16 
19 17 22 20 23 19 20 16 
19 18 20 19 22 17 21 16 
19 32 17 34 18 35 20 33 
19 35 20 35 20 33 19 33 
19 45 20 45 20 44 19 44 
20 23 22 25 29 18 27 16 
20 39 24 43 25 42 21 38 
20 42 24 42 24 39 20 39 
21 19 20 19 20 21 21 21 
21 22 21 33 23 33 23 22 
21 35 21 36 27 36 27 35 
21 41 18 38 17 39 20 42 
22 28 24 28 24 25 22 25 
22 41 26 41 26 34 22 34 
23 16 23 15 21 15 21 16 
23 23 29 29 31 27 25 21 
23 37 23 38 24 38 24 37 
23 43 24 44 25 43 24 42 
23 44 24 44 24 43 23 43 
24 16 23 16 23 17 24 17 
24 30 24 33 26 33 26 30 
24 32 26 34 28 32 26 30 
25 16 27 16 27 15 25 15 
25 39 29 43 31 41 27 37 
26 31 24 33 27 36 29 34 
26 42 26 43 27 43 27 42 
27 19 28 18 25 15 24 16 
27 27 30 27 30 25 27 25 
27 31 34 31 34 28 27 28 
27 40 26 41 27 42 28 41 
28 19 28 22 29 22 29 19 
28 23 30 25 31 24 29 22 
28 26 33 21 32 20 27 25 
28 27 35 34 37 32 30 25 
28 34 29 34 29 32 28 32 
28 37 36 37 36 36 28 36 
28 40 28 37 27 37 27 40 
28 43 27 42 26 43 27 44 
28 44 28 43 27 43 27 44 
29 35 31 33 30 32 28 34 
29 38 29 41 30 41 30 38 
29 44 38 44 38 43 29 43 
30 33 45 18 44 17 29 32 
31 16 31 18 41 18 41 16 
31 32 30 32 30 33 31 33 
31 34 31 41 32 41 32 34 
31 35 40 44 41 43 32 34 
31 37 29 35 28 36 30 38 
31 39 30 38 28 40 29 41 
32 19 32 20 33 20 33 19 
32 21 40 29 41 28 33 20 
32 23 33 23 33 21 32 21 
32 26 32 23 28 23 28 26 
32 35 31 34 28 37 29 38 
32 37 35 40 38 37 35 34 
32 40 33 41 37 37 36 36 
33 16 31 18 32 19 34 17 
33 24 30 27 34 31 37 28 
33 27 33 24 31 24 31 27 
33 40 33 41 35 41 35 40 
33 42 36 45 38 43 35 40 
34 20 36 20 36 17 34 17 
34 32 37 32 37 31 34 31 
34 42 37 45 38 44 35 41 
35 18 42 25 43 24 36 17 
35 21 36 20 35 19 34 20 
35 22 29 22 29 29 35 29 
35 33 37 35 39 33 37 31 
36 22 40 22 40 20 36 20 
37 21 37 19 35 19 35 21 
37 23 36 22 32 26 33 27 
37 25 34 28 35 29 38 26 
37 36 37 37 38 37 38 36 
38 25 38 26 42 26 42 25 
38 30 41 33 42 32 39 29 
38 45 41 42 36 37 33 40 
39 23 42 26 43 25 40 22 
39 34 39 33 35 33 35 34 
39 40 40 40 40 34 39 34 
40 23 39 23 39 29 40 29 
40 38 42 36 40 34 38 36 
41 13 37 17 40 20 44 16 
41 26 44 29 45 28 42 25 
41 29 41 33 44 33 44 29 
41 32 43 34 44 33 42 31 
41 41 41 42 42 42 42 41 
42 28 42 31 45 31 45 28 
42 44 40 44 40 45 42 45 
43 17 44 17 44 16 43 16 
43 22 43 24 44 24 44 22 
43 39 41 41 42 42 44 40 
43 44 44 44 44 40 43 40 
44 32 45 31 42 28 41 29 
46 34 44 32 38 38 40 40 
46 35 46 34 43 34 43 35 
12 25 12 26 17 26 17 25 
13 42 16 45 18 43 15 40 
16 42 19 45 20 44 17 41 
17 23 20 23 20 21 17 21 
18 17 15 20 16 21 19 18 
18 41 21 41 21 38 18 38 
19 38 17 40 18 41 20 39 
24 15 23 16 24 17 25 16 
26 39 28 37 27 36 25 38 
30 45 33 42 32 41 29 44 
31 45 31 41 30 41 30 45 
32 30 38 30 38 26 32 26 
32 42 33 42 33 41 32 41 
33 43 34 42 33 41 32 42 
13 45 16 45 16 42 13 42 
17 43 18 43 18 41 17 41 
30 46 31 45 29 43 28 44 
31 29 32 30 34 28 33 27 
12 44 13 45 16 42 15 41 
20 46 30 46 30 45 20 45 
