168
12 38 16 42 19 39 15 35 
12 39 15 39 15 38 12 38 
12 42 15 45 18 42 15 39 
12 43 15 43 15 42 12 42 
14 29 19 34 20 33 15 28 
14 33 17 33 17 29 14 29 
14 41 17 38 15 36 12 39 
15 20 16 21 17 20 16 19 
15 23 18 23 18 22 15 22 
15 33 16 34 17 33 16 32 
15 34 20 29 19 28 14 33 
15 44 15 45 17 45 17 44 
16 18 19 21 21 19 18 16 
16 25 19 25 19 21 16 21 
16 26 16 25 15 25 15 26 
16 28 19 28 19 26 16 26 
16 31 22 31 22 30 16 30 
16 35 16 34 15 34 15 35 
16 41 17 42 21 38 20 37 
16 45 17 44 16 43 15 44 
17 16 15 16 15 20 17 20 
17 24 18 23 16 21 15 22 
17 35 16 35 16 38 17 38 
17 41 16 41 16 42 17 42 
18 27 19 26 17 24 16 25 
18 29 20 29 20 27 18 27 
18 30 21 27 20 26 17 29 
18 32 18 35 23 35 23 32 
18 34 17 35 19 37 20 36 
18 44 16 42 15 43 17 45 
19 18 20 19 21 18 20 17 
19 19 19 18 16 18 16 19 
19 23 18 22 15 25 16 26 
19 36 19 37 20 37 20 36 
19 38 19 39 21 39 21 38 
20 18 20 19 21 19 21 18 
20 20 20 26 22 26 22 20 
20 24 22 26 23 25 21 23 
20 35 21 36 24 33 23 32 
21 24 21 27 24 27 24 24 
21 29 20 29 20 33 21 33 
22 16 22 17 24 17 24 16 
22 18 23 19 25 17 24 16 
22 25 27 20 26 19 21 24 
22 28 21 29 22 30 23 29 
22 29 23 30 25 28 24 27 
22 36 23 37 24 36 23 35 
22 37 22 36 21 36 21 37 
22 43 23 43 23 37 22 37 
22 44 22 43 20 43 20 44 
22 46 26 42 24 40 20 44 
23 23 23 19 21 19 21 23 
23 26 22 25 20 27 21 28 
23 28 22 28 22 29 23 29 
23 45 24 45 24 43 23 43 
24 29 23 29 23 30 24 30 
24 32 27 32 27 30 24 30 
24 35 25 35 25 33 24 33 
24 37 26 37 26 36 24 36 
24 41 24 40 20 40 20 41 
24 42 21 39 20 40 23 43 
25 26 27 28 29 26 27 24 
25 27 24 28 31 35 32 34 
25 36 24 37 25 38 26 37 
25 37 26 38 27 37 26 36 
25 42 26 42 26 38 25 38 
26 17 26 19 28 19 28 17 
26 23 26 24 27 24 27 23 
26 33 28 35 29 34 27 32 
26 35 31 40 36 35 31 30 
26 44 26 45 28 45 28 44 
27 11 22 16 28 22 33 17 
27 16 26 17 27 18 28 17 
27 25 32 25 32 24 27 24 
27 26 25 26 25 27 27 27 
27 34 27 37 29 37 29 34 
27 40 31 40 31 38 27 38 
27 44 25 42 24 43 26 45 
28 18 23 23 24 24 29 19 
28 24 27 23 26 24 27 25 
28 28 31 31 33 29 30 26 
28 30 31 30 31 28 28 28 
28 31 28 35 31 35 31 31 
28 43 32 43 32 42 28 42 
29 16 29 17 33 17 33 16 
29 20 30 19 29 18 28 19 
29 21 29 26 30 26 30 21 
29 22 32 25 33 24 30 21 
29 23 32 26 35 23 32 20 
29 35 28 36 29 37 30 36 
29 36 31 38 34 35 32 33 
30 18 29 18 29 19 30 19 
30 27 27 30 28 31 31 28 
30 33 32 33 32 27 30 27 
30 34 30 36 32 36 32 34 
30 38 29 39 32 42 33 41 
30 41 32 43 33 42 31 40 
31 21 32 21 32 20 31 20 
32 46 36 42 32 38 28 42 
32 49 39 42 35 38 28 45 
33 19 36 19 36 18 33 18 
33 22 39 28 42 25 36 19 
33 27 33 29 37 29 37 27 
33 35 34 35 34 31 33 31 
33 37 33 35 31 35 31 37 
33 43 34 43 34 42 33 42 
33 46 33 43 32 43 32 46 
34 18 33 19 38 24 39 23 
34 19 33 18 31 20 32 21 
34 36 33 35 32 36 33 37 
34 38 34 36 32 36 32 38 
34 50 40 44 34 38 28 44 
35 24 36 24 36 23 35 23 
35 25 37 27 38 26 36 24 
35 26 35 25 32 25 32 26 
35 31 37 33 39 31 37 29 
35 35 36 35 36 31 35 31 
36 26 38 26 38 24 36 24 
36 41 36 42 39 42 39 41 
37 17 36 18 42 24 43 23 
37 30 41 30 41 29 37 29 
37 32 38 31 37 30 36 31 
38 18 39 18 39 16 38 16 
38 22 41 22 41 19 38 19 
38 28 38 31 39 31 39 28 
38 43 42 43 42 39 38 39 
38 50 38 43 34 43 34 50 
39 17 40 18 42 16 41 15 
39 33 42 33 42 31 39 31 
39 38 41 40 42 39 40 37 
39 44 40 44 40 42 39 42 
40 15 40 18 41 18 41 15 
40 19 44 23 45 22 41 18 
41 25 42 26 43 25 42 24 
41 26 42 26 42 25 41 25 
41 28 43 30 45 28 43 26 
41 32 42 33 43 32 42 31 
42 23 42 24 43 24 43 23 
42 34 43 34 43 33 42 33 
42 35 43 34 42 33 41 34 
42 44 45 44 45 43 42 43 
43 28 43 26 42 26 42 28 
43 39 40 42 42 44 45 41 
43 41 45 41 45 39 43 39 
44 25 45 24 44 23 43 24 
45 23 44 23 44 24 45 24 
45 30 45 28 43 28 43 30 
47 41 45 39 43 41 45 43 
11 19 15 23 19 19 15 15 
13 44 15 42 14 41 12 43 
15 29 16 30 17 29 16 28 
15 32 16 32 16 31 15 31 
16 15 15 16 16 17 17 16 
20 15 16 15 16 17 20 17 
22 39 20 41 22 43 24 41 
22 49 32 49 32 46 22 46 
25 31 28 28 27 27 24 30 
26 32 25 31 24 32 25 33 
28 20 29 20 29 19 28 19 
29 40 27 42 28 43 30 41 
37 38 39 38 39 33 37 33 
38 37 37 38 38 39 39 38 
39 20 40 19 39 18 38 19 
40 35 40 37 42 37 42 35 
27 22 28 22 28 20 27 20 
28 21 27 22 28 23 29 22 
38 25 41 22 39 20 36 23 
39 26 38 25 33 30 34 31 
