177
13 22 15 24 18 21 16 19 
13 32 20 39 23 36 16 29 
13 36 15 36 15 32 13 32 
14 32 17 35 20 32 17 29 
15 19 17 21 20 18 18 16 
15 23 15 24 19 24 19 23 
15 37 21 43 23 41 17 35 
16 16 15 16 15 19 16 19 
16 24 17 25 19 23 18 22 
16 25 16 28 17 28 17 25 
16 33 17 33 17 29 16 29 
17 19 16 19 16 21 17 21 
17 22 18 22 18 21 17 21 
17 34 15 36 17 38 19 36 
17 44 19 42 17 40 15 42 
18 18 17 19 19 21 20 20 
18 19 20 21 21 20 19 18 
18 23 19 24 21 22 20 21 
18 26 17 25 15 27 16 28 
18 27 17 28 20 31 21 30 
18 34 19 34 19 27 18 27 
18 35 18 34 17 34 17 35 
19 16 18 16 18 18 19 18 
19 20 19 21 20 21 20 20 
19 26 22 26 22 25 19 25 
19 37 19 36 15 36 15 37 
19 43 21 43 21 42 19 42 
20 24 22 26 23 25 21 23 
20 28 22 28 22 27 20 27 
21 18 22 19 23 18 22 17 
21 21 21 22 22 22 22 21 
21 24 19 26 20 27 22 25 
21 28 20 27 15 32 16 33 
21 37 17 41 19 43 23 39 
21 45 24 45 24 43 21 43 
22 16 24 18 25 17 23 15 
22 18 22 17 21 17 21 18 
22 32 22 34 24 34 24 32 
22 36 24 34 22 32 20 34 
22 38 22 39 23 39 23 38 
23 16 23 15 22 15 22 16 
23 19 23 18 22 18 22 19 
23 23 21 23 21 24 23 24 
23 28 24 27 23 26 22 27 
23 33 25 33 25 28 23 28 
23 35 23 36 29 36 29 35 
23 40 17 40 17 41 23 41 
23 44 25 44 25 41 23 41 
24 20 23 19 21 21 22 22 
24 29 19 34 23 38 28 33 
24 39 23 38 22 39 23 40 
25 16 25 17 28 17 28 16 
25 21 24 22 29 27 30 26 
25 38 27 40 31 36 29 34 
25 49 29 45 25 41 21 45 
26 27 29 27 29 23 26 23 
26 30 22 26 20 28 24 32 
26 32 27 33 29 31 28 30 
26 33 26 40 27 40 27 33 
26 43 30 43 30 41 26 41 
27 14 25 16 28 19 30 17 
27 17 29 19 30 18 28 16 
27 19 31 23 35 19 31 15 
27 20 23 24 26 27 30 23 
27 21 29 23 31 21 29 19 
28 18 30 18 30 17 28 17 
28 20 28 19 27 19 27 20 
28 23 33 28 37 24 32 19 
28 28 26 28 26 30 28 30 
28 31 28 33 29 33 29 31 
28 43 29 42 27 40 26 41 
29 16 29 19 31 19 31 16 
29 28 30 28 30 27 29 27 
29 29 30 28 29 27 28 28 
29 30 26 27 25 28 28 31 
29 38 29 37 28 37 28 38 
29 39 30 38 29 37 28 38 
29 40 34 40 34 39 29 39 
29 44 25 44 25 45 29 45 
30 21 30 23 31 23 31 21 
30 24 30 26 34 26 34 24 
31 27 32 28 34 26 33 25 
31 28 31 29 32 29 32 28 
31 30 31 29 29 29 29 30 
31 34 28 31 26 33 29 36 
31 35 33 37 36 34 34 32 
31 38 33 38 33 37 31 37 
31 42 34 39 33 38 30 41 
31 46 32 45 30 43 29 44 
32 15 31 16 32 17 33 16 
32 31 33 30 32 29 31 30 
32 32 29 35 31 37 34 34 
32 34 34 34 34 32 32 32 
32 35 32 34 31 34 31 35 
32 38 34 40 35 39 33 37 
33 19 32 19 32 25 33 25 
33 26 32 25 30 27 31 28 
33 27 33 28 36 28 36 27 
33 45 36 45 36 38 33 38 
34 18 34 19 35 19 35 18 
35 20 35 29 41 29 41 20 
35 32 37 32 37 31 35 31 
35 37 36 37 36 34 35 34 
35 42 39 38 35 34 31 38 
35 43 35 42 31 42 31 43 
35 47 37 45 35 43 33 45 
36 21 38 21 38 19 36 19 
36 26 38 24 36 22 34 24 
36 36 35 37 36 38 37 37 
36 39 40 43 43 40 39 36 
37 16 41 16 41 15 37 15 
37 20 36 19 35 20 36 21 
37 22 38 23 39 22 38 21 
37 23 37 24 38 24 38 23 
37 35 42 40 43 39 38 34 
37 40 37 43 40 43 40 40 
37 44 37 45 41 45 41 44 
38 15 37 16 40 19 41 18 
38 22 39 23 44 18 43 17 
38 26 44 26 44 24 38 24 
38 30 36 28 35 29 37 31 
38 33 37 33 37 34 38 34 
39 20 40 21 41 20 40 19 
39 21 38 21 38 22 39 22 
39 27 35 31 37 33 41 29 
39 30 39 27 38 27 38 30 
39 32 39 36 43 36 43 32 
39 34 40 33 39 32 38 33 
39 40 42 37 39 34 36 37 
39 41 41 43 42 42 40 40 
40 22 39 22 39 23 40 23 
41 23 43 25 44 24 42 22 
41 37 41 40 42 40 42 37 
41 48 45 44 41 40 37 44 
42 17 42 22 43 22 43 17 
42 25 42 30 43 30 43 25 
42 36 45 33 44 32 41 35 
42 41 42 42 45 42 45 41 
42 43 41 44 42 45 43 44 
42 44 42 45 43 45 43 44 
42 46 43 45 42 44 41 45 
44 15 44 18 45 18 45 15 
44 31 45 30 44 29 43 30 
44 43 44 44 45 44 45 43 
45 34 45 33 40 33 40 34 
45 36 43 36 43 39 45 39 
46 33 44 31 43 32 45 34 
47 20 45 18 40 23 42 25 
16 41 16 44 17 44 17 41 
17 14 15 16 17 18 19 16 
20 16 21 17 22 16 21 15 
20 36 22 36 22 34 20 34 
22 41 21 42 23 44 24 43 
23 14 22 15 23 16 24 15 
24 49 25 49 25 45 24 45 
25 20 25 21 27 21 27 20 
25 24 29 28 30 27 26 23 
25 25 25 24 23 24 23 25 
25 27 26 28 30 24 29 23 
27 42 29 42 29 40 27 40 
30 46 31 46 31 43 30 43 
34 29 37 32 39 30 36 27 
34 31 34 29 32 29 32 31 
34 37 37 34 35 32 32 35 
35 41 37 43 39 41 37 39 
36 43 35 44 36 45 37 44 
41 31 44 31 44 29 41 29 
41 42 41 43 42 43 42 42 
41 46 42 46 42 45 41 45 
43 14 41 16 42 17 44 15 
20 26 22 28 25 25 23 23 
23 48 24 49 29 44 28 43 
31 48 41 48 41 46 31 46 
32 44 35 41 34 40 31 43 
17 48 23 48 23 44 17 44 
30 49 31 48 26 43 25 44 
31 47 33 45 32 44 30 46 
