122
10 29 17 36 22 31 15 24 
10 34 21 34 21 29 10 29 
11 29 20 38 29 29 20 20 
12 39 16 43 22 37 18 33 
14 30 16 32 21 27 19 25 
14 31 22 31 22 30 14 30 
15 19 15 20 17 20 17 19 
15 25 19 25 19 24 15 24 
15 26 16 27 19 24 18 23 
15 41 16 42 19 39 18 38 
15 42 15 43 16 43 16 42 
16 19 17 20 18 19 17 18 
16 28 21 28 21 27 16 27 
16 29 14 31 19 36 21 34 
16 36 16 38 17 38 17 36 
16 37 17 38 18 37 17 36 
17 22 20 22 20 20 17 20 
17 44 18 45 20 43 19 42 
18 20 19 19 18 18 17 19 
18 32 19 33 22 30 21 29 
18 36 19 36 19 33 18 33 
19 15 19 19 21 19 21 15 
19 26 31 26 31 25 19 25 
19 44 20 44 20 43 19 43 
19 45 20 44 19 43 18 44 
20 37 18 37 18 38 20 38 
21 37 21 40 22 40 22 37 
22 18 21 19 23 21 24 20 
22 19 24 19 24 18 22 18 
22 20 22 19 21 19 21 20 
22 24 23 24 23 21 22 21 
22 25 25 28 26 27 23 24 
22 35 20 37 23 40 25 38 
22 42 23 42 23 40 22 40 
23 17 24 18 25 17 24 16 
23 20 22 19 21 20 22 21 
23 22 29 28 31 26 25 20 
23 30 23 38 25 38 25 30 
23 34 29 40 30 39 24 33 
24 22 24 28 25 28 25 22 
25 19 24 19 24 20 25 20 
25 21 31 21 31 20 25 20 
25 23 26 22 25 21 24 22 
25 29 29 29 29 28 25 28 
25 40 23 38 21 40 23 42 
25 41 25 42 26 42 26 41 
25 45 28 42 25 39 22 42 
26 19 31 24 32 23 27 18 
26 35 29 35 29 34 26 34 
27 22 27 19 26 19 26 22 
27 30 27 32 34 32 34 30 
27 33 29 35 34 30 32 28 
27 38 33 38 33 33 27 33 
27 39 27 38 25 38 25 39 
28 40 27 39 25 41 26 42 
29 18 25 22 27 24 31 20 
29 21 36 28 38 26 31 19 
29 27 34 32 36 30 31 25 
30 35 30 39 34 39 34 35 
30 41 29 42 31 44 32 43 
30 44 31 44 31 41 30 41 
31 16 31 19 32 19 32 16 
31 22 27 22 27 24 31 24 
32 22 25 29 38 42 45 35 
32 35 34 33 29 28 27 30 
32 39 33 40 34 39 33 38 
32 45 35 45 35 43 32 43 
32 46 35 43 34 42 31 45 
33 26 31 24 25 30 27 32 
33 42 33 40 29 40 29 42 
34 22 34 19 32 19 32 22 
34 28 36 28 36 22 34 22 
34 36 35 35 33 33 32 34 
34 40 34 42 38 42 38 40 
34 44 34 42 33 42 33 44 
35 17 35 19 39 19 39 17 
35 34 34 35 44 45 45 44 
36 16 35 17 38 20 39 19 
36 27 29 34 30 35 37 28 
36 34 37 35 39 33 38 32 
36 35 36 34 35 34 35 35 
36 47 44 39 41 36 33 44 
37 23 39 21 38 20 36 22 
37 27 37 28 43 28 43 27 
37 32 38 32 38 30 37 30 
37 33 37 32 34 32 34 33 
37 34 39 36 45 30 43 28 
37 38 45 38 45 35 37 35 
38 16 35 19 36 20 39 17 
38 41 43 36 40 33 35 38 
38 45 44 45 44 42 38 42 
39 22 41 24 42 23 40 21 
39 23 42 23 42 22 39 22 
39 24 39 33 40 33 40 24 
39 34 39 33 37 33 37 34 
40 19 39 19 39 21 40 21 
40 32 41 33 45 29 44 28 
40 36 41 36 41 33 40 33 
40 38 38 40 42 44 44 42 
41 16 43 18 44 17 42 15 
41 18 43 18 43 17 41 17 
41 21 39 23 40 24 42 22 
41 26 41 29 45 29 45 26 
43 21 43 23 45 23 45 21 
44 30 44 28 43 28 43 30 
45 32 43 30 42 31 44 33 
15 22 19 26 21 24 17 20 
21 23 22 24 24 22 23 21 
23 45 25 45 25 42 23 42 
25 32 27 30 25 28 23 30 
31 46 32 46 32 45 31 45 
36 23 40 19 36 15 32 19 
38 15 36 15 36 16 38 16 
44 32 45 32 45 30 44 30 
48 36 44 32 40 36 44 40 
30 45 31 46 32 45 31 44 
35 12 31 16 34 19 38 15 
29 46 30 45 26 41 25 42 
28 46 29 46 29 42 28 42 
29 47 31 45 30 44 28 46 
31 47 31 46 29 46 29 47 
28 50 31 47 26 42 23 45 
