81
8 24 12 28 21 19 17 15 
11 19 13 21 15 19 13 17 
12 29 15 32 23 24 20 21 
12 32 13 32 13 29 12 29 
13 23 16 26 18 24 15 21 
13 31 12 32 13 33 14 32 
13 34 16 34 16 33 13 33 
14 20 14 17 13 17 13 20 
14 24 14 32 15 32 15 24 
14 29 17 26 15 24 12 27 
15 13 15 19 21 19 21 13 
15 23 15 21 13 21 13 23 
15 35 19 35 19 32 15 32 
15 36 17 34 16 33 14 35 
16 20 16 26 17 26 17 20 
16 32 17 33 22 28 21 27 
17 17 22 22 26 18 21 13 
17 27 12 27 12 28 17 28 
18 20 15 23 25 33 28 30 
18 31 19 32 20 31 19 30 
18 33 23 38 24 37 19 32 
18 34 18 33 17 33 17 34 
19 38 19 36 15 36 15 38 
20 27 20 31 21 31 21 27 
21 21 28 21 28 19 21 19 
21 26 21 21 20 21 20 26 
21 32 25 32 25 31 21 31 
21 35 20 36 22 38 23 37 
21 38 35 24 33 22 19 36 
22 18 22 22 26 22 26 18 
22 29 22 28 17 28 17 29 
22 32 21 31 18 34 19 35 
22 35 21 35 21 38 22 38 
23 20 18 20 18 24 23 24 
23 25 29 25 29 24 23 24 
23 33 23 37 24 37 24 33 
24 30 26 30 26 23 24 23 
25 18 23 20 26 23 28 21 
25 29 26 30 30 26 29 25 
26 12 26 15 29 15 29 12 
26 17 26 15 17 15 17 17 
26 21 29 24 31 22 28 19 
26 32 28 32 28 30 26 30 
26 33 26 32 25 32 25 33 
26 34 29 37 31 35 28 32 
26 38 34 38 34 34 26 34 
27 7 22 12 28 18 33 13 
27 22 27 23 31 23 31 22 
28 16 29 15 26 12 25 13 
29 23 31 25 33 23 31 21 
29 35 31 35 31 25 29 25 
30 18 26 22 27 23 31 19 
30 30 34 34 37 31 33 27 
31 15 31 16 35 16 35 15 
32 18 33 18 33 13 32 13 
32 26 32 18 30 18 30 26 
33 12 32 13 35 16 36 15 
33 24 35 24 35 23 33 23 
34 14 35 15 36 14 35 13 
35 30 35 31 37 31 37 30 
36 12 34 12 34 14 36 14 
36 21 36 19 31 19 31 21 
38 19 35 16 33 18 36 21 
38 20 25 20 25 29 38 29 
38 31 37 31 37 38 38 38 
39 30 38 29 37 30 38 31 
39 34 35 30 32 33 36 37 
11 36 12 37 14 35 13 34 
12 34 14 36 15 35 13 33 
13 37 13 34 12 34 12 37 
14 30 17 27 16 26 13 29 
17 35 18 34 17 33 16 34 
21 30 24 33 25 32 22 29 
22 34 26 38 27 37 23 33 
23 22 24 23 26 21 25 20 
27 35 27 37 29 37 29 35 
28 14 12 14 12 16 28 16 
30 27 30 30 33 30 33 27 
36 27 33 24 30 27 33 30 
37 27 37 21 36 21 36 27 
11 35 11 36 14 36 14 35 
