83
11 22 13 24 18 19 16 17 
11 29 14 29 14 22 11 22 
12 24 13 24 13 18 12 18 
12 28 14 30 18 26 16 24 
12 37 13 38 17 34 16 33 
13 26 16 26 16 24 13 24 
14 13 14 15 20 15 20 13 
14 18 18 14 16 12 12 16 
14 33 14 34 16 34 16 33 
15 14 15 19 18 19 18 14 
15 28 13 26 12 27 14 29 
15 33 16 34 20 30 19 29 
15 35 18 38 19 37 16 34 
16 11 14 13 15 14 17 12 
16 18 21 18 21 17 16 17 
16 21 16 18 14 18 14 21 
16 27 18 27 18 26 16 26 
16 36 17 36 17 34 16 34 
16 37 16 38 18 38 18 37 
17 11 16 11 16 12 17 12 
17 20 23 20 23 12 17 12 
17 38 18 37 17 36 16 37 
18 17 20 19 21 18 19 16 
18 21 20 21 20 19 18 19 
18 25 27 34 28 33 19 24 
18 29 19 29 19 27 18 27 
18 30 18 29 14 29 14 30 
18 36 20 36 20 30 18 30 
19 34 23 34 23 32 19 32 
20 38 20 37 19 37 19 38 
21 22 23 20 22 19 20 21 
21 35 25 35 25 27 21 27 
22 13 29 20 30 19 23 12 
22 23 30 23 30 19 22 19 
22 33 23 34 24 33 23 32 
22 35 25 38 26 37 23 34 
22 38 23 37 21 35 20 36 
23 33 25 35 29 31 27 29 
24 13 24 17 27 17 27 13 
24 25 27 22 26 21 23 24 
24 26 25 27 36 16 35 15 
24 31 24 33 28 33 28 31 
25 24 25 20 23 20 23 24 
26 22 26 29 27 29 27 22 
26 34 23 34 23 37 26 37 
28 18 34 24 38 20 32 14 
28 26 28 25 24 25 24 26 
28 29 27 30 28 31 29 30 
28 30 28 29 27 29 27 30 
30 28 33 31 37 27 34 24 
30 35 32 35 32 34 30 34 
30 38 30 35 25 35 25 38 
31 12 31 13 33 13 33 12 
31 14 31 16 32 16 32 14 
31 17 32 16 28 12 27 13 
31 24 34 24 34 17 31 17 
31 31 31 32 33 32 33 31 
32 15 31 16 33 18 34 17 
32 19 36 19 36 16 32 16 
32 26 32 23 30 23 30 26 
32 38 33 38 33 35 32 35 
35 20 29 20 29 30 35 30 
35 21 31 17 26 22 30 26 
35 34 37 32 35 30 33 32 
37 20 37 27 38 27 38 20 
37 29 32 34 33 35 38 30 
38 34 38 30 35 30 35 34 
11 31 14 34 15 33 12 30 
15 27 12 27 12 28 15 28 
16 22 21 27 26 22 21 17 
18 22 18 21 16 21 16 22 
19 21 16 18 15 19 18 22 
19 28 23 24 22 23 18 27 
19 30 20 29 19 28 18 29 
21 25 21 22 18 22 18 25 
22 30 24 28 21 25 19 27 
26 44 32 38 26 32 20 38 
28 28 30 28 30 26 28 26 
29 26 31 24 30 23 28 25 
30 30 32 28 30 26 28 28 
34 21 35 20 33 18 32 19 
37 44 37 37 26 37 26 44 
13 23 12 24 15 27 16 26 
