97
7 17 12 22 17 17 12 12 
7 18 12 23 18 17 13 12 
12 18 12 22 15 22 15 18 
12 25 13 26 16 23 15 22 
12 32 16 36 17 35 13 31 
13 15 13 12 12 12 12 15 
13 27 13 31 21 31 21 27 
13 30 16 33 20 29 17 26 
13 33 13 32 12 32 12 33 
13 36 14 37 17 34 16 33 
13 37 14 37 14 36 13 36 
14 16 12 18 16 22 18 20 
14 28 20 34 23 31 17 25 
14 33 18 37 21 34 17 30 
14 38 18 38 18 37 14 37 
15 23 16 23 16 22 15 22 
15 25 15 23 12 23 12 25 
15 30 17 30 17 26 15 26 
15 37 14 36 13 37 14 38 
16 13 19 16 20 15 17 12 
16 21 18 21 18 20 16 20 
16 24 15 23 14 24 15 25 
16 28 14 28 14 33 16 33 
17 15 20 15 20 12 17 12 
17 19 17 25 22 25 22 19 
17 32 17 34 20 34 20 32 
18 16 21 13 20 12 17 15 
18 22 19 22 19 21 18 21 
19 17 19 16 18 16 18 17 
19 20 18 21 19 22 20 21 
19 25 16 28 18 30 21 27 
20 17 19 17 19 20 20 20 
20 18 23 15 22 14 19 17 
20 22 21 21 20 20 19 21 
20 24 20 23 16 23 16 24 
20 26 20 29 23 29 23 26 
20 30 21 31 23 29 22 28 
20 36 21 36 21 34 20 34 
21 15 21 21 23 21 23 15 
21 23 27 29 29 27 23 21 
22 18 24 18 24 14 22 14 
22 27 24 29 25 28 23 26 
22 34 25 34 25 28 22 28 
23 24 21 22 20 23 22 25 
23 33 21 31 20 32 22 34 
23 34 24 35 25 34 24 33 
24 24 24 21 23 21 23 24 
24 27 28 27 28 24 24 24 
24 31 23 31 23 33 24 33 
24 38 25 38 25 35 24 35 
25 25 26 26 28 24 27 23 
25 30 24 29 23 30 24 31 
26 23 26 26 27 26 27 23 
26 29 31 34 33 32 28 27 
27 14 22 19 24 21 29 16 
27 20 28 20 28 14 27 14 
27 32 27 29 26 29 26 32 
28 23 29 24 31 22 30 21 
29 21 29 24 30 24 30 21 
29 26 29 27 30 27 30 26 
30 29 32 29 32 27 30 27 
31 15 33 17 35 15 33 13 
31 26 31 31 33 31 33 26 
31 28 32 27 31 26 30 27 
31 36 37 36 37 34 31 34 
31 45 38 38 31 31 24 38 
32 15 32 13 31 13 31 15 
32 21 38 21 38 19 32 19 
32 22 32 21 31 21 31 22 
32 26 30 24 24 30 26 32 
33 16 37 20 38 19 34 15 
33 20 28 20 28 23 33 23 
33 29 36 26 33 23 30 26 
34 13 35 13 35 12 34 12 
34 19 33 18 32 19 33 20 
34 23 35 22 33 20 32 21 
34 25 34 23 33 23 33 25 
37 21 33 17 29 21 33 25 
38 32 38 31 33 31 33 32 
38 35 37 34 36 35 37 36 
39 30 34 25 33 26 38 31 
13 17 17 17 17 15 13 15 
13 34 14 33 13 32 12 33 
13 35 17 35 17 34 13 34 
18 29 18 30 20 30 20 29 
19 23 20 24 21 23 20 22 
21 37 23 35 22 34 20 36 
28 21 33 16 32 15 27 20 
29 17 33 17 33 16 29 16 
30 16 31 15 29 13 28 14 
31 24 28 21 26 23 29 26 
31 37 31 36 21 36 21 37 
33 15 34 15 34 13 33 13 
36 38 38 38 38 35 36 35 
38 36 33 31 31 33 36 38 
39 22 35 22 35 30 39 30 
26 18 28 20 33 15 31 13 
