125
9 27 13 31 17 27 13 23 
11 19 19 27 22 24 14 16 
11 24 14 27 19 22 16 19 
12 19 13 20 15 18 14 17 
12 21 15 24 16 23 13 20 
12 24 15 24 15 21 12 21 
12 29 17 34 19 32 14 27 
12 36 15 36 15 35 12 35 
13 13 12 13 12 14 13 14 
13 15 14 14 13 13 12 14 
13 22 13 23 16 23 16 22 
13 34 18 29 17 28 12 33 
14 11 12 13 13 14 15 12 
14 15 14 14 13 14 13 15 
14 19 16 19 16 17 14 17 
14 31 15 31 15 27 14 27 
14 34 14 31 13 31 13 34 
14 36 15 37 16 36 15 35 
14 37 15 36 13 34 12 35 
15 34 17 34 17 31 15 31 
16 30 15 31 16 32 17 31 
16 37 16 36 15 36 15 37 
17 15 20 18 22 16 19 13 
17 16 17 15 14 15 14 16 
17 18 18 17 17 16 16 17 
17 19 20 19 20 18 17 18 
17 21 17 19 16 19 16 21 
17 26 17 27 19 27 19 26 
17 29 20 32 22 30 19 27 
18 16 18 17 22 17 22 16 
18 22 21 19 20 18 17 21 
18 24 16 22 13 25 15 27 
18 28 17 28 17 29 18 29 
18 32 19 32 19 29 18 29 
19 14 22 17 23 16 20 13 
19 24 19 22 18 22 18 24 
20 11 17 14 23 20 26 17 
20 14 20 13 19 13 19 14 
20 22 21 22 21 21 20 21 
20 26 20 29 23 29 23 26 
20 27 24 23 23 22 19 26 
20 34 27 34 27 32 20 32 
20 35 20 34 17 34 17 35 
21 12 21 13 23 13 23 12 
21 20 23 18 22 17 20 19 
21 23 16 23 16 30 21 30 
21 34 20 35 22 37 23 36 
21 35 25 31 24 30 20 34 
22 18 22 20 23 20 23 18 
22 21 21 20 20 21 21 22 
22 23 24 23 24 21 22 21 
22 27 19 24 17 26 20 29 
22 31 24 31 24 30 22 30 
22 33 25 36 27 34 24 31 
23 15 25 15 25 13 23 13 
23 24 23 25 25 25 25 24 
23 41 26 38 20 32 17 35 
24 19 26 19 26 17 24 17 
24 24 25 23 22 20 21 21 
24 25 23 26 25 28 26 27 
24 26 25 25 24 24 23 25 
24 28 25 29 34 20 33 19 
24 29 25 29 25 28 24 28 
24 36 25 36 25 31 24 31 
24 38 24 36 23 36 23 38 
25 10 23 12 26 15 28 13 
25 30 26 29 25 28 24 29 
25 40 27 38 25 36 23 38 
26 28 26 29 27 29 27 28 
26 36 25 36 25 38 26 38 
27 14 27 18 31 18 31 14 
27 15 31 19 34 16 30 12 
27 20 23 20 23 22 27 22 
27 26 31 26 31 24 27 24 
27 31 28 31 28 29 27 29 
27 33 28 34 30 32 29 31 
27 36 28 36 28 34 27 34 
28 19 28 20 31 20 31 19 
28 21 27 20 26 21 27 22 
28 30 27 29 26 30 27 31 
29 24 27 26 28 27 30 25 
29 28 28 27 27 28 28 29 
29 30 29 31 34 31 34 30 
30 17 29 16 27 18 28 19 
30 20 28 22 32 26 34 24 
30 33 38 33 38 32 30 32 
31 32 29 30 28 31 30 33 
31 35 35 31 34 30 30 34 
32 16 34 16 34 15 32 15 
32 18 32 23 37 23 37 18 
32 25 32 26 37 26 37 25 
32 28 33 29 34 28 33 27 
32 34 32 35 34 35 34 34 
33 13 37 17 38 16 34 12 
33 22 28 22 28 27 33 27 
33 24 32 23 31 24 32 25 
33 28 33 29 34 29 34 28 
34 11 33 12 36 15 37 14 
34 13 34 12 33 12 33 13 
34 19 33 19 33 20 34 20 
34 22 36 24 37 23 35 21 
34 27 32 25 31 26 33 28 
35 20 37 18 36 17 34 19 
35 30 38 27 37 26 34 29 
36 22 34 22 34 24 36 24 
36 25 38 23 35 20 33 22 
36 33 34 35 36 37 38 35 
37 15 36 15 36 17 37 17 
37 35 34 35 34 38 37 38 
39 33 38 32 36 34 37 35 
39 35 39 33 38 33 38 35 
11 14 11 19 12 19 12 14 
11 29 12 29 12 24 11 24 
20 16 22 18 25 15 23 13 
20 20 21 20 21 19 20 19 
23 11 21 13 23 15 25 13 
23 28 21 30 22 31 24 29 
24 40 25 40 25 38 24 38 
25 33 28 36 30 34 27 31 
29 38 32 35 30 33 27 36 
31 28 32 28 32 26 31 26 
32 17 31 18 33 20 34 19 
34 21 35 21 35 20 34 20 
30 16 30 17 32 17 32 16 
29 15 30 16 33 13 32 12 
