157
11 19 13 21 14 20 12 18 
11 24 12 25 15 22 14 21 
11 26 14 29 15 28 12 25 
11 27 12 28 15 25 14 24 
11 31 16 36 17 35 12 30 
11 33 12 34 15 31 14 30 
11 35 14 38 15 37 12 34 
12 23 12 25 15 25 15 23 
12 29 12 30 14 30 14 29 
13 11 12 12 16 16 17 15 
13 16 13 20 14 20 14 16 
13 17 15 19 16 18 14 16 
13 24 14 24 14 21 13 21 
13 26 13 24 11 24 11 26 
13 32 13 34 17 34 17 32 
13 38 13 34 12 34 12 38 
14 15 15 14 14 13 13 14 
14 31 15 31 15 30 14 30 
14 33 14 31 11 31 11 33 
15 11 13 11 13 14 15 14 
15 15 17 15 17 14 15 14 
15 18 15 19 16 19 16 18 
15 21 16 21 16 20 15 20 
15 26 15 28 18 28 18 26 
15 32 14 31 13 32 14 33 
15 34 18 37 20 35 17 32 
16 17 14 15 13 16 15 18 
16 23 17 24 18 23 17 22 
16 24 18 26 19 25 17 23 
16 37 16 36 15 36 15 37 
17 17 20 17 20 15 17 15 
17 19 16 20 28 32 29 31 
17 20 16 19 15 20 16 21 
17 26 21 30 25 26 21 22 
17 27 18 28 19 27 18 26 
17 28 19 26 17 24 15 26 
18 20 18 21 21 21 21 20 
18 22 17 22 17 23 18 23 
18 32 20 30 18 28 16 30 
18 35 18 34 17 34 17 35 
18 38 18 37 16 37 16 38 
18 44 24 38 18 32 12 38 
19 12 19 13 20 13 20 12 
19 14 20 13 19 12 18 13 
19 16 20 17 21 16 20 15 
19 31 22 31 22 27 19 27 
19 32 17 34 18 35 20 33 
19 35 19 37 20 37 20 35 
19 44 19 38 18 38 18 44 
20 14 21 13 20 12 19 13 
20 16 21 17 25 13 24 12 
20 19 21 19 21 17 20 17 
20 29 20 30 21 30 21 29 
20 31 21 32 22 31 21 30 
20 38 24 34 23 33 19 37 
21 14 21 13 20 13 20 14 
21 26 22 27 28 21 27 20 
21 33 23 33 23 32 21 32 
22 13 24 13 24 12 22 12 
22 17 20 19 21 20 23 18 
22 20 26 16 25 15 21 19 
22 25 26 25 26 20 22 20 
22 28 21 29 23 31 24 30 
23 14 26 17 27 16 24 13 
23 16 23 14 21 14 21 16 
23 23 24 22 22 20 21 21 
23 30 23 31 24 31 24 30 
24 15 25 15 25 13 24 13 
24 16 24 17 26 17 26 16 
24 21 21 21 21 22 24 22 
24 29 22 27 21 28 23 30 
24 33 26 35 29 32 27 30 
24 35 24 38 26 38 26 35 
24 40 26 38 21 33 19 35 
25 20 24 21 28 25 29 24 
25 21 27 23 28 22 26 20 
25 22 28 22 28 21 25 21 
25 31 26 32 35 23 34 22 
25 33 25 31 24 31 24 33 
25 36 27 38 28 37 26 35 
26 14 27 15 28 14 27 13 
26 29 30 29 30 27 26 27 
26 30 26 32 27 32 27 30 
27 18 31 18 31 16 27 16 
27 26 26 27 29 30 30 29 
27 28 27 26 25 26 25 28 
27 37 28 37 28 32 27 32 
28 15 30 15 30 14 28 14 
28 19 31 16 30 15 27 18 
28 20 32 16 30 14 26 18 
28 34 29 35 33 31 32 30 
29 19 28 19 28 20 29 20 
29 22 30 22 30 21 29 21 
29 23 29 24 35 24 35 23 
30 36 30 37 32 37 32 36 
31 19 31 28 32 28 32 19 
31 30 33 32 35 30 33 28 
31 31 31 30 29 30 29 31 
31 32 33 32 33 31 31 31 
31 34 31 32 29 32 29 34 
31 35 31 38 33 38 33 35 
31 36 30 37 31 38 32 37 
31 37 32 36 31 35 30 36 
32 20 31 19 29 21 30 22 
32 29 33 29 33 28 32 28 
32 35 34 33 33 32 31 34 
33 14 34 14 34 12 33 12 
33 20 37 16 36 15 32 19 
33 33 34 33 34 32 33 32 
34 13 33 12 32 13 33 14 
34 18 36 18 36 15 34 15 
34 20 34 22 35 22 35 20 
34 21 35 22 36 21 35 20 
34 23 30 27 31 28 35 24 
34 26 32 28 33 29 35 27 
34 34 33 35 36 38 37 37 
34 35 35 36 37 34 36 33 
35 19 36 20 37 19 36 18 
35 29 33 29 33 30 35 30 
35 35 35 36 38 36 38 35 
36 12 36 13 37 13 37 12 
36 34 36 33 34 33 34 34 
36 37 37 37 37 34 36 34 
37 18 36 18 36 19 37 19 
37 21 37 20 36 20 36 21 
37 24 35 24 35 27 37 27 
37 28 30 21 29 22 36 29 
37 29 37 28 36 28 36 29 
38 13 37 12 36 13 37 14 
38 14 38 13 37 13 37 14 
38 19 37 18 36 19 37 20 
38 28 37 27 36 28 37 29 
39 21 38 20 37 21 38 22 
40 34 38 32 36 34 38 36 
11 18 11 19 12 19 12 18 
11 36 13 38 15 36 13 34 
16 29 17 30 18 29 17 28 
17 29 16 29 16 30 17 30 
18 14 19 14 19 13 18 13 
18 31 18 32 19 32 19 31 
19 15 17 17 18 18 20 16 
20 40 24 40 24 38 20 38 
21 25 19 25 19 26 21 26 
22 15 23 14 22 13 21 14 
23 34 24 34 24 33 23 33 
27 35 28 34 26 32 25 33 
28 38 30 36 29 35 27 37 
30 38 30 37 28 37 28 38 
33 17 34 18 38 14 37 13 
33 19 34 20 35 19 34 18 
34 39 36 37 35 36 33 38 
35 17 33 17 33 19 35 19 
40 32 38 32 38 34 40 34 
16 10 15 11 18 14 19 13 
21 38 24 35 23 34 20 37 
35 31 38 34 40 32 37 29 
36 30 35 30 35 31 36 31 
