105
10 27 13 30 16 27 13 24 
10 28 13 28 13 27 10 27 
12 31 15 34 16 33 13 30 
13 26 16 26 16 24 13 24 
13 31 19 31 19 30 13 30 
13 32 13 31 12 31 12 32 
14 15 13 15 13 22 14 22 
14 19 17 22 19 20 16 17 
15 10 13 12 20 19 22 17 
15 13 13 15 18 20 20 18 
15 18 20 18 20 13 15 13 
15 25 16 24 14 22 13 23 
16 23 22 23 22 17 16 17 
16 25 13 28 18 33 21 30 
16 28 21 28 21 27 16 27 
16 29 16 33 18 33 18 29 
16 34 13 31 12 32 15 35 
16 35 16 34 15 34 15 35 
17 35 18 36 24 30 23 29 
18 15 18 20 19 20 19 15 
18 22 20 24 23 21 21 19 
18 25 19 24 17 22 16 23 
18 35 22 35 22 33 18 33 
19 25 21 27 22 26 20 24 
19 38 21 36 18 33 16 35 
20 17 22 15 20 13 18 15 
20 20 19 20 19 24 20 24 
20 25 19 26 21 28 22 27 
20 26 20 25 19 25 19 26 
20 30 19 31 24 36 25 35 
20 36 21 36 21 30 20 30 
21 13 20 12 18 14 19 15 
21 16 21 19 28 19 28 16 
21 24 22 25 23 24 22 23 
22 24 23 24 23 23 22 23 
22 30 23 30 23 29 22 29 
22 39 26 35 22 31 18 35 
23 25 28 30 29 29 24 24 
23 26 23 25 22 25 22 26 
23 28 22 29 23 30 24 29 
23 32 24 32 24 30 23 30 
23 38 23 37 19 37 19 38 
24 15 25 15 25 14 24 14 
24 22 24 24 26 24 26 22 
24 35 22 35 22 36 24 36 
25 23 26 24 27 23 26 22 
25 25 25 30 28 30 28 25 
25 28 26 29 29 26 28 25 
25 34 25 35 26 35 26 34 
26 12 24 14 25 15 27 13 
26 13 26 17 27 17 27 13 
26 26 26 29 29 29 29 26 
27 16 25 14 24 15 26 17 
27 18 28 19 31 16 30 15 
27 20 29 22 30 21 28 19 
27 25 30 28 31 27 28 24 
28 32 30 34 32 32 30 30 
28 35 25 32 22 35 25 38 
28 36 29 37 31 35 30 34 
29 15 36 22 38 20 31 13 
29 19 31 21 34 18 32 16 
29 24 29 22 28 22 28 24 
29 32 36 25 35 24 28 31 
29 35 29 32 28 32 28 35 
30 12 30 13 31 13 31 12 
30 19 30 15 29 15 29 19 
30 20 30 21 31 21 31 20 
30 23 32 25 34 23 32 21 
30 27 35 32 37 30 32 25 
30 31 30 30 28 30 28 31 
31 28 31 27 30 27 30 28 
31 31 31 35 37 35 37 31 
31 39 32 38 31 37 30 38 
32 13 31 13 31 16 32 16 
32 30 32 32 34 32 34 30 
32 34 30 34 30 38 32 38 
33 12 33 16 37 16 37 12 
33 21 33 16 32 16 32 21 
34 17 33 16 30 19 31 20 
34 22 33 21 30 24 31 25 
34 24 34 23 30 23 30 24 
34 29 35 29 35 24 34 24 
34 36 35 37 37 35 36 34 
35 36 35 32 34 32 34 36 
35 39 35 37 31 37 31 39 
36 17 37 16 33 12 32 13 
36 18 34 18 34 22 36 22 
36 30 37 30 37 25 36 25 
36 36 38 36 38 34 36 34 
14 28 16 26 15 25 13 27 
14 37 16 35 15 34 13 36 
17 20 17 22 18 22 18 20 
17 36 18 36 18 35 17 35 
21 39 22 39 22 36 21 36 
22 28 23 28 23 27 22 27 
22 38 20 36 19 37 21 39 
24 19 25 20 27 18 26 17 
25 18 25 20 27 20 27 18 
26 30 24 32 26 34 28 32 
26 36 28 36 28 35 26 35 
27 15 28 16 29 15 28 14 
27 35 26 36 27 37 28 36 
28 23 29 24 30 23 29 22 
31 14 32 13 31 12 30 13 
35 31 36 30 35 29 34 30 
