86
9 22 16 29 19 26 12 19 
10 20 18 28 21 25 13 17 
10 24 12 26 20 18 18 16 
10 26 12 26 12 24 10 24 
11 31 17 37 18 36 12 30 
11 36 18 36 18 31 11 31 
12 21 23 21 23 19 12 19 
13 16 13 17 14 17 14 16 
13 25 13 27 20 27 20 25 
13 30 13 27 12 27 12 30 
14 25 19 30 26 23 21 18 
14 29 19 34 30 23 25 18 
14 32 13 32 13 35 14 35 
14 33 17 30 16 29 13 32 
15 23 15 17 14 17 14 23 
15 33 16 33 16 29 15 29 
15 40 18 37 14 33 11 36 
17 34 19 34 19 30 17 30 
18 14 17 13 14 16 15 17 
18 17 22 17 22 16 18 16 
18 26 18 28 19 28 19 26 
19 20 19 22 24 22 24 20 
19 31 20 30 18 28 17 29 
19 32 18 31 16 33 17 34 
20 11 14 17 19 22 25 16 
20 15 20 18 21 18 21 15 
20 28 25 33 26 32 21 27 
20 32 25 32 25 30 20 30 
21 17 23 19 24 18 22 16 
21 28 21 27 20 27 20 28 
22 11 12 21 14 23 24 13 
22 20 23 21 24 20 23 19 
22 22 23 23 24 22 23 21 
22 34 19 34 19 35 22 35 
23 22 20 25 25 30 28 27 
24 17 24 18 25 18 25 17 
24 35 27 38 34 31 31 28 
25 20 26 20 26 18 25 18 
25 23 23 23 23 27 25 27 
25 36 28 36 28 35 25 35 
25 37 25 36 18 36 18 37 
26 22 25 23 28 26 29 25 
26 33 26 32 25 32 25 33 
26 34 28 36 30 34 28 32 
26 38 27 38 27 34 26 34 
27 12 27 16 29 16 29 12 
27 26 27 27 28 27 28 26 
27 29 25 27 20 32 22 34 
28 11 27 12 28 13 29 12 
28 19 27 18 25 20 26 21 
28 20 30 20 30 19 28 19 
28 21 28 20 26 20 26 21 
28 22 23 27 27 31 32 26 
28 23 28 22 26 22 26 23 
28 28 28 32 31 32 31 28 
28 37 31 37 31 36 28 36 
29 13 34 18 35 17 30 12 
29 14 27 16 30 19 32 17 
29 15 26 18 28 20 31 17 
29 17 28 18 30 20 31 19 
29 26 29 31 30 31 30 26 
29 27 28 26 27 27 28 28 
30 16 36 16 36 12 30 12 
30 17 30 16 29 16 29 17 
30 22 32 22 32 20 30 20 
32 14 31 14 31 17 32 17 
32 15 31 14 29 16 30 17 
32 19 35 19 35 17 32 17 
32 30 37 30 37 26 32 26 
32 39 35 36 31 32 28 35 
33 19 32 20 35 23 36 22 
33 23 35 23 35 20 33 20 
33 39 33 37 32 37 32 39 
34 19 33 20 34 21 35 20 
34 22 34 31 36 31 36 22 
34 40 38 36 37 35 33 39 
35 32 31 36 32 37 36 33 
35 37 38 37 38 36 35 36 
38 32 38 27 35 27 35 32 
11 28 13 30 14 29 12 27 
16 24 13 27 15 29 18 26 
24 11 24 13 28 13 28 11 
24 34 25 35 26 34 25 33 
25 29 27 29 27 27 25 27 
25 34 25 33 24 33 24 34 
30 40 34 40 34 34 30 34 
