129
10 14 12 16 14 14 12 12 
10 20 14 20 14 14 10 14 
11 18 12 19 18 13 17 12 
11 19 13 21 14 20 12 18 
11 25 12 25 12 19 11 19 
11 36 13 38 14 37 12 35 
12 26 17 26 17 25 12 25 
12 27 13 28 18 23 17 22 
12 36 15 36 15 35 12 35 
13 27 16 27 16 24 13 24 
13 30 14 31 17 28 16 27 
13 32 13 33 14 33 14 32 
13 34 15 36 16 35 14 33 
14 28 17 25 16 24 13 27 
14 29 14 31 15 31 15 29 
14 34 15 33 14 32 13 33 
15 18 18 18 18 13 15 13 
15 34 15 33 14 33 14 34 
16 14 17 15 19 13 18 12 
16 15 16 17 17 17 17 15 
16 18 17 19 18 18 17 17 
16 19 16 21 17 21 17 19 
16 20 11 25 12 26 17 21 
16 31 15 32 17 34 18 33 
16 32 16 31 15 31 15 32 
16 34 15 35 17 37 18 36 
17 18 16 17 15 18 16 19 
17 32 16 32 16 34 17 34 
17 36 18 37 20 35 19 34 
18 20 21 20 21 18 18 18 
18 25 20 23 16 19 14 21 
18 26 15 29 17 31 20 28 
18 29 17 29 17 31 18 31 
18 32 20 32 20 31 18 31 
18 34 17 34 17 36 18 36 
18 38 19 38 19 37 18 37 
19 15 22 18 23 17 20 14 
19 16 20 17 21 16 20 15 
19 25 20 26 23 23 22 22 
19 26 19 28 20 28 20 26 
19 36 23 36 23 34 19 34 
20 12 20 14 31 14 31 12 
20 16 20 15 19 15 19 16 
20 19 23 19 23 17 20 17 
20 24 20 23 18 23 18 24 
20 27 19 26 18 27 19 28 
21 19 22 20 23 19 22 18 
21 22 21 21 17 21 17 22 
21 26 22 26 22 22 21 22 
21 28 20 28 20 30 21 30 
21 31 25 31 25 30 21 30 
22 13 22 18 26 18 26 13 
22 19 21 18 20 19 21 20 
22 27 23 27 23 26 22 26 
22 31 21 32 23 34 24 33 
22 36 26 32 25 31 21 35 
23 28 25 30 27 28 25 26 
23 30 26 33 37 22 34 19 
24 28 23 27 20 30 21 31 
24 32 24 33 26 33 26 32 
25 20 25 21 27 21 27 20 
25 23 28 26 29 25 26 22 
26 21 31 26 32 25 27 20 
26 23 26 22 25 22 25 23 
26 34 28 34 28 33 26 33 
26 38 26 34 25 34 25 38 
27 18 28 19 32 15 31 14 
27 23 33 23 33 21 27 21 
27 27 27 28 29 28 29 27 
27 30 30 33 32 31 29 28 
27 35 32 35 32 31 27 31 
27 37 21 31 20 32 26 38 
28 22 34 22 34 19 28 19 
28 28 29 27 28 26 27 27 
28 35 26 33 25 34 27 36 
29 20 29 25 32 25 32 20 
29 37 30 36 28 34 27 35 
30 18 32 20 35 17 33 15 
30 35 31 36 32 35 31 34 
31 18 29 20 35 26 37 24 
31 29 32 29 32 26 31 26 
31 33 30 33 30 34 31 34 
31 37 34 37 34 36 31 36 
32 11 31 12 36 17 37 16 
32 16 33 16 33 15 32 15 
32 22 33 23 34 22 33 21 
32 24 35 27 36 26 33 23 
32 30 33 31 34 30 33 29 
32 34 34 32 33 31 31 33 
32 38 34 36 33 35 31 37 
33 20 37 20 37 16 33 16 
33 24 37 24 37 23 33 23 
33 27 33 29 35 29 35 27 
33 30 33 31 34 31 34 30 
34 27 37 30 38 29 35 26 
34 33 35 32 34 31 33 32 
34 39 35 38 34 37 33 38 
35 13 35 17 36 17 36 13 
35 30 37 30 37 29 35 29 
35 33 35 32 34 32 34 33 
35 35 33 35 33 38 35 38 
36 21 36 26 38 26 38 21 
36 22 32 26 33 27 37 23 
36 30 35 31 37 33 38 32 
37 32 37 33 38 33 38 32 
37 35 36 36 37 37 38 36 
37 36 37 37 38 37 38 36 
37 39 37 37 34 37 34 39 
38 31 37 30 36 31 37 32 
40 17 36 13 33 16 37 20 
11 16 11 18 12 18 12 16 
12 28 13 28 13 27 12 27 
13 37 15 35 14 34 12 36 
14 38 14 37 13 37 13 38 
15 37 17 37 17 36 15 36 
17 27 18 27 18 26 17 26 
17 33 18 32 17 31 16 32 
22 25 21 26 22 27 23 26 
22 29 23 28 22 27 21 28 
23 37 27 37 27 36 23 36 
24 21 25 22 26 21 25 20 
24 27 23 27 23 28 24 28 
24 38 27 35 26 34 23 37 
26 30 27 31 29 29 28 28 
27 16 27 18 30 18 30 16 
8 19 13 24 16 21 11 16 
11 27 12 28 13 27 12 26 
16 28 17 28 17 27 16 27 
26 28 26 30 27 30 27 28 
