64
8 24 14 30 23 21 17 15 
12 30 20 38 27 31 19 23 
12 31 14 33 17 30 15 28 
12 33 14 33 14 31 12 31 
13 16 12 16 12 26 13 26 
13 29 13 34 19 34 19 29 
13 35 13 38 15 38 15 35 
14 23 14 30 17 30 17 23 
17 20 19 20 19 15 17 15 
17 29 18 30 19 29 18 28 
18 15 15 18 17 20 20 17 
18 19 15 19 15 28 18 28 
18 37 18 30 17 30 17 37 
18 41 22 37 19 34 15 38 
19 19 21 21 28 14 26 12 
19 28 22 25 17 20 14 23 
19 33 23 37 34 26 30 22 
19 44 30 33 24 27 13 38 
20 34 20 38 30 38 30 34 
20 37 35 22 29 16 14 31 
20 41 20 38 18 38 18 41 
21 11 18 14 19 15 22 12 
21 32 23 32 23 21 21 21 
22 13 24 13 24 12 22 12 
22 17 19 20 31 32 34 29 
22 29 29 29 29 25 22 25 
24 37 24 32 23 32 23 37 
24 44 30 38 24 32 18 38 
25 13 25 14 28 14 28 13 
25 16 26 17 29 14 28 13 
25 21 29 21 29 16 25 16 
26 28 34 36 36 34 28 26 
27 44 27 37 24 37 24 44 
28 22 28 26 30 26 30 22 
29 33 26 36 27 37 30 34 
30 16 25 21 29 25 34 20 
31 18 31 16 30 16 30 18 
31 27 29 29 36 36 38 34 
32 20 32 26 34 26 34 20 
32 29 32 26 30 26 30 29 
33 12 26 12 26 17 33 17 
33 28 26 28 26 36 33 36 
33 37 34 38 35 37 34 36 
34 28 34 29 37 29 37 28 
34 34 34 36 36 36 36 34 
34 37 34 36 33 36 33 37 
35 13 30 18 32 20 37 15 
35 15 36 15 36 13 35 13 
35 38 35 37 34 37 34 38 
36 22 36 23 38 23 38 22 
37 20 37 15 36 15 36 20 
37 21 36 20 35 21 36 22 
38 24 36 22 32 26 34 28 
38 37 36 37 36 38 38 38 
39 18 36 15 34 17 37 20 
39 27 39 18 31 18 31 27 
40 28 39 27 37 29 38 30 
44 31 36 23 30 29 38 37 
17 38 18 37 14 33 13 34 
18 32 15 35 16 36 19 33 
20 13 20 17 22 17 22 13 
20 24 20 30 38 30 38 24 
32 37 33 38 34 37 33 36 
32 38 33 38 33 37 32 37 
