107
11 17 17 23 21 19 15 13 
11 34 12 35 14 33 13 32 
11 38 16 38 16 34 11 34 
12 32 12 35 13 35 13 32 
13 14 13 18 19 18 19 14 
13 28 18 28 18 25 13 25 
13 40 20 33 18 31 11 38 
14 13 13 14 18 19 19 18 
14 25 20 31 21 30 15 24 
14 26 16 24 15 23 13 25 
14 29 13 28 12 29 13 30 
14 30 15 31 18 28 17 27 
14 31 14 32 15 32 15 31 
14 34 13 35 16 38 17 37 
15 12 14 12 14 13 15 13 
15 16 16 16 16 13 15 13 
15 33 16 32 15 31 14 32 
15 36 17 38 19 36 17 34 
16 23 15 23 15 24 16 24 
16 33 16 32 15 32 15 33 
17 20 20 23 21 22 18 19 
17 21 21 21 21 20 17 20 
17 24 21 20 20 19 16 23 
18 23 20 23 20 19 18 19 
18 24 18 23 17 23 17 24 
18 35 20 35 20 33 18 33 
18 40 18 35 13 35 13 40 
19 25 22 22 21 21 18 24 
19 29 19 26 14 26 14 29 
19 37 30 26 27 23 16 34 
19 38 19 37 17 37 17 38 
20 11 18 13 19 14 21 12 
20 16 21 17 23 15 22 14 
20 25 27 25 27 23 20 23 
20 27 24 31 27 28 23 24 
20 28 18 28 18 31 20 31 
20 36 23 36 23 35 20 35 
21 13 21 12 18 12 18 13 
21 14 22 14 22 13 21 13 
21 26 21 30 22 30 22 26 
21 31 22 30 20 28 19 29 
21 34 23 36 26 33 24 31 
22 21 22 22 24 22 24 21 
22 24 25 27 27 25 24 22 
22 36 24 38 25 37 23 35 
23 30 27 30 27 28 23 28 
24 27 23 28 26 31 27 30 
24 30 26 32 29 29 27 27 
24 32 26 32 26 31 24 31 
25 15 25 17 27 17 27 15 
25 18 29 22 33 18 29 14 
25 24 24 24 24 27 25 27 
25 34 25 37 28 37 28 34 
26 11 20 11 20 16 26 16 
26 14 25 15 26 16 27 15 
26 18 27 17 26 16 25 17 
26 19 26 18 25 18 25 19 
26 25 27 26 30 23 29 22 
26 45 33 38 26 31 19 38 
27 34 29 36 31 34 29 32 
28 38 31 38 31 37 28 37 
29 18 31 18 31 14 29 14 
29 19 26 19 26 22 29 22 
29 24 29 26 30 26 30 24 
29 27 29 26 27 26 27 27 
29 30 30 30 30 29 29 29 
29 33 29 32 26 32 26 33 
30 15 37 15 37 13 30 13 
30 31 33 31 33 30 30 30 
30 39 31 38 29 36 28 37 
31 20 33 20 33 18 31 18 
31 23 30 24 33 27 34 26 
31 30 30 29 29 30 30 31 
32 26 32 27 33 27 33 26 
32 28 34 30 35 29 33 27 
32 32 35 32 35 29 32 29 
32 34 32 32 31 32 31 34 
32 36 29 33 28 34 31 37 
32 42 36 38 32 34 28 38 
33 28 34 27 33 26 32 27 
33 36 35 36 35 34 33 34 
33 42 33 38 32 38 32 42 
34 21 34 24 36 24 36 21 
34 28 34 27 33 27 33 28 
34 29 33 28 32 29 33 30 
35 10 31 14 34 17 38 13 
35 11 32 14 34 16 37 13 
35 19 35 22 37 22 37 19 
35 20 34 21 35 22 36 21 
35 26 36 27 37 26 36 25 
35 38 36 38 36 36 35 36 
37 17 34 17 34 18 37 18 
37 34 35 32 33 34 35 36 
37 35 33 31 32 32 36 36 
37 36 35 34 33 36 35 38 
38 24 36 24 36 25 38 25 
13 29 13 30 14 30 14 29 
16 27 17 27 17 24 16 24 
19 24 18 25 19 26 20 25 
21 24 22 24 22 22 21 22 
29 28 32 28 32 27 29 27 
30 20 30 23 31 23 31 20 
33 23 37 19 34 16 30 20 
35 23 35 26 37 26 37 23 
35 25 36 24 35 23 34 24 
36 16 34 18 35 19 37 17 
11 31 12 32 14 30 13 29 
