100
7 21 12 26 17 21 12 16 
7 24 12 24 12 21 7 21 
10 21 7 24 12 29 15 26 
10 28 13 31 15 29 12 26 
12 15 19 15 19 14 12 14 
12 25 15 28 19 24 16 21 
12 28 15 28 15 27 12 27 
12 36 13 36 13 31 12 31 
13 19 14 19 14 13 13 13 
13 37 20 30 19 29 12 36 
13 38 21 38 21 37 13 37 
14 20 13 21 16 24 17 23 
14 29 12 31 14 33 16 31 
14 31 21 38 24 35 17 28 
15 11 13 13 17 17 19 15 
15 14 16 13 15 12 14 13 
15 20 14 19 12 21 13 22 
15 25 12 25 12 26 15 26 
15 31 15 29 14 29 14 31 
16 12 15 12 15 13 16 13 
16 17 16 21 17 21 17 17 
16 18 18 20 19 19 17 17 
16 22 16 21 13 21 13 22 
17 22 16 22 16 23 17 23 
17 24 16 24 16 28 17 28 
18 15 26 23 27 22 19 14 
18 28 15 25 12 28 15 31 
19 17 19 19 25 19 25 17 
19 28 21 28 21 24 19 24 
20 21 22 21 22 18 20 18 
20 26 20 30 26 30 26 26 
20 32 22 34 26 30 24 28 
20 33 20 32 14 32 14 33 
20 38 21 37 15 31 14 32 
21 22 24 25 25 24 22 21 
21 26 20 25 18 27 19 28 
21 27 31 17 30 16 20 26 
21 35 24 35 24 28 21 28 
22 12 20 14 25 19 27 17 
22 14 30 14 30 13 22 13 
23 15 22 14 19 17 20 18 
23 19 25 17 24 16 22 18 
23 21 28 26 30 24 25 19 
23 26 21 28 27 34 29 32 
23 31 22 32 25 35 26 34 
23 32 25 34 35 24 33 22 
23 34 23 32 22 32 22 34 
24 15 24 12 23 12 23 15 
24 23 20 23 20 25 24 25 
24 36 25 36 25 35 24 35 
25 14 23 12 22 13 24 15 
25 15 24 15 24 16 25 16 
25 20 25 24 30 24 30 20 
27 21 27 22 29 22 29 21 
27 27 28 28 29 27 28 26 
27 30 26 30 26 34 27 34 
27 37 25 35 24 36 26 38 
27 38 29 36 27 34 25 36 
28 9 25 12 29 16 32 13 
28 15 28 17 31 17 31 15 
28 21 29 22 36 15 35 14 
28 36 29 36 29 32 28 32 
29 34 31 36 32 35 30 33 
30 28 30 26 28 26 28 28 
30 31 35 36 38 33 33 28 
30 37 34 37 34 33 30 33 
30 38 30 37 27 37 27 38 
31 13 30 14 31 15 32 14 
31 14 32 14 32 13 31 13 
31 23 32 22 30 20 29 21 
31 25 30 26 32 28 33 27 
31 28 31 31 32 31 32 28 
32 16 34 18 36 16 34 14 
32 27 33 27 33 22 32 22 
33 23 34 24 36 22 35 21 
33 33 36 30 34 28 31 31 
34 16 34 14 32 14 32 16 
34 17 34 18 37 18 37 17 
34 21 34 24 35 24 35 21 
34 27 33 27 33 28 34 28 
35 13 35 12 34 12 34 13 
35 30 35 36 36 36 36 30 
35 37 36 38 37 37 36 36 
36 24 36 26 37 26 37 24 
36 37 37 37 37 36 36 36 
37 25 36 24 35 25 36 26 
38 21 36 21 36 22 38 22 
39 28 37 26 32 31 34 33 
40 21 37 18 34 21 37 24 
10 29 12 29 12 28 10 28 
15 19 14 19 14 20 15 20 
18 29 19 29 19 28 18 28 
19 20 20 21 25 16 24 15 
19 22 20 23 21 22 20 21 
21 20 19 20 19 22 21 22 
22 20 15 27 16 28 23 21 
23 37 24 36 22 34 21 35 
26 25 31 25 31 23 26 23 
26 28 27 27 26 26 25 27 
35 38 36 38 36 37 35 37 
