119
9 32 14 37 20 31 15 26 
11 33 13 35 15 33 13 31 
13 13 12 14 16 18 17 17 
13 34 13 35 18 35 18 34 
14 23 14 13 13 13 13 23 
14 30 13 30 13 31 14 31 
15 14 12 14 12 16 15 16 
15 17 15 22 17 22 17 17 
15 19 18 22 19 21 16 18 
15 29 17 31 20 28 18 26 
16 23 17 24 18 23 17 22 
16 25 16 23 14 23 14 25 
16 29 14 31 18 35 20 33 
16 33 16 29 15 29 15 33 
17 18 20 15 18 13 15 16 
17 23 18 23 18 22 17 22 
17 26 18 26 18 24 17 24 
17 27 17 26 15 26 15 27 
17 29 22 29 22 27 17 27 
17 33 20 33 20 31 17 31 
17 36 17 33 16 33 16 36 
17 37 19 35 18 34 16 36 
18 14 19 15 20 14 19 13 
18 25 17 24 16 25 17 26 
18 28 19 28 19 26 18 26 
19 12 19 13 20 13 20 12 
19 14 19 15 20 15 20 14 
19 23 18 22 17 23 18 24 
20 23 19 23 19 25 20 25 
20 29 22 31 24 29 22 27 
20 37 21 37 21 33 20 33 
21 9 16 14 20 18 25 13 
21 18 21 24 27 24 27 18 
22 17 21 18 27 24 28 23 
22 21 19 21 19 22 22 22 
22 28 23 29 25 27 24 26 
22 32 18 28 17 29 21 33 
23 22 22 21 20 23 21 24 
23 26 24 26 24 22 23 22 
23 27 23 29 24 29 24 27 
23 31 23 29 22 29 22 31 
23 32 25 34 26 33 24 31 
23 36 23 37 25 37 25 36 
24 30 25 30 25 29 24 29 
24 32 24 31 23 31 23 32 
25 14 26 14 26 13 25 13 
25 20 25 27 26 27 26 20 
25 21 28 24 29 23 26 20 
25 31 24 30 23 31 24 32 
25 41 29 37 25 33 21 37 
26 30 30 34 36 28 32 24 
26 31 26 30 25 30 25 31 
26 34 26 33 25 33 25 34 
26 36 29 36 29 34 26 34 
26 39 28 37 25 34 23 36 
27 15 26 14 25 15 26 16 
27 19 28 20 31 17 30 16 
27 27 27 28 30 28 30 27 
27 30 30 27 27 24 24 27 
28 18 31 18 31 17 28 17 
28 21 28 23 29 23 29 21 
28 27 27 28 31 32 32 31 
28 38 29 38 29 37 28 37 
29 12 29 13 30 13 30 12 
29 24 29 31 32 31 32 24 
29 29 30 30 31 29 30 28 
30 9 26 13 29 16 33 12 
30 11 29 12 30 13 31 12 
30 14 29 14 29 16 30 16 
30 19 31 18 29 16 28 17 
30 33 27 30 26 31 29 34 
30 35 33 35 33 34 30 34 
31 15 33 15 33 13 31 13 
31 24 33 22 30 19 28 21 
31 36 33 34 32 33 30 35 
31 37 32 37 32 36 31 36 
32 14 31 13 30 14 31 15 
32 16 34 16 34 14 32 14 
32 19 32 16 30 16 30 19 
32 28 35 31 36 30 33 27 
32 34 33 35 36 32 35 31 
33 17 34 16 33 15 32 16 
33 20 38 20 38 17 33 17 
33 21 33 22 37 22 37 21 
33 37 35 37 35 35 33 35 
34 26 37 26 37 25 34 25 
34 32 35 32 35 31 34 31 
34 36 33 35 32 36 33 37 
35 17 34 18 37 21 38 20 
35 18 34 18 34 24 35 24 
35 36 37 38 38 37 36 35 
36 27 37 26 35 24 34 25 
36 29 34 31 35 32 37 30 
36 31 37 31 37 30 36 30 
36 36 35 37 36 38 37 37 
36 37 36 38 37 38 37 37 
38 15 38 14 37 14 37 15 
41 18 38 15 35 18 38 21 
11 20 14 23 15 22 12 19 
16 13 16 14 18 14 18 13 
19 38 20 37 18 35 17 36 
20 19 21 18 16 13 15 14 
21 11 30 11 30 9 21 9 
24 15 27 18 28 17 25 14 
24 16 25 15 21 11 20 12 
25 16 25 15 24 15 24 16 
27 33 30 33 30 30 27 30 
28 16 22 22 27 27 33 21 
28 35 29 36 30 35 29 34 
29 35 31 37 32 36 30 34 
30 20 31 21 34 18 33 17 
30 39 32 37 31 36 29 38 
33 28 36 28 36 27 33 27 
34 17 32 19 33 20 35 18 
34 27 31 24 30 25 33 28 
18 38 19 38 19 35 18 35 
28 14 26 14 26 16 28 16 
28 19 28 20 30 20 30 19 
29 15 30 14 29 13 28 14 
