157
11 15 12 16 13 15 12 14 
11 16 12 16 12 15 11 15 
12 12 12 13 14 13 14 12 
12 17 13 16 12 15 11 16 
12 20 13 20 13 17 12 17 
12 26 15 29 17 27 14 24 
12 29 12 35 14 35 14 29 
13 18 15 20 17 18 15 16 
13 22 14 22 14 20 13 20 
13 28 14 29 15 28 14 27 
13 30 16 33 17 32 14 29 
13 33 16 33 16 30 13 30 
14 15 13 15 13 16 14 16 
14 30 15 31 16 30 15 29 
14 36 19 36 19 35 14 35 
15 13 14 14 18 18 19 17 
15 14 15 16 17 16 17 14 
15 18 13 20 17 24 19 22 
15 22 14 22 14 24 15 24 
15 23 16 24 22 18 21 17 
15 25 16 25 16 24 15 24 
15 26 13 26 13 28 15 28 
15 32 15 34 17 34 17 32 
15 36 17 38 19 36 17 34 
16 15 17 14 16 13 15 14 
16 26 16 27 17 27 17 26 
16 32 19 35 20 34 17 31 
17 17 19 17 19 16 17 16 
17 19 20 22 21 21 18 18 
17 29 19 29 19 27 17 27 
17 30 17 31 19 31 19 30 
18 13 16 13 16 15 18 15 
18 17 19 16 18 15 17 16 
18 21 20 21 20 19 18 19 
18 27 20 29 22 27 20 25 
18 30 19 31 20 30 19 29 
19 23 19 24 20 24 20 23 
20 26 21 27 25 23 24 22 
20 31 25 31 25 30 20 30 
20 35 21 35 21 34 20 34 
21 14 22 14 22 13 21 13 
21 18 21 21 22 21 22 18 
21 22 21 21 20 21 20 22 
21 23 20 22 19 23 20 24 
21 28 22 28 22 27 21 27 
21 30 20 31 24 35 25 34 
21 36 22 35 21 34 20 35 
22 12 21 13 22 14 23 13 
22 16 25 16 25 14 22 14 
22 17 22 16 21 16 21 17 
22 23 22 22 21 22 21 23 
22 34 21 35 22 36 23 35 
23 12 22 13 24 15 25 14 
23 16 24 17 25 16 24 15 
23 17 24 18 29 13 28 12 
23 18 24 18 24 17 23 17 
23 22 22 21 21 22 22 23 
23 25 20 25 20 26 23 26 
23 27 23 35 24 35 24 27 
24 13 24 12 23 12 23 13 
24 14 23 15 26 18 27 17 
24 21 23 21 23 22 24 22 
24 30 25 29 23 27 22 28 
24 32 26 34 27 33 25 31 
25 17 25 20 27 20 27 17 
25 24 33 32 34 31 26 23 
25 25 26 26 28 24 27 23 
25 33 25 34 26 34 26 33 
25 35 26 36 27 35 26 34 
26 12 26 13 28 13 28 12 
26 15 34 23 36 21 28 13 
26 19 24 17 23 18 25 20 
26 21 27 22 28 21 27 20 
26 22 26 23 27 23 27 22 
26 24 26 23 25 23 25 24 
26 32 29 32 29 31 26 31 
26 35 27 35 27 34 26 34 
26 37 24 35 23 36 25 38 
27 9 24 12 33 21 36 18 
27 21 28 21 28 20 27 20 
27 24 28 24 28 23 27 23 
27 25 25 25 25 29 27 29 
27 30 27 33 28 33 28 30 
27 32 26 33 27 34 28 33 
27 37 30 37 30 35 27 35 
28 15 29 15 29 13 28 13 
28 18 28 15 26 15 26 18 
28 22 29 22 29 21 28 21 
28 26 30 28 31 27 29 25 
28 28 27 29 28 30 29 29 
28 29 29 30 35 24 34 23 
28 37 29 36 27 34 26 35 
29 9 26 12 29 15 32 12 
29 10 26 13 28 15 31 12 
29 23 30 22 29 21 28 22 
29 24 34 24 34 23 29 23 
29 28 28 28 28 29 29 29 
29 33 28 33 28 36 29 36 
29 37 28 36 27 37 28 38 
30 19 30 22 37 22 37 19 
30 21 29 22 34 27 35 26 
31 10 29 10 29 12 31 12 
31 17 33 17 33 14 31 14 
31 30 34 30 34 27 31 27 
31 33 34 30 32 28 29 31 
31 34 30 35 32 37 33 36 
31 38 32 38 32 37 31 37 
32 9 31 10 36 15 37 14 
32 13 31 14 32 15 33 14 
32 39 33 38 32 37 31 38 
33 18 36 18 36 17 33 17 
33 20 34 21 37 18 36 17 
33 26 33 32 35 32 35 26 
33 39 33 38 32 38 32 39 
34 13 32 13 32 15 34 15 
34 20 33 20 33 21 34 21 
34 34 37 37 38 36 35 33 
34 35 34 34 31 34 31 35 
35 11 28 18 31 21 38 14 
35 21 35 24 36 24 36 21 
35 25 36 26 37 25 36 24 
35 36 38 33 37 32 34 35 
36 23 37 24 38 23 37 22 
36 25 37 25 37 24 36 24 
36 32 36 37 37 37 37 32 
37 13 37 14 38 14 38 13 
37 21 38 20 37 19 36 20 
37 26 38 25 37 24 36 25 
37 27 37 26 36 26 36 27 
37 30 34 30 34 31 37 31 
38 38 38 36 35 36 35 38 
12 23 14 25 15 24 13 22 
13 14 14 15 15 14 14 13 
14 18 15 18 15 16 14 16 
14 34 16 32 15 31 13 33 
15 17 14 16 13 17 14 18 
15 19 17 19 17 18 15 18 
17 28 18 27 17 26 16 27 
18 24 19 23 15 19 14 20 
19 25 19 24 18 24 18 25 
20 17 21 18 22 17 21 16 
21 15 22 16 23 15 22 14 
23 19 26 22 27 21 24 18 
23 37 26 37 26 36 23 36 
24 19 26 19 26 18 24 18 
24 20 24 19 23 19 23 20 
24 38 25 38 25 35 24 35 
25 22 26 21 25 20 24 21 
25 26 24 27 27 30 28 29 
25 39 27 37 26 36 24 38 
28 25 29 25 29 24 28 24 
28 39 28 38 25 38 25 39 
29 40 31 38 30 37 28 39 
34 25 35 25 35 24 34 24 
34 37 35 38 36 37 35 36 
35 27 36 28 37 27 36 26 
18 26 19 27 20 26 19 25 
