121
12 13 12 14 14 14 14 13 
12 18 15 21 20 16 17 13 
12 20 13 21 16 18 15 17 
12 25 13 26 14 25 13 24 
12 29 14 31 15 30 13 28 
13 20 13 21 15 21 15 20 
13 22 18 27 20 25 15 20 
13 25 14 25 14 24 13 24 
14 15 20 15 20 14 14 14 
14 26 15 25 14 24 13 25 
14 27 17 30 26 21 23 18 
14 32 16 32 16 31 14 31 
15 22 15 25 20 25 20 22 
15 26 15 25 14 25 14 26 
15 27 14 27 14 30 15 30 
15 35 14 35 14 38 15 38 
16 16 16 18 17 18 17 16 
16 17 14 15 13 16 15 18 
16 29 16 30 17 30 17 29 
16 34 14 32 13 33 15 35 
16 37 23 37 23 34 16 34 
17 20 15 18 13 20 15 22 
17 25 15 27 17 29 19 27 
18 15 15 12 14 13 17 16 
18 32 19 32 19 27 18 27 
18 33 23 38 24 37 19 32 
19 19 18 20 20 22 21 21 
19 20 22 23 29 16 26 13 
19 31 17 29 16 30 18 32 
20 34 18 32 17 33 19 35 
21 13 20 14 22 16 23 15 
21 16 20 15 17 18 18 19 
21 20 21 19 19 19 19 20 
21 23 21 28 22 28 22 23 
21 31 27 31 27 29 21 29 
22 13 21 13 21 16 22 16 
22 18 21 19 23 21 24 20 
22 21 23 21 23 18 22 18 
22 26 23 27 26 24 25 23 
22 32 24 34 26 32 24 30 
22 33 23 34 24 33 23 32 
23 11 22 12 26 16 27 15 
23 23 25 23 25 21 23 21 
23 33 24 33 24 32 23 32 
24 15 24 20 27 20 27 15 
24 26 24 30 25 30 25 26 
24 35 24 37 26 37 26 35 
24 38 24 37 23 37 23 38 
25 33 24 33 24 34 25 34 
25 36 26 35 25 34 24 35 
25 39 28 36 27 35 24 38 
26 23 26 24 27 24 27 23 
26 25 25 26 28 29 29 28 
26 30 25 30 25 32 26 32 
27 26 31 26 31 24 27 24 
27 32 28 32 28 31 27 31 
27 34 31 38 33 36 29 32 
28 13 26 13 26 16 28 16 
28 21 28 18 26 18 26 21 
28 23 27 24 30 27 31 26 
28 30 27 29 26 30 27 31 
29 17 32 20 36 16 33 13 
29 19 36 26 38 24 31 17 
29 27 30 27 30 22 29 22 
29 30 29 32 30 32 30 30 
29 36 28 36 28 37 29 37 
30 23 31 24 32 23 31 22 
30 28 36 28 36 27 30 27 
30 29 29 30 31 32 32 31 
30 33 31 33 31 32 30 32 
31 13 31 17 33 17 33 13 
31 19 31 17 29 17 29 19 
31 31 32 30 31 29 30 30 
31 35 31 38 34 38 34 35 
32 17 28 21 29 22 33 18 
32 18 32 20 33 20 33 18 
32 26 32 30 35 30 35 26 
32 32 31 31 30 32 31 33 
32 36 31 35 29 37 30 38 
33 32 32 32 32 36 33 36 
34 16 34 15 29 15 29 16 
34 28 36 30 38 28 36 26 
34 33 36 31 35 30 33 32 
35 15 37 15 37 12 35 12 
35 17 36 17 36 16 35 16 
35 20 37 18 36 17 34 19 
35 24 35 22 33 22 33 24 
35 31 36 31 36 30 35 30 
36 32 37 31 36 30 35 31 
36 33 36 32 34 32 34 33 
36 37 37 36 35 34 34 35 
37 16 37 18 38 18 38 16 
37 22 35 20 33 22 35 24 
37 24 35 22 33 24 35 26 
37 28 38 28 38 24 37 24 
38 13 37 12 34 15 35 16 
38 26 32 20 30 22 36 28 
38 36 38 31 37 31 37 36 
12 17 12 18 15 18 15 17 
12 21 12 22 13 22 13 21 
12 26 13 26 13 25 12 25 
13 36 15 38 16 37 14 35 
13 39 25 39 25 36 13 36 
17 19 17 20 18 20 18 19 
17 32 17 33 18 33 18 32 
18 31 17 30 16 31 17 32 
20 24 14 30 16 32 22 26 
20 32 21 33 22 32 21 31 
21 32 21 33 22 33 22 32 
23 28 29 28 29 27 23 27 
26 22 29 19 28 18 25 21 
26 29 25 30 27 32 28 31 
26 34 27 34 27 32 26 32 
29 29 30 29 30 28 29 28 
30 14 33 17 34 16 31 13 
31 25 29 27 30 28 32 26 
31 30 31 31 32 31 32 30 
19 30 21 32 23 30 21 28 
22 30 23 30 23 28 22 28 
23 29 22 28 21 29 22 30 
27 13 29 15 30 14 28 12 
