45 94
27 33
32 20
18 11
16 27
27 20
19 23
15 30
27 31
16 23
22 30
13 27
29 30
13 30
14 14
24 24
24 20
18 17
30 21
20 12
29 25
30 19
28 17
32 21
28 21
30 22
20 14
18 28
25 21
22 17
30 16
13 23
24 25
19 24
27 23
12 25
26 15
29 12
33 13
13 33
24 14
18 14
20 23
11 29
31 33
12 13
16 28
19 28
26 20
27 16
14 16
28 25
21 27
31 24
16 13
26 16
30 23
13 16
26 13
21 18
24 30
28 16
27 17
21 23
25 27
12 33
30 29
17 14
26 12
26 25
30 24
19 16
14 19
16 21
29 26
33 31
17 12
31 17
25 12
14 12
26 26
31 32
14 22
11 17
30 20
26 27
11 28
30 25
22 33
27 29
25 19
31 16
22 15
27 11
25 13
