45 162
27 13
29 32
22 29
13 24
32 31
28 23
19 31
14 24
23 28
29 20
13 13
23 16
17 16
18 12
18 14
15 24
15 21
11 20
27 28
13 30
11 27
19 23
30 15
22 17
31 14
21 32
16 22
18 13
19 22
25 14
32 13
27 27
14 12
22 26
23 33
27 32
31 23
18 25
28 19
27 12
16 26
27 31
25 31
17 32
12 28
33 28
18 22
12 19
30 29
31 30
12 32
19 16
26 31
33 33
33 20
22 12
17 15
12 20
16 33
19 27
17 22
19 19
15 25
24 15
22 20
17 26
14 29
32 16
33 26
18 24
28 32
13 17
22 30
11 32
23 21
18 23
25 28
19 33
17 18
18 18
18 33
31 11
21 13
13 21
33 30
27 23
33 27
20 13
19 12
32 23
17 30
28 26
24 33
29 17
15 29
26 21
13 32
12 22
28 22
21 26
23 23
23 12
29 18
20 20
24 18
27 14
24 30
33 25
15 33
24 20
32 29
30 28
29 23
20 30
23 18
18 29
16 29
24 14
22 25
33 23
14 16
31 26
16 12
30 17
30 31
32 33
21 20
26 28
14 22
23 17
31 31
27 11
25 18
31 32
22 18
32 18
16 18
18 11
14 30
12 21
11 17
23 26
20 17
17 28
18 31
26 18
15 19
30 12
19 21
19 14
29 33
28 11
33 29
15 28
11 31
27 30
27 21
33 24
21 24
32 22
15 22
19 18
