45 157
25 29
17 28
20 30
14 12
23 33
13 15
19 15
29 27
19 11
13 11
19 31
29 12
23 23
14 22
12 25
16 25
31 14
22 19
25 23
33 32
26 11
23 28
31 26
24 25
33 13
11 20
22 33
22 16
30 22
25 20
25 31
20 20
17 27
18 21
23 14
19 30
12 17
20 12
30 19
11 33
19 33
24 14
11 23
16 16
21 22
14 32
17 29
25 13
25 22
23 12
31 18
11 26
14 26
25 30
25 21
13 13
30 13
27 14
15 20
33 18
24 33
33 26
11 21
17 17
16 28
32 26
13 23
22 21
31 33
11 16
18 19
18 22
12 22
18 24
31 11
26 20
20 19
20 14
12 12
29 26
33 12
18 32
16 30
27 23
26 23
29 19
33 15
12 31
28 21
25 27
11 29
14 30
14 15
30 20
21 26
13 22
29 28
14 25
21 13
31 25
24 26
16 18
27 31
26 30
19 23
29 21
12 33
32 18
18 12
33 16
21 31
20 28
12 14
12 20
30 23
18 17
32 13
12 11
23 32
31 19
26 18
16 26
14 24
15 15
29 16
33 31
27 17
21 16
28 16
12 23
23 11
13 16
22 18
31 20
11 18
13 14
13 20
11 17
31 23
32 29
25 16
32 22
19 22
16 27
21 12
16 19
23 21
17 15
14 33
24 28
26 12
18 27
18 23
13 21
12 19
12 32
24 17
