45 146
14 21
18 30
21 33
14 28
26 17
32 17
22 32
12 31
16 21
21 19
26 26
26 33
11 32
16 18
28 21
16 25
28 26
23 15
28 16
18 23
11 33
20 32
31 23
12 24
22 26
31 13
25 27
32 24
15 26
21 28
17 18
27 16
16 24
23 33
19 18
25 12
16 11
29 33
26 21
19 12
11 30
16 15
26 22
16 22
14 18
22 21
18 29
23 20
12 14
23 22
30 23
29 11
27 28
15 28
31 16
21 14
21 32
20 30
21 27
22 18
22 22
24 16
32 12
20 26
11 26
30 21
16 33
30 15
24 24
20 25
28 33
19 23
12 30
29 29
25 15
31 11
22 28
24 20
28 19
23 21
27 15
27 19
13 28
33 32
30 32
28 22
19 13
25 26
15 23
30 26
23 24
32 32
27 33
27 24
11 16
24 12
26 16
11 12
24 25
30 28
25 20
31 17
25 28
21 18
26 32
21 17
29 30
18 12
27 27
24 22
23 14
19 21
15 13
19 30
16 31
33 12
12 25
29 23
33 22
20 13
24 11
30 18
31 28
16 32
26 23
18 32
17 24
18 13
14 19
29 14
15 21
31 32
11 21
25 16
27 29
26 31
29 17
23 13
30 29
22 19
30 31
15 17
33 31
13 12
32 28
25 23
