45 112
16 17
30 16
13 29
23 27
25 15
23 32
15 20
22 16
30 28
22 31
21 28
31 23
27 28
13 32
19 32
26 26
16 16
14 24
20 32
21 14
32 15
16 15
29 16
33 29
18 22
15 18
16 30
25 25
27 23
16 27
22 25
16 32
13 13
20 14
18 15
26 29
28 31
25 32
17 28
18 19
23 25
19 16
21 26
31 33
27 15
28 32
12 26
24 13
20 17
24 21
16 25
17 21
12 11
22 29
21 17
13 19
27 31
18 31
23 29
29 19
30 15
26 23
26 30
12 25
24 19
11 18
24 15
28 29
31 20
23 30
30 21
20 16
23 28
27 13
27 25
29 20
29 11
27 17
17 25
26 15
15 24
27 12
12 33
14 23
24 20
22 18
22 17
20 29
24 22
28 18
18 33
33 11
26 13
31 18
11 26
21 32
18 27
11 27
27 26
30 29
33 18
15 25
30 12
25 21
25 29
28 30
16 24
20 28
21 22
33 19
12 24
30 11
