38
7 13 13 19 16 16 10 10 
7 16 14 16 14 13 7 13 
7 21 10 24 19 15 16 12 
8 18 20 30 26 24 14 12 
10 17 10 19 13 19 13 17 
10 26 13 29 14 28 11 25 
11 21 11 22 15 22 15 21 
11 27 11 30 12 30 12 27 
12 19 16 15 14 13 10 17 
14 23 15 22 12 19 11 20 
14 27 18 27 18 23 14 23 
14 29 15 29 15 28 14 28 
14 31 18 27 14 23 10 27 
16 26 16 24 10 24 10 26 
16 28 28 28 28 26 16 26 
17 29 27 19 26 18 16 28 
18 10 18 13 21 13 21 10 
19 16 19 15 16 15 16 16 
19 20 23 20 23 18 19 18 
19 24 18 23 14 27 15 28 
19 27 26 27 26 24 19 24 
20 19 27 19 27 17 20 17 
21 7 18 10 21 13 24 10 
21 18 20 17 19 18 20 19 
22 29 22 25 17 25 17 29 
23 17 24 16 21 13 20 14 
23 23 28 23 28 20 23 20 
24 17 19 12 18 13 23 18 
24 18 23 17 16 24 17 25 
25 10 24 10 24 16 25 16 
25 22 30 17 28 15 23 20 
26 26 28 28 30 26 28 24 
27 26 20 19 19 20 26 27 
27 29 14 16 13 17 26 30 
28 29 29 29 29 28 28 28 
13 31 14 31 14 29 13 29 
14 30 13 29 12 30 13 31 
21 28 22 29 28 23 27 22 
