68
9 14 10 15 11 14 10 13 
9 15 10 15 10 14 9 14 
10 16 10 27 21 27 21 16 
10 19 11 20 13 18 12 17 
11 15 10 14 9 15 10 16 
11 17 12 17 12 15 11 15 
11 22 14 22 14 20 11 20 
12 11 12 12 13 12 13 11 
13 15 14 14 12 12 11 13 
13 17 12 17 12 18 13 18 
13 19 14 18 13 17 12 18 
13 21 14 22 15 21 14 20 
13 28 17 24 15 22 11 26 
13 29 16 29 16 28 13 28 
14 13 11 13 11 14 14 14 
14 19 14 18 13 18 13 19 
14 24 14 25 17 25 17 24 
15 19 15 20 17 20 17 19 
15 24 14 25 18 29 19 28 
15 27 17 25 14 22 12 24 
16 12 17 13 18 12 17 11 
16 15 14 13 12 15 14 17 
16 17 16 15 14 15 14 17 
16 19 17 20 19 18 18 17 
17 17 18 17 18 15 17 15 
17 29 18 29 18 25 17 25 
18 6 13 11 17 15 22 10 
18 22 18 21 15 21 15 22 
19 21 24 16 22 14 17 19 
19 25 16 28 17 29 20 26 
19 26 19 28 20 28 20 26 
20 11 17 11 17 13 20 13 
20 25 25 20 24 19 19 24 
20 29 24 29 24 28 20 28 
21 18 18 15 16 17 19 20 
22 11 28 11 28 10 22 10 
22 16 22 19 24 19 24 16 
22 20 24 22 30 16 28 14 
22 21 22 20 19 20 19 21 
22 24 24 24 24 22 22 22 
22 26 24 28 26 26 24 24 
23 16 25 14 22 11 20 13 
23 26 24 25 19 20 18 21 
23 30 24 29 20 25 19 26 
23 31 24 30 21 27 20 28 
24 27 23 26 20 29 21 30 
24 31 24 30 23 30 23 31 
25 13 25 14 28 14 28 13 
25 18 25 20 30 20 30 18 
25 23 23 23 23 26 25 26 
26 22 28 22 28 19 26 19 
26 23 26 25 27 25 27 23 
26 24 27 23 26 22 25 23 
27 12 28 13 29 12 28 11 
27 21 30 18 25 13 22 16 
27 24 28 25 29 24 28 23 
28 29 28 25 27 25 27 29 
29 27 29 29 30 29 30 27 
29 28 26 25 25 26 28 29 
30 12 30 10 29 10 29 12 
30 15 29 14 25 18 26 19 
12 23 15 20 14 19 11 22 
14 30 16 28 15 27 13 29 
15 28 16 29 19 26 18 25 
16 6 16 12 18 12 18 6 
18 13 21 16 23 14 20 11 
20 24 19 24 19 25 20 25 
21 23 19 21 18 22 20 24 
