40
8 19 19 30 21 28 10 17 
8 25 12 29 18 23 14 19 
8 27 11 27 11 25 8 25 
9 15 10 16 12 14 11 13 
10 26 11 27 12 26 11 25 
10 29 12 29 12 26 10 26 
11 20 12 20 12 14 11 14 
12 23 12 25 13 25 13 23 
13 12 11 14 16 19 18 17 
13 21 19 21 19 12 13 12 
14 17 14 19 15 19 15 17 
14 18 12 20 13 21 15 19 
16 24 16 19 15 19 15 24 
17 17 18 17 18 15 17 15 
18 18 13 23 16 26 21 21 
18 20 20 18 17 15 15 17 
18 22 18 23 21 23 21 22 
19 9 18 10 23 15 24 14 
20 17 18 17 18 18 20 18 
20 24 21 23 19 21 18 22 
20 26 20 24 16 24 16 26 
21 10 21 14 24 14 24 10 
21 26 24 26 24 23 21 23 
21 30 24 30 24 28 21 28 
22 32 24 30 20 26 18 28 
23 12 21 10 19 12 21 14 
23 17 23 15 22 15 22 17 
23 20 25 18 24 17 22 19 
23 27 24 28 25 27 24 26 
24 15 30 15 30 14 24 14 
24 18 25 18 25 17 24 17 
25 20 23 20 23 27 25 27 
27 18 24 15 22 17 25 20 
29 21 25 17 24 18 28 22 
16 35 21 30 15 24 10 29 
19 16 20 17 22 15 21 14 
21 18 21 21 24 21 24 18 
22 23 24 21 23 20 21 22 
19 34 26 27 22 23 15 30 
21 34 21 30 19 30 19 34 
