30
5 22 12 29 21 20 14 13 
6 20 14 28 18 24 10 16 
9 14 13 18 17 14 13 10 
11 26 22 26 22 21 11 21 
12 14 15 17 19 13 16 10 
12 25 12 29 13 29 13 25 
14 14 17 14 17 13 14 13 
14 19 14 14 12 14 12 19 
14 24 14 28 18 28 18 24 
15 28 12 25 11 26 14 29 
16 11 22 11 22 10 16 10 
17 29 18 28 14 24 13 25 
19 8 16 11 19 14 22 11 
20 17 15 17 15 22 20 22 
22 13 19 13 19 14 22 14 
24 18 20 22 24 26 28 22 
25 20 29 16 28 15 24 19 
27 15 27 22 28 22 28 15 
27 25 27 29 30 29 30 25 
27 32 30 29 22 21 19 24 
28 10 28 12 30 12 30 10 
13 20 14 19 13 18 12 19 
18 32 27 32 27 29 18 29 
21 18 13 18 13 20 21 20 
21 35 27 29 24 26 18 32 
25 13 27 15 30 12 28 10 
25 35 25 20 21 20 21 35 
28 11 27 10 20 17 21 18 
17 33 18 32 14 28 13 29 
14 33 17 33 17 29 14 29 
