68
8 23 10 25 12 23 10 21 
8 27 11 30 13 28 10 25 
8 29 11 29 11 27 8 27 
10 14 10 18 12 18 12 14 
11 17 12 18 15 15 14 14 
11 21 11 20 10 20 10 21 
12 21 12 23 13 23 13 21 
12 22 13 23 14 22 13 21 
12 29 11 29 11 30 12 30 
13 10 13 14 14 14 14 10 
13 19 12 18 10 20 11 21 
13 29 14 29 14 28 13 28 
14 13 13 14 16 17 17 16 
14 17 16 17 16 14 14 14 
14 25 15 26 16 25 15 24 
15 13 15 15 19 15 19 13 
15 17 17 19 21 15 19 13 
15 18 14 17 11 20 12 21 
15 21 22 28 24 26 17 19 
16 21 18 23 21 20 19 18 
16 22 14 22 14 25 16 25 
16 28 20 28 20 25 16 25 
17 22 25 22 25 19 17 19 
17 23 17 26 18 26 18 23 
18 5 13 10 20 17 25 12 
18 11 17 10 16 11 17 12 
18 27 20 29 22 27 20 25 
18 30 20 28 18 26 16 28 
19 10 17 10 17 12 19 12 
19 23 20 24 23 21 22 20 
19 26 24 26 24 23 19 23 
19 27 19 26 18 26 18 27 
19 29 18 29 18 30 19 30 
20 21 20 24 23 24 23 21 
21 14 21 15 26 15 26 14 
21 18 21 15 19 15 19 18 
21 25 22 25 22 20 21 20 
21 28 20 28 20 29 21 29 
23 12 22 13 25 16 26 15 
23 16 25 16 25 12 23 12 
23 27 22 27 22 28 23 28 
23 31 24 30 22 28 21 29 
24 17 27 20 28 19 25 16 
24 27 25 26 23 24 22 25 
24 29 24 30 25 30 25 29 
25 27 25 26 24 26 24 27 
25 28 24 27 23 28 24 29 
26 16 28 16 28 15 26 15 
27 19 27 20 28 20 28 19 
28 14 29 13 28 12 27 13 
28 18 30 16 28 14 26 16 
29 25 29 29 30 29 30 25 
30 18 30 16 28 16 28 18 
31 28 25 22 24 23 30 29 
11 15 14 18 15 17 12 14 
12 28 11 29 12 30 13 29 
14 21 15 21 15 18 14 18 
16 5 16 11 18 11 18 5 
16 29 18 27 17 26 15 28 
20 11 19 12 21 14 22 13 
20 16 20 17 23 17 23 16 
22 19 24 17 23 16 21 18 
22 26 28 20 27 19 21 25 
31 27 25 27 25 28 31 28 
15 29 16 29 16 28 15 28 
27 27 29 29 31 27 29 25 
15 27 14 28 15 29 16 28 
17 27 17 26 15 26 15 27 
