84
9 13 11 15 14 12 12 10 
9 25 13 29 15 27 11 23 
10 16 10 17 11 17 11 16 
11 19 12 20 16 16 15 15 
11 22 13 24 21 16 19 14 
11 25 15 25 15 23 11 23 
12 16 11 15 10 16 11 17 
12 28 15 28 15 27 12 27 
13 11 13 10 12 10 12 11 
13 13 13 14 18 14 18 13 
13 15 13 16 15 16 15 15 
13 18 13 21 21 21 21 18 
13 26 15 28 18 25 16 23 
14 11 14 12 16 12 16 11 
14 15 13 16 14 17 15 16 
14 19 14 17 11 17 11 19 
16 18 17 19 19 17 18 16 
16 24 13 24 13 26 16 26 
17 10 16 11 18 13 19 12 
17 22 20 22 20 19 17 19 
17 24 17 28 20 28 20 24 
17 25 16 24 15 25 16 26 
18 10 17 11 20 14 21 13 
18 11 18 10 17 10 17 11 
18 27 19 27 19 25 18 25 
19 13 21 13 21 12 19 12 
19 16 19 14 18 14 18 16 
19 28 22 25 21 24 18 27 
20 21 19 20 17 22 18 23 
20 30 23 30 23 28 20 28 
21 15 22 15 22 13 21 13 
21 17 21 16 19 16 19 17 
21 22 22 22 22 21 21 21 
21 23 21 22 20 22 20 23 
21 25 22 25 22 24 21 24 
22 11 21 12 22 13 23 12 
22 16 24 16 24 15 22 15 
22 17 21 18 23 20 24 19 
22 18 27 18 27 17 22 17 
22 23 23 22 22 21 21 22 
22 26 21 25 19 27 20 28 
22 29 23 30 24 29 23 28 
23 10 23 12 25 12 25 10 
23 14 24 15 25 14 24 13 
23 17 22 16 21 17 22 18 
23 23 22 22 21 23 22 24 
23 25 22 25 22 26 23 26 
23 29 24 30 25 29 24 28 
24 14 24 13 23 13 23 14 
24 18 25 19 27 17 26 16 
24 21 25 21 25 19 24 19 
25 13 25 14 27 14 27 13 
25 16 27 18 28 17 26 15 
25 22 23 22 23 23 25 23 
25 28 24 28 24 29 25 29 
26 13 27 14 29 12 28 11 
26 19 24 21 25 22 27 20 
26 24 25 23 23 25 24 26 
26 25 26 27 27 27 27 25 
26 26 27 27 28 26 27 25 
26 29 27 28 26 27 25 28 
27 15 30 15 30 14 27 14 
27 16 27 15 26 15 26 16 
27 23 30 23 30 20 27 20 
28 18 25 21 27 23 30 20 
29 11 28 11 28 12 29 12 
29 15 30 14 28 12 27 13 
29 17 28 17 28 18 29 18 
29 28 29 27 27 27 27 28 
8 17 13 22 19 16 14 11 
9 26 11 26 11 25 9 25 
11 21 11 22 13 22 13 21 
11 29 13 29 13 26 11 26 
12 19 13 18 11 16 10 17 
12 22 13 21 12 20 11 21 
12 25 11 26 12 27 13 26 
19 23 20 24 21 23 20 22 
21 14 22 15 23 14 22 13 
24 12 23 13 24 14 25 13 
24 27 26 25 25 24 23 26 
26 23 25 23 25 24 26 24 
18 20 18 23 19 23 19 20 
23 27 24 27 24 26 23 26 
14 22 15 23 18 20 17 19 
