42
12 18 14 18 14 17 12 17 
13 12 13 14 18 14 18 12 
13 22 16 25 18 23 15 20 
15 17 12 14 11 15 14 18 
15 18 14 18 14 20 15 20 
15 23 18 23 18 20 15 20 
16 22 19 25 20 24 17 21 
16 24 16 25 19 25 19 24 
16 29 16 25 14 25 14 29 
18 9 13 14 17 18 22 13 
18 27 19 28 24 23 23 22 
19 14 18 14 18 18 19 18 
20 5 13 12 19 18 26 11 
20 13 19 14 26 21 27 20 
20 14 18 12 12 18 14 20 
20 26 10 26 10 30 20 30 
21 5 20 5 20 13 21 13 
21 20 27 20 27 17 21 17 
21 28 21 25 19 25 19 28 
22 24 25 21 21 17 18 20 
23 27 25 27 25 26 23 26 
23 28 25 26 21 22 19 24 
24 26 22 24 21 25 23 27 
24 31 26 29 23 26 21 28 
25 15 24 15 24 21 25 21 
25 22 26 22 26 21 25 21 
26 13 28 13 28 11 26 11 
26 28 26 29 27 29 27 28 
28 15 30 13 28 11 26 13 
28 26 28 29 30 29 30 26 
29 13 29 17 30 17 30 13 
29 24 26 21 25 22 28 25 
29 27 28 26 26 28 27 29 
30 14 29 13 26 16 27 17 
9 29 10 30 16 24 15 23 
13 20 15 18 14 17 12 19 
14 22 14 20 13 20 13 22 
14 27 16 29 18 27 16 25 
22 14 20 14 20 24 22 24 
24 10 21 13 22 14 25 11 
27 16 29 18 30 17 28 15 
27 24 29 24 29 20 27 20 
