57
5 17 10 22 15 17 10 12 
7 16 10 19 13 16 10 13 
9 20 10 21 11 20 10 19 
9 30 11 30 11 20 9 20 
10 20 14 24 16 22 12 18 
10 26 16 26 16 22 10 22 
11 12 11 11 10 11 10 12 
11 13 16 13 16 12 11 12 
11 15 11 13 10 13 10 15 
12 17 12 18 15 18 15 17 
12 26 14 28 16 26 14 24 
14 9 11 12 13 14 16 11 
14 15 25 26 27 24 16 13 
15 30 18 27 15 24 12 27 
17 11 16 12 19 15 20 14 
17 17 16 18 17 19 18 18 
18 11 18 13 24 13 24 11 
18 15 18 13 16 13 16 15 
18 19 17 19 17 20 18 20 
19 18 19 15 18 15 18 18 
19 24 15 24 15 28 19 28 
20 16 20 14 13 14 13 16 
20 27 22 27 22 26 20 26 
21 13 22 14 25 11 24 10 
21 16 18 13 16 15 19 18 
21 28 19 28 19 30 21 30 
22 15 28 15 28 14 22 14 
22 16 22 15 21 15 21 16 
22 18 23 19 28 14 27 13 
22 20 26 24 27 23 23 19 
23 15 22 14 21 15 22 16 
23 17 23 19 24 19 24 17 
23 18 24 19 25 18 24 17 
25 10 24 11 28 15 29 14 
25 17 25 18 29 18 29 17 
26 23 26 24 27 24 27 23 
27 19 28 20 30 18 29 17 
27 30 28 29 25 26 24 27 
28 10 25 10 25 11 28 11 
28 26 25 26 25 29 28 29 
29 24 30 24 30 18 29 18 
30 28 29 28 29 29 30 29 
31 27 29 25 28 26 30 28 
14 30 15 30 15 28 14 28 
19 20 22 20 22 18 19 18 
20 9 18 11 22 15 24 13 
20 29 21 28 20 27 19 28 
20 31 21 30 20 29 19 30 
21 17 18 20 19 21 22 18 
25 31 25 29 20 29 20 31 
27 25 29 25 29 24 27 24 
30 9 20 9 20 12 30 12 
18 21 19 21 19 20 18 20 
20 17 21 17 21 16 20 16 
24 28 25 29 28 26 27 25 
23 28 24 28 24 27 23 27 
23 26 22 27 23 28 24 27 
