58
8 15 17 24 20 21 11 12 
10 11 10 12 11 12 11 11 
11 25 11 26 12 26 12 25 
11 29 11 30 13 30 13 29 
12 10 11 11 16 16 17 15 
12 12 11 12 11 17 12 17 
12 18 12 23 13 23 13 18 
12 24 13 23 11 21 10 22 
12 28 15 28 15 26 12 26 
12 29 13 30 15 28 14 27 
12 30 13 29 12 28 11 29 
13 15 11 17 12 18 14 16 
13 25 12 24 11 25 12 26 
13 26 15 24 14 23 12 25 
14 15 14 16 16 16 16 15 
14 17 14 19 19 19 19 17 
14 18 16 20 18 18 16 16 
14 25 14 23 13 23 13 25 
15 10 14 11 18 15 19 14 
15 14 19 14 19 11 15 11 
15 18 14 17 13 18 14 19 
15 21 18 21 18 18 15 18 
16 12 18 12 18 10 16 10 
16 22 23 22 23 20 16 20 
16 24 16 29 17 29 17 24 
17 11 16 10 15 11 16 12 
17 21 16 20 15 21 16 22 
17 30 20 30 20 29 17 29 
18 27 16 29 17 30 19 28 
19 13 20 12 19 11 18 12 
19 25 20 25 20 21 19 21 
19 27 19 28 23 28 23 27 
20 20 19 21 23 25 24 24 
20 27 22 29 23 28 21 26 
22 14 21 14 21 17 22 17 
22 18 25 15 24 14 21 17 
22 32 25 29 23 27 20 30 
23 10 22 11 25 14 26 13 
23 17 30 17 30 10 23 10 
23 26 24 27 27 24 26 23 
24 15 25 15 25 14 24 14 
24 26 27 26 27 24 24 24 
25 16 24 15 22 17 23 18 
25 17 27 15 24 12 22 14 
25 28 27 30 29 28 27 26 
25 32 25 29 22 29 22 32 
27 16 27 15 25 15 25 16 
27 28 29 28 29 26 27 26 
28 13 26 13 26 23 28 23 
28 29 28 30 30 30 30 29 
29 22 28 23 29 24 30 23 
29 23 28 23 28 24 29 24 
31 16 28 13 27 14 30 17 
31 25 29 23 28 24 30 26 
11 28 10 29 11 30 12 29 
14 26 17 29 19 27 16 24 
21 25 21 26 23 26 23 25 
26 28 26 30 27 30 27 28 
