86
9 17 10 18 11 17 10 16 
9 18 10 18 10 17 9 17 
9 29 10 30 12 28 11 27 
10 29 10 30 13 30 13 29 
11 14 10 14 10 16 11 16 
11 18 10 17 9 18 10 19 
11 19 11 18 10 18 10 19 
12 11 14 11 14 10 12 10 
12 12 12 11 11 11 11 12 
12 14 14 14 14 13 12 13 
12 17 12 16 11 16 11 17 
12 18 15 21 16 20 13 17 
12 24 16 24 16 23 12 23 
12 26 12 28 15 28 15 26 
12 29 13 30 15 28 14 27 
13 11 12 10 11 11 12 12 
13 12 12 11 11 12 12 13 
13 14 12 13 11 14 12 15 
13 16 12 15 11 16 12 17 
13 18 13 17 12 17 12 18 
13 20 15 20 15 18 13 18 
13 21 13 20 12 20 12 21 
13 24 12 23 11 24 12 25 
14 21 15 20 14 19 13 20 
15 12 16 11 15 10 14 11 
15 17 15 14 14 14 14 17 
15 24 14 25 15 26 16 25 
16 13 15 12 14 13 15 14 
16 15 17 16 19 14 18 13 
16 18 15 17 12 20 13 21 
16 27 17 28 18 27 17 26 
16 28 18 30 20 28 18 26 
16 30 16 28 15 28 15 30 
17 13 17 16 18 16 18 13 
17 20 17 18 16 18 16 20 
17 21 21 21 21 20 17 20 
17 27 18 27 18 26 17 26 
17 30 18 30 18 28 17 28 
18 10 16 12 17 13 19 11 
18 14 16 16 21 21 23 19 
18 17 19 17 19 16 18 16 
18 23 19 22 17 20 16 21 
19 24 20 25 24 21 23 20 
19 25 19 24 16 24 16 25 
19 28 20 28 20 25 19 25 
20 6 14 12 18 16 24 10 
20 13 22 15 23 14 21 12 
20 14 20 13 19 13 19 14 
20 19 21 20 25 16 24 15 
21 11 19 11 19 12 21 12 
22 14 23 15 24 14 23 13 
22 17 19 17 19 22 22 22 
22 25 23 26 24 25 23 24 
22 29 23 30 30 23 29 22 
23 18 24 18 24 15 23 15 
23 21 24 21 24 20 23 20 
23 23 24 22 23 21 22 22 
23 27 29 27 29 26 23 26 
23 28 23 30 27 30 27 28 
24 13 23 13 23 14 24 14 
24 19 26 19 26 18 24 18 
24 29 24 25 22 25 22 29 
25 15 25 16 28 16 28 15 
25 18 26 19 27 18 26 17 
25 35 30 30 23 23 18 28 
26 14 26 17 30 17 30 14 
26 22 28 22 28 19 26 19 
26 23 23 23 23 24 26 24 
26 30 29 27 26 24 23 27 
27 13 26 14 28 16 29 15 
28 20 26 18 24 20 26 22 
28 25 29 25 29 22 28 22 
11 25 12 25 12 24 11 24 
13 15 13 16 16 16 16 15 
13 25 12 24 11 25 12 26 
13 27 14 27 14 25 13 25 
15 11 14 11 14 12 15 12 
15 13 16 13 16 12 15 12 
16 17 17 18 18 17 17 16 
17 17 17 16 16 16 16 17 
18 24 19 25 22 22 21 21 
20 15 22 15 22 14 20 14 
20 18 20 19 23 19 23 18 
24 30 29 25 26 22 21 27 
11 15 12 16 13 15 12 14 
15 16 14 17 15 18 16 17 
