67
6 14 11 19 15 15 10 10 
6 19 10 19 10 14 6 14 
7 20 12 15 11 14 6 19 
7 22 10 22 10 20 7 20 
8 23 11 20 10 19 7 22 
10 23 10 25 19 25 19 23 
10 26 14 30 18 26 14 22 
11 15 12 15 12 14 11 14 
11 22 14 22 14 20 11 20 
11 24 10 25 12 27 13 26 
12 19 12 21 13 21 13 19 
12 20 13 21 14 20 13 19 
12 26 14 28 19 23 17 21 
13 10 10 10 10 11 13 11 
13 12 18 12 18 11 13 11 
13 27 13 26 12 26 12 27 
14 21 16 19 14 17 12 19 
14 29 21 29 21 28 14 28 
15 9 14 10 17 13 18 12 
16 15 16 16 18 16 18 15 
16 20 17 19 12 14 11 15 
17 6 13 10 17 14 21 10 
17 16 23 22 24 21 18 15 
17 20 17 19 16 19 16 20 
18 20 18 26 22 26 22 20 
19 21 20 22 22 20 21 19 
19 22 19 21 17 21 17 22 
20 21 20 22 23 22 23 21 
20 29 12 21 11 22 19 30 
21 17 21 19 23 19 23 17 
21 22 25 18 24 17 20 21 
21 26 23 28 27 24 25 22 
22 30 23 30 23 28 22 28 
23 13 24 13 24 10 23 10 
23 14 23 13 17 13 17 14 
23 15 21 17 23 19 25 17 
23 29 22 28 21 29 22 30 
24 9 23 10 26 13 27 12 
24 14 27 17 30 14 27 11 
24 15 24 14 23 14 23 15 
24 18 25 18 25 17 24 17 
24 19 24 21 26 21 26 19 
25 14 27 16 28 15 26 13 
25 19 28 22 30 20 27 17 
25 24 21 28 23 30 27 26 
25 28 26 28 26 24 25 24 
26 15 28 15 28 13 26 13 
26 29 29 29 29 28 26 28 
27 20 26 19 25 20 26 21 
27 22 27 20 25 20 25 22 
27 25 29 23 28 22 26 24 
28 23 30 21 29 20 27 22 
28 24 27 24 27 25 28 25 
28 27 29 27 29 25 28 25 
28 28 29 29 30 28 29 27 
29 12 27 12 27 16 29 16 
29 21 30 21 30 20 29 20 
29 22 28 22 28 23 29 23 
30 18 30 16 29 16 29 18 
11 21 12 20 11 19 10 20 
12 29 19 22 17 20 10 27 
12 30 14 30 14 29 12 29 
24 24 30 18 22 10 16 16 
25 10 25 14 30 14 30 10 
26 30 28 28 24 24 22 26 
27 30 29 28 28 27 26 29 
25 29 25 30 26 30 26 29 
