35
8 22 14 28 18 24 12 18 
9 18 13 22 16 19 12 15 
9 24 12 24 12 18 9 18 
10 17 13 17 13 14 10 14 
13 15 11 13 10 14 12 16 
13 21 13 22 18 22 18 21 
13 31 18 26 15 23 10 28 
14 16 15 17 16 16 15 15 
14 18 18 22 19 21 15 17 
15 24 15 26 18 26 18 24 
16 11 13 14 18 19 21 16 
16 12 16 16 21 16 21 12 
16 18 16 16 14 16 14 18 
16 23 21 28 23 26 18 21 
18 18 16 18 16 19 18 19 
18 23 21 23 21 22 18 22 
18 29 21 29 21 28 18 28 
18 33 30 21 21 12 9 24 
19 9 16 12 21 17 24 14 
21 20 22 21 28 15 27 14 
21 26 18 23 15 26 18 29 
22 10 19 10 19 21 22 21 
22 11 23 12 24 11 23 10 
22 26 22 23 21 23 21 26 
22 28 20 26 19 27 21 29 
23 22 22 21 21 22 22 23 
23 28 23 26 22 26 22 28 
27 11 24 11 24 14 27 14 
28 12 28 10 23 10 23 12 
29 11 28 10 27 11 28 12 
29 16 21 16 21 17 29 17 
8 31 13 31 13 22 8 22 
15 19 15 23 16 23 16 19 
6 29 8 31 15 24 13 22 
6 33 18 33 18 29 6 29 
