37
10 25 13 25 13 21 10 21 
12 24 13 25 15 23 14 22 
13 30 14 30 14 25 13 25 
14 11 13 11 13 13 14 13 
14 20 14 21 19 21 19 20 
15 31 20 26 19 25 14 30 
17 23 17 16 15 16 15 23 
18 19 19 20 28 11 27 10 
19 31 19 25 15 25 15 31 
20 28 22 30 25 27 23 25 
21 26 23 26 23 25 21 25 
21 28 21 26 20 26 20 28 
22 33 27 28 19 20 14 25 
23 10 17 16 24 23 30 17 
23 13 24 14 27 11 26 10 
23 21 27 25 29 23 25 19 
24 10 24 14 26 14 26 10 
25 28 27 28 27 27 25 27 
26 19 25 20 28 23 29 22 
26 20 26 19 25 19 25 20 
26 23 23 26 25 28 28 25 
27 23 26 23 26 25 27 25 
28 10 27 10 27 11 28 11 
28 22 28 23 29 23 29 22 
28 27 30 25 28 23 26 25 
29 21 29 13 23 13 23 21 
29 25 28 25 28 27 29 27 
10 10 10 19 18 19 18 10 
11 30 12 30 12 24 11 24 
13 24 18 19 15 16 10 21 
14 33 22 33 22 30 14 30 
16 18 14 20 17 23 19 21 
16 19 14 21 21 28 23 26 
16 35 23 28 21 26 14 33 
19 29 20 28 16 24 15 25 
25 25 27 27 29 25 27 23 
11 28 14 25 13 24 10 27 
