59
9 18 10 19 11 18 10 17 
9 20 11 20 11 18 9 18 
9 27 11 29 14 26 12 24 
9 28 14 28 14 27 9 27 
10 16 10 17 19 17 19 16 
10 21 11 20 10 19 9 20 
11 17 13 19 18 14 16 12 
11 21 13 21 13 20 11 20 
11 22 11 23 18 23 18 22 
11 24 11 29 12 29 12 24 
13 32 17 28 13 24 9 28 
14 21 19 16 18 15 13 20 
14 24 14 21 13 21 13 24 
14 25 14 26 17 26 17 25 
15 9 13 11 19 17 21 15 
15 12 15 15 16 15 16 12 
15 27 16 28 18 26 17 25 
16 20 18 22 21 19 19 17 
16 21 26 21 26 20 16 20 
16 22 13 19 11 21 14 24 
16 25 17 26 19 24 18 23 
17 11 21 11 21 10 17 10 
17 19 17 11 13 11 13 19 
18 24 19 24 19 23 18 23 
19 19 21 19 21 17 19 17 
19 30 25 30 25 25 19 25 
20 11 25 16 26 15 21 10 
20 14 18 14 18 15 20 15 
20 24 19 23 18 24 19 25 
21 13 23 13 23 11 21 11 
21 14 21 15 26 15 26 14 
21 24 21 22 20 22 20 24 
21 28 21 26 18 26 18 28 
22 12 23 13 24 12 23 11 
22 18 22 22 23 22 23 18 
23 16 21 14 20 15 22 17 
23 26 27 30 30 27 26 23 
24 16 25 16 25 12 24 12 
24 17 24 16 23 16 23 17 
24 22 25 23 27 21 26 20 
24 26 24 22 23 22 23 26 
25 17 29 17 29 16 25 16 
26 19 27 18 25 16 24 17 
26 22 27 22 27 21 26 21 
27 15 26 14 24 16 25 17 
29 19 30 19 30 18 29 18 
29 22 27 22 27 30 29 30 
8 14 10 16 12 14 10 12 
8 15 12 15 12 14 8 14 
9 26 12 29 14 27 11 24 
14 17 21 24 23 22 16 15 
19 26 21 28 23 26 21 24 
20 12 21 13 22 12 21 11 
21 23 24 26 25 25 22 22 
22 16 21 17 22 18 23 17 
25 22 25 23 26 23 26 22 
26 18 27 18 27 15 26 15 
28 18 29 19 30 18 29 17 
22 19 25 22 26 21 23 18 
