35 94
22 11
23 8
26 8
11 20
24 14
21 8
23 16
20 19
22 19
9 16
25 23
13 25
12 22
26 12
24 23
10 22
12 9
14 14
25 13
21 10
18 23
9 22
9 11
23 20
21 9
26 15
24 13
13 16
11 15
22 13
17 12
24 8
12 14
14 26
15 22
16 23
23 19
8 14
17 11
15 24
24 25
11 17
14 21
8 22
15 15
18 11
24 12
17 25
20 25
18 15
9 23
9 25
8 21
16 9
15 23
17 9
8 23
24 11
13 24
23 24
16 18
11 10
15 13
26 13
19 17
17 17
15 11
16 13
12 21
20 12
24 24
14 13
13 21
18 17
19 11
14 9
22 15
26 14
12 17
13 11
21 11
22 8
15 14
8 10
22 10
22 14
10 23
11 19
21 26
10 12
11 11
10 25
21 17
17 15
