35 100
16 24
15 20
13 22
20 14
13 19
8 10
24 13
13 13
15 18
8 26
8 22
22 8
21 19
18 11
11 23
26 11
26 22
18 15
18 16
25 24
26 10
16 17
20 17
18 9
24 8
20 10
19 24
8 16
20 12
8 21
23 22
18 13
22 20
15 10
13 18
12 22
15 16
25 15
20 21
15 19
18 22
25 19
19 17
15 25
20 13
21 15
12 26
22 22
15 9
24 17
26 23
20 9
13 15
9 11
11 25
8 19
15 12
15 23
16 23
25 12
19 16
26 16
17 10
20 15
13 8
12 17
11 8
20 26
15 8
18 25
11 17
11 20
16 8
23 21
15 17
9 14
11 18
8 24
17 16
9 15
17 17
9 10
24 15
10 25
9 12
15 24
17 9
17 19
11 9
10 13
26 17
26 19
12 13
10 20
25 17
21 12
20 11
9 24
21 24
22 26
