35 90
9 20
15 18
15 24
21 15
23 21
20 17
22 22
8 21
19 10
11 25
20 14
8 16
14 21
19 18
18 9
16 9
24 19
25 24
21 22
20 18
18 19
22 12
9 21
17 26
24 18
20 19
26 23
24 13
22 23
23 10
12 12
9 19
18 23
13 14
10 17
13 15
14 8
13 16
25 11
26 16
13 25
16 16
9 16
21 17
13 18
22 24
16 26
20 24
18 17
24 25
15 14
13 21
15 11
25 12
21 10
25 19
17 11
12 9
19 16
22 11
18 26
8 19
26 13
15 22
8 11
15 10
16 17
17 13
25 21
17 23
20 26
24 11
19 9
22 15
23 23
12 16
13 9
14 26
8 10
18 8
11 13
17 17
22 14
14 20
12 21
15 21
10 8
26 26
10 14
21 26
