187
11 21 14 24 17 21 14 18 
11 22 14 22 14 21 11 21 
11 30 14 33 17 30 14 27 
11 31 14 31 14 30 11 30 
12 19 14 21 16 19 14 17 
12 33 14 35 16 33 14 31 
12 35 14 35 14 33 12 33 
12 36 15 39 18 36 15 33 
14 19 16 19 16 18 14 18 
14 23 16 25 17 24 15 22 
14 26 15 26 15 25 14 25 
14 28 15 29 20 24 19 23 
15 15 14 16 16 18 17 17 
15 16 15 15 14 15 14 16 
15 17 17 17 17 16 15 16 
15 23 15 22 14 22 14 23 
15 27 21 27 21 26 15 26 
15 28 15 27 14 27 14 28 
15 32 15 33 16 33 16 32 
15 38 17 40 18 39 16 37 
15 40 15 41 17 41 17 40 
16 15 15 14 14 15 15 16 
16 17 17 18 18 17 17 16 
16 21 16 24 17 24 17 21 
16 28 20 28 20 25 16 25 
16 29 16 28 15 28 15 29 
16 35 14 35 14 37 16 37 
16 39 18 39 18 37 16 37 
17 23 16 24 20 28 21 27 
17 26 20 29 23 26 20 23 
17 28 18 29 21 26 20 25 
17 31 15 29 14 30 16 32 
17 32 23 32 23 31 17 31 
17 39 19 41 22 38 20 36 
18 15 18 14 16 14 16 15 
18 16 18 17 19 17 19 16 
18 19 18 21 19 21 19 19 
18 23 18 29 19 29 19 23 
18 31 17 32 19 34 20 33 
18 33 18 36 20 36 20 33 
19 13 18 14 19 15 20 14 
19 14 18 15 19 16 20 15 
19 37 19 38 22 38 22 37 
19 39 19 41 20 41 20 39 
19 40 20 41 21 40 20 39 
20 13 19 13 19 14 20 14 
20 16 19 15 18 16 19 17 
20 17 18 19 22 23 24 21 
20 20 19 21 20 22 21 21 
20 30 20 29 19 29 19 30 
20 42 24 42 24 41 20 41 
21 18 21 21 24 21 24 18 
21 22 20 22 20 23 21 23 
21 29 20 28 19 29 20 30 
21 30 23 32 24 31 22 29 
21 34 18 37 19 38 22 35 
21 35 21 34 19 34 19 35 
21 36 22 36 22 35 21 35 
22 14 20 14 20 15 22 15 
22 16 20 16 20 17 22 17 
22 20 24 18 22 16 20 18 
22 24 27 19 26 18 21 23 
22 30 22 29 21 29 21 30 
22 40 24 42 25 41 23 39 
23 13 22 14 24 16 25 15 
23 16 24 17 25 16 24 15 
23 17 24 17 24 16 23 16 
23 20 23 17 22 17 22 20 
23 24 23 26 24 26 24 24 
23 34 25 34 25 32 23 32 
23 36 23 39 26 39 26 36 
23 40 23 39 22 39 22 40 
24 14 24 15 25 15 25 14 
24 30 24 31 28 31 28 30 
24 35 25 34 24 33 23 34 
24 44 27 41 22 36 19 39 
25 18 25 22 26 22 26 18 
25 28 26 28 26 24 25 24 
25 29 26 28 24 26 23 27 
25 38 23 40 24 41 26 39 
25 42 27 42 27 41 25 41 
25 44 25 42 24 42 24 44 
26 17 25 18 27 20 28 19 
26 23 28 21 27 20 25 22 
26 27 25 28 28 31 29 30 
26 33 30 37 31 36 27 32 
26 34 34 34 34 33 26 33 
27 25 30 28 34 24 31 21 
27 29 28 30 29 29 28 28 
27 33 24 30 23 31 26 34 
27 44 31 40 29 38 25 42 
28 17 29 18 30 17 29 16 
28 18 28 19 29 19 29 18 
28 23 30 23 30 21 28 21 
28 25 26 23 25 24 27 26 
28 26 28 25 27 25 27 26 
28 36 27 36 27 37 28 37 
29 15 25 15 25 16 29 16 
29 21 30 20 29 19 28 20 
29 26 29 29 31 29 31 26 
29 28 31 30 33 28 31 26 
29 39 29 41 32 41 32 39 
30 14 30 17 33 17 33 14 
30 18 31 19 33 17 32 16 
30 24 34 24 34 23 30 23 
30 38 28 36 27 37 29 39 
30 40 31 40 31 38 30 38 
31 20 33 20 33 19 31 19 
31 24 34 21 33 20 30 23 
31 31 30 31 30 36 31 36 
31 32 34 35 36 33 33 30 
31 33 33 35 34 34 32 32 
31 34 32 35 34 33 33 32 
31 41 32 42 34 40 33 39 
31 44 31 42 27 42 27 44 
32 18 34 18 34 16 32 16 
32 30 32 32 33 32 33 30 
32 37 33 38 35 36 34 35 
32 45 36 41 35 40 31 44 
33 21 35 23 42 16 40 14 
33 24 34 23 31 20 30 21 
33 31 36 28 35 27 32 30 
33 36 33 38 35 38 35 36 
34 20 36 20 36 19 34 19 
34 22 35 22 35 21 34 21 
34 25 34 26 35 26 35 25 
35 14 35 15 36 15 36 14 
35 28 36 28 36 27 35 27 
35 31 35 33 36 33 36 31 
35 42 39 42 39 40 35 40 
35 45 35 42 32 42 32 45 
36 13 35 14 36 15 37 14 
36 21 38 23 40 21 38 19 
36 22 35 22 35 23 36 23 
36 25 35 24 34 25 35 26 
36 34 40 30 39 29 35 33 
36 35 36 34 34 34 34 35 
36 45 39 42 35 38 32 41 
37 13 36 14 41 19 42 18 
37 15 40 15 40 14 37 14 
37 16 37 15 36 15 36 16 
37 19 37 23 38 23 38 19 
37 24 38 25 39 24 38 23 
37 25 37 24 36 24 36 25 
37 28 38 27 37 26 36 27 
37 31 37 34 38 34 38 31 
37 32 38 31 37 30 36 31 
38 16 38 18 42 18 42 16 
38 21 40 23 42 21 40 19 
38 22 39 21 37 19 36 20 
38 24 37 23 36 24 37 25 
38 26 38 25 37 25 37 26 
38 29 39 29 39 27 38 27 
38 33 37 34 39 36 40 35 
39 19 39 21 40 21 40 19 
39 23 38 23 38 24 39 24 
39 25 41 25 41 24 39 24 
39 30 40 30 40 29 39 29 
39 32 39 36 41 36 41 32 
40 26 39 27 40 28 41 27 
40 31 41 30 40 29 39 30 
40 33 41 32 40 31 39 32 
40 39 39 40 41 42 42 41 
41 31 41 30 40 30 40 31 
42 26 40 26 40 28 42 28 
42 45 42 41 36 41 36 45 
43 24 42 23 41 24 42 25 
44 34 41 31 38 34 41 37 
13 25 14 26 15 25 14 24 
16 27 17 26 16 25 15 26 
19 18 20 18 20 17 19 17 
20 31 21 30 20 29 19 30 
20 32 21 33 23 31 22 30 
21 16 22 17 23 16 22 15 
21 24 22 24 22 23 21 23 
24 28 24 29 25 29 25 28 
26 35 27 36 31 32 30 31 
28 40 29 41 30 40 29 39 
29 25 30 24 27 21 26 22 
30 30 31 31 32 30 31 29 
33 18 34 19 37 16 36 15 
34 27 35 28 36 27 35 26 
36 30 37 30 37 28 36 28 
36 39 40 39 40 35 36 35 
25 35 26 35 26 34 25 34 
27 35 26 34 25 35 26 36 
24 38 25 38 25 35 24 35 
