180
11 24 14 27 17 24 14 21 
11 25 17 25 17 24 11 24 
11 32 14 35 20 29 17 26 
12 24 11 25 14 28 15 27 
14 16 15 17 17 15 16 14 
14 17 14 21 15 21 15 17 
14 18 16 20 17 19 15 17 
14 22 15 23 16 22 15 21 
14 29 14 33 20 33 20 29 
14 41 15 42 17 40 16 39 
15 22 14 22 14 23 15 23 
15 28 15 27 14 27 14 28 
15 30 20 35 22 33 17 28 
15 34 16 34 16 32 15 32 
15 35 15 34 14 34 14 35 
15 41 15 36 14 36 14 41 
16 23 19 23 19 22 16 22 
16 37 18 35 17 34 15 36 
16 41 17 41 17 40 16 40 
16 42 16 41 15 41 15 42 
17 17 16 17 16 19 17 19 
17 21 19 23 22 20 20 18 
17 30 17 28 15 28 15 30 
17 33 19 31 18 30 16 32 
17 37 17 34 16 34 16 37 
17 39 16 40 17 41 18 40 
18 15 16 17 20 21 22 19 
18 17 20 19 23 16 21 14 
18 19 18 21 20 21 20 19 
18 28 18 30 21 30 21 28 
18 36 16 34 15 35 17 37 
18 37 19 38 21 36 20 35 
18 39 18 37 17 37 17 39 
19 15 21 17 22 16 20 14 
19 17 19 15 18 15 18 17 
19 25 23 29 25 27 21 23 
19 26 19 25 17 25 17 26 
19 32 20 33 22 31 21 30 
20 17 21 17 21 14 20 14 
20 23 21 22 20 21 19 22 
20 24 20 23 19 23 19 24 
20 36 20 35 18 35 18 36 
20 40 20 41 26 41 26 40 
21 18 23 18 23 17 21 17 
21 21 21 22 23 22 23 21 
21 25 21 24 20 24 20 25 
21 26 22 25 21 24 20 25 
21 40 19 38 18 39 20 41 
22 22 24 24 25 23 23 21 
22 26 22 25 21 25 21 26 
22 27 21 26 20 27 21 28 
22 29 22 31 23 31 23 29 
22 32 22 31 19 31 19 32 
22 35 23 35 23 33 22 33 
22 42 23 42 23 38 22 38 
23 14 23 16 24 16 24 14 
23 15 24 16 25 15 24 14 
23 20 23 19 22 19 22 20 
23 23 25 23 25 22 23 22 
23 27 23 26 22 26 22 27 
23 43 26 40 25 39 22 42 
24 17 25 17 25 16 24 16 
24 18 25 17 24 16 23 17 
24 20 24 24 26 24 26 20 
24 23 23 24 25 26 26 25 
24 25 24 31 26 31 26 25 
24 32 24 37 25 37 25 32 
24 36 25 37 33 29 32 28 
25 18 24 17 23 18 24 19 
25 19 24 20 25 21 26 20 
25 25 24 24 22 26 23 27 
25 30 24 31 25 32 26 31 
25 33 28 30 27 29 24 32 
25 34 27 36 29 34 27 32 
26 21 24 19 23 20 25 22 
26 39 32 33 30 31 24 37 
27 14 25 14 25 15 27 15 
27 16 28 16 28 15 27 15 
27 19 28 20 30 18 29 17 
27 22 28 23 29 22 28 21 
27 23 26 24 28 26 29 25 
27 26 28 26 28 23 27 23 
27 30 27 29 25 29 25 30 
28 13 27 14 28 15 29 14 
28 18 28 17 25 17 25 18 
28 19 29 20 34 15 33 14 
28 25 32 29 33 28 29 24 
28 32 34 32 34 30 28 30 
28 36 28 32 27 32 27 36 
28 37 28 38 33 38 33 37 
29 13 28 13 28 14 29 14 
29 15 28 14 27 15 28 16 
29 16 28 17 34 23 35 22 
29 19 28 19 28 20 29 20 
29 28 29 29 32 29 32 28 
29 31 29 34 30 34 30 31 
30 14 30 18 32 18 32 14 
30 20 29 20 29 22 30 22 
30 28 28 26 27 27 29 29 
30 35 30 39 34 39 34 35 
30 38 32 40 36 36 34 34 
30 41 31 42 32 41 31 40 
31 16 29 16 29 17 31 17 
31 21 32 22 33 21 32 20 
31 26 33 26 33 25 31 25 
31 41 32 41 32 40 31 40 
31 43 31 42 23 42 23 43 
32 19 32 20 34 20 34 19 
32 31 35 34 37 32 34 29 
32 37 33 38 35 36 34 35 
33 24 36 27 37 26 34 23 
33 31 33 29 32 29 32 31 
33 43 34 42 32 40 31 41 
34 14 34 15 37 15 37 14 
34 16 32 18 34 20 36 18 
34 17 38 17 38 16 34 16 
34 24 34 26 37 26 37 24 
34 28 34 26 33 26 33 28 
34 33 34 34 35 34 35 33 
34 36 31 33 30 34 33 37 
34 43 34 42 33 42 33 43 
35 21 35 22 36 22 36 21 
35 25 34 24 33 25 34 26 
35 31 34 32 35 33 36 32 
35 35 36 35 36 34 35 34 
36 12 34 14 38 18 40 16 
36 19 31 24 33 26 38 21 
36 23 40 23 40 22 36 22 
36 28 39 28 39 27 36 27 
36 29 36 32 37 32 37 29 
36 38 36 40 39 40 39 38 
36 41 35 40 33 42 34 43 
37 18 36 18 36 19 37 19 
37 21 38 21 38 19 37 19 
37 25 38 26 39 25 38 24 
37 36 37 35 36 35 36 36 
37 39 36 40 38 42 39 41 
38 20 39 19 38 18 37 19 
38 23 37 24 38 25 39 24 
38 27 39 28 40 27 39 26 
38 31 38 33 40 33 40 31 
38 32 37 33 39 35 40 34 
38 34 38 42 40 42 40 34 
38 35 37 34 36 35 37 36 
39 18 38 17 37 18 38 19 
39 23 40 22 38 20 37 21 
39 32 40 31 39 30 38 31 
39 34 40 33 39 32 38 33 
40 26 41 26 41 23 40 23 
40 37 39 38 41 40 42 39 
41 29 42 28 40 26 39 27 
41 30 41 29 39 29 39 30 
41 39 41 40 42 40 42 39 
41 41 41 40 39 40 39 41 
42 25 42 24 39 24 39 25 
43 23 42 22 41 23 42 24 
44 23 42 21 40 23 42 25 
13 35 14 36 15 35 14 34 
16 15 14 17 16 19 18 17 
17 14 16 14 16 15 17 15 
18 25 19 26 20 25 19 24 
18 38 20 40 22 38 20 36 
19 18 20 18 20 17 19 17 
19 27 18 28 22 32 23 31 
20 26 19 26 19 27 20 27 
25 12 23 14 25 16 27 14 
25 28 27 30 29 28 27 26 
26 37 25 37 25 39 26 39 
27 28 27 27 25 27 25 28 
29 21 30 22 31 21 30 20 
31 31 31 33 32 33 32 31 
34 22 31 25 34 28 37 25 
35 23 35 22 34 22 34 23 
35 41 36 41 36 40 35 40 
36 20 35 21 36 22 37 21 
36 25 36 23 35 23 35 25 
39 17 38 17 38 18 39 18 
40 40 41 41 42 40 41 39 
43 22 42 22 42 23 43 23 
32 38 35 41 36 40 33 37 
