140
10 32 14 36 18 32 14 28 
11 28 14 31 19 26 16 23 
11 30 14 30 14 28 11 28 
13 31 15 33 16 32 14 30 
13 36 14 36 14 31 13 31 
14 16 14 19 19 19 19 16 
14 17 19 22 21 20 16 15 
14 21 14 24 22 24 22 21 
14 35 15 36 19 32 18 31 
14 37 15 37 15 36 14 36 
15 22 15 23 16 23 16 22 
15 26 16 27 20 23 19 22 
16 17 17 18 19 16 18 15 
16 24 17 23 16 22 15 23 
16 26 16 27 19 27 19 26 
16 31 16 32 18 32 18 31 
16 37 15 36 14 37 15 38 
16 38 16 37 15 37 15 38 
16 40 17 41 21 37 20 36 
17 25 20 25 20 23 17 23 
17 38 16 39 18 41 19 40 
17 39 17 38 16 38 16 39 
18 17 18 15 16 15 16 17 
18 19 17 18 14 21 15 22 
18 28 19 27 17 25 16 26 
18 34 15 37 16 38 19 35 
18 38 22 38 22 34 18 34 
18 39 17 39 17 41 18 41 
19 28 21 28 21 27 19 27 
19 30 19 32 20 32 20 30 
20 31 24 35 26 33 22 29 
21 17 19 19 20 20 22 18 
21 19 26 19 26 17 21 17 
21 26 22 27 25 24 24 23 
21 31 25 31 25 28 21 28 
22 8 14 16 22 24 30 16 
22 26 25 26 25 24 22 24 
22 32 30 32 30 29 22 29 
23 8 22 8 22 18 23 18 
23 16 17 22 20 25 26 19 
23 38 26 35 19 28 16 31 
23 40 23 38 22 38 22 40 
24 16 26 16 26 15 24 15 
24 24 26 26 29 23 27 21 
24 32 26 34 27 33 25 31 
24 34 24 35 26 35 26 34 
24 36 25 37 27 35 26 34 
24 39 24 36 20 36 20 39 
25 16 26 17 27 16 26 15 
25 29 22 32 24 34 27 31 
25 39 24 40 26 42 27 41 
25 40 25 39 24 39 24 40 
26 21 26 26 27 26 27 21 
26 28 30 32 31 31 27 27 
26 31 27 31 27 28 26 28 
26 41 27 41 27 35 26 35 
26 44 29 41 25 37 22 40 
27 34 32 34 32 33 27 33 
27 36 24 39 25 40 28 37 
28 16 28 20 30 20 30 16 
28 24 30 24 30 21 28 21 
28 25 27 26 30 29 31 28 
28 36 32 40 33 39 29 35 
28 39 33 39 33 37 28 37 
29 25 30 26 31 25 30 24 
29 31 29 35 31 35 31 31 
29 33 31 35 32 34 30 32 
29 40 32 40 32 36 29 36 
29 42 32 42 32 41 29 41 
29 44 29 42 26 42 26 44 
30 27 30 26 27 26 27 27 
30 31 40 21 37 18 27 28 
30 35 29 36 34 41 35 40 
30 41 29 40 28 41 29 42 
31 19 30 20 33 23 34 22 
31 22 33 20 32 19 30 21 
31 23 29 23 29 25 31 25 
31 27 30 27 30 28 31 28 
31 30 34 30 34 28 31 28 
31 41 32 42 33 41 32 40 
32 17 31 17 31 19 32 19 
32 24 35 27 36 26 33 23 
33 16 33 20 36 20 36 16 
33 31 34 30 31 27 30 28 
33 34 34 35 39 30 38 29 
33 35 32 36 33 37 34 36 
33 36 34 36 34 35 33 35 
33 42 34 42 34 41 33 41 
34 20 31 17 28 20 31 23 
34 32 33 31 32 32 33 33 
34 39 38 39 38 37 34 37 
34 43 35 42 34 41 33 42 
35 13 32 16 36 20 39 17 
35 18 35 27 37 27 37 18 
35 29 36 28 35 27 34 28 
35 30 36 30 36 29 35 29 
35 32 35 31 34 31 34 32 
35 36 34 35 33 36 34 37 
35 38 35 40 39 40 39 38 
35 43 35 42 34 42 34 43 
36 24 38 24 38 20 36 20 
36 33 33 33 33 34 36 34 
36 39 38 37 37 36 35 38 
37 23 38 24 42 20 41 19 
37 30 37 36 39 36 39 30 
38 15 41 15 41 14 38 14 
38 26 40 26 40 24 38 24 
38 27 38 29 42 29 42 27 
39 13 35 13 35 17 39 17 
39 19 36 16 35 17 38 20 
39 25 40 26 41 25 40 24 
39 29 40 28 38 26 37 27 
40 16 41 15 39 13 38 14 
40 20 40 21 42 21 42 20 
40 23 42 21 37 16 35 18 
41 28 40 28 40 32 41 32 
41 40 39 40 39 42 41 42 
42 17 42 15 41 15 41 17 
43 28 42 27 41 28 42 29 
15 40 16 40 16 39 15 39 
15 41 16 40 15 39 14 40 
18 22 22 26 24 24 20 20 
19 31 20 32 21 31 20 30 
20 19 20 20 21 20 21 19 
21 35 23 37 24 36 22 34 
22 39 23 40 24 39 23 38 
23 35 21 35 21 37 23 37 
25 33 26 33 26 31 25 31 
27 22 35 30 36 29 28 21 
30 13 29 14 32 17 33 16 
30 45 33 42 32 41 29 44 
31 34 32 35 33 34 32 33 
32 26 36 26 36 24 32 24 
37 26 38 27 41 24 40 23 
40 41 41 40 40 39 39 40 
40 43 41 42 40 41 39 42 
14 39 15 40 16 39 15 38 
14 41 15 41 15 40 14 40 
38 41 40 41 40 39 38 39 
37 40 38 41 39 40 38 39 
