135
11 30 15 34 18 31 14 27 
11 33 17 39 25 31 19 25 
14 19 16 19 16 18 14 18 
14 26 14 27 19 27 19 26 
14 31 18 31 18 28 14 28 
15 15 15 21 18 21 18 15 
15 18 16 19 19 16 18 15 
15 19 18 22 19 21 16 18 
15 23 14 24 18 28 19 27 
15 24 15 23 14 23 14 24 
15 37 17 37 17 35 15 35 
15 38 15 40 21 40 21 38 
16 14 15 15 22 22 23 21 
16 16 19 16 19 14 16 14 
16 22 21 17 20 16 15 21 
16 23 19 26 21 24 18 21 
16 24 15 24 15 34 16 34 
16 30 19 33 21 31 18 28 
16 36 17 35 16 34 15 35 
16 41 17 42 21 38 20 37 
17 34 19 34 19 33 17 33 
18 23 18 22 16 22 16 23 
18 27 24 33 25 32 19 26 
18 30 19 31 24 26 23 25 
18 40 20 42 21 41 19 39 
19 17 20 17 20 16 19 16 
19 28 30 28 30 27 19 27 
19 32 21 32 21 31 19 31 
19 36 21 34 19 32 17 34 
19 37 17 37 17 39 19 39 
20 20 21 20 21 17 20 17 
20 21 20 20 19 20 19 21 
20 39 25 39 25 37 20 37 
21 16 20 17 23 20 24 19 
21 21 23 21 23 20 21 20 
21 25 23 25 23 24 21 24 
21 26 23 24 20 21 18 23 
21 36 21 34 19 34 19 36 
22 31 22 32 25 32 25 31 
22 38 22 40 24 40 24 38 
22 42 29 42 29 41 22 41 
23 17 22 18 24 20 25 19 
23 22 24 22 24 21 23 21 
23 23 26 26 27 25 24 22 
23 29 24 29 24 26 23 26 
23 39 24 40 25 39 24 38 
24 25 27 25 27 22 24 22 
24 35 25 35 25 33 24 33 
24 36 19 31 17 33 22 38 
24 37 26 35 24 33 22 35 
25 17 25 19 26 19 26 17 
25 20 25 19 24 19 24 20 
25 22 26 21 25 20 24 21 
25 26 28 23 27 22 24 25 
25 29 26 29 26 26 25 26 
25 36 26 36 26 35 25 35 
25 38 24 37 21 40 22 41 
25 40 27 40 27 39 25 39 
26 20 28 22 29 21 27 19 
26 31 32 37 33 36 27 30 
26 34 29 31 28 30 25 33 
27 14 26 15 29 18 30 17 
27 16 32 16 32 14 27 14 
27 20 27 19 26 19 26 20 
27 35 26 34 25 35 26 36 
27 36 33 36 33 35 27 35 
27 37 27 36 26 36 26 37 
27 38 28 37 27 36 26 37 
28 18 28 21 29 21 29 18 
28 25 27 25 27 30 28 30 
28 31 29 31 29 30 28 30 
28 34 28 37 30 37 30 34 
28 38 28 37 27 37 27 38 
28 39 33 39 33 38 28 38 
28 41 29 42 33 38 32 37 
29 28 33 32 34 31 30 27 
30 19 29 18 27 20 28 21 
30 21 31 22 34 19 33 18 
30 23 30 22 28 22 28 23 
30 25 34 25 34 23 30 23 
30 36 31 37 33 35 32 34 
30 38 32 40 33 39 31 37 
30 40 28 38 27 39 29 41 
31 18 33 18 33 17 31 17 
31 19 31 22 34 22 34 19 
31 25 39 33 42 30 34 22 
31 34 31 37 32 37 32 34 
31 43 33 41 32 40 30 42 
32 18 33 17 32 16 31 17 
32 25 33 24 31 22 30 23 
32 42 32 40 30 40 30 42 
33 19 32 18 31 19 32 20 
33 27 33 29 40 29 40 27 
33 31 33 32 34 32 34 31 
35 14 35 17 40 17 40 14 
35 16 36 15 35 14 34 15 
35 26 35 33 37 33 37 26 
35 39 33 39 33 41 35 41 
36 16 41 16 41 15 36 15 
36 38 37 39 40 36 39 35 
36 41 37 41 37 39 36 39 
37 17 36 16 35 17 36 18 
37 21 30 28 33 31 40 24 
37 35 39 35 39 33 37 33 
37 43 39 41 37 39 35 41 
38 24 33 29 37 33 42 28 
38 25 38 34 41 34 41 25 
38 43 38 41 37 41 37 43 
39 18 41 20 42 19 40 17 
39 20 39 24 40 24 40 20 
39 28 40 27 38 25 37 26 
39 30 42 30 42 28 39 28 
40 21 39 20 34 25 35 26 
40 35 36 39 38 41 42 37 
40 37 42 37 42 36 40 36 
42 26 41 25 34 32 35 33 
42 39 40 37 36 41 38 43 
11 28 14 31 18 27 15 24 
14 41 15 42 16 41 15 40 
19 42 20 42 20 39 19 39 
20 24 21 25 23 23 22 22 
21 39 22 40 23 39 22 38 
22 21 23 22 24 21 23 20 
22 23 23 23 23 22 22 22 
22 36 24 36 24 35 22 35 
25 21 26 21 26 20 25 20 
26 38 27 37 26 36 25 37 
26 39 27 40 28 39 27 38 
27 23 30 26 31 25 28 22 
36 34 37 35 38 34 37 33 
38 29 39 30 40 29 39 28 
38 38 38 34 36 34 36 38 
14 36 14 41 16 41 16 36 
27 34 30 37 38 29 35 26 
27 31 26 31 26 34 27 34 
