150
11 29 14 32 19 27 16 24 
11 30 14 30 14 29 11 29 
12 19 14 21 19 16 17 14 
13 17 14 18 17 15 16 14 
13 28 14 29 18 25 17 24 
13 33 17 37 18 36 14 32 
13 41 14 42 15 41 14 40 
14 23 14 25 18 25 18 23 
14 31 16 33 17 32 15 30 
14 33 14 37 16 37 16 33 
14 39 16 41 18 39 16 37 
15 17 15 24 16 24 16 17 
15 19 17 21 22 16 20 14 
15 31 15 30 14 30 14 31 
15 34 18 37 19 36 16 33 
15 36 18 36 18 34 15 34 
15 37 20 42 23 39 18 34 
15 39 16 40 18 38 17 37 
15 40 15 39 14 39 14 40 
16 15 17 15 17 14 16 14 
16 21 18 23 20 21 18 19 
16 27 17 27 17 24 16 24 
16 29 17 30 18 29 17 28 
17 19 17 21 18 21 18 19 
17 29 17 28 16 28 16 29 
17 31 19 31 19 30 17 30 
17 38 18 38 18 37 17 37 
17 40 17 42 20 42 20 40 
18 27 18 29 19 29 19 27 
18 31 20 33 21 32 19 30 
19 17 17 19 19 21 21 19 
19 23 20 23 20 21 19 21 
19 28 20 27 19 26 18 27 
20 16 19 16 19 17 20 17 
20 24 22 24 22 23 20 23 
20 29 20 33 23 33 23 29 
20 32 23 29 22 28 19 31 
20 34 22 32 19 29 17 31 
20 36 23 36 23 34 20 34 
20 38 21 39 25 35 24 34 
20 39 21 39 21 38 20 38 
21 25 25 25 25 19 21 19 
21 28 21 32 22 32 22 28 
21 36 24 39 26 37 23 34 
22 27 29 20 28 19 21 26 
23 15 23 18 25 18 25 15 
23 16 18 21 20 23 25 18 
23 21 23 23 27 23 27 21 
23 25 24 24 23 23 22 24 
23 26 22 26 22 27 23 27 
23 37 26 37 26 36 23 36 
23 40 24 41 25 40 24 39 
23 43 24 42 21 39 20 40 
24 18 25 19 28 16 27 15 
24 30 25 31 27 29 26 28 
24 31 24 32 25 32 25 31 
24 37 27 34 26 33 23 36 
24 40 24 39 23 39 23 40 
25 20 22 23 28 29 31 26 
25 26 24 26 24 30 25 30 
25 34 27 34 27 32 25 32 
25 39 28 42 30 40 27 37 
25 41 25 40 24 40 24 41 
26 20 25 19 23 21 24 22 
26 26 28 24 27 23 25 25 
26 39 27 39 27 37 26 37 
27 16 27 19 28 19 28 16 
27 26 27 29 28 29 28 26 
27 42 28 42 28 39 27 39 
28 22 24 22 24 24 28 24 
28 31 29 31 29 30 28 30 
28 33 28 31 26 31 26 33 
28 36 31 36 31 35 28 35 
28 37 26 39 29 42 31 40 
28 40 27 39 25 41 26 42 
29 11 25 15 30 20 34 16 
29 18 29 20 30 20 30 18 
29 22 31 24 36 19 34 17 
29 25 34 25 34 22 29 22 
29 32 29 40 30 40 30 32 
29 35 25 31 24 32 28 36 
29 44 31 42 29 40 27 42 
30 21 32 21 32 20 30 20 
30 22 32 24 34 22 32 20 
30 24 32 26 37 21 35 19 
30 26 31 26 31 24 30 24 
30 28 32 30 34 28 32 26 
30 30 29 29 28 30 29 31 
30 31 31 32 38 25 37 24 
30 38 33 41 35 39 32 36 
30 44 30 42 29 42 29 44 
31 11 29 11 29 16 31 16 
31 14 30 15 31 16 32 15 
31 17 34 17 34 16 31 16 
31 22 27 26 30 29 34 25 
31 30 32 30 32 26 31 26 
31 31 31 30 30 30 30 31 
32 28 34 26 32 24 30 26 
32 32 33 31 32 30 31 31 
32 35 29 32 28 33 31 36 
32 37 34 37 34 36 32 36 
32 40 31 40 31 42 32 42 
33 20 30 17 29 18 32 21 
33 32 34 33 38 29 37 28 
33 38 35 38 35 35 33 35 
34 31 37 31 37 28 34 28 
34 32 33 32 33 33 34 33 
34 34 35 35 38 32 37 31 
34 39 35 38 34 37 33 38 
35 17 38 17 38 16 35 16 
35 20 35 19 33 19 33 20 
35 24 35 21 32 21 32 24 
35 26 35 25 34 25 34 26 
35 32 38 32 38 29 35 29 
35 42 39 42 39 39 35 39 
36 15 38 17 39 16 37 14 
36 17 39 20 42 17 39 14 
36 18 39 21 41 19 38 16 
36 22 36 23 38 23 38 22 
37 20 37 21 39 21 39 20 
37 23 39 25 40 24 38 22 
38 24 38 25 39 25 39 24 
38 36 42 36 42 32 38 32 
38 40 39 39 35 35 34 36 
41 16 41 14 39 14 39 16 
41 17 41 19 42 19 42 17 
41 38 38 41 39 42 42 39 
42 21 41 20 38 23 39 24 
42 31 42 24 40 24 40 31 
43 33 42 32 38 36 39 37 
43 34 43 33 34 33 34 34 
13 24 14 25 15 24 14 23 
15 28 15 24 13 24 13 28 
15 32 17 32 17 31 15 31 
16 26 17 27 20 24 19 23 
19 25 19 26 21 26 21 25 
22 41 23 40 21 38 20 39 
22 42 24 42 24 41 22 41 
23 32 24 31 21 28 20 29 
24 35 25 35 25 34 24 34 
27 30 26 31 27 32 28 31 
29 27 30 26 29 25 28 26 
29 28 29 29 30 29 30 28 
30 34 31 35 33 33 32 32 
32 31 31 31 31 32 32 32 
33 40 35 42 36 41 34 39 
36 35 39 38 43 34 40 31 
36 40 36 41 38 41 38 40 
41 35 41 26 36 26 36 35 
41 37 39 37 39 38 41 38 
