147
12 38 14 40 17 37 15 35 
12 42 18 42 18 38 12 38 
13 24 14 25 16 23 15 22 
13 33 16 33 16 24 13 24 
13 43 15 41 14 40 12 42 
14 19 14 22 15 22 15 19 
14 33 15 34 16 33 15 32 
14 34 14 35 15 35 15 34 
14 39 14 40 17 40 17 39 
15 14 15 15 16 15 16 14 
15 16 15 15 14 15 14 16 
15 17 14 18 15 19 16 18 
15 18 15 17 14 17 14 18 
15 29 17 29 17 27 15 27 
15 36 16 35 15 34 14 35 
15 38 16 37 15 36 14 37 
16 17 16 18 17 18 17 17 
16 19 17 18 16 17 15 18 
16 22 15 22 15 23 16 23 
16 28 15 27 14 28 15 29 
16 32 15 31 13 33 14 34 
16 36 16 35 15 35 15 36 
16 40 18 42 19 41 17 39 
16 41 17 40 15 38 14 39 
17 23 16 22 15 23 16 24 
17 26 18 27 19 26 18 25 
17 32 17 35 20 35 20 32 
17 36 16 36 16 37 17 37 
18 16 16 14 15 15 17 17 
18 26 18 27 19 27 19 26 
18 28 19 27 18 26 17 27 
18 35 17 36 21 40 22 39 
19 19 20 20 23 17 22 16 
19 21 20 21 20 20 19 20 
19 22 23 26 24 25 20 21 
19 25 19 22 18 22 18 25 
19 32 18 33 20 35 21 34 
20 25 23 25 23 21 20 21 
20 30 23 30 23 26 20 26 
20 38 19 39 22 42 23 41 
21 23 21 18 17 18 17 23 
21 25 25 29 29 25 25 21 
21 28 22 29 24 27 23 26 
21 30 22 31 23 30 22 29 
21 31 21 34 22 34 22 31 
21 32 26 37 27 36 22 31 
21 36 22 37 27 32 26 31 
22 15 22 16 23 16 23 15 
22 22 22 29 25 29 25 22 
22 30 21 29 20 30 21 31 
22 36 22 37 24 37 24 36 
22 38 23 39 25 37 24 36 
22 41 23 41 23 39 22 39 
24 19 25 20 27 18 26 17 
24 21 25 22 26 21 25 20 
24 24 22 22 21 23 23 25 
24 29 25 30 28 27 27 26 
25 18 25 20 27 20 27 18 
25 31 25 30 23 30 23 31 
25 34 29 34 29 33 25 33 
25 39 28 36 25 33 22 36 
26 16 23 16 23 17 26 17 
26 30 26 31 29 31 29 30 
26 38 26 41 32 41 32 38 
27 23 27 26 32 26 32 23 
27 27 27 32 28 32 28 27 
27 29 26 30 28 32 29 31 
27 35 27 36 28 36 28 35 
28 10 23 15 28 20 33 15 
28 21 34 27 37 24 31 18 
28 24 33 24 33 21 28 21 
28 25 28 24 24 24 24 25 
28 39 28 42 29 42 29 39 
29 36 28 36 28 37 29 37 
29 47 34 42 29 37 24 42 
30 24 32 26 35 23 33 21 
30 40 32 42 34 40 32 38 
30 47 30 42 29 42 29 47 
31 10 28 10 28 18 31 18 
31 27 31 30 34 30 34 27 
31 32 42 21 40 19 29 30 
31 37 25 31 23 33 29 39 
31 40 32 41 34 39 33 38 
31 46 26 41 25 42 30 47 
32 16 32 17 34 17 34 16 
32 33 34 35 37 32 35 30 
32 35 34 33 31 30 29 32 
32 36 36 40 37 39 33 35 
33 16 32 17 33 18 34 17 
33 17 32 18 34 20 35 19 
33 23 38 28 40 26 35 21 
33 29 34 30 42 22 41 21 
33 33 32 33 32 35 33 35 
33 40 33 42 34 42 34 40 
34 15 35 15 35 14 34 14 
34 31 34 32 37 32 37 31 
34 38 34 35 33 35 33 38 
35 13 34 14 35 15 36 14 
35 20 35 19 34 19 34 20 
35 34 35 36 37 36 37 34 
35 38 36 39 38 37 37 36 
35 39 35 38 34 38 34 39 
35 40 36 40 36 39 35 39 
36 15 35 15 35 17 36 17 
36 16 35 15 34 16 35 17 
36 21 35 20 32 23 33 24 
36 23 36 21 35 21 35 23 
37 16 37 19 38 19 38 16 
37 22 37 24 42 24 42 22 
37 29 37 24 33 24 33 29 
37 37 37 39 38 39 38 37 
37 40 39 42 40 41 38 39 
38 36 34 32 33 33 37 37 
39 18 37 16 36 17 38 19 
39 26 40 26 40 19 39 19 
39 29 39 33 41 33 41 29 
40 30 39 29 37 31 38 32 
40 32 39 33 40 34 41 33 
41 20 41 21 42 21 42 20 
41 37 41 34 40 34 40 37 
13 16 14 17 15 16 14 15 
13 18 14 19 15 18 14 17 
14 36 14 37 15 37 15 36 
18 29 21 29 21 28 18 28 
19 31 20 30 18 28 17 29 
20 17 21 18 23 16 22 15 
20 24 21 23 19 21 18 22 
20 37 20 38 22 38 22 37 
20 43 22 41 21 40 19 42 
24 14 19 14 19 19 24 19 
24 20 24 21 25 21 25 20 
24 39 25 39 25 37 24 37 
26 39 29 42 31 40 28 37 
27 24 28 25 34 19 33 18 
27 41 28 42 30 40 29 39 
30 11 34 15 35 14 31 10 
30 36 32 36 32 35 30 35 
30 37 30 40 31 40 31 37 
31 31 29 31 29 32 31 32 
31 35 33 33 31 31 29 33 
31 36 30 35 29 36 30 37 
36 41 37 40 36 39 35 40 
37 41 37 40 36 40 36 41 
40 31 38 31 38 32 40 32 
43 34 40 31 37 34 40 37 
16 34 17 35 20 32 19 31 
18 34 18 33 16 33 16 34 
