35
10 34 18 42 29 31 21 23 
10 37 30 37 30 34 10 34 
11 34 16 39 25 30 20 25 
13 27 21 35 24 32 16 24 
14 27 32 27 32 18 14 18 
16 17 16 24 18 24 18 17 
16 20 17 19 15 17 14 18 
20 24 18 24 18 25 20 25 
20 36 39 36 39 25 20 25 
22 17 19 20 22 23 25 20 
22 35 22 23 21 23 21 35 
22 37 26 33 18 25 14 29 
24 39 36 27 35 26 23 38 
25 25 32 32 39 25 32 18 
26 21 27 21 27 19 26 19 
26 26 26 21 23 21 23 26 
27 33 27 26 26 26 26 33 
31 23 31 26 35 26 35 23 
31 42 31 33 27 33 27 42 
32 15 36 19 37 18 33 14 
32 34 33 33 32 32 31 33 
33 40 42 40 42 33 33 33 
35 11 27 19 31 23 39 15 
35 27 32 27 32 32 35 32 
36 16 36 19 42 19 42 16 
37 15 37 18 39 18 39 15 
38 35 35 32 30 37 33 40 
40 19 39 18 31 26 32 27 
48 22 42 16 35 23 41 29 
13 29 14 29 14 27 13 27 
14 19 17 22 19 20 16 17 
17 32 17 39 24 39 24 32 
24 33 31 26 26 21 19 28 
32 14 32 15 33 15 33 14 
10 32 17 39 20 36 13 29 
