156
11 24 14 27 17 24 14 21 
11 26 14 26 14 24 11 24 
12 18 14 20 16 18 14 16 
12 19 16 19 16 18 12 18 
12 22 14 24 16 22 14 20 
12 28 16 28 16 22 12 22 
13 25 14 26 15 25 14 24 
13 34 15 36 16 35 14 33 
14 17 16 19 17 18 15 16 
14 30 16 28 14 26 12 28 
14 31 19 36 21 34 16 29 
14 35 14 39 16 39 16 35 
15 15 15 16 20 16 20 15 
15 17 15 16 14 16 14 17 
15 26 18 26 18 25 15 25 
15 27 15 26 14 26 14 27 
15 31 15 33 19 33 19 31 
16 31 23 38 26 35 19 28 
16 42 19 42 19 39 16 39 
17 23 20 26 23 23 20 20 
17 25 18 26 20 24 19 23 
17 31 15 33 17 35 19 33 
17 33 19 31 17 29 15 31 
17 40 19 38 18 37 16 39 
17 43 20 40 19 39 16 42 
18 18 18 19 19 19 19 18 
18 28 19 29 21 27 20 26 
18 29 18 28 17 28 17 29 
18 35 17 35 17 37 18 37 
18 38 19 38 19 37 18 37 
19 21 19 23 20 23 20 21 
19 24 19 23 17 23 17 24 
19 25 20 25 20 24 19 24 
19 26 20 25 19 24 18 25 
19 27 19 26 18 26 18 27 
19 35 21 37 28 30 26 28 
20 17 19 18 23 22 24 21 
20 18 19 17 18 18 19 19 
20 22 21 23 26 18 25 17 
20 29 22 29 22 26 20 26 
20 31 21 32 23 30 22 29 
20 32 21 32 21 31 20 31 
20 39 18 41 19 42 21 40 
20 41 20 42 26 42 26 41 
21 14 20 15 24 19 25 18 
21 16 20 16 20 17 21 17 
21 18 25 18 25 17 21 17 
21 20 21 18 20 18 20 20 
21 22 20 23 25 28 26 27 
21 24 21 27 26 27 26 24 
21 28 21 27 19 27 19 28 
21 33 21 34 23 34 23 33 
21 35 25 39 27 37 23 33 
21 36 21 35 19 35 19 36 
21 39 20 39 20 40 21 40 
22 16 21 17 25 21 26 20 
22 28 20 30 21 31 23 29 
22 30 23 30 23 29 22 29 
22 38 21 37 20 38 21 39 
23 20 21 20 21 22 23 22 
23 26 24 26 24 23 23 23 
23 36 27 36 27 34 23 34 
23 37 23 38 27 38 27 37 
23 40 24 39 23 38 22 39 
23 45 26 42 23 39 20 42 
24 20 24 21 25 21 25 20 
24 32 24 39 25 39 25 32 
24 40 24 39 23 39 23 40 
25 19 26 19 26 18 25 18 
25 26 27 26 27 25 25 25 
25 31 28 34 33 29 30 26 
26 14 25 15 30 20 31 19 
26 16 26 14 22 14 22 16 
26 21 27 20 26 19 25 20 
26 26 27 25 26 24 25 25 
26 31 26 28 25 28 25 31 
26 33 27 32 26 31 25 32 
27 17 27 20 30 20 30 17 
27 21 27 20 26 20 26 21 
28 13 27 14 29 16 30 15 
28 21 26 23 29 26 31 24 
28 28 33 28 33 27 28 27 
28 29 28 30 31 30 31 29 
28 35 29 36 30 35 29 34 
28 39 27 38 25 40 26 41 
28 40 29 41 30 40 29 39 
29 15 29 16 30 16 30 15 
29 22 29 26 30 26 30 22 
29 24 26 21 24 23 27 26 
29 32 29 26 27 26 27 32 
29 33 29 34 30 34 30 33 
29 35 29 34 28 34 28 35 
29 38 30 39 36 33 35 32 
29 40 29 39 28 39 28 40 
30 32 35 32 35 26 30 26 
30 36 34 40 35 39 31 35 
30 38 30 36 29 36 29 38 
30 41 30 40 29 40 29 41 
31 22 31 24 35 24 35 22 
31 34 30 34 30 35 31 35 
31 36 41 36 41 35 31 35 
31 40 30 39 29 40 30 41 
32 16 32 18 37 18 37 16 
32 27 33 28 35 26 34 25 
32 29 29 26 28 27 31 30 
32 31 31 30 29 32 30 33 
32 33 36 29 32 25 28 29 
32 42 34 42 34 40 32 40 
33 13 30 16 32 18 35 15 
33 19 33 20 37 20 37 19 
33 24 35 22 34 21 32 23 
33 31 32 31 32 33 33 33 
33 34 36 34 36 33 33 33 
34 23 32 23 32 25 34 25 
34 41 35 42 36 41 35 40 
35 17 41 17 41 15 35 15 
35 21 37 19 35 17 33 19 
35 25 38 28 39 27 36 24 
35 29 33 27 31 29 33 31 
35 35 38 38 39 37 36 34 
35 38 30 38 30 39 35 39 
36 17 33 14 30 17 33 20 
36 19 37 20 38 19 37 18 
36 25 36 24 35 24 35 25 
36 40 37 41 39 39 38 38 
37 22 37 23 39 23 39 22 
37 39 37 41 38 41 38 39 
37 40 38 41 39 40 38 39 
38 23 37 22 35 24 36 25 
38 26 37 26 37 28 38 28 
38 27 37 26 36 27 37 28 
38 33 38 38 42 38 42 33 
38 34 36 32 30 38 32 40 
39 24 40 24 40 23 39 23 
40 13 33 13 33 14 40 14 
40 21 41 21 41 18 40 18 
40 35 42 33 40 31 38 33 
41 13 40 14 41 15 42 14 
41 22 40 21 39 22 40 23 
41 24 40 23 39 24 40 25 
41 31 41 25 40 25 40 31 
42 21 41 21 41 22 42 22 
42 40 42 39 39 39 39 40 
43 23 42 22 40 24 41 25 
45 18 40 13 37 16 42 21 
15 35 17 37 19 35 17 33 
16 43 18 41 17 40 15 42 
19 30 20 30 20 29 19 29 
21 45 23 45 23 40 21 40 
25 23 26 23 26 21 25 21 
27 22 28 22 28 21 27 21 
34 17 34 21 35 21 35 17 
35 41 36 41 36 40 35 40 
15 43 16 43 16 42 15 42 
33 41 34 42 35 41 34 40 
31 41 32 42 33 41 32 40 
