180
13 23 15 25 17 23 15 21 
13 24 17 24 17 23 13 23 
14 25 15 25 15 21 14 21 
14 32 16 34 19 31 17 29 
14 33 17 36 18 35 15 32 
14 37 15 37 15 36 14 36 
14 39 15 40 16 39 15 38 
15 17 16 16 15 15 14 16 
15 18 16 19 20 15 19 14 
15 20 25 30 26 29 16 19 
15 27 18 27 18 25 15 25 
15 31 14 31 14 32 15 32 
15 39 16 39 16 38 15 38 
16 18 20 22 21 21 17 17 
16 25 17 26 18 25 17 24 
16 28 16 31 19 31 19 28 
16 29 18 27 17 26 15 28 
16 40 17 40 17 39 16 39 
17 15 15 15 15 17 17 17 
17 18 21 18 21 17 17 17 
17 19 17 18 16 18 16 19 
17 25 23 31 25 29 19 23 
17 35 17 36 18 36 18 35 
17 37 20 40 21 39 18 36 
17 41 18 40 17 39 16 40 
18 21 18 22 20 22 20 21 
18 31 14 35 15 36 19 32 
18 41 22 37 21 36 17 40 
19 15 20 15 20 14 19 14 
19 29 21 31 23 29 21 27 
19 39 21 39 21 36 19 36 
20 16 20 19 27 19 27 16 
20 27 21 27 21 22 20 22 
20 31 19 31 19 32 20 32 
20 37 22 37 22 32 20 32 
20 41 20 40 18 40 18 41 
21 15 20 14 19 15 20 16 
21 20 20 21 21 22 22 21 
21 32 22 31 21 30 20 31 
21 33 23 35 24 34 22 32 
21 37 23 39 25 37 23 35 
21 41 22 42 23 41 22 40 
22 15 22 18 23 18 23 15 
22 26 24 26 24 23 22 23 
22 29 22 31 23 31 23 29 
22 39 21 39 21 40 22 40 
23 19 27 15 26 14 22 18 
23 21 23 20 22 20 22 21 
23 22 22 23 23 24 24 23 
23 23 25 25 27 23 25 21 
23 33 23 35 25 35 25 33 
23 38 22 39 25 42 26 41 
24 20 23 19 22 20 23 21 
24 22 24 21 23 21 23 22 
24 33 26 35 28 33 26 31 
25 16 23 14 22 15 24 17 
25 18 27 20 29 18 27 16 
25 22 30 22 30 21 25 21 
25 24 23 24 23 25 25 25 
25 26 23 24 20 27 22 29 
25 28 25 29 26 29 26 28 
25 36 26 37 27 36 26 35 
25 38 26 38 26 37 25 37 
25 39 25 38 23 38 23 39 
25 40 22 40 22 42 25 42 
26 15 27 15 27 14 26 14 
26 20 26 23 27 23 27 20 
26 30 25 30 25 31 26 31 
26 32 27 31 26 30 25 31 
26 36 26 35 25 35 25 36 
26 39 29 42 31 40 28 37 
27 17 24 14 23 15 26 18 
27 21 28 20 27 19 26 20 
27 27 32 32 33 31 28 26 
27 29 27 31 28 31 28 29 
27 32 27 33 28 33 28 32 
27 35 26 34 25 35 26 36 
27 37 28 37 28 36 27 36 
27 39 28 38 27 37 26 38 
27 41 27 39 26 39 26 41 
28 18 31 21 33 19 30 16 
28 21 27 20 25 22 26 23 
28 22 33 27 38 22 33 17 
28 24 28 26 31 26 31 24 
28 34 29 33 28 32 27 33 
28 35 33 35 33 34 28 34 
28 40 27 41 28 42 29 41 
28 41 28 42 29 42 29 41 
29 16 28 16 28 18 29 18 
29 22 31 24 32 23 30 21 
29 23 29 28 32 28 32 23 
29 31 29 32 32 32 32 31 
29 36 30 36 30 33 29 33 
29 40 31 38 30 37 28 39 
30 17 30 19 33 19 33 17 
30 26 27 29 29 31 32 28 
30 27 26 23 25 24 29 28 
30 38 30 37 28 37 28 38 
30 40 31 40 31 38 30 38 
31 18 30 19 33 22 34 21 
31 23 32 22 31 21 30 22 
31 30 29 32 30 33 32 31 
31 33 28 36 30 38 33 35 
31 34 30 33 28 35 29 36 
31 42 32 42 32 41 31 41 
31 43 32 42 31 41 30 42 
32 15 33 16 34 15 33 14 
32 29 34 31 35 30 33 28 
32 35 33 36 34 35 33 34 
32 40 39 40 39 39 32 39 
33 15 34 15 34 14 33 14 
33 21 34 21 34 19 33 19 
33 29 33 28 32 28 32 29 
33 33 34 33 34 31 33 31 
34 18 36 18 36 17 34 17 
34 22 33 22 33 23 34 23 
34 24 35 23 34 22 33 23 
34 27 34 24 33 24 33 27 
34 36 34 38 37 38 37 36 
34 41 34 38 33 38 33 41 
35 17 36 16 34 14 33 15 
35 18 36 17 35 16 34 17 
35 27 35 28 40 28 40 27 
35 34 34 34 34 35 35 35 
35 39 34 38 32 40 33 41 
35 40 33 38 32 39 34 41 
36 19 35 18 34 19 35 20 
36 25 34 27 35 28 37 26 
36 34 35 35 39 39 40 38 
36 37 37 38 38 37 37 36 
36 39 38 41 39 40 37 38 
37 16 37 18 40 18 40 16 
37 19 37 18 36 18 36 19 
37 22 38 22 38 19 37 19 
38 16 36 18 37 19 39 17 
38 20 40 22 42 20 40 18 
38 26 40 26 40 22 38 22 
38 34 36 34 36 37 38 37 
38 38 37 38 37 41 38 41 
39 20 38 19 36 21 37 22 
39 21 36 21 36 25 39 25 
39 27 33 33 34 34 40 28 
39 31 39 34 40 34 40 31 
41 20 42 19 38 15 37 16 
41 32 42 31 41 30 40 31 
41 33 39 31 38 32 40 34 
42 21 41 20 40 21 41 22 
42 33 42 32 41 32 41 33 
42 34 40 34 40 36 42 36 
12 27 16 31 18 29 14 25 
12 28 15 28 15 27 12 27 
13 29 14 30 16 28 15 27 
14 17 14 18 15 18 15 17 
14 38 15 39 16 38 15 37 
14 40 15 40 15 39 14 39 
15 19 16 18 15 17 14 18 
15 41 16 40 15 39 14 40 
16 20 16 19 15 19 15 20 
16 37 20 41 21 40 17 36 
16 41 16 40 15 40 15 41 
18 34 19 35 21 33 20 32 
24 19 25 18 24 17 23 18 
25 20 24 19 23 20 24 21 
26 13 25 14 26 15 27 14 
28 15 32 15 32 14 28 14 
29 39 28 39 28 40 29 40 
30 15 29 16 30 17 31 16 
30 43 31 43 31 42 30 42 
31 39 30 38 29 39 30 40 
32 16 33 16 33 15 32 15 
32 18 32 16 31 16 31 18 
35 32 34 33 35 34 36 33 
37 31 38 31 38 26 37 26 
40 35 42 33 41 32 39 34 
41 17 39 17 39 20 41 20 
41 21 42 21 42 20 41 20 
16 36 16 37 17 37 17 36 
31 15 32 16 33 15 32 14 
15 35 16 36 17 35 16 34 
15 33 14 33 14 35 15 35 
