60
5 29 14 38 23 29 14 20 
14 17 20 23 21 22 15 16 
14 19 14 20 22 20 22 19 
14 35 14 38 15 38 15 35 
15 24 15 25 20 25 20 24 
15 32 18 32 18 30 15 30 
15 34 14 35 17 38 18 37 
16 22 16 23 20 23 20 22 
17 30 15 32 24 41 26 39 
18 20 20 22 22 20 20 18 
18 29 20 31 24 27 22 25 
19 29 19 35 21 35 21 29 
19 37 21 35 18 32 16 34 
20 29 21 28 16 23 15 24 
21 23 31 23 31 22 21 22 
21 25 22 24 21 23 20 24 
21 32 27 38 32 33 26 27 
21 37 19 37 19 39 21 39 
21 41 23 39 21 37 19 39 
22 28 22 25 21 25 21 28 
23 41 24 41 24 39 23 39 
24 16 24 20 27 20 27 16 
24 24 24 20 22 20 22 24 
24 25 30 25 30 24 24 24 
24 34 25 35 35 25 34 24 
24 36 21 39 23 41 26 38 
25 22 38 35 40 33 27 20 
26 34 26 27 24 27 24 34 
26 40 41 40 41 39 26 39 
27 34 26 34 26 38 27 38 
28 35 29 35 29 28 28 28 
30 36 35 36 35 25 30 25 
31 26 29 28 38 37 40 35 
31 37 32 37 32 33 31 33 
32 16 24 24 28 28 36 20 
32 17 32 18 38 18 38 17 
32 34 31 33 29 35 30 36 
33 24 34 24 34 16 33 16 
35 15 34 16 37 19 38 18 
35 20 35 22 36 22 36 20 
36 19 38 17 35 14 33 16 
36 25 27 34 28 35 37 26 
37 20 38 21 39 20 38 19 
37 23 31 23 31 26 37 26 
37 37 38 37 38 35 37 35 
37 38 40 41 41 40 38 37 
38 20 38 19 37 19 37 20 
38 42 41 39 37 35 34 38 
39 21 39 20 38 20 38 21 
39 33 40 32 31 23 30 24 
39 35 40 35 40 33 39 33 
41 28 35 22 33 24 39 30 
42 35 40 35 40 41 42 41 
9 24 15 30 20 25 14 19 
14 26 18 30 19 29 15 25 
14 37 15 38 21 32 20 31 
16 36 24 36 24 34 16 34 
27 22 30 25 35 20 32 17 
29 37 30 38 31 37 30 36 
36 38 37 38 37 37 36 37 
