101
7 26 14 33 21 26 14 19 
8 21 16 29 23 22 15 14 
8 23 19 23 19 21 8 21 
9 34 14 39 28 25 23 20 
11 25 14 28 19 23 16 20 
11 30 15 30 15 25 11 25 
14 14 14 19 15 19 15 14 
14 18 15 19 18 16 17 15 
15 33 14 33 14 39 15 39 
15 40 17 42 30 29 28 27 
16 22 23 22 23 20 16 20 
16 30 20 30 20 29 16 29 
17 16 17 18 18 18 18 16 
17 24 17 19 15 19 15 24 
17 31 25 31 25 27 17 27 
17 41 18 40 16 38 15 39 
18 30 25 37 31 31 24 24 
18 31 19 32 21 30 20 29 
18 32 21 35 23 33 20 30 
18 37 23 37 23 33 18 33 
18 38 18 40 27 40 27 38 
19 24 24 24 24 23 19 23 
19 42 19 41 17 41 17 42 
20 20 18 18 17 19 19 21 
20 35 21 35 21 30 20 30 
20 39 20 42 24 42 24 39 
20 40 23 37 21 35 18 38 
21 16 18 19 20 21 23 18 
21 23 19 21 15 25 17 27 
21 36 24 39 27 36 24 33 
21 41 20 40 19 41 20 42 
22 17 22 18 23 18 23 17 
22 19 22 18 18 18 18 19 
22 29 27 29 27 25 22 25 
23 29 25 31 27 29 25 27 
24 40 23 41 24 42 25 41 
25 11 19 17 26 24 32 18 
25 15 23 17 30 24 32 22 
25 26 20 21 17 24 22 29 
25 32 26 32 26 31 25 31 
25 36 25 37 27 37 27 36 
26 15 26 21 33 21 33 15 
27 14 26 15 28 17 29 16 
27 22 31 18 30 17 26 21 
28 37 27 38 31 42 32 41 
29 26 29 16 25 16 25 26 
29 31 31 33 33 31 31 29 
29 33 31 33 31 31 29 31 
29 36 30 37 32 35 31 34 
29 37 29 36 28 36 28 37 
30 16 30 17 32 17 32 16 
30 25 30 24 28 24 28 25 
30 28 32 28 32 25 30 25 
30 30 30 29 27 29 27 30 
30 35 30 37 32 37 32 35 
31 22 32 22 32 18 31 18 
31 27 28 24 27 25 30 28 
31 35 33 37 36 34 34 32 
31 39 26 39 26 42 31 42 
33 29 38 29 38 21 33 21 
33 36 37 36 37 31 33 31 
33 41 32 41 32 42 33 42 
34 18 35 17 33 15 32 16 
34 22 42 22 42 18 34 18 
34 29 30 25 29 26 33 30 
34 39 35 40 38 37 37 36 
35 18 31 22 34 25 38 21 
35 37 38 37 38 32 35 32 
35 39 33 37 31 39 33 41 
35 44 37 42 35 40 33 42 
36 16 38 16 38 14 36 14 
36 28 36 33 41 33 41 28 
38 15 39 16 40 15 39 14 
38 30 37 31 38 32 39 31 
38 35 42 31 40 29 36 33 
39 17 38 16 33 21 34 22 
39 30 39 29 38 29 38 30 
39 33 40 34 41 33 40 32 
40 20 42 18 38 14 36 16 
41 20 41 15 40 15 40 20 
41 21 40 20 32 28 33 29 
42 30 39 30 39 31 42 31 
42 42 42 36 37 36 37 42 
14 32 15 33 17 31 16 30 
16 23 15 24 16 25 17 24 
17 32 18 31 16 29 15 30 
20 11 20 15 25 15 25 11 
21 10 20 11 25 16 26 15 
24 14 24 19 27 19 27 14 
24 37 26 39 27 38 25 36 
28 38 29 37 28 36 27 37 
28 44 35 44 35 40 28 40 
30 42 28 40 26 42 28 44 
31 30 33 30 33 29 31 29 
34 37 34 39 35 39 35 37 
38 17 39 17 39 16 38 16 
42 19 39 16 38 17 41 20 
14 31 14 32 17 32 17 31 
33 38 34 37 33 36 32 37 
7 24 14 31 15 30 8 23 
32 38 33 38 33 37 32 37 
