170
11 18 15 22 18 19 14 15 
11 20 16 20 16 18 11 18 
11 31 14 34 17 31 14 28 
12 24 14 26 18 22 16 20 
12 26 14 26 14 24 12 24 
12 27 14 29 17 26 15 24 
12 31 14 33 16 31 14 29 
14 31 16 31 16 29 14 29 
14 35 15 35 15 34 14 34 
14 36 14 37 15 37 15 36 
15 16 15 15 14 15 14 16 
15 19 15 22 18 22 18 19 
16 15 16 16 20 16 20 15 
16 17 16 16 15 16 15 17 
16 21 16 23 20 23 20 21 
16 24 16 26 17 26 17 24 
16 28 16 26 14 26 14 28 
16 32 17 32 17 31 16 31 
16 35 16 36 18 36 18 35 
16 39 17 38 16 37 15 38 
17 15 16 14 15 15 16 16 
17 19 18 18 17 17 16 18 
17 27 16 26 15 27 16 28 
17 33 17 34 19 34 19 33 
17 36 18 35 17 34 16 35 
17 37 16 37 16 38 17 38 
17 41 20 41 20 38 17 38 
18 21 19 22 20 21 19 20 
18 25 19 25 19 22 18 22 
18 27 17 28 19 30 20 29 
18 28 18 27 17 27 17 28 
18 32 19 33 23 29 22 28 
18 34 19 35 20 34 19 33 
19 17 19 18 22 18 22 17 
19 26 21 24 20 23 18 25 
19 36 20 36 20 35 19 35 
19 37 20 36 19 35 18 36 
20 11 16 15 19 18 23 14 
20 19 19 19 19 20 20 20 
20 25 19 25 19 26 20 26 
20 30 20 29 19 29 19 30 
20 33 19 34 20 35 21 34 
20 37 21 36 20 35 19 36 
21 17 19 19 20 20 22 18 
21 20 23 18 22 17 20 19 
21 23 20 23 20 24 21 24 
21 25 20 24 19 25 20 26 
21 28 22 28 22 27 21 27 
21 33 20 33 20 34 21 34 
21 37 21 36 20 36 20 37 
21 40 22 41 26 37 25 36 
21 45 24 42 20 38 17 41 
22 23 23 23 23 18 22 18 
22 24 23 25 24 24 23 23 
22 25 22 24 21 24 21 25 
22 29 23 28 22 27 21 28 
22 31 23 31 23 29 22 29 
22 34 24 32 23 31 21 33 
22 38 22 37 21 37 21 38 
23 17 24 16 23 15 22 16 
23 24 27 20 26 19 22 23 
24 22 26 22 26 19 24 19 
24 23 24 24 25 24 25 23 
24 25 24 24 23 24 23 25 
24 36 25 36 25 32 24 32 
24 45 24 42 21 42 21 45 
25 21 26 22 29 19 28 18 
25 29 26 29 26 24 25 24 
25 31 28 34 31 31 28 28 
25 37 24 36 22 38 23 39 
25 38 26 38 26 37 25 37 
25 40 31 34 28 31 22 37 
25 44 22 41 21 42 24 45 
26 16 24 16 24 18 26 18 
26 17 24 19 33 28 35 26 
26 23 25 24 29 28 30 27 
26 31 25 32 31 38 32 37 
27 13 26 14 27 15 28 14 
27 14 26 14 26 15 27 15 
27 19 29 19 29 17 27 17 
27 23 26 22 25 23 26 24 
27 32 27 36 32 36 32 32 
27 39 26 38 24 40 25 41 
27 41 27 40 25 40 25 41 
28 15 28 16 34 16 34 15 
28 21 35 28 37 26 30 19 
28 22 30 24 31 23 29 21 
28 25 28 28 29 28 29 25 
28 42 33 37 32 36 27 41 
29 22 29 21 28 21 28 22 
29 29 33 29 33 28 29 28 
30 17 30 19 35 19 35 17 
31 16 29 14 28 15 30 17 
31 19 32 20 35 17 34 16 
31 20 27 20 27 23 31 23 
31 30 28 30 28 31 31 31 
31 42 31 38 28 38 28 42 
32 28 33 29 36 26 35 25 
32 39 33 39 33 37 32 37 
33 33 36 33 36 32 33 32 
33 44 39 38 37 36 31 42 
34 23 39 23 39 16 34 16 
34 27 34 30 38 30 38 27 
34 38 39 38 39 37 34 37 
34 41 40 41 40 40 34 40 
35 18 36 19 39 16 38 15 
35 22 40 22 40 21 35 21 
35 29 34 30 36 32 37 31 
35 30 33 28 31 30 33 32 
35 36 34 37 39 42 40 41 
35 39 34 38 33 39 34 40 
35 44 35 39 33 39 33 44 
36 20 39 23 40 22 37 19 
36 25 35 25 35 26 36 26 
36 28 37 28 37 26 36 26 
36 29 36 28 35 28 35 29 
36 35 35 35 35 36 36 36 
36 39 37 39 37 36 36 36 
37 15 37 19 38 19 38 15 
37 20 37 19 36 19 36 20 
37 27 36 28 38 30 39 29 
37 34 37 31 31 31 31 34 
37 42 39 42 39 39 37 39 
38 23 40 25 42 23 40 21 
38 38 39 39 40 38 39 37 
39 24 42 24 42 23 39 23 
39 27 41 27 41 26 39 26 
39 31 39 36 41 36 41 31 
40 14 39 14 39 15 40 15 
40 16 41 15 40 14 39 15 
40 19 41 19 41 18 40 18 
40 27 41 26 40 25 39 26 
40 28 41 29 42 28 41 27 
40 32 39 31 35 35 36 36 
40 35 38 33 37 34 39 36 
41 16 41 15 40 15 40 16 
41 22 40 22 40 25 41 25 
41 28 41 29 42 29 42 28 
41 38 41 37 40 37 40 38 
42 37 41 36 40 37 41 38 
11 27 11 31 12 31 12 27 
12 33 14 33 14 31 12 31 
13 34 14 35 15 34 14 33 
13 35 14 36 15 35 14 34 
13 36 14 37 15 36 14 35 
14 18 15 19 16 18 15 17 
15 39 16 39 16 38 15 38 
17 35 16 36 17 37 18 36 
18 30 18 32 19 32 19 30 
18 37 19 37 19 36 18 36 
22 44 25 44 25 41 22 41 
23 26 24 25 23 24 22 25 
25 17 26 18 27 17 26 16 
25 20 21 20 21 21 25 21 
27 16 28 15 27 14 26 15 
27 37 28 38 33 33 32 32 
28 32 32 28 29 25 25 29 
30 41 32 39 31 38 29 40 
34 20 35 21 36 20 35 19 
34 21 35 22 37 20 36 19 
35 32 36 33 41 28 40 27 
35 34 36 35 37 34 36 33 
35 37 37 39 38 38 36 36 
37 25 39 27 41 25 39 23 
40 17 41 18 42 17 41 16 
40 39 41 40 42 39 41 38 
14 38 15 39 16 38 15 37 
17 29 18 30 19 29 18 28 
22 26 23 26 23 25 22 25 
25 15 23 15 23 17 25 17 
