135
12 22 14 24 16 22 14 20 
12 24 14 24 14 22 12 22 
12 36 14 38 30 22 28 20 
12 37 18 37 18 36 12 36 
13 28 14 29 15 28 14 27 
13 31 15 31 15 28 13 28 
14 18 14 20 15 20 15 18 
14 19 15 20 16 19 15 18 
14 30 15 31 18 28 17 27 
14 34 14 35 25 35 25 34 
15 22 15 25 16 25 16 22 
15 33 15 41 16 41 16 33 
15 34 16 33 15 32 14 33 
16 24 15 25 16 26 17 25 
16 27 17 27 17 26 16 26 
16 29 16 27 14 27 14 29 
16 31 18 31 18 29 16 29 
16 32 16 31 15 31 15 32 
17 14 15 16 17 18 19 16 
17 16 17 18 19 18 19 16 
17 28 16 29 17 30 18 29 
17 32 18 31 17 30 16 31 
17 38 18 37 15 34 14 35 
18 12 14 16 19 21 23 17 
18 21 18 19 16 19 16 21 
18 23 16 21 15 22 17 24 
18 25 17 24 16 25 17 26 
18 27 17 27 17 28 18 28 
18 35 19 36 27 28 26 27 
19 20 18 19 17 20 18 21 
19 23 19 21 18 21 18 23 
19 27 25 33 29 29 23 23 
19 29 20 29 20 27 19 27 
19 32 19 30 17 30 17 32 
19 39 21 41 22 40 20 38 
20 22 20 23 23 23 23 22 
21 15 21 17 23 17 23 15 
21 36 21 40 22 40 22 36 
22 18 22 32 25 32 25 18 
22 21 23 22 26 19 25 18 
22 23 18 27 20 29 24 25 
23 27 26 27 26 23 23 23 
23 37 27 37 27 36 23 36 
24 17 29 17 29 15 24 15 
24 18 20 22 26 28 30 24 
24 24 24 25 30 25 30 24 
24 26 24 25 18 25 18 26 
24 27 21 30 25 34 28 31 
24 30 27 33 29 31 26 28 
24 34 22 36 23 37 25 35 
24 35 20 31 19 32 23 36 
24 39 23 38 21 40 22 41 
24 41 24 40 22 40 22 41 
25 38 25 40 26 40 26 38 
26 12 23 15 26 18 29 15 
26 16 26 18 31 18 31 16 
26 20 27 20 27 19 26 19 
26 33 27 33 27 28 26 28 
27 21 28 21 28 20 27 20 
27 22 28 21 27 20 26 21 
27 26 30 29 33 26 30 23 
27 35 28 36 30 34 29 33 
27 38 29 40 33 36 31 34 
28 19 30 21 33 18 31 16 
28 22 28 29 29 29 29 22 
28 30 28 31 29 31 29 30 
28 35 28 36 33 36 33 35 
29 26 30 25 27 22 26 23 
29 39 30 38 28 36 27 37 
29 42 31 40 27 36 25 38 
30 12 26 12 26 14 30 14 
30 15 33 15 33 14 30 14 
30 20 30 21 33 21 33 20 
30 31 30 34 31 34 31 31 
30 37 27 37 27 38 30 38 
30 40 32 42 35 39 33 37 
30 42 30 40 29 40 29 42 
31 11 30 12 33 15 34 14 
31 30 30 29 29 30 30 31 
31 38 42 38 42 34 31 34 
32 19 32 24 34 24 34 19 
32 22 34 24 35 23 33 21 
32 26 30 28 33 31 35 29 
32 29 33 29 33 26 32 26 
32 34 33 35 35 33 34 32 
33 30 33 31 38 31 38 30 
34 21 36 23 38 21 36 19 
34 27 32 29 33 30 35 28 
35 16 35 17 36 17 36 16 
35 19 35 23 36 23 36 19 
35 25 30 25 30 28 35 28 
35 32 33 30 28 35 30 37 
35 37 36 37 36 35 35 35 
35 40 36 40 36 39 35 39 
36 18 37 17 36 16 35 17 
36 27 36 24 34 24 34 27 
36 28 38 30 39 29 37 27 
36 29 36 28 35 28 35 29 
36 32 35 32 35 33 36 33 
37 18 37 17 36 17 36 18 
37 21 38 20 36 18 35 19 
37 22 37 27 41 27 41 22 
37 23 40 26 42 24 39 21 
37 32 38 33 39 32 38 31 
37 38 36 39 38 41 39 40 
37 39 39 37 37 35 35 37 
37 40 39 40 39 39 37 39 
38 29 39 29 39 21 38 21 
38 32 39 32 39 31 38 31 
38 35 38 33 37 33 37 35 
38 42 39 41 37 39 36 40 
39 15 38 16 39 17 40 16 
40 20 40 16 38 16 38 20 
40 21 41 21 41 20 40 20 
40 40 42 38 41 37 39 39 
40 41 40 40 39 40 39 41 
40 43 41 42 40 41 39 42 
41 32 42 32 42 28 41 28 
41 35 42 34 39 31 38 32 
42 21 41 20 40 21 41 22 
42 43 42 41 40 41 40 43 
43 24 41 22 36 27 38 29 
44 39 38 33 36 35 42 41 
18 22 19 23 20 22 19 21 
20 37 20 38 23 38 23 37 
20 45 24 41 20 37 16 41 
26 22 27 22 27 21 26 21 
28 44 30 42 26 38 24 40 
32 41 32 42 38 42 38 41 
34 35 36 37 38 35 36 33 
37 31 36 32 37 33 38 32 
39 35 39 37 41 37 41 35 
43 21 42 21 42 24 43 24 
17 45 20 45 20 38 17 38 
37 37 39 35 37 33 35 35 
