128
13 30 14 31 20 25 19 24 
13 36 15 38 19 34 17 32 
14 25 14 31 19 31 19 25 
15 15 19 19 20 18 16 14 
15 20 14 21 17 24 18 23 
15 22 20 22 20 20 15 20 
15 35 15 38 16 38 16 35 
16 15 16 14 15 14 15 15 
16 20 19 23 20 22 17 19 
16 29 20 29 20 26 16 26 
16 36 17 37 19 35 18 34 
16 40 17 40 17 38 16 38 
17 15 16 15 16 19 17 19 
17 23 18 23 18 19 17 19 
17 27 18 28 20 26 19 25 
17 31 21 35 26 30 22 26 
18 24 19 24 19 23 18 23 
18 27 18 24 17 24 17 27 
18 35 19 35 19 34 18 34 
18 38 16 40 17 41 19 39 
19 18 16 15 15 16 18 19 
19 21 22 21 22 19 19 19 
19 41 24 41 24 40 19 40 
20 15 19 15 19 18 20 18 
20 23 20 25 23 25 23 23 
20 31 23 31 23 29 20 29 
20 36 23 39 24 38 21 35 
21 14 21 15 22 15 22 14 
21 16 22 15 21 14 20 15 
21 17 22 18 24 16 23 15 
21 18 22 18 22 17 21 17 
21 20 22 21 23 20 22 19 
21 28 20 29 25 34 26 33 
21 39 21 35 19 35 19 39 
22 22 22 24 26 24 26 22 
22 27 24 27 24 26 22 26 
22 28 23 29 25 27 24 26 
22 38 22 39 23 39 23 38 
22 42 22 39 21 39 21 42 
23 19 23 20 25 20 25 19 
23 43 25 41 24 40 22 42 
24 24 23 23 22 24 23 25 
24 30 25 30 25 27 24 27 
24 35 25 35 25 34 24 34 
24 37 24 38 30 38 30 37 
25 23 26 24 27 23 26 22 
25 33 26 33 26 30 25 30 
25 39 26 40 32 34 31 33 
25 40 23 38 22 39 24 41 
26 15 26 17 27 17 27 15 
26 25 22 21 20 23 24 27 
26 32 24 30 23 31 25 33 
26 34 25 33 24 34 25 35 
26 35 25 35 25 39 26 39 
26 37 24 35 19 40 21 42 
26 41 26 40 25 40 25 41 
27 11 24 14 27 17 30 14 
27 20 25 20 25 23 27 23 
27 21 28 20 26 18 25 19 
27 33 27 36 31 36 31 33 
27 35 30 38 31 37 28 34 
27 42 28 41 27 40 26 41 
28 11 22 17 25 20 31 14 
28 16 28 19 30 19 30 16 
28 18 32 22 34 20 30 16 
28 21 34 21 34 20 28 20 
28 24 26 24 26 25 28 25 
28 26 33 26 33 25 28 25 
28 31 28 34 29 34 29 31 
28 33 26 35 27 36 29 34 
28 39 30 41 32 39 30 37 
29 20 28 19 27 20 28 21 
29 24 28 25 33 30 34 29 
30 31 33 31 33 30 30 30 
30 39 32 39 32 38 30 38 
31 24 28 21 22 27 25 30 
31 27 31 24 29 24 29 27 
32 29 32 28 29 28 29 29 
32 32 32 34 37 34 37 32 
32 35 37 30 33 26 28 31 
32 42 33 42 33 39 32 39 
33 20 34 21 39 16 38 15 
33 23 32 22 28 26 29 27 
33 29 34 29 34 26 33 26 
33 35 40 35 40 31 33 31 
34 30 37 30 37 29 34 29 
34 37 34 36 31 36 31 37 
35 27 34 26 32 28 33 29 
35 37 34 36 32 38 33 39 
36 17 36 23 39 23 39 17 
36 18 38 20 41 17 39 15 
36 26 36 23 35 23 35 26 
36 27 36 36 39 36 39 27 
36 39 39 36 37 34 34 37 
37 35 33 31 32 32 36 36 
37 41 36 41 36 42 37 42 
37 43 38 42 37 41 36 42 
38 16 39 16 39 15 38 15 
38 31 37 32 40 35 41 34 
38 39 38 38 36 38 36 39 
38 41 38 42 41 42 41 41 
38 43 38 42 37 42 37 43 
39 40 38 39 37 40 38 41 
39 42 38 41 37 42 38 43 
40 21 35 26 36 27 41 22 
41 16 41 17 42 17 42 16 
41 18 42 17 41 16 40 17 
42 24 38 20 35 23 39 27 
43 31 39 27 37 29 41 33 
43 33 43 31 41 31 41 33 
44 28 39 23 36 26 41 31 
46 36 43 33 38 38 41 41 
46 40 46 36 39 36 39 40 
10 29 16 35 20 31 14 25 
11 31 15 35 19 31 15 27 
11 38 14 38 14 31 11 31 
13 37 14 38 16 36 15 35 
15 25 16 26 18 24 17 23 
20 17 21 18 22 17 21 16 
21 21 23 19 22 18 20 20 
21 27 18 27 18 28 21 28 
26 26 29 29 31 27 28 24 
29 35 32 35 32 34 29 34 
33 38 34 37 32 35 31 36 
35 40 36 41 37 40 36 39 
37 37 35 37 35 40 37 40 
37 39 38 38 37 37 36 38 
40 18 41 18 41 17 40 17 
