147
11 32 15 36 22 29 18 25 
13 16 15 18 16 17 14 15 
13 19 14 19 14 16 13 16 
13 21 15 23 18 20 16 18 
13 25 16 25 16 21 13 21 
15 20 16 20 16 18 15 18 
15 21 18 24 19 23 16 20 
15 22 15 23 19 23 19 22 
15 27 17 25 15 23 13 25 
16 14 14 16 15 17 17 15 
16 15 16 14 14 14 14 15 
16 16 17 16 17 15 16 15 
16 19 15 18 14 19 15 20 
16 28 19 31 26 24 23 21 
16 31 15 31 15 33 16 33 
16 35 20 35 20 33 16 33 
16 36 20 32 19 31 15 35 
16 37 16 36 15 36 15 37 
17 14 16 15 17 16 18 15 
17 17 18 17 18 16 17 16 
17 18 18 19 19 18 18 17 
17 22 19 20 18 19 16 21 
17 24 17 25 18 25 18 24 
17 28 17 25 16 25 16 28 
18 21 19 21 19 20 18 20 
18 29 21 32 22 31 19 28 
18 36 20 38 23 35 21 33 
19 25 18 25 18 28 19 28 
19 29 19 31 22 31 22 29 
19 42 21 42 21 40 19 40 
20 13 19 14 21 16 22 15 
20 17 18 17 18 19 20 19 
20 22 25 17 24 16 19 21 
20 23 27 23 27 22 20 22 
20 24 20 23 19 23 19 24 
20 39 17 36 16 37 19 40 
20 43 21 42 20 41 19 42 
21 14 21 15 22 15 22 14 
21 20 21 26 25 26 25 20 
21 24 26 29 29 26 24 21 
21 27 24 30 30 24 27 21 
21 30 21 27 15 27 15 30 
21 34 24 37 27 34 24 31 
22 17 20 19 21 20 23 18 
22 21 21 20 19 22 20 23 
22 35 20 35 20 38 22 38 
22 37 25 40 31 34 28 31 
22 39 22 40 25 40 25 39 
23 14 23 16 24 16 24 14 
23 15 22 14 21 15 22 16 
23 17 23 16 22 16 22 17 
23 19 23 21 24 21 24 19 
23 31 25 33 26 32 24 30 
23 39 27 35 26 34 22 38 
24 17 25 17 25 16 24 16 
24 18 24 17 23 17 23 18 
24 25 25 26 28 23 27 22 
24 35 24 31 23 31 23 35 
24 42 25 41 23 39 22 40 
25 15 30 15 30 14 25 14 
25 18 26 17 25 16 24 17 
25 27 28 30 30 28 27 25 
25 32 21 32 21 33 25 33 
25 43 25 41 20 41 20 43 
26 18 26 17 25 17 25 18 
26 19 25 18 24 19 25 20 
26 26 29 26 29 24 26 24 
26 27 26 26 25 26 25 27 
26 35 27 35 27 34 26 34 
26 37 26 35 24 35 24 37 
27 19 28 18 27 17 26 18 
27 26 31 30 33 28 29 24 
27 30 27 31 28 31 28 30 
27 38 29 38 29 35 27 35 
27 41 31 37 29 35 25 39 
27 43 28 42 27 41 26 42 
28 20 27 20 27 21 28 21 
28 22 28 23 33 23 33 22 
28 25 28 23 27 23 27 25 
28 32 32 32 32 31 28 31 
28 37 26 37 26 42 28 42 
29 27 29 30 31 30 31 27 
29 31 28 30 27 31 28 32 
29 34 31 36 34 33 32 31 
29 39 31 39 31 38 29 38 
30 25 30 28 32 28 32 25 
30 34 31 35 32 34 31 33 
30 35 31 35 31 34 30 34 
30 36 30 37 31 37 31 36 
30 39 32 41 33 40 31 38 
32 15 33 16 34 15 33 14 
32 18 32 15 30 15 30 18 
32 35 40 35 40 34 32 34 
32 39 34 39 34 38 32 38 
33 24 33 28 35 28 35 24 
33 25 31 27 32 28 34 26 
33 26 35 28 37 26 35 24 
33 39 34 38 33 37 32 38 
34 22 33 23 37 27 38 26 
34 27 37 27 37 26 34 26 
34 30 31 30 31 33 34 33 
34 37 37 37 37 33 34 33 
35 19 35 17 27 17 27 19 
35 29 36 29 36 28 35 28 
35 35 37 33 34 30 32 32 
36 14 33 14 33 16 36 16 
36 20 40 20 40 16 36 16 
36 41 42 41 42 40 36 40 
36 42 36 41 32 41 32 42 
37 21 41 17 40 16 36 20 
37 30 39 30 39 28 37 28 
38 29 39 30 40 29 39 28 
38 31 38 29 36 29 36 31 
38 39 38 37 37 37 37 39 
39 21 40 20 36 16 35 17 
39 31 40 30 37 27 36 28 
39 32 38 31 33 36 34 37 
39 33 39 38 41 38 41 33 
39 37 37 39 40 42 42 40 
40 31 40 30 39 30 39 31 
40 32 39 33 40 34 41 33 
41 28 41 20 40 20 40 28 
41 31 40 31 40 32 41 32 
41 36 40 35 38 37 39 38 
41 42 42 41 39 38 38 39 
42 15 34 15 34 22 42 22 
46 19 42 15 33 24 37 28 
11 26 11 32 20 32 20 26 
13 24 11 26 15 30 17 28 
14 21 15 22 16 21 15 20 
14 23 16 25 17 24 15 22 
15 16 15 17 16 17 16 16 
16 32 19 29 18 28 15 31 
17 29 18 29 18 28 17 28 
19 34 20 35 21 34 20 33 
20 25 21 24 20 23 19 24 
24 27 24 30 25 30 25 27 
26 31 27 30 26 29 25 30 
27 32 27 31 26 31 26 32 
28 29 29 30 33 26 32 25 
28 39 29 40 30 39 29 38 
35 30 36 31 37 30 36 29 
36 37 34 39 36 41 38 39 
38 23 39 23 39 21 38 21 
38 32 39 32 39 31 38 31 
28 27 26 27 26 29 28 29 
33 12 30 15 38 23 41 20 
