85
11 37 14 40 17 37 14 34 
11 42 17 42 17 37 11 37 
13 23 17 27 21 23 17 19 
14 29 14 30 22 30 22 29 
15 21 15 23 21 23 21 21 
15 29 25 39 26 38 16 28 
15 34 14 34 14 40 15 40 
16 27 14 27 14 28 16 28 
16 41 17 42 21 38 20 37 
17 16 17 19 19 19 19 16 
17 18 19 20 21 18 19 16 
17 25 17 19 14 19 14 25 
17 34 17 28 16 28 16 34 
18 17 18 18 21 18 21 17 
18 23 20 25 26 19 24 17 
18 27 20 27 20 25 18 25 
19 39 20 40 26 34 25 33 
19 41 25 41 25 39 19 39 
20 16 18 18 19 19 21 17 
20 20 19 19 15 23 16 24 
20 28 20 33 25 33 25 28 
21 27 24 27 24 25 21 25 
21 29 22 30 26 26 25 25 
22 19 22 18 21 18 21 19 
22 22 26 22 26 19 22 19 
22 25 20 27 22 29 24 27 
23 19 21 21 22 22 24 20 
23 25 26 22 25 21 22 24 
23 31 21 31 21 36 23 36 
24 16 25 17 27 15 26 14 
24 24 27 24 27 20 24 20 
24 36 29 36 29 27 24 27 
24 41 25 42 30 37 29 36 
25 16 24 16 24 17 25 17 
25 30 30 35 34 31 29 26 
26 23 24 25 25 26 27 24 
26 25 25 25 25 26 26 26 
26 40 30 40 30 38 26 38 
27 29 36 38 38 36 29 27 
27 35 27 37 30 37 30 35 
28 20 28 25 30 25 30 20 
28 31 25 28 20 33 23 36 
28 36 27 37 29 39 30 38 
28 40 29 41 30 40 29 39 
29 24 27 24 27 26 29 26 
29 28 36 35 40 31 33 24 
29 42 29 41 25 41 25 42 
30 18 28 20 34 26 36 24 
32 24 32 28 33 28 33 24 
33 36 29 36 29 39 33 39 
33 40 33 41 36 41 36 40 
34 19 29 24 30 25 35 20 
34 28 34 31 40 31 40 28 
35 19 41 19 41 16 35 16 
35 43 38 40 36 38 33 41 
38 13 37 14 40 17 41 16 
38 22 26 22 26 23 38 23 
38 35 38 36 39 36 39 35 
39 14 39 17 40 17 40 14 
39 21 39 17 25 17 25 21 
39 34 38 35 39 36 40 35 
40 16 39 17 41 19 42 18 
41 33 34 26 32 28 39 35 
5 36 11 42 20 33 14 27 
5 38 21 38 21 36 5 36 
12 27 14 29 16 27 14 25 
13 27 14 28 17 25 16 24 
13 29 14 30 15 29 14 28 
15 33 16 34 21 29 20 28 
15 42 16 41 15 40 14 41 
16 22 16 24 22 24 22 22 
20 19 19 19 19 20 20 20 
22 32 23 31 22 30 21 31 
23 32 25 30 20 25 18 27 
24 40 25 41 26 40 25 39 
25 31 27 29 23 25 21 27 
26 29 27 29 27 26 26 26 
34 20 35 20 35 19 34 19 
36 18 35 19 38 22 39 21 
40 33 41 33 41 31 40 31 
42 24 42 18 36 18 36 24 
12 23 12 27 13 27 13 23 
23 40 24 40 24 36 23 36 
34 18 33 19 34 20 35 19 
41 23 35 29 36 30 42 24 
