169
11 36 15 40 18 37 14 33 
11 38 15 38 15 36 11 36 
12 19 18 25 20 23 14 17 
12 39 15 36 14 35 11 38 
13 19 15 21 17 19 15 17 
13 39 13 19 12 19 12 39 
14 21 15 21 15 17 14 17 
14 27 14 28 16 28 16 27 
15 16 16 15 15 14 14 15 
15 25 16 26 19 23 18 22 
15 27 14 28 15 29 16 28 
15 28 16 27 15 26 14 27 
16 21 15 21 15 25 16 25 
16 29 16 30 18 30 18 29 
16 36 13 39 15 41 18 38 
16 38 18 38 18 37 16 37 
16 40 16 38 15 38 15 40 
17 16 17 14 15 14 15 16 
17 22 18 22 18 19 17 19 
17 26 19 28 20 27 18 25 
17 29 18 30 20 28 19 27 
17 31 17 33 19 33 19 31 
17 35 17 33 14 33 14 35 
17 36 18 36 18 35 17 35 
18 13 17 14 21 18 22 17 
18 18 20 18 20 16 18 16 
18 20 20 22 22 20 20 18 
18 32 19 31 18 30 17 31 
18 34 19 33 18 32 17 33 
18 41 19 40 16 37 15 38 
19 18 17 16 16 17 18 19 
19 20 18 19 16 21 17 22 
19 22 19 23 20 23 20 22 
19 25 19 27 20 27 20 25 
19 32 20 33 23 30 22 29 
19 34 18 35 22 39 23 38 
19 35 19 40 21 40 21 35 
19 41 19 40 18 40 18 41 
20 29 19 28 18 29 19 30 
20 36 20 39 22 39 22 36 
20 38 18 36 16 38 18 40 
21 16 24 16 24 15 21 15 
21 20 22 20 22 18 21 18 
21 22 23 24 25 22 23 20 
21 26 23 26 23 24 21 24 
21 33 23 35 27 31 25 29 
21 34 21 33 20 33 20 34 
21 37 22 36 21 35 20 36 
22 14 21 15 23 17 24 16 
22 25 21 26 22 27 23 26 
22 28 20 28 20 29 22 29 
22 33 21 34 23 36 24 35 
23 39 25 41 28 38 26 36 
23 40 23 41 25 41 25 40 
24 13 23 14 24 15 25 14 
24 18 23 17 22 18 23 19 
24 19 24 18 23 18 23 19 
24 25 24 26 27 26 27 25 
24 30 24 27 23 27 23 30 
24 31 23 32 26 35 27 34 
24 32 23 32 23 35 24 35 
24 36 26 36 26 35 24 35 
24 38 24 36 23 36 23 38 
25 16 26 16 26 14 25 14 
25 17 25 18 28 18 28 17 
25 21 25 22 26 22 26 21 
25 23 27 25 28 24 26 22 
25 24 28 24 28 23 25 23 
25 27 25 28 27 28 27 27 
25 33 25 29 22 29 22 33 
25 34 25 38 27 38 27 34 
26 18 22 22 27 27 31 23 
26 19 25 18 24 19 25 20 
26 25 28 23 27 22 25 24 
26 27 25 28 26 29 27 28 
26 34 28 36 33 31 31 29 
26 39 29 42 30 41 27 38 
27 30 24 30 24 31 27 31 
28 14 28 16 32 16 32 14 
28 19 29 19 29 18 28 18 
28 25 27 26 28 27 29 26 
28 30 37 39 40 36 31 27 
28 32 28 34 31 34 31 32 
29 16 28 17 29 18 30 17 
29 17 28 18 29 19 30 18 
29 22 29 23 31 23 31 22 
29 25 29 24 28 24 28 25 
29 28 28 29 30 31 31 30 
29 39 32 39 32 33 29 33 
29 40 29 42 31 42 31 40 
30 15 30 17 33 17 33 15 
30 23 29 24 31 26 32 25 
30 25 29 25 29 26 30 26 
30 27 31 27 31 26 30 26 
30 29 30 27 28 27 28 29 
30 30 31 30 31 29 30 29 
30 33 31 34 32 33 31 32 
31 15 32 16 33 15 32 14 
31 21 33 23 34 22 32 20 
31 28 38 28 38 27 31 27 
31 31 33 31 33 30 31 30 
31 35 31 37 38 37 38 35 
31 41 32 42 40 34 39 33 
32 18 33 19 34 18 33 17 
32 19 32 20 33 20 33 19 
32 21 29 18 28 19 31 22 
32 27 31 26 30 27 31 28 
32 41 37 41 37 39 32 39 
33 12 30 15 34 19 37 16 
33 18 34 18 34 17 33 17 
33 22 34 22 34 20 33 20 
33 28 32 29 33 30 34 29 
33 32 34 32 34 31 33 31 
33 33 31 31 29 33 31 35 
34 15 34 16 37 16 37 15 
34 26 34 29 37 29 37 26 
34 33 35 32 34 31 33 32 
34 34 34 33 33 33 33 34 
35 18 34 18 34 19 35 19 
35 22 34 22 34 23 35 23 
35 24 36 23 35 22 34 23 
35 25 33 23 32 24 34 26 
35 26 38 29 42 25 39 22 
35 41 36 42 37 41 36 40 
36 20 38 20 38 14 36 14 
36 24 36 23 35 23 35 24 
36 25 40 25 40 24 36 24 
36 32 35 32 35 40 36 40 
37 13 36 14 37 15 38 14 
37 21 38 22 39 21 38 20 
37 23 36 22 35 23 36 24 
37 25 38 26 40 24 39 23 
37 36 40 36 40 34 37 34 
37 38 37 36 28 36 28 38 
37 40 39 42 40 41 38 39 
38 16 40 18 41 17 39 15 
38 21 38 22 39 22 39 21 
38 31 38 29 37 29 37 31 
39 19 40 20 41 19 40 18 
39 24 37 26 38 27 40 25 
39 31 40 30 38 28 37 29 
39 32 37 34 38 35 40 33 
39 36 38 35 37 36 38 37 
39 39 39 42 41 42 41 39 
40 19 40 20 41 20 41 19 
40 23 41 23 41 22 40 22 
40 26 42 26 42 25 40 25 
40 31 40 30 39 30 39 31 
40 32 39 32 39 33 40 33 
41 38 42 38 42 34 41 34 
15 31 16 32 17 31 16 30 
16 34 18 34 18 32 16 32 
17 25 16 25 16 26 17 26 
20 24 19 25 22 28 23 27 
22 41 23 40 22 39 21 40 
24 39 25 40 26 39 25 38 
25 39 25 38 24 38 24 39 
27 21 29 23 31 21 29 19 
28 22 28 21 27 21 27 22 
28 31 30 31 30 30 28 30 
31 18 28 21 29 22 32 19 
31 20 31 21 32 21 32 20 
31 36 35 40 37 38 33 34 
35 21 36 20 35 19 34 20 
36 18 38 16 37 15 35 17 
36 35 32 39 33 40 37 36 
37 19 35 19 35 21 37 21 
37 30 38 31 39 30 38 29 
15 33 16 34 17 33 16 32 
