36
12 22 23 33 25 31 14 20 
12 38 17 38 17 22 12 22 
14 24 23 24 23 21 14 21 
15 24 20 29 22 27 17 22 
16 28 16 29 20 29 20 28 
18 25 20 27 23 24 21 22 
18 33 18 36 23 36 23 33 
18 39 40 17 39 16 17 38 
19 17 19 20 31 20 31 17 
19 34 19 35 33 35 33 34 
20 15 20 16 23 16 23 15 
21 31 25 31 25 22 21 22 
22 18 22 27 24 27 24 18 
22 22 23 21 19 17 18 18 
22 26 20 28 22 30 24 28 
23 38 23 40 34 40 34 38 
24 13 17 20 24 27 31 20 
25 25 22 22 16 28 19 31 
25 28 24 27 18 33 19 34 
25 41 39 27 33 21 19 35 
26 20 28 18 26 16 24 18 
26 22 31 27 36 22 31 17 
27 44 30 41 26 37 23 40 
30 33 25 33 25 41 30 41 
31 26 31 27 37 27 37 26 
33 36 40 29 37 26 30 33 
36 37 36 22 26 22 26 37 
37 22 30 15 16 29 23 36 
37 38 39 38 39 27 37 27 
38 29 38 40 40 40 40 29 
38 42 38 40 34 40 34 42 
39 39 38 40 39 41 40 40 
40 36 31 27 25 33 34 42 
41 32 38 29 33 34 36 37 
32 41 39 41 39 39 32 39 
33 42 37 38 36 37 32 41 
