189
12 37 14 39 16 37 14 35 
12 39 14 39 14 37 12 37 
13 16 16 19 17 18 14 15 
13 21 15 23 17 21 15 19 
13 23 14 23 14 21 13 21 
13 28 16 31 17 30 14 27 
14 18 16 18 16 15 14 15 
14 19 16 21 20 17 18 15 
14 24 15 24 15 23 14 23 
14 28 14 30 16 30 16 28 
14 34 15 35 16 34 15 33 
14 40 16 40 16 39 14 39 
14 41 16 39 14 37 12 39 
14 42 15 42 15 41 14 41 
15 21 16 21 16 19 15 19 
15 26 19 26 19 24 15 24 
15 27 15 29 17 29 17 27 
15 31 16 30 15 29 14 30 
15 32 14 32 14 33 15 33 
15 36 17 36 17 35 15 35 
15 37 17 39 19 37 17 35 
15 39 14 40 15 41 16 40 
16 22 17 22 17 21 16 21 
16 25 18 23 17 22 15 24 
16 26 15 27 16 28 17 27 
16 32 17 32 17 31 16 31 
16 33 17 32 16 31 15 32 
16 35 17 34 16 33 15 34 
17 15 17 17 18 17 18 15 
17 28 19 30 21 28 19 26 
17 33 17 34 18 34 18 33 
17 41 17 42 18 42 18 41 
18 20 19 20 19 17 18 17 
18 22 22 22 22 21 18 21 
18 30 18 31 19 31 19 30 
18 37 22 41 27 36 23 32 
18 39 18 37 17 37 17 39 
19 19 18 20 21 23 22 22 
19 28 21 28 21 26 19 26 
19 33 20 32 19 31 18 32 
19 35 20 34 19 33 18 34 
19 39 17 41 18 42 20 40 
19 41 20 41 20 40 19 40 
19 42 20 41 19 40 18 41 
20 12 17 15 19 17 22 14 
20 16 22 16 22 14 20 14 
20 18 21 19 23 17 22 16 
20 23 21 23 21 19 20 19 
20 26 24 30 25 29 21 25 
20 31 19 31 19 32 20 32 
20 33 21 32 20 31 19 32 
20 36 22 36 22 34 20 34 
21 14 18 17 20 19 23 16 
21 22 22 21 20 19 19 20 
21 24 26 24 26 23 21 23 
21 30 23 28 21 26 19 28 
21 33 21 32 20 32 20 33 
21 35 22 36 23 35 22 34 
21 37 21 35 19 35 19 37 
21 41 20 41 20 42 21 42 
21 43 22 42 21 41 20 42 
22 17 23 17 23 16 22 16 
22 18 22 17 20 17 20 18 
22 19 23 20 25 18 24 17 
22 20 21 19 18 22 19 23 
22 23 21 22 20 23 21 24 
22 43 22 42 21 42 21 43 
23 19 22 19 22 20 23 20 
23 25 19 29 20 30 24 26 
23 31 23 30 21 30 21 31 
23 33 23 35 29 35 29 33 
23 36 22 36 22 38 23 38 
23 37 22 36 21 37 22 38 
23 39 23 41 26 41 26 39 
24 18 23 19 25 21 26 20 
24 21 25 21 25 18 24 18 
24 25 23 25 23 26 24 26 
24 29 24 30 25 30 25 29 
24 31 25 30 24 29 23 30 
24 32 24 31 23 31 23 32 
24 34 26 36 29 33 27 31 
24 36 26 36 26 34 24 34 
25 24 26 23 24 21 23 22 
25 31 24 30 23 31 24 32 
25 36 24 37 26 39 27 38 
25 38 27 38 27 37 25 37 
25 39 24 38 23 39 24 40 
26 17 26 19 27 19 27 17 
26 18 27 19 28 18 27 17 
26 22 28 22 28 20 26 20 
26 33 29 36 32 33 29 30 
26 38 27 37 26 36 25 37 
26 45 29 42 26 39 23 42 
27 23 29 23 29 19 27 19 
27 25 26 24 25 25 26 26 
27 26 27 27 28 27 28 26 
27 30 28 29 24 25 23 26 
27 42 32 37 31 36 26 41 
28 19 30 17 28 15 26 17 
28 24 29 23 28 22 27 23 
28 37 28 40 32 40 32 37 
29 15 28 15 28 17 29 17 
29 21 30 20 29 19 28 20 
29 28 30 28 30 23 29 23 
29 29 30 28 28 26 27 27 
29 31 29 30 27 30 27 31 
29 37 32 34 29 31 26 34 
29 38 27 38 27 42 29 42 
30 19 30 20 32 20 32 19 
30 21 34 25 36 23 32 19 
30 22 32 22 32 21 30 21 
30 29 31 29 31 28 30 28 
30 39 33 39 33 38 30 38 
30 42 32 40 30 38 28 40 
31 13 29 15 30 16 32 14 
31 19 32 20 36 16 35 15 
31 23 32 24 33 23 32 22 
31 24 30 23 27 26 28 27 
31 26 32 26 32 24 31 24 
31 30 32 29 31 28 30 29 
31 35 29 35 29 36 31 36 
32 16 30 16 30 17 32 17 
32 27 32 29 33 29 33 27 
32 28 33 29 34 28 33 27 
32 30 32 29 31 29 31 30 
32 36 35 36 35 34 32 34 
33 15 33 16 35 16 35 15 
33 20 33 23 36 23 36 20 
33 28 35 26 34 25 32 27 
33 30 36 30 36 29 33 29 
33 32 33 30 32 30 32 32 
33 40 32 40 32 42 33 42 
34 15 35 16 36 15 35 14 
34 20 35 21 36 20 35 19 
34 27 35 27 35 26 34 26 
34 31 33 32 35 34 36 33 
34 35 35 36 36 35 35 34 
34 38 34 39 37 39 37 38 
35 17 36 17 36 16 35 16 
35 18 37 20 38 19 36 17 
35 22 34 22 34 25 35 25 
35 31 33 29 32 30 34 32 
35 32 35 31 34 31 34 32 
35 40 35 41 38 41 38 40 
35 45 35 41 26 41 26 45 
36 26 37 25 36 24 35 25 
36 28 38 28 38 27 36 27 
36 32 36 33 38 33 38 32 
36 37 35 36 33 38 34 39 
36 40 37 39 35 37 34 38 
37 17 37 20 39 20 39 17 
37 19 39 21 41 19 39 17 
37 24 37 23 36 23 36 24 
37 27 38 28 39 27 38 26 
37 35 39 33 38 32 36 34 
37 37 37 35 36 35 36 37 
38 15 38 14 36 14 36 15 
38 22 39 22 39 21 38 21 
38 29 38 30 40 30 40 29 
38 31 40 29 38 27 36 29 
38 34 39 34 39 33 38 33 
38 39 40 37 39 36 37 38 
38 42 40 42 40 41 38 41 
39 25 40 24 38 22 37 23 
40 19 40 15 38 15 38 19 
40 20 41 20 41 19 40 19 
40 23 36 27 38 29 42 25 
40 32 42 32 42 30 40 30 
40 38 38 40 40 42 42 40 
41 23 41 21 40 21 40 23 
41 33 42 32 41 31 40 32 
41 40 42 40 42 33 41 33 
42 22 39 22 39 25 42 25 
16 23 16 25 18 25 18 23 
18 29 19 29 19 28 18 28 
20 25 21 25 21 24 20 24 
22 37 23 38 24 37 23 36 
28 21 30 19 28 17 26 19 
28 28 28 29 29 29 29 28 
31 37 33 39 34 38 32 36 
32 18 35 18 35 17 32 17 
33 35 34 35 34 32 33 32 
34 19 35 18 33 16 32 17 
34 41 35 40 34 39 33 40 
36 31 38 31 38 30 36 30 
37 43 38 42 36 40 35 41 
38 25 38 26 39 26 39 25 
40 22 41 23 42 22 41 21 
40 31 38 29 36 31 38 33 
