132
8 22 16 30 22 24 14 16 
8 31 16 39 24 31 16 23 
11 35 15 39 18 36 14 32 
13 22 17 26 19 24 15 20 
13 30 15 32 16 31 14 29 
13 32 14 32 14 30 13 30 
14 26 16 28 19 25 17 23 
14 28 14 29 16 29 16 28 
15 17 15 16 14 16 14 17 
15 33 14 33 14 34 15 34 
15 41 16 41 16 39 15 39 
16 17 15 16 14 17 15 18 
16 18 16 23 17 23 17 18 
16 25 16 26 17 26 17 25 
16 32 18 30 16 28 14 30 
16 33 15 32 14 33 15 34 
17 13 16 14 26 24 27 23 
18 15 21 18 22 17 19 14 
18 18 18 30 21 30 21 18 
18 31 18 30 16 30 16 31 
19 17 19 14 16 14 16 17 
19 29 24 29 24 25 19 25 
19 32 16 32 16 33 19 33 
19 37 20 38 25 33 24 32 
20 15 20 23 23 23 23 15 
20 29 18 31 19 32 21 30 
20 34 23 31 22 30 19 33 
20 41 21 42 26 37 25 36 
21 33 24 33 24 32 21 32 
21 37 21 33 19 33 19 37 
22 31 24 33 26 31 24 29 
22 34 20 34 20 38 22 38 
22 39 26 39 26 38 22 38 
23 26 23 28 26 28 26 26 
23 30 22 30 22 31 23 31 
23 34 21 32 14 39 16 41 
23 36 26 39 29 36 26 33 
23 37 21 37 21 42 23 42 
24 21 31 21 31 14 24 14 
24 30 28 34 30 32 26 28 
24 36 26 38 35 29 33 27 
25 17 28 20 30 18 27 15 
25 25 26 26 27 25 26 24 
25 28 27 30 29 28 27 26 
25 31 25 33 26 33 26 31 
25 35 25 36 26 36 26 35 
26 19 27 20 32 15 31 14 
27 24 26 24 26 25 27 25 
27 29 24 29 24 30 27 30 
28 15 27 15 27 20 28 20 
28 25 27 25 27 26 28 26 
28 33 26 35 32 41 34 39 
28 38 30 36 28 34 26 36 
28 42 31 42 31 38 28 38 
29 14 28 15 33 20 34 19 
29 21 33 25 36 22 32 18 
29 22 27 20 25 22 27 24 
29 24 29 28 31 28 31 24 
29 32 29 36 30 36 30 32 
29 37 29 36 26 36 26 37 
29 39 29 40 32 40 32 39 
30 15 30 18 32 18 32 15 
30 25 30 27 33 27 33 25 
30 40 33 37 32 36 29 39 
30 41 32 39 31 38 29 40 
32 20 32 21 33 21 33 20 
32 22 33 21 32 20 31 21 
32 29 31 28 30 29 31 30 
32 30 32 34 33 34 33 30 
32 31 31 32 33 34 34 33 
32 37 33 37 33 36 32 36 
33 19 33 17 26 17 26 19 
33 22 32 21 30 23 31 24 
33 35 38 35 38 34 33 34 
34 25 34 26 36 26 36 25 
34 37 36 37 36 33 34 33 
34 40 32 40 32 41 34 41 
35 13 17 13 17 16 35 16 
35 20 37 20 37 16 35 16 
35 27 37 29 38 28 36 26 
35 37 36 38 39 35 38 34 
35 39 36 39 36 38 35 38 
36 14 33 17 39 23 42 20 
36 19 37 20 42 15 41 14 
36 21 33 21 33 22 36 22 
36 23 37 23 37 22 36 22 
36 27 35 27 35 29 36 29 
36 40 35 41 36 42 37 41 
37 19 40 16 39 15 36 18 
37 21 42 21 42 20 37 20 
37 30 37 29 36 29 36 30 
37 31 36 30 32 34 33 35 
37 34 35 36 36 37 38 35 
37 38 36 37 35 38 36 39 
38 21 37 20 36 21 37 22 
38 23 37 22 36 23 37 24 
38 24 38 23 37 23 37 24 
38 30 40 32 41 31 39 29 
38 31 38 30 37 30 37 31 
38 36 39 36 39 35 38 35 
38 39 39 40 41 38 40 37 
38 40 38 39 36 39 36 40 
39 14 39 15 41 15 41 14 
39 16 39 23 40 23 40 16 
39 26 36 29 37 30 40 27 
39 28 39 26 38 26 38 28 
39 37 40 38 42 36 41 35 
39 38 40 38 40 37 39 37 
40 31 40 32 41 32 41 31 
40 36 41 36 41 35 40 35 
40 41 41 41 41 38 40 38 
41 34 40 35 41 36 42 35 
44 19 39 14 37 16 42 21 
44 27 40 23 36 27 40 31 
15 23 17 25 25 17 23 15 
17 30 25 22 24 21 16 29 
18 38 18 41 20 41 20 38 
21 22 20 23 23 26 24 25 
22 22 25 22 25 17 22 17 
24 34 23 34 23 36 24 36 
26 34 28 34 28 33 26 33 
27 43 28 42 23 37 22 38 
29 26 30 25 29 24 28 25 
31 22 32 22 32 21 31 21 
33 39 34 39 34 37 33 37 
33 41 34 40 33 39 32 40 
34 18 34 19 36 19 36 18 
34 35 33 36 34 37 35 36 
35 32 36 33 38 31 37 30 
36 32 36 30 35 30 35 32 
44 23 40 23 40 27 44 27 
11 37 15 41 18 38 14 34 
