81
10 29 15 34 19 30 14 25 
10 34 15 34 15 29 10 29 
11 33 10 34 16 40 17 39 
13 21 18 26 19 25 14 20 
13 26 17 26 17 21 13 21 
13 39 14 40 17 37 16 36 
13 40 14 40 14 39 13 39 
14 22 21 22 21 20 14 20 
14 30 14 32 18 32 18 30 
14 42 16 42 16 40 14 40 
15 25 14 25 14 28 15 28 
15 33 18 30 17 29 14 32 
15 36 16 36 16 34 15 34 
16 37 16 39 17 39 17 37 
17 27 21 31 22 30 18 26 
17 33 18 32 15 29 14 30 
17 35 18 34 17 33 16 34 
17 36 20 36 20 35 17 35 
18 23 18 26 29 26 29 23 
18 27 18 26 17 26 17 27 
18 33 17 33 17 34 18 34 
19 31 21 31 21 30 19 30 
19 32 19 33 22 33 22 32 
19 36 20 35 18 33 17 34 
20 14 18 16 24 22 26 20 
20 21 21 22 22 21 21 20 
20 23 17 26 18 27 21 24 
20 38 26 38 26 36 20 36 
21 17 21 18 22 18 22 17 
21 29 21 24 20 24 20 29 
22 22 22 27 24 27 24 22 
23 20 23 24 25 24 25 20 
23 28 22 27 20 29 21 30 
23 32 27 32 27 30 23 30 
24 19 22 17 21 18 23 20 
24 32 25 33 32 26 31 25 
24 38 26 36 22 32 20 34 
24 40 30 40 30 39 24 39 
25 25 37 37 38 36 26 24 
25 35 28 35 28 33 25 33 
26 16 26 17 29 17 29 16 
26 21 28 19 27 18 25 20 
26 25 26 24 25 24 25 25 
27 15 26 16 28 18 29 17 
27 19 28 19 28 18 27 18 
28 38 32 38 32 35 28 35 
28 43 32 39 28 35 24 39 
28 44 30 42 26 38 24 40 
29 28 26 25 24 27 27 30 
29 30 27 32 28 33 30 31 
29 37 28 38 30 40 31 39 
29 40 30 39 23 32 22 33 
30 23 30 31 35 31 35 23 
30 25 29 26 33 30 34 29 
30 37 31 37 31 32 30 32 
31 17 32 16 31 15 30 16 
31 34 32 35 38 29 37 28 
32 28 32 26 29 26 29 28 
33 12 29 16 36 23 40 19 
33 25 38 30 40 28 35 23 
33 36 38 36 38 30 33 30 
35 33 39 33 39 31 35 31 
36 21 36 20 26 20 26 21 
36 29 38 29 38 23 36 23 
37 34 40 34 40 28 37 28 
37 38 32 38 32 39 37 39 
37 42 38 42 38 39 37 39 
38 17 38 19 40 19 40 17 
39 12 33 12 33 25 39 25 
39 36 37 38 38 39 40 37 
40 21 38 19 36 21 38 23 
41 37 40 37 40 41 41 41 
44 26 41 23 39 25 42 28 
49 27 42 20 30 32 37 39 
13 38 14 39 16 37 15 36 
18 22 22 18 21 17 17 21 
22 42 24 40 20 36 18 38 
23 27 25 25 22 22 20 24 
26 43 28 43 28 38 26 38 
35 36 37 34 33 30 31 32 
23 46 26 43 19 36 16 39 
