43
13 31 15 33 18 30 16 28 
14 25 19 25 19 18 14 18 
14 29 17 32 20 29 17 26 
14 31 20 31 20 29 14 29 
14 38 14 40 17 40 17 38 
16 33 16 36 30 36 30 33 
16 41 21 41 21 39 16 39 
18 26 17 26 17 30 18 30 
18 34 16 36 21 41 23 39 
18 39 17 38 16 39 17 40 
19 29 21 31 35 17 33 15 
19 37 21 39 23 37 21 35 
20 35 21 35 21 31 20 31 
21 32 32 21 31 20 20 31 
21 37 23 37 23 35 21 35 
21 47 30 38 23 31 14 40 
23 40 30 33 29 32 22 39 
25 17 25 31 35 31 35 17 
25 34 25 31 23 31 23 34 
26 32 23 35 27 39 30 36 
26 40 29 40 29 32 26 32 
27 14 15 14 15 15 27 15 
27 20 31 20 31 15 27 15 
27 29 21 23 19 25 25 31 
28 26 34 32 35 31 29 25 
28 29 27 29 27 37 28 37 
28 42 31 42 31 37 28 37 
29 41 27 39 26 40 28 42 
29 47 29 41 21 41 21 47 
30 31 38 23 36 21 28 29 
31 38 29 40 31 42 33 40 
34 14 34 21 36 21 36 14 
34 22 27 15 25 17 32 24 
34 36 35 36 35 32 34 32 
41 37 33 37 33 40 41 40 
42 39 42 21 36 21 36 39 
44 37 37 30 35 32 42 39 
10 27 14 31 23 22 19 18 
19 36 20 35 17 32 16 33 
22 40 23 40 23 39 22 39 
32 22 34 22 34 21 32 21 
32 36 33 37 34 36 33 35 
23 24 32 24 32 22 23 22 
