26 3
10030210000300220030021032
01000200013002011231001320
02200200203300300230000033
20031202031000200210013201
11000330100333031300003200
30302103023323002001200000
20001003022010311010200013
00000323000031000000311010
00103030023010000000100002
32110000010200020030200001
20203030200310202000000203
32000020100021300002003000
00100120030200200313113000
31020000000000000302000112
00220022000001101300000303
00323111010103031000102003
12003031020130011100310203
20000021002222113000000220
01303132000200020000303202
10312200000103103030030003
12010311210300020120000003
00001001000010310000312012
00002003000020200030130303
30001012000100010200330032
02210313000210022113310000
01200201200003230000000212
