26 3
00003300330203000302033102
10001000331000012200001000
00030130010030130213023103
30130321202000320033002000
30003300100103000002012331
00000020000230311200121002
10300002310100100113000003
10130200000120212202012200
00102001100020002002002301
00300000000001022032002010
30300002020102313211200300
32000202022000031030300210
02103000011230000313001032
30100203100012320000310020
00000000201330130033130000
30000000022000210302200023
00002100100000021000002033
00110203312000001002100101
01102120000230001022001020
00020001110330020103010000
20310010000202300000100330
01320002330010000020001200
20023022030100103312203011
00213200101321200000200003
02003200100010310220100000
00301012003330013313330020
