26 3
00000000000020320000003010
22202310312000000110220030
20020201303300002030010020
00113100200030130213032030
31003102332021220022200101
30002000112320200003000122
20001012103033103002000203
01000003030000000320313000
32000000000100221000001010
21033200001220002313200030
00301012100002033030001210
00010200320000103010202101
10310000000000000113001210
03030300001002320100003030
00023330032100003200000000
33001230320232000021031100
03302100020200100030122200
00210030010200032100102300
00200003032013000110000002
11101000320000301030021000
11012002112023000020010012
00000003011321030000200001
01000000300020022010301011
30333022003232030330220301
00000122103300020313010300
02110030001003301100100132
