26 3
00032010200322000321000320
30000203002100120000000011
10110000023122000310002200
13000000330002020020002300
02030013001003000022221302
00200301200100331010001001
20102330110000322030303203
31310320322001002300000002
20031010030100130032230000
02002303111020002101010000
02003013000010300003203201
00000200012001000003300000
30021030000001301201201122
33010030030203300210003200
02022210110100010112313003
22032002312002001003301100
00001000303012122033202000
30000103320020100203310120
00133010310003010302311202
10000000000110301003200120
00030000200030210000000101
23020003000000002100012012
02110300200013010223000300
03100000302020303000011020
10000000200030310310303003
00200021002100300030012301
