26 3
00000000310022000300020111
00130000011300302130001000
10311120000321310010123230
02202000203000002200010200
00000001020101013120000021
01010323003100101000020000
02022011000332203002000213
00212023331233021231202002
00101330200303000010100201
10000000001213330002020002
00200310300000003010020121
00000010230030023032311203
02120200211332300300033020
03201210000030300000320300
21202330000030030000001302
00000103002020303000033302
00000130003300203000000221
03000020211000120110321030
12000100201000120020003320
30032000000100020120100003
00000100000133120000030020
00303331100230010030100032
00202320013111310023301030
10002020030201000032020200
10101010013000212000303002
02031030003211000010001020
