26 3
10200111013000010000000000
10121020300200223203000302
00010033110211030230000023
03330010012301002003300110
20011033300030010020000333
03303030321030033201000300
00010030010322000212120030
00210202032013000012030002
00001030003100000020301002
00000100210001030011210000
02200002002000120002132300
02003120220010000001002000
21201010003001030003003021
00000000020033030002322210
30023010210120011001032303
02023130003202002000030300
02003023100331313000000001
02033103022101300021001002
20030022200210303000023313
21003010020132010000302000
30002100002302000312000332
02020100000303303200133201
00000021300000012000101201
00110201200230010000220130
00110102001000002110310200
12031003210000003100000010
