26 3
03000003000302031310120020
01002200002000000000002101
00200030022310021010033011
00002022002021000202100210
00031031000122310200000022
00201020000001011001003130
21130111300201020122002010
31013101303000000013003001
33002022000033201030301032
03032000210000030000033012
02113010033000020002003000
13110200030202231002120121
20012003200013330120000330
31002220000101003002000200
11033003120010100100002210
00302000300000003002003003
00031203000010101100303001
03020000210132003330002011
20000031221020002203021200
11210102000033130010330030
00030203001002001102033230
00013000320032000022000000
00200202010001030100033001
00030203030001001002020031
00323000113033300003033200
20020120000001200000203013
