26 3
03302103032101320000000231
23200103102001203202012210
31000221300303100120300010
11202302011010033102000203
13221030101200000002020101
00301000020000102303000303
10032220300021001020200130
00000030003023330100100103
03000133301010000000020211
02002133000331000002100030
10012020000000001301000032
11110300020300003013000013
30010023220331320110003200
20000010200303010002000202
32000001310002030220022230
00001003000020201203010001
20300012303022210001000000
01013120020010210000000011
00001200100200000003000020
10010301000023033030330002
01000220300000102032001020
23302001001000023200202301
30013010210000300102321120
00010200031132000330330011
00000223202020300003230020
03000000300001033100000001
