26 3
23202330000210030030030000
01030000221003002101200200
03303002302032300103300221
20000101002000303013003100
12101200200033301003003002
03100022110021002001303001
20030000100112030000023031
02002002020010022000010010
00032000030000301000300000
01303031320310302001302101
02020121202002001100030220
00000030000100020130013011
33301103023003300211310002
00001032132300012330100300
12010002023000333310200230
02300000200011021010202000
20100103331020300020101031
00000100001102120200003000
21101300020002300010000000
03022200100121003010000200
00001011032020000000300033
03210300300000210330210321
02232002003000232100301002
10001300010300303010210200
00020100300121200001100202
00000200033300200102020101
