26 3
00302200212032003102000000
31330201002230300020001020
00031203032221301200001022
01003000000033102000233002
02030312201100000320211001
03000112310001013320002000
00203000200020003030000000
02000013300101020303110310
01000200110011300001100000
30300000030203200013011003
21000020202002333330000131
00001323030002000030000203
02100301233030223130000000
23000311000011201212010330
00033023020103000300000200
00201001023001000000200200
03000030222000013022123023
32002020132011020031000323
00221201110000000023003012
12003000000002010030000002
00302003000202003012000020
00300000000200030012001023
03001100133103120120000011
10023000111101021031031000
11000000010032102301020322
00301100001030332100102100
