26 3
23101022003110200030000202
33102030322022000202023000
30300013000211310002000001
30210012330011023330030100
20000000300221000301020000
10100001000030000201103100
01300210002310013202203002
00000201001300000230013113
21112201300002103000003333
30101110301003230113132000
01212001110000012000023000
02020100101000000001010000
00020111202301112300003120
23303000010203000021300000
00020001020000020213010110
03000200120320012000200000
23110000100220320030200100
02001000303000100001010002
03213001203002020300101200
00100000033200000132001003
03031030000030203000132000
22003000000031100201200030
00233032020012303012030023
30003230202230332000010001
00020330100031200332200000
03030220200030010010323000
