26 3
31033001013202033303030310
30100200010311301000010003
03000000000012001100000012
00202330200000002220000103
00002000131112000200200013
01320001003333003003000300
00100000002000000100033200
30000010300200122102011121
20000220232000000030000021
33131213323120122021310120
10200002323300100023000000
30023000030000003100000010
10111031003020020002332000
10030110202010000030320002
20001210300001322012222003
30013101323010031000100322
01303002002023230000000312
00200200000020130110031010
02013000012100101222003001
02300010000300000022230200
00002201320000011100000030
02012002000302001001200000
03130220022030003001321031
02233100331132000000030200
10000003312310310100000003
10000230201000001020323010
