26 3
20003100000100003300101130
20323103223003302303300001
10003000100202000002022012
01000003020033320002103300
33010301012303000101000331
30030023002000010102100003
02000000102100300201230000
03100000103200010032302331
00210011001002020001000330
01033100003000022030000001
13212000030122022100300220
00002130002101310003230033
02000000200000300301000120
23010100300300020301000303
03301221001232101301010001
00002010300013212200121132
01020000033000310200231030
30021003020000100000000200
30020002002013002000331020
00011000100200020020031221
32002200020000203010003020
31300230203322000321032000
01203302102101000120000200
20023100011103100000022000
00001200000003013203301102
01000031101010101220100020
