26 3
03001010020100002120021323
03000003120030230302000231
11202031300210000212023030
13001200033302300020300002
10000030200010001001103210
20023000311300223100002310
30311320100100000000102000
01122030001002101001002003
02020003030020003020012000
10020023000000102200000000
10122100013100100303100110
22030100102312020201021000
30001030203020030202120003
02000311001100030103300013
03010010000303200010213000
00001320003300310000010231
00030300003110033000220330
10221323032300021000300000
00020211000311130100122003
00300010102230000310300020
02020213022000030300002220
01203002020201003000300030
32003032011002200101133000
20002230000003200120010020
03303212310001100103000103
00330100002000020000000000
