26 3
20033302010201020300020003
00000300000200010212332020
01311001300111000300313011
00000103030301200000102211
01102000302120121311001030
23000002103320001000000301
20312200122001012122103022
00131010302100000000000000
00130200001013020000110022
00333030000100103020120200
02003000021010002320000103
03123010300103000102002030
00002020201300102010300002
00010301031021000023000310
00033000000000100000020233
21303030300123003002001002
33200001003030101000123310
22300210020032000011002001
32033222100100000100023000
00031001330020300322000102
02320200030030023200102030
21011002201000030000032222
00013020000020300020203030
03031300003111000021230030
00002130000300000103110100
22232030000100030200103030
