26 3
00010031102312010020203022
12001001003022000000011001
12103000332000030002331101
30220020202110000200032011
03100000001100313212003003
20233020313000000233200300
01001200000101030031202202
03003010110003300230100000
30220002000302000000020000
02013011300200320230010123
10031331000033011103330010
00111000020011023200303230
20030101001122130101000002
32301022002003000200213333
02000001131030000030022220
00100310003020100000313010
00000322000103230000000202
00003103000101303320300120
20203000100100203002220000
01000000210020030033010003
22000030220103001000000200
30020302300230011000012210
30330000302000101000001020
30203321003022000300000300
00301001001010002201120000
00003100300010201210200102
