26 3
00110003000203022331000220
01111301000000100010212300
21013233202203330002000131
10001031010311000000121211
13002000102100033031200303
00203000310200300100002010
10303303000022300003000333
00020000000001020100000001
00120010020000200000000203
00030132110200330303102010
00001303303300220203030002
10000203221030002220100003
03300233102002003002000310
12200000000032033001100001
00202000020100020012323012
12000330120110000210301213
30003110000002132203231230
03020000002303001200200220
13032010000212310033010001
00303200200003000003030022
20000100013021200003000020
10020020100001011100021100
00121201000030112030000020
00001030200000010001302202
03203200300231033010003020
03031000202010000301001210
