26 3
22100000010011000010203023
30033010000300020111000033
31233132210000020033002033
00022331000003030020032010
03300333330100020230300200
11000300003000000003000021
00210000230100301230220020
30100003300011010002302103
03300000200320030000001011
23021000302002110002031001
03000113121200313110033200
30003100000302010321300001
01000020001011000301200020
02101030100300023000300003
20300220000132003010230030
30101001200200300032203201
10100200000000201022120103
12001001000031100210003002
20120023230302011032000131
30000010001200122102020020
00202012020003100320120100
20231100102000023222103320
30000000210201032301300000
20010000302000002020010300
00100000000100013020012132
22000000100200330100010300
