26 3
03321200200000002100100230
12310001000321000001201003
10200030100020232333030132
31230103100203032003110013
02000201130100321000300300
23000010010023010203010013
21000210023000110002012030
30020010000000300130002001
13200030023002000122030211
22100101200000303002111223
00003020001200000000113000
10110000221220032301323003
00231003031201021020013031
30021000000003022002200002
20033003000020300302033020
00302000300010000000000130
01012001023000000303022330
10002000002012200130031031
00322100101010300300020003
00000022300310202032000031
02030131122301000300011020
01322100010010003000010000
00103000120000000013203232
03000000020000200020110010
32030201000030010211133023
00201302023000010000300000
