26 3
01002002001302230300012103
03013001000013000003013231
32002303020003020320000002
02120020000201331000000030
10001200002010033302000302
03002002022030210000000130
03323000100330100003031131
02133002002002110030103012
00102003100031300100210013
02302120300013030000000302
01020021002010112000210000
00100030031000100300100000
33020000000023012023002031
00100100210002022310000210
00120302000130000112020203
30000000123002200230303121
02000210010201302120332031
00200010001010000000323322
03200030000000013100002000
32320010021010013010201030
00100022000203220322003302
32000003110010300003030332
02010013010101003320000200
02030000010200000112000030
00130010012000100021110100
00130223230000100032101313
