61
7 12 9 14 10 13 8 11 
7 17 9 19 12 16 10 14 
7 20 8 21 12 17 11 16 
8 17 11 20 12 19 9 16 
8 19 8 21 9 21 9 19 
8 20 9 21 10 20 9 19 
8 23 8 24 10 24 10 23 
9 10 10 10 10 9 9 9 
9 13 9 14 10 14 10 13 
10 11 11 10 10 9 9 10 
10 16 10 20 11 20 11 16 
10 25 12 23 10 21 8 23 
11 11 11 10 10 10 10 11 
11 24 13 24 13 20 11 20 
11 25 11 24 10 24 10 25 
12 11 12 15 16 15 16 11 
12 18 13 18 13 17 12 17 
13 12 13 16 14 16 14 12 
13 15 17 11 15 9 11 13 
13 19 15 19 15 18 13 18 
13 23 12 22 10 24 11 25 
14 13 13 12 11 14 12 15 
14 17 15 18 16 17 15 16 
14 18 13 17 12 18 13 19 
14 22 14 23 17 23 17 22 
15 8 15 9 16 9 16 8 
15 10 16 11 17 10 16 9 
15 15 16 16 19 13 18 12 
15 24 16 24 16 21 15 21 
16 19 15 18 13 20 14 21 
17 9 17 10 18 10 18 9 
17 12 17 18 18 18 18 12 
17 25 18 24 17 23 16 24 
18 7 17 8 18 9 19 8 
18 19 16 21 17 22 19 20 
19 16 22 16 22 13 19 13 
19 17 19 16 16 16 16 17 
19 19 19 18 18 18 18 19 
19 21 20 21 20 20 19 20 
20 15 21 15 21 12 20 12 
20 18 19 17 18 18 19 19 
21 16 19 18 21 20 23 18 
21 23 22 22 20 20 19 21 
21 25 21 23 17 23 17 25 
22 8 19 8 19 11 22 11 
22 14 21 15 22 16 23 15 
22 18 22 22 23 22 23 18 
22 23 23 22 21 20 20 21 
23 9 22 8 19 11 20 12 
23 12 22 11 21 12 22 13 
23 16 24 16 24 15 23 15 
8 12 7 12 7 17 8 17 
12 20 14 22 15 21 13 19 
14 25 15 24 14 23 13 24 
16 13 19 16 20 15 17 12 
16 18 16 19 17 19 17 18 
16 20 17 19 16 18 15 19 
21 14 23 16 24 15 22 13 
7 11 8 12 10 10 9 9 
15 20 16 20 16 19 15 19 
7 9 7 11 8 11 8 9 
