45
6 20 8 22 12 18 10 16 
7 10 12 15 14 13 9 8 
7 14 13 20 14 19 8 13 
7 16 8 16 8 14 7 14 
9 10 12 10 12 8 9 8 
10 9 10 11 11 11 11 9 
10 10 11 11 12 10 11 9 
10 22 10 16 8 16 8 22 
10 25 14 21 13 20 9 24 
11 23 13 21 12 20 10 22 
12 12 14 12 14 10 12 10 
12 14 16 18 17 17 13 13 
12 21 13 21 13 20 12 20 
13 23 14 23 14 21 13 21 
14 16 14 13 13 13 13 16 
14 20 19 20 19 19 14 19 
15 9 14 10 16 12 17 11 
15 13 9 19 13 23 19 17 
15 18 19 22 22 19 18 15 
16 11 16 12 17 12 17 11 
16 13 17 12 16 11 15 12 
17 15 17 17 18 17 18 15 
17 18 19 20 20 19 18 17 
18 7 16 9 21 14 23 12 
18 24 20 22 16 18 14 20 
19 9 21 11 22 10 20 8 
19 25 19 22 10 22 10 25 
19 26 21 24 19 22 17 24 
20 12 17 12 17 14 20 14 
20 18 19 19 22 22 23 21 
20 26 23 23 22 22 19 25 
21 8 21 11 23 11 23 8 
21 18 21 14 20 14 20 18 
22 17 24 17 24 14 22 14 
22 26 22 22 20 22 20 26 
23 13 21 11 20 12 22 14 
9 13 10 14 12 12 11 11 
10 12 10 14 12 14 12 12 
14 17 17 14 16 13 13 16 
15 15 12 15 12 18 15 18 
16 7 16 9 18 9 18 7 
16 17 16 18 17 18 17 17 
18 18 17 18 17 24 18 24 
21 13 23 13 23 12 21 12 
8 10 8 13 9 13 9 10 
