31
3 19 8 24 14 18 9 13 
3 20 18 20 18 19 3 19 
5 18 10 23 15 18 10 13 
8 9 14 15 15 14 9 8 
8 12 9 12 9 9 8 9 
9 16 9 13 8 13 8 16 
10 18 10 23 11 23 11 18 
10 20 9 21 11 23 12 22 
12 24 12 22 8 22 8 24 
14 11 16 9 15 8 13 10 
14 13 14 15 17 15 17 13 
14 22 15 22 15 18 14 18 
14 23 14 24 22 24 22 23 
15 13 17 15 22 10 20 8 
17 11 14 11 14 12 17 12 
17 18 18 19 21 16 20 15 
17 20 19 22 20 21 18 19 
18 10 18 13 20 13 20 10 
18 12 22 16 24 14 20 10 
18 28 22 24 18 20 14 24 
19 12 18 13 19 14 20 13 
19 16 19 22 21 22 21 16 
20 17 24 17 24 15 20 15 
20 20 23 20 23 19 20 19 
21 12 19 12 19 14 21 14 
21 20 24 17 23 16 20 19 
23 13 22 13 22 16 23 16 
24 21 23 20 21 22 22 23 
10 19 14 23 15 22 11 18 
18 21 20 21 20 20 18 20 
9 28 18 28 18 21 9 21 
