29
8 11 8 14 11 14 11 11 
9 14 8 15 9 16 10 15 
9 15 9 16 10 16 10 15 
9 22 11 22 11 18 9 18 
10 21 11 22 18 15 17 14 
11 13 9 15 10 16 12 14 
11 17 12 17 12 14 11 14 
12 13 11 14 13 16 14 15 
13 20 13 17 12 17 12 20 
14 17 14 21 20 21 20 17 
14 22 23 13 21 11 12 20 
15 12 18 12 18 11 15 11 
17 8 14 8 14 14 17 14 
17 10 18 9 17 8 16 9 
17 11 14 8 11 11 14 14 
17 21 22 16 18 12 13 17 
18 10 23 10 23 9 18 9 
19 12 18 12 18 15 19 15 
21 21 14 14 11 17 18 24 
21 23 21 21 20 21 20 23 
22 19 20 17 18 19 20 21 
24 19 24 16 22 16 22 19 
16 13 18 11 17 10 15 12 
18 20 22 20 22 19 18 19 
12 9 12 13 16 13 16 9 
13 24 18 24 18 20 13 20 
6 15 9 18 15 12 12 9 
6 22 8 22 8 15 6 15 
5 21 6 22 11 17 10 16 
