38
4 17 8 21 14 15 10 11 
7 19 8 20 9 19 8 18 
8 12 8 18 16 18 16 12 
9 20 8 20 8 21 9 21 
10 9 10 11 12 11 12 9 
10 19 12 19 12 15 10 15 
10 20 9 21 11 23 12 22 
10 23 10 21 9 21 9 23 
11 17 11 23 17 23 17 17 
12 23 14 21 12 19 10 21 
13 15 11 17 14 20 16 18 
13 20 14 20 14 15 13 15 
14 9 12 11 14 13 16 11 
14 23 15 24 22 17 21 16 
15 11 16 10 14 8 13 9 
15 25 17 23 16 22 14 24 
16 19 12 19 12 22 16 22 
17 10 18 11 20 9 19 8 
17 11 18 11 18 10 17 10 
18 12 19 11 18 10 17 11 
18 15 18 17 22 17 22 15 
19 9 19 8 14 8 14 9 
19 12 19 11 18 11 18 12 
19 25 19 24 15 24 15 25 
20 10 22 10 22 9 20 9 
20 16 20 21 21 21 21 16 
23 14 20 11 19 12 22 15 
24 16 22 14 20 16 22 18 
8 11 10 13 12 11 10 9 
13 13 14 13 14 9 13 9 
14 14 16 12 15 11 13 13 
15 10 15 11 16 11 16 10 
17 12 18 13 19 12 18 11 
17 13 18 13 18 12 17 12 
17 14 17 13 14 13 14 14 
19 14 18 13 17 14 18 15 
22 12 19 12 19 14 22 14 
26 16 22 12 17 17 21 21 
