63
7 19 8 20 9 19 8 18 
7 21 9 21 9 19 7 19 
8 22 9 21 8 20 7 21 
9 13 10 14 11 13 10 12 
9 14 8 15 10 17 11 16 
9 15 11 17 12 16 10 14 
9 16 9 15 8 15 8 16 
9 17 8 17 8 18 9 18 
9 20 10 21 11 20 10 19 
9 22 10 23 11 22 10 21 
9 23 9 22 8 22 8 23 
10 8 10 9 12 9 12 8 
10 13 9 13 9 14 10 14 
10 16 10 17 11 17 11 16 
10 20 11 20 11 19 10 19 
10 22 11 22 11 21 10 21 
10 24 10 23 9 23 9 24 
11 11 11 13 16 13 16 11 
11 23 10 22 9 23 10 24 
12 10 12 14 17 14 17 10 
12 13 13 12 10 9 9 10 
12 18 12 22 13 22 13 18 
12 19 16 23 17 22 13 18 
12 20 11 19 10 20 11 21 
12 23 12 22 11 22 11 23 
13 15 16 18 21 13 18 10 
13 16 14 17 17 14 16 13 
14 9 16 11 17 10 15 8 
14 23 19 18 18 17 13 22 
14 24 14 23 12 23 12 24 
15 9 15 8 14 8 14 9 
15 20 21 20 21 19 15 19 
16 15 16 16 20 16 20 15 
16 17 14 17 14 18 16 18 
17 8 17 9 20 9 20 8 
17 15 12 10 11 11 16 16 
17 21 15 19 12 22 14 24 
18 7 17 8 19 10 20 9 
18 12 18 13 21 13 21 12 
18 23 21 23 21 22 18 22 
19 5 15 9 18 12 22 8 
19 7 18 7 18 10 19 10 
19 21 18 22 20 24 21 23 
19 24 20 24 20 21 19 21 
20 18 21 19 24 16 23 15 
20 23 21 24 22 23 21 22 
22 9 23 10 24 9 23 8 
22 12 24 12 24 9 22 9 
22 13 20 15 22 17 24 15 
22 16 22 17 24 17 24 16 
22 24 22 23 21 23 21 24 
23 13 23 15 24 15 24 13 
26 19 24 17 21 20 23 22 
7 23 8 24 9 23 8 22 
7 24 8 24 8 23 7 23 
8 25 9 24 8 23 7 24 
9 25 9 24 8 24 8 25 
12 15 12 16 13 16 13 15 
17 17 17 21 18 21 18 17 
19 22 18 23 19 24 20 23 
23 11 22 12 23 13 24 12 
26 18 24 18 24 19 26 19 
19 11 23 11 23 10 19 10 
