32
5 17 10 22 19 13 14 8 
7 14 8 15 10 13 9 12 
7 16 13 22 14 21 8 15 
9 8 9 10 13 10 13 8 
9 14 11 14 11 12 9 12 
9 16 9 14 7 14 7 16 
9 17 11 19 14 16 12 14 
9 20 8 21 11 24 12 23 
9 22 10 22 10 20 9 20 
9 23 10 24 11 23 10 22 
10 23 10 24 11 24 11 23 
11 8 9 10 11 12 13 10 
11 15 8 15 8 19 11 19 
12 4 8 8 15 15 19 11 
12 11 12 13 19 13 19 11 
12 17 17 17 17 14 12 14 
13 14 18 9 17 8 12 13 
16 15 21 20 22 19 17 14 
17 9 17 8 14 8 14 9 
17 24 17 23 12 23 12 24 
18 12 14 12 14 16 18 16 
18 19 18 24 19 24 19 19 
18 22 23 17 21 15 16 20 
19 23 18 22 17 23 18 24 
19 26 23 22 21 20 17 24 
20 9 20 8 18 8 18 9 
20 17 20 22 23 22 23 17 
20 18 18 16 17 17 19 19 
21 16 21 20 24 20 24 16 
22 9 20 9 20 10 22 10 
27 16 20 9 12 17 19 24 
15 20 16 20 16 15 15 15 
