40
5 16 11 22 15 18 9 12 
5 19 12 19 12 16 5 16 
7 11 9 13 11 11 9 9 
7 16 8 17 12 13 11 12 
8 8 8 17 10 17 10 8 
9 11 9 12 11 12 11 11 
9 22 11 22 11 15 9 15 
9 23 13 19 9 15 5 19 
11 10 11 9 9 9 9 10 
11 24 15 24 15 23 11 23 
12 14 11 15 12 16 13 15 
12 17 16 21 21 16 17 12 
13 16 21 16 21 15 13 15 
13 22 17 22 17 19 13 19 
13 26 15 24 13 22 11 24 
14 9 15 10 16 9 15 8 
14 14 14 13 12 13 12 14 
15 9 16 9 16 8 15 8 
16 12 16 17 17 17 17 12 
16 14 19 17 21 15 18 12 
16 15 14 13 10 17 12 19 
16 16 18 14 16 12 14 14 
16 18 15 18 15 21 16 21 
16 19 18 21 23 16 21 14 
17 23 19 23 19 22 17 22 
18 18 17 17 16 18 17 19 
18 23 19 22 18 21 17 22 
19 13 20 13 20 10 19 10 
19 21 17 19 15 21 17 23 
21 9 23 9 23 8 21 8 
21 11 18 11 18 12 21 12 
21 21 24 21 24 17 21 17 
22 10 21 9 20 10 21 11 
22 21 23 22 24 21 23 20 
22 23 23 24 24 23 23 22 
22 24 22 23 21 23 21 24 
23 10 21 8 19 10 21 12 
14 10 15 10 15 9 14 9 
19 18 18 18 18 21 19 21 
22 16 23 16 23 10 22 10 
