23
6 18 10 22 17 15 13 11 
10 16 19 16 19 10 10 10 
10 20 9 20 9 22 10 22 
11 17 10 18 14 22 15 21 
13 7 10 10 11 11 14 8 
13 12 11 14 18 21 20 19 
13 15 17 15 17 12 13 12 
14 9 14 22 16 22 16 9 
15 7 13 7 13 11 15 11 
15 20 15 21 18 21 18 20 
16 7 14 9 17 12 19 10 
17 14 13 18 15 20 19 16 
17 19 18 20 22 16 21 15 
18 15 17 15 17 19 18 19 
20 15 21 16 23 14 22 13 
20 16 21 16 21 15 20 15 
20 26 22 24 18 20 16 22 
21 24 22 24 22 16 21 16 
6 16 6 18 10 18 10 16 
7 15 6 16 9 19 10 18 
8 14 8 17 11 17 11 14 
13 13 11 11 8 14 10 16 
19 17 20 17 20 16 19 16 
