62
6 18 8 20 10 18 8 16 
6 19 10 19 10 18 6 18 
7 13 8 14 9 13 8 12 
7 16 10 19 12 17 9 14 
7 20 8 20 8 16 7 16 
7 21 8 22 9 21 8 20 
8 13 8 14 9 14 9 13 
8 21 8 22 9 22 9 21 
9 12 10 13 14 9 13 8 
10 9 13 9 13 8 10 8 
10 11 9 11 9 12 10 12 
10 15 10 14 9 14 9 15 
10 21 11 22 13 20 12 19 
11 7 10 8 12 10 13 9 
11 11 11 13 16 13 16 11 
11 16 11 17 12 17 12 16 
11 24 15 24 15 22 11 22 
12 12 15 12 15 10 12 10 
12 18 13 17 12 16 11 17 
12 21 12 19 10 19 10 21 
13 11 12 10 11 11 12 12 
13 18 13 17 12 17 12 18 
14 11 15 12 16 11 15 10 
14 13 15 14 16 13 15 12 
14 15 19 20 20 19 15 14 
14 17 13 18 14 19 15 18 
14 18 16 20 20 16 18 14 
14 27 18 23 15 20 11 24 
15 17 14 17 14 18 15 18 
16 16 16 18 20 18 20 16 
17 5 14 8 18 12 21 9 
17 12 17 14 18 14 18 12 
18 20 19 20 19 14 18 14 
18 22 18 23 22 23 22 22 
18 25 24 19 21 16 15 22 
18 27 22 23 19 20 15 24 
19 8 14 8 14 9 19 9 
19 19 20 20 21 19 20 18 
19 21 18 20 17 21 18 22 
20 7 19 8 21 10 22 9 
20 14 23 17 24 16 21 13 
20 21 20 20 19 20 19 21 
21 8 21 9 22 9 22 8 
21 12 21 10 19 10 19 12 
21 14 23 12 21 10 19 12 
21 18 20 18 20 19 21 19 
21 20 22 20 22 19 21 19 
23 13 23 12 21 12 21 13 
23 16 21 18 22 19 24 17 
23 20 24 20 24 19 23 19 
23 21 24 20 23 19 22 20 
24 13 23 13 23 16 24 16 
7 22 8 23 9 22 8 21 
7 23 8 23 8 22 7 22 
8 25 18 25 18 23 8 23 
10 10 9 11 10 12 11 11 
13 19 14 19 14 18 13 18 
20 13 20 14 21 14 21 13 
21 17 23 17 23 16 21 16 
22 21 23 21 23 20 22 20 
9 9 9 10 10 10 10 9 
9 7 8 8 9 9 10 8 
