42
4 19 8 23 13 18 9 14 
4 21 8 21 8 19 4 19 
7 20 8 21 9 20 8 19 
8 14 9 14 9 13 8 13 
9 17 15 17 15 14 9 14 
10 22 11 22 11 10 10 10 
11 25 13 23 12 22 10 24 
12 11 14 9 13 8 11 10 
12 13 16 17 18 15 14 11 
12 20 12 22 13 22 13 20 
12 25 12 22 11 22 11 25 
13 15 13 18 18 18 18 15 
14 12 14 11 12 11 12 12 
14 23 14 22 13 22 13 23 
14 25 16 23 13 20 11 22 
15 9 12 12 16 16 19 13 
15 11 14 12 16 14 17 13 
15 23 16 23 16 17 15 17 
15 25 15 23 14 23 14 25 
16 19 12 15 9 18 13 22 
17 10 17 9 15 9 15 10 
17 17 18 18 22 14 21 13 
17 19 14 22 15 23 18 20 
18 8 17 9 19 11 20 10 
18 9 17 10 18 11 19 10 
18 10 18 11 19 11 19 10 
18 19 17 19 17 20 18 20 
18 27 21 24 17 20 14 23 
19 12 19 13 20 13 20 12 
19 17 19 13 17 13 17 17 
20 11 19 12 20 13 21 12 
20 24 21 24 21 13 20 13 
21 9 21 8 18 8 18 9 
23 23 22 23 22 24 23 24 
26 19 22 15 18 19 22 23 
7 18 7 20 9 20 9 18 
7 19 10 22 12 20 9 17 
11 24 12 25 14 23 13 22 
16 15 19 12 18 11 15 14 
16 18 17 17 16 16 15 17 
19 25 20 24 9 13 8 14 
26 16 24 16 24 19 26 19 
