22
9 10 10 11 11 10 10 9 
11 12 10 11 8 13 9 14 
12 13 8 13 8 20 12 20 
12 18 17 23 19 21 14 16 
13 16 8 21 10 23 15 18 
13 18 15 20 20 15 18 13 
13 20 15 20 15 18 13 18 
14 23 17 23 17 16 14 16 
16 12 21 17 24 14 19 9 
16 17 16 20 20 20 20 17 
18 14 21 14 21 13 18 13 
19 11 19 9 10 9 10 11 
19 13 21 15 24 12 22 10 
20 10 22 10 22 9 20 9 
23 12 23 14 24 14 24 12 
23 15 23 14 21 14 21 15 
23 17 21 15 18 18 20 20 
24 23 17 16 16 17 23 24 
9 12 11 12 11 10 9 10 
13 15 10 15 10 16 13 16 
18 11 21 14 23 12 20 9 
21 24 23 24 23 17 21 17 
