34
8 9 8 11 11 11 11 9 
9 17 9 19 11 19 11 17 
9 18 15 24 18 21 12 15 
10 10 11 11 12 10 11 9 
10 16 9 17 10 18 11 17 
10 20 11 19 10 18 9 19 
11 15 14 12 13 11 10 14 
12 9 12 10 14 10 14 9 
12 11 11 11 11 15 12 15 
12 17 16 17 16 15 12 15 
12 18 10 18 10 20 12 20 
12 21 18 21 18 20 12 20 
12 26 18 20 16 18 10 24 
13 10 14 9 13 8 12 9 
14 14 22 14 22 12 14 12 
14 16 14 14 10 14 10 16 
15 11 13 11 13 24 15 24 
16 13 20 17 22 15 18 11 
17 9 16 8 14 10 15 11 
17 11 14 14 19 19 22 16 
17 18 23 12 22 11 16 17 
18 9 17 9 17 11 18 11 
19 17 19 19 20 19 20 17 
20 10 23 10 23 8 20 8 
20 21 23 24 24 23 21 20 
20 22 20 24 22 24 22 22 
22 26 24 24 22 22 20 24 
23 15 22 15 22 16 23 16 
23 23 23 24 24 24 24 23 
23 26 23 24 22 24 22 26 
24 12 23 12 23 14 24 14 
11 12 12 11 9 8 8 9 
16 23 17 23 17 18 16 18 
18 10 22 14 24 12 20 8 
