23
8 21 16 21 16 19 8 19 
8 23 8 24 19 24 19 23 
9 9 9 15 17 15 17 9 
9 17 14 22 17 19 12 14 
9 18 9 20 11 20 11 18 
10 17 10 22 12 22 12 17 
10 19 11 18 10 17 9 18 
10 21 11 20 10 19 9 20 
12 8 12 14 13 14 13 8 
12 13 13 14 15 12 14 11 
13 16 12 17 13 18 14 17 
17 18 17 16 13 16 13 18 
17 20 16 19 15 20 16 21 
19 17 19 11 14 11 14 17 
19 18 20 17 18 15 17 16 
19 19 19 18 17 18 17 19 
20 21 16 21 16 22 20 22 
22 9 22 11 24 11 24 9 
22 10 17 15 19 17 24 12 
22 16 22 18 23 18 23 16 
7 20 8 21 9 20 8 19 
12 6 9 9 19 19 22 16 
15 16 17 18 24 11 22 9 
