25
3 19 8 24 13 19 8 14 
3 20 8 20 8 19 3 19 
6 21 9 24 11 22 8 19 
6 23 11 18 8 15 3 20 
9 20 8 20 8 24 9 24 
10 11 18 11 18 10 10 10 
11 15 11 14 8 14 8 15 
11 19 13 19 13 18 11 18 
12 9 12 12 15 12 15 9 
12 22 9 19 8 20 11 23 
12 23 12 22 11 22 11 23 
13 7 10 10 12 12 15 9 
14 14 16 14 16 13 14 13 
15 10 11 14 20 23 24 19 
15 14 16 13 15 12 14 13 
16 16 20 12 18 10 14 14 
16 18 17 18 17 16 16 16 
16 19 16 21 24 21 24 19 
17 14 13 18 16 21 20 17 
17 20 20 20 20 18 17 18 
19 17 16 14 11 19 14 22 
21 11 23 13 24 12 22 10 
24 17 24 12 20 12 20 17 
15 17 15 24 19 24 19 17 
17 17 16 16 15 17 16 18 
