47
6 12 13 19 15 17 8 10 
6 19 8 19 8 12 6 12 
6 21 8 23 10 21 8 19 
8 9 8 10 11 10 11 9 
8 13 9 14 12 11 11 10 
8 18 9 19 10 18 9 17 
9 16 12 19 14 17 11 14 
9 20 9 19 8 19 8 20 
9 25 12 22 11 21 8 24 
10 14 13 11 11 9 8 12 
10 16 10 14 9 14 9 16 
10 24 11 24 11 21 10 21 
11 13 11 14 14 14 14 13 
11 20 15 24 16 23 12 19 
12 21 12 22 17 22 17 21 
13 10 15 12 17 10 15 8 
14 16 17 16 17 14 14 14 
14 27 19 22 16 19 11 24 
15 11 22 11 22 8 15 8 
15 14 16 13 15 12 14 13 
15 20 14 20 14 24 15 24 
16 20 13 23 14 24 17 21 
17 17 18 17 18 16 17 16 
19 11 20 12 23 9 22 8 
19 16 18 17 19 18 20 17 
19 20 21 20 21 18 19 18 
19 24 20 24 20 22 19 22 
21 10 22 11 24 9 23 8 
21 12 20 12 20 14 21 14 
21 13 20 14 23 17 24 16 
21 22 19 20 17 22 19 24 
22 16 22 23 24 23 24 16 
23 12 24 12 24 9 23 9 
23 14 21 14 21 17 23 17 
23 22 22 23 23 24 24 23 
24 13 23 12 22 13 23 14 
10 17 14 17 14 16 10 16 
11 27 14 27 14 24 11 24 
12 10 12 11 13 11 13 10 
13 12 15 12 15 11 13 11 
15 13 14 14 17 17 18 16 
16 12 15 12 15 13 16 13 
18 8 15 11 16 12 19 9 
20 13 21 14 22 13 21 12 
21 24 23 24 23 22 21 22 
9 18 10 18 10 17 9 17 
12 12 12 19 13 19 13 12 
