40
6 16 9 19 14 14 11 11 
8 13 8 15 11 15 11 13 
8 16 12 20 15 17 11 13 
8 20 11 23 12 22 9 19 
9 16 8 16 8 19 9 19 
9 20 12 20 12 19 9 19 
11 12 13 12 13 11 11 11 
11 17 15 17 15 15 11 15 
11 20 13 22 14 21 12 19 
12 13 11 12 8 15 9 16 
12 21 14 21 14 20 12 20 
12 23 12 22 11 22 11 23 
13 18 13 22 16 22 16 18 
14 13 17 16 18 15 15 12 
14 17 9 12 8 13 13 18 
14 23 13 22 12 23 13 24 
15 18 20 23 21 22 16 17 
16 11 15 11 15 12 16 12 
16 13 22 13 22 12 16 12 
16 14 16 13 14 13 14 14 
16 16 16 17 17 17 17 16 
17 15 16 14 15 15 16 16 
17 23 18 24 21 21 20 20 
18 18 23 13 22 12 17 17 
18 20 16 18 14 20 16 22 
18 23 18 24 20 24 20 23 
19 9 18 8 15 11 16 12 
20 8 20 20 24 20 24 8 
20 15 19 16 22 19 23 18 
20 25 24 21 22 19 18 23 
21 11 23 11 23 10 21 10 
21 16 21 11 19 11 19 16 
22 14 23 14 23 13 22 13 
22 16 21 16 21 19 22 19 
22 20 23 21 24 20 23 19 
22 22 22 21 21 21 21 22 
23 25 23 24 20 24 20 25 
17 8 17 15 18 15 18 8 
17 21 14 21 14 23 17 23 
21 14 22 13 17 8 16 9 
