29
7 13 8 14 10 12 9 11 
8 22 9 22 9 15 8 15 
9 24 11 24 11 22 9 22 
10 11 13 11 13 8 10 8 
10 16 12 18 16 14 14 12 
10 19 11 20 13 18 12 17 
12 13 12 17 22 17 22 13 
12 22 13 22 13 18 12 18 
13 26 15 24 13 22 11 24 
14 11 13 11 13 12 14 12 
14 16 10 16 10 19 14 19 
15 15 18 15 18 11 15 11 
16 10 8 10 8 14 16 14 
16 17 19 20 21 18 18 15 
16 22 12 18 8 22 12 26 
16 26 16 22 13 22 13 26 
17 8 17 9 22 9 22 8 
17 15 11 21 12 22 18 16 
18 20 11 20 11 21 18 21 
19 26 22 23 21 22 18 25 
20 11 21 12 23 10 22 9 
21 14 24 17 25 16 22 13 
21 16 18 16 18 18 21 18 
24 23 24 17 22 17 22 23 
9 12 10 12 10 11 9 11 
11 10 10 11 12 13 13 12 
17 14 20 11 17 8 14 11 
17 12 17 14 21 14 21 12 
20 15 21 14 18 11 17 12 
