69
5 19 9 23 12 20 8 16 
8 10 8 11 9 11 9 10 
8 17 10 17 10 16 8 16 
8 22 8 24 14 24 14 22 
9 9 8 10 9 11 10 10 
9 20 11 20 11 15 9 15 
10 12 15 17 16 16 11 11 
10 14 9 15 10 16 11 15 
10 21 11 20 10 19 9 20 
10 25 10 26 11 26 11 25 
11 10 11 11 12 11 12 10 
11 22 12 23 14 21 13 20 
11 24 10 25 11 26 12 25 
12 24 13 25 14 24 13 23 
12 26 13 26 13 25 12 25 
13 8 11 10 12 11 14 9 
13 11 12 11 12 20 13 20 
14 8 13 8 13 9 14 9 
14 10 13 9 12 10 13 11 
14 13 17 16 22 11 19 8 
14 18 15 18 15 17 14 17 
14 19 10 19 10 21 14 21 
15 15 17 15 17 8 15 8 
15 16 9 10 8 11 14 17 
15 19 16 18 15 17 14 18 
15 20 13 20 13 23 15 23 
15 21 14 22 15 23 16 22 
15 24 17 24 17 23 15 23 
16 9 18 11 19 10 17 8 
16 10 16 9 14 9 14 10 
16 17 17 17 17 16 16 16 
16 20 20 20 20 19 16 19 
17 18 20 18 20 17 17 17 
18 14 22 14 22 11 18 11 
18 17 17 16 16 17 17 18 
18 23 17 24 19 26 20 25 
19 9 20 10 21 9 20 8 
19 15 17 17 20 20 22 18 
19 16 20 17 25 12 24 11 
19 20 20 21 21 20 20 19 
19 22 23 26 24 25 20 21 
20 9 19 9 19 10 20 10 
20 14 22 16 26 12 24 10 
20 22 25 22 25 21 20 21 
20 24 20 25 24 25 24 24 
21 19 21 20 22 20 22 19 
21 21 20 20 19 21 20 22 
22 15 19 15 19 16 22 16 
23 13 22 14 25 17 26 16 
23 16 26 16 26 13 23 13 
23 17 23 18 25 18 25 17 
23 20 25 22 26 21 24 19 
25 10 25 12 26 12 26 10 
25 23 24 24 25 25 26 24 
25 26 26 26 26 25 25 25 
26 23 25 23 25 24 26 24 
27 16 25 14 23 16 25 18 
27 21 27 16 26 16 26 21 
27 24 26 23 25 24 26 25 
7 13 8 14 10 12 9 11 
7 14 8 14 8 13 7 13 
8 15 10 17 14 13 12 11 
11 27 12 26 11 25 10 26 
12 27 12 26 11 26 11 27 
13 18 14 19 15 18 14 17 
18 22 19 22 19 21 18 21 
19 25 20 24 18 22 17 23 
20 26 20 25 19 25 19 26 
22 26 23 26 23 20 22 20 
