38
6 12 14 20 18 16 10 8 
6 13 8 13 8 12 6 12 
7 16 15 24 17 22 9 14 
9 12 11 12 11 11 9 11 
10 14 17 21 18 20 11 13 
10 19 10 14 9 14 9 19 
10 21 10 23 13 23 13 21 
11 18 11 13 8 13 8 18 
12 26 14 26 14 20 12 20 
13 8 13 9 14 9 14 8 
14 10 15 9 14 8 13 9 
14 19 16 19 16 10 14 10 
15 10 19 14 20 13 16 9 
15 20 15 24 18 24 18 20 
15 27 18 24 17 23 14 26 
16 17 17 16 12 11 11 12 
17 9 17 16 18 16 18 9 
17 11 16 10 8 18 9 19 
18 21 19 22 21 20 20 19 
19 21 23 25 25 23 21 19 
20 8 20 12 23 12 23 8 
20 17 20 19 21 19 21 17 
21 10 23 12 25 10 23 8 
21 23 24 23 24 20 21 20 
22 24 22 26 26 26 26 24 
23 15 25 15 25 12 23 12 
23 21 19 21 19 22 23 22 
24 16 25 15 24 14 23 15 
25 17 25 16 24 16 24 17 
25 18 26 17 25 16 24 17 
25 25 25 23 24 23 24 25 
26 18 26 17 25 17 25 18 
27 25 26 24 25 25 26 26 
28 20 26 18 24 20 26 22 
9 22 10 23 11 22 10 21 
18 14 21 17 23 15 20 12 
23 19 25 17 24 16 22 18 
8 19 8 22 9 22 9 19 
