30
7 16 11 20 12 19 8 15 
8 21 13 26 14 25 9 20 
8 25 9 26 20 15 19 14 
8 26 9 26 9 25 8 25 
9 17 9 20 11 20 11 17 
11 15 16 15 16 13 11 13 
13 10 13 11 18 11 18 10 
13 25 13 26 14 26 14 25 
15 8 13 10 16 13 18 11 
15 27 25 17 24 16 14 26 
16 12 18 14 20 12 18 10 
16 18 18 20 22 16 20 14 
17 21 8 21 8 24 17 24 
17 22 20 19 16 15 13 18 
18 17 19 17 19 14 18 14 
18 18 19 17 13 11 12 12 
18 27 19 26 17 24 16 25 
21 10 21 8 20 8 20 10 
21 12 20 12 20 14 21 14 
21 16 22 16 22 14 21 14 
22 19 24 19 24 16 22 16 
23 11 24 12 25 11 24 10 
23 17 19 17 19 26 23 26 
23 27 24 26 18 20 17 21 
24 27 24 26 23 26 23 27 
26 18 18 18 18 20 26 20 
7 25 8 26 9 25 8 24 
15 20 15 27 18 27 18 20 
15 23 17 21 11 15 9 17 
17 14 22 19 26 15 21 10 
