52
8 13 11 13 11 12 8 12 
8 21 10 23 12 21 10 19 
8 25 11 25 11 24 8 24 
10 10 9 11 11 13 12 12 
10 17 9 16 8 17 9 18 
10 22 11 23 20 14 19 13 
10 24 11 25 12 24 11 23 
11 14 13 14 13 13 11 13 
11 15 12 16 14 14 13 13 
11 16 11 15 9 15 9 16 
11 17 10 17 10 19 11 19 
11 20 16 20 16 19 11 19 
11 22 10 22 10 23 11 23 
11 28 13 26 11 24 9 26 
12 9 10 9 10 10 12 10 
12 11 13 11 13 10 12 10 
14 9 17 9 17 8 14 8 
14 10 13 11 16 14 17 13 
14 11 15 10 14 9 13 10 
14 13 12 11 11 12 13 14 
14 17 17 14 14 11 11 14 
14 18 13 18 13 26 14 26 
14 21 15 22 17 20 16 19 
15 11 15 10 14 10 14 11 
15 18 15 22 23 22 23 18 
15 21 18 24 19 23 16 20 
15 27 17 25 16 24 14 26 
16 13 16 14 17 14 17 13 
16 17 16 14 14 14 14 17 
17 11 20 11 20 9 17 9 
17 18 18 19 21 16 20 15 
17 23 19 23 19 20 17 20 
17 28 17 25 11 25 11 28 
19 12 20 13 21 12 20 11 
19 15 20 15 20 14 19 14 
19 25 23 25 23 23 19 23 
20 7 19 8 20 9 21 8 
20 12 19 12 19 13 20 13 
20 16 21 16 21 15 20 15 
20 27 20 26 15 26 15 27 
21 11 24 11 24 8 21 8 
21 17 22 16 21 15 20 16 
21 20 23 22 25 20 23 18 
22 14 22 15 24 15 24 14 
22 17 22 16 21 16 21 17 
22 20 21 20 21 26 22 26 
22 22 19 25 20 26 23 23 
22 23 25 26 26 25 23 22 
23 13 21 11 20 12 22 14 
24 19 18 19 18 24 24 24 
14 19 15 18 14 17 13 18 
20 21 15 26 17 28 22 23 
