69
7 16 11 20 14 17 10 13 
7 23 9 25 11 23 9 21 
8 10 8 11 11 11 11 10 
8 19 13 19 13 14 8 14 
8 21 9 22 10 21 9 20 
8 22 9 22 9 21 8 21 
9 9 11 11 12 10 10 8 
9 12 11 10 10 9 8 11 
10 12 10 9 9 9 9 12 
10 14 9 13 8 14 9 15 
10 15 9 15 9 20 10 20 
10 16 13 19 16 16 13 13 
10 17 14 21 15 20 11 16 
10 24 9 24 9 25 10 25 
11 13 12 12 11 11 10 12 
11 17 14 17 14 16 11 16 
11 21 11 20 10 20 10 21 
11 24 12 25 15 22 14 21 
12 8 12 10 13 10 13 8 
12 11 11 11 11 12 12 12 
12 13 13 13 13 12 12 12 
12 21 12 25 14 25 14 21 
14 11 13 10 12 11 13 12 
14 13 13 12 12 13 13 14 
14 24 16 22 13 19 11 21 
15 25 14 25 14 26 15 26 
15 27 16 26 15 25 14 26 
16 8 14 10 16 12 18 10 
16 9 16 10 18 10 18 9 
16 11 16 10 14 10 14 11 
16 13 16 12 14 12 14 13 
16 17 12 21 17 26 21 22 
16 20 15 20 15 22 16 22 
16 27 16 26 15 26 15 27 
17 12 19 10 18 9 16 11 
17 18 20 18 20 12 17 12 
17 24 17 26 18 26 18 24 
18 12 16 10 14 12 16 14 
18 13 16 13 16 14 18 14 
19 11 22 11 22 10 19 10 
19 12 21 14 24 11 22 9 
19 14 19 15 21 15 21 14 
19 16 19 15 16 15 16 16 
19 17 16 17 16 19 19 19 
19 20 22 20 22 19 19 19 
20 14 19 13 18 14 19 15 
20 26 22 24 20 22 18 24 
21 9 19 11 20 12 22 10 
21 16 21 22 24 22 24 16 
21 21 22 20 20 18 19 19 
21 26 21 22 20 22 20 26 
22 21 26 21 26 20 22 20 
23 7 22 8 25 11 26 10 
23 9 23 8 22 8 22 9 
24 9 23 9 23 11 24 11 
24 13 22 11 19 14 21 16 
24 17 21 14 19 16 22 19 
24 19 22 21 24 23 26 21 
24 24 22 24 22 26 24 26 
25 13 25 11 24 11 24 13 
30 16 25 11 21 15 26 20 
10 23 9 24 10 25 11 24 
16 23 14 25 15 26 17 24 
17 14 18 13 17 12 16 13 
17 19 19 17 16 14 14 16 
17 21 18 20 17 19 16 20 
18 17 19 16 17 14 16 15 
19 8 19 9 21 9 21 8 
23 25 24 26 25 25 24 24 
