57
5 14 13 22 19 16 11 8 
5 16 14 16 14 14 5 14 
7 14 12 19 13 18 8 13 
7 20 8 21 20 9 19 8 
8 10 13 15 14 14 9 9 
8 20 11 23 14 20 11 17 
9 8 9 9 11 9 11 8 
9 15 9 17 11 17 11 15 
11 18 13 18 13 17 11 17 
11 19 13 17 11 15 9 17 
11 25 12 25 12 23 11 23 
12 13 12 10 8 10 8 13 
12 21 15 21 15 19 12 19 
12 26 14 24 13 23 11 25 
13 7 11 9 12 10 14 8 
13 10 13 15 15 15 15 10 
14 9 19 9 19 8 14 8 
14 17 15 17 15 16 14 16 
15 22 13 22 13 23 15 23 
15 24 19 24 19 23 15 23 
16 13 20 13 20 10 16 10 
16 16 15 15 14 16 15 17 
16 24 18 22 17 21 15 23 
17 16 17 17 19 17 19 16 
17 22 18 22 18 21 17 21 
17 26 17 25 12 25 12 26 
18 13 15 10 12 13 15 16 
18 23 19 24 23 20 22 19 
19 13 17 15 19 17 21 15 
19 20 15 16 14 17 18 21 
19 25 20 26 22 24 21 23 
19 28 21 26 19 24 17 26 
20 15 21 15 21 13 20 13 
20 23 20 26 21 26 21 23 
21 10 24 10 24 8 21 8 
22 17 22 19 25 19 25 17 
22 28 22 25 19 25 19 28 
23 15 25 17 26 16 24 14 
23 23 23 26 24 26 24 23 
24 15 22 13 20 15 22 17 
25 10 25 16 26 16 26 10 
25 24 24 23 22 25 23 26 
26 18 25 17 24 18 25 19 
26 22 26 18 24 18 24 22 
26 24 25 24 25 26 26 26 
3 18 10 25 12 23 5 16 
3 19 11 19 11 18 3 18 
7 21 8 21 8 20 7 20 
9 22 12 25 15 22 12 19 
10 22 9 22 9 25 10 25 
12 5 9 8 17 16 20 13 
16 25 18 23 17 22 15 24 
18 18 23 23 24 22 19 17 
18 24 17 25 18 26 19 25 
21 20 23 20 23 15 21 15 
23 8 21 10 23 12 25 10 
16 20 18 18 17 17 15 19 
