33
8 13 17 13 17 12 8 12 
9 20 10 21 11 20 10 19 
9 22 9 24 18 24 18 22 
10 23 9 24 11 26 12 25 
11 14 11 18 12 18 12 14 
11 19 17 25 18 24 12 18 
12 23 12 25 13 25 13 23 
13 26 17 26 17 25 13 25 
14 12 12 14 16 18 18 16 
14 16 14 19 18 19 18 16 
14 20 14 19 11 19 11 20 
15 10 11 14 13 16 17 12 
15 14 15 10 13 10 13 14 
15 16 18 19 19 18 16 15 
15 23 15 20 14 20 14 23 
16 23 18 21 13 16 11 18 
17 4 8 13 14 19 23 10 
19 15 16 15 16 18 19 18 
19 22 19 25 22 25 22 22 
20 20 10 10 8 12 18 22 
21 20 19 22 21 24 23 22 
21 22 18 19 14 23 17 26 
21 23 21 24 26 24 26 23 
22 24 21 23 19 25 20 26 
23 13 23 22 26 22 26 13 
23 16 26 13 25 12 22 15 
24 10 23 10 23 12 24 12 
24 17 25 17 25 12 24 12 
25 22 22 25 23 26 26 23 
31 17 24 10 19 15 26 22 
11 22 12 23 15 20 14 19 
18 20 20 20 20 19 18 19 
22 19 24 17 23 16 21 18 
