37
7 14 9 16 12 13 10 11 
9 13 9 16 12 16 12 13 
12 19 9 16 8 17 11 20 
12 22 17 22 17 21 12 21 
13 9 9 13 10 14 14 10 
13 18 15 18 15 13 13 13 
14 16 16 16 16 15 14 15 
14 17 13 18 14 19 15 18 
15 14 16 15 17 14 16 13 
15 19 17 21 22 16 20 14 
15 23 16 24 18 22 17 21 
15 24 17 22 14 19 12 21 
16 10 16 13 22 13 22 10 
16 23 15 23 15 24 16 24 
16 26 17 26 17 24 16 24 
17 17 20 17 20 14 17 14 
18 10 20 12 21 11 19 9 
18 16 18 22 19 22 19 16 
19 7 16 10 18 12 21 9 
19 11 21 11 21 9 19 9 
19 18 20 19 21 18 20 17 
19 20 20 21 21 20 20 19 
19 26 21 24 19 22 17 24 
21 12 24 12 24 11 21 11 
23 10 21 12 22 13 24 11 
23 13 22 13 22 15 23 15 
23 14 22 13 21 14 22 15 
24 17 20 17 20 19 24 19 
24 20 21 20 21 24 24 24 
25 9 23 9 23 10 25 10 
26 23 19 23 19 26 26 26 
7 11 7 14 10 14 10 11 
9 19 12 22 15 19 12 16 
11 5 8 8 13 13 16 10 
12 17 12 19 14 19 14 17 
24 10 25 9 24 8 23 9 
23 11 24 12 25 11 24 10 
