35
6 18 9 21 11 19 8 16 
9 23 9 25 12 25 12 23 
10 16 10 9 8 9 8 16 
11 14 12 15 13 14 12 13 
11 17 13 17 13 14 11 14 
12 9 17 9 17 8 12 8 
12 16 13 17 19 11 18 10 
13 16 14 17 16 15 15 14 
13 19 14 19 14 17 13 17 
14 6 12 8 15 11 17 9 
14 12 19 17 20 16 15 11 
14 20 19 20 19 19 14 19 
14 30 19 25 14 20 9 25 
15 13 15 14 19 14 19 13 
15 19 17 21 19 19 17 17 
15 26 15 22 13 22 13 26 
16 23 15 22 12 25 13 26 
17 25 19 25 19 21 17 21 
18 21 21 24 22 23 19 20 
20 17 20 20 24 20 24 17 
21 11 19 13 21 15 23 13 
21 14 13 22 16 25 24 17 
21 23 21 15 16 15 16 23 
22 22 20 20 19 21 21 23 
22 24 22 23 21 23 21 24 
23 8 23 13 24 13 24 8 
23 15 25 17 26 16 24 14 
24 22 25 22 25 21 24 21 
26 22 25 21 24 22 25 23 
27 20 26 19 24 21 25 22 
7 21 9 23 13 19 11 17 
9 6 9 12 14 12 14 6 
16 5 12 9 20 17 24 13 
6 9 9 12 12 9 9 6 
7 12 7 21 9 21 9 12 
