40
8 22 12 22 12 20 8 20 
10 19 15 24 17 22 12 17 
10 21 13 24 17 20 14 17 
11 17 12 17 12 11 11 11 
12 12 17 17 18 16 13 11 
13 14 17 14 17 11 13 11 
13 18 13 14 9 14 9 18 
14 11 17 14 19 12 16 9 
14 20 17 20 17 17 14 17 
15 9 15 24 16 24 16 9 
15 17 12 20 16 24 19 21 
15 21 14 20 12 22 13 23 
16 12 17 11 15 9 14 10 
17 8 17 9 22 9 22 8 
18 20 17 20 17 21 18 21 
18 24 18 25 21 25 21 24 
19 6 17 8 20 11 22 9 
19 13 19 21 20 21 20 13 
20 26 25 26 25 21 20 21 
22 10 20 10 20 11 22 11 
22 12 24 10 22 8 20 10 
22 15 18 19 20 21 24 17 
22 26 26 22 25 21 21 25 
23 10 22 11 25 14 26 13 
23 17 24 17 24 10 23 10 
23 20 23 17 22 17 22 20 
24 12 22 10 19 13 21 15 
24 18 13 18 13 23 24 23 
25 20 22 17 18 21 21 24 
26 9 25 9 25 13 26 13 
28 22 24 18 22 20 26 24 
28 24 28 22 26 22 26 24 
10 16 10 19 18 19 18 16 
11 13 12 12 11 11 10 12 
12 13 8 17 9 18 13 14 
19 23 18 24 20 26 21 25 
21 12 21 15 22 15 22 12 
7 19 8 20 11 17 10 16 
7 21 10 21 10 19 7 19 
9 21 8 20 7 21 8 22 
