35
7 19 14 26 15 25 8 18 
8 11 13 16 15 14 10 9 
9 14 9 17 12 17 12 14 
9 23 11 25 17 19 15 17 
10 11 10 16 11 16 11 11 
10 17 11 16 9 14 8 15 
11 13 12 14 13 13 12 12 
11 17 13 15 12 14 10 16 
11 19 11 25 15 25 15 19 
12 24 12 23 9 23 9 24 
14 18 14 26 20 26 20 18 
15 13 20 18 25 13 20 8 
15 29 19 25 16 22 12 26 
17 14 20 17 21 16 18 13 
17 16 17 19 21 19 21 16 
17 22 18 21 13 16 12 17 
18 9 18 13 23 13 23 9 
19 11 20 12 23 9 22 8 
19 20 22 20 22 11 19 11 
19 29 19 25 15 25 15 29 
20 20 21 21 22 20 21 19 
21 12 21 8 20 8 20 12 
21 22 26 17 24 15 19 20 
22 14 25 17 26 16 23 13 
22 23 22 26 23 26 23 23 
23 17 25 17 25 13 23 13 
24 12 21 12 21 15 24 15 
25 21 25 19 21 19 21 21 
13 12 13 13 15 13 15 12 
14 11 15 12 18 9 17 8 
16 19 16 22 17 22 17 19 
17 13 15 13 15 14 17 14 
18 22 21 22 21 21 18 21 
19 13 21 15 22 14 20 12 
17 17 15 19 18 22 20 20 
