24
2 17 9 24 15 18 8 11 
2 22 8 22 8 17 2 17 
4 20 9 25 14 20 9 15 
8 13 18 13 18 11 8 11 
8 23 15 23 15 22 8 22 
9 10 9 15 10 15 10 10 
9 20 9 24 14 24 14 20 
11 25 19 25 19 8 11 8 
11 26 11 25 9 25 9 26 
12 16 14 16 14 12 12 12 
12 20 15 23 26 12 23 9 
14 15 18 19 22 15 18 11 
15 19 18 19 18 18 15 18 
15 24 17 22 10 15 8 17 
16 8 12 12 18 18 22 14 
16 16 26 16 26 12 16 12 
17 19 14 16 8 22 11 25 
17 24 22 24 22 22 17 22 
19 15 16 12 12 16 15 19 
19 22 17 20 15 22 17 24 
20 24 21 25 22 24 21 23 
26 11 26 9 23 9 23 11 
27 25 23 21 22 22 26 26 
27 23 21 23 21 25 27 25 
