45
6 12 18 24 21 21 9 9 
8 18 11 18 11 16 8 16 
9 12 9 13 11 13 11 12 
9 20 11 20 11 19 9 19 
10 12 11 13 13 11 12 10 
10 14 18 22 19 21 11 13 
10 19 9 20 10 21 11 20 
11 23 23 23 23 20 11 20 
11 26 13 24 10 21 8 23 
12 9 12 10 14 10 14 9 
12 15 15 12 12 9 9 12 
12 17 13 16 12 15 11 16 
12 19 14 19 14 17 12 17 
13 18 12 17 11 18 12 19 
14 11 14 12 15 12 15 11 
15 13 16 12 15 11 14 12 
15 15 15 13 12 13 12 15 
15 18 15 16 13 16 13 18 
15 20 16 19 15 18 14 19 
16 11 16 12 17 12 17 11 
16 13 16 19 20 19 20 13 
16 21 16 19 14 19 14 21 
17 17 18 17 18 12 17 12 
17 22 17 24 18 24 18 22 
18 15 23 20 25 18 20 13 
18 19 23 14 20 11 15 16 
19 20 18 19 16 21 17 22 
19 25 21 25 21 21 19 21 
20 8 17 11 18 12 21 9 
20 9 20 11 21 11 21 9 
20 15 18 17 20 19 22 17 
23 19 25 19 25 18 23 18 
23 27 25 25 23 23 21 25 
26 16 26 9 24 9 24 16 
7 15 8 16 10 14 9 13 
8 26 11 26 11 23 8 23 
9 15 10 15 10 14 9 14 
15 22 16 21 15 20 14 21 
17 25 18 26 19 25 18 24 
18 14 23 19 26 16 21 11 
19 8 16 11 17 12 20 9 
10 20 16 26 17 25 11 19 
13 25 17 25 17 24 13 24 
10 28 13 25 11 23 8 26 
14 28 14 21 10 21 10 28 
