76
4 15 8 19 12 15 8 11 
5 21 9 25 16 18 12 14 
6 21 11 26 13 24 8 19 
7 13 8 14 9 13 8 12 
8 9 8 11 12 11 12 9 
8 13 9 14 12 11 11 10 
8 15 8 17 12 17 12 15 
8 22 9 23 13 19 12 18 
9 12 8 12 8 13 9 13 
9 20 18 20 18 16 9 16 
10 8 10 10 11 10 11 8 
10 13 14 13 14 12 10 12 
10 14 10 13 9 13 9 14 
10 15 9 14 8 15 9 16 
10 21 10 23 14 23 14 21 
10 25 10 23 9 23 9 25 
12 7 11 8 12 9 13 8 
13 11 12 11 12 14 13 14 
13 22 13 19 8 19 8 22 
14 27 20 21 16 17 10 23 
15 10 14 10 14 11 15 11 
15 12 16 11 15 10 14 11 
15 14 18 14 18 12 15 12 
15 17 16 17 16 15 15 15 
15 18 15 17 12 17 12 18 
15 19 15 21 17 21 17 19 
15 20 14 21 19 26 20 25 
16 10 17 9 16 8 15 9 
16 13 15 12 14 13 15 14 
16 14 18 16 20 14 18 12 
16 20 17 21 18 20 17 19 
16 22 17 23 18 22 17 21 
16 24 16 22 13 22 13 24 
17 22 18 22 18 21 17 21 
17 25 20 25 20 23 17 23 
18 24 17 23 16 24 17 25 
19 12 20 13 21 12 20 11 
19 13 20 13 20 12 19 12 
19 14 19 17 20 17 20 14 
19 16 20 17 23 14 22 13 
19 18 19 17 16 17 16 18 
19 24 19 26 23 26 23 24 
20 10 16 10 16 11 20 11 
20 18 22 16 21 15 19 17 
21 9 20 10 21 11 22 10 
21 13 22 14 24 12 23 11 
21 14 22 14 22 13 21 13 
21 21 21 22 22 22 22 21 
21 24 22 23 21 22 20 23 
22 9 21 9 21 10 22 10 
22 12 24 12 24 10 22 10 
22 17 20 17 20 18 22 18 
23 15 24 16 25 15 24 14 
23 17 24 17 24 16 23 16 
23 18 25 20 26 19 24 17 
23 22 24 21 23 20 22 21 
23 23 23 22 22 22 22 23 
24 18 23 17 22 18 23 19 
24 19 24 18 23 18 23 19 
24 20 23 19 21 21 22 22 
24 24 25 23 24 22 23 23 
25 14 24 14 24 15 25 15 
25 19 24 19 24 20 25 20 
25 22 24 22 24 23 25 23 
26 13 22 9 21 10 25 14 
26 15 25 14 24 15 25 16 
26 16 26 15 25 15 25 16 
7 14 8 14 8 13 7 13 
11 7 10 8 13 11 14 10 
13 13 15 15 16 14 14 12 
13 18 16 15 15 14 12 17 
19 21 20 21 20 18 19 18 
22 15 23 15 23 14 22 14 
23 21 24 21 24 20 23 20 
25 12 25 13 26 13 26 12 
21 16 22 16 22 15 21 15 
