43
8 21 9 21 9 20 8 20 
8 22 9 23 10 22 9 21 
8 24 10 24 10 22 8 22 
9 12 9 19 11 19 11 12 
9 13 12 16 14 14 11 11 
9 14 10 15 12 13 11 12 
9 22 10 21 9 20 8 21 
9 25 10 24 9 23 8 24 
10 13 10 15 12 15 12 13 
11 21 14 18 12 16 9 19 
11 23 13 23 13 21 11 21 
11 25 11 23 9 23 9 25 
12 17 12 26 18 26 18 17 
12 29 21 20 18 17 9 26 
14 11 14 13 15 13 15 11 
14 15 15 16 18 13 17 12 
14 16 14 15 12 15 12 16 
14 20 13 21 18 26 19 25 
14 24 21 17 20 16 13 23 
15 18 15 16 14 16 14 18 
15 21 24 21 24 18 15 18 
16 14 16 16 19 16 19 14 
17 11 17 12 23 12 23 11 
17 15 16 16 20 20 21 19 
17 16 14 13 12 15 15 18 
18 12 17 11 15 13 16 14 
19 23 19 20 14 20 14 23 
19 26 24 26 24 25 19 25 
20 9 20 10 21 10 21 9 
20 15 19 16 24 21 25 20 
20 19 20 20 21 20 21 19 
21 13 25 13 25 10 21 10 
22 9 21 10 23 12 24 11 
22 12 23 11 21 9 20 10 
23 17 24 17 24 12 23 12 
26 20 25 20 25 21 26 21 
27 15 26 14 23 17 24 18 
27 16 27 15 20 15 20 16 
27 17 22 12 21 13 26 18 
5 13 11 19 14 16 8 10 
9 29 12 29 12 26 9 26 
23 19 25 21 26 20 24 18 
8 28 9 29 12 26 11 25 
