33
3 20 9 26 15 20 9 14 
6 13 9 16 12 13 9 10 
7 20 9 22 16 15 14 13 
8 13 8 20 12 20 12 13 
9 20 13 24 15 22 11 18 
10 9 12 11 13 10 11 8 
10 14 10 10 9 10 9 14 
10 18 8 20 10 22 12 20 
10 21 10 22 12 22 12 21 
10 26 10 22 9 22 9 26 
11 14 10 14 10 18 11 18 
13 7 10 10 19 19 22 16 
13 11 19 11 19 10 13 10 
13 14 13 15 16 15 16 14 
13 23 16 26 22 20 19 17 
13 26 16 26 16 24 13 24 
15 16 15 20 22 20 22 16 
15 18 22 25 25 22 18 15 
16 17 18 17 18 15 16 15 
17 7 13 11 14 12 18 8 
17 18 21 22 22 21 18 17 
18 19 19 19 19 17 18 17 
18 25 21 25 21 22 18 22 
19 27 21 25 18 22 16 24 
20 17 23 17 23 9 20 9 
21 9 22 10 23 9 22 8 
21 13 21 12 14 12 14 13 
22 11 20 9 19 10 21 12 
22 29 25 26 21 22 18 25 
23 21 23 22 25 22 25 21 
9 25 10 26 13 23 12 22 
18 16 21 13 19 11 16 14 
21 29 22 29 22 25 21 25 
