52
6 19 12 25 15 22 9 16 
6 22 8 22 8 19 6 19 
7 14 8 15 10 13 9 12 
7 15 8 15 8 14 7 14 
7 21 8 22 12 18 11 17 
8 12 9 12 9 10 8 10 
9 19 9 24 10 24 10 19 
9 25 9 24 8 24 8 25 
10 9 9 8 8 9 9 10 
10 12 10 13 13 13 13 12 
10 16 10 13 9 13 9 16 
11 10 13 12 15 10 13 8 
11 14 13 16 15 14 13 12 
11 15 15 15 15 14 11 14 
12 14 10 12 9 13 11 15 
12 16 12 18 13 18 13 16 
12 17 10 19 11 20 13 18 
12 21 12 25 17 25 17 21 
13 23 14 24 15 23 14 22 
13 26 15 26 15 23 13 23 
14 12 13 13 15 15 16 14 
14 18 13 18 13 22 14 22 
14 25 15 26 19 22 18 21 
15 13 18 13 18 12 15 12 
15 16 15 22 16 22 16 16 
17 15 20 18 21 17 18 14 
17 18 20 15 18 13 15 16 
17 26 21 22 17 18 13 22 
18 22 18 26 19 26 19 22 
19 19 16 16 14 18 17 21 
20 13 20 15 21 15 21 13 
20 16 17 16 17 18 20 18 
20 24 20 25 22 25 22 24 
21 19 18 22 20 24 23 21 
22 9 20 11 23 14 25 12 
22 17 21 17 21 18 22 18 
23 13 21 15 23 17 25 15 
23 19 25 19 25 17 23 17 
23 20 23 21 26 21 26 20 
24 17 26 15 22 11 20 13 
24 18 23 17 22 18 23 19 
24 19 22 17 21 18 23 20 
25 14 23 14 23 15 25 15 
25 21 23 19 20 22 22 24 
7 13 8 14 9 13 8 12 
8 23 9 24 12 21 11 20 
9 23 8 24 9 25 10 24 
17 23 18 22 17 21 16 22 
20 9 20 11 22 11 22 9 
20 19 21 19 21 18 20 18 
18 15 17 16 20 19 21 18 
17 14 17 15 18 15 18 14 
