21
9 13 9 24 10 24 10 13 
10 12 9 13 20 24 21 23 
10 16 15 21 21 15 16 10 
12 8 11 9 21 19 22 18 
12 26 14 24 12 22 10 24 
13 13 12 13 12 22 13 22 
13 25 12 25 12 26 13 26 
14 15 14 24 18 24 18 15 
15 18 18 15 13 10 10 13 
15 19 15 21 21 21 21 19 
16 21 12 25 13 26 17 22 
17 11 17 22 23 22 23 11 
20 18 22 18 22 17 20 17 
20 26 20 24 18 24 18 26 
22 23 22 21 21 21 21 23 
23 20 20 17 19 18 22 21 
23 23 21 21 18 24 20 26 
24 23 23 22 22 23 23 24 
24 24 24 23 23 23 23 24 
6 19 8 21 14 15 12 13 
6 11 6 19 11 19 11 11 
