53 125
22 29
24 33
18 24
21 19
37 20
18 15
25 27
20 28
39 38
17 35
35 16
37 34
28 14
19 19
27 21
36 28
36 23
32 16
37 22
19 28
27 38
21 31
15 19
31 30
16 22
15 24
30 35
32 20
18 35
35 22
39 24
14 19
16 35
24 19
25 39
29 26
30 36
15 20
23 24
22 16
15 25
21 22
36 14
39 22
19 36
34 19
29 13
32 35
30 22
20 14
25 29
35 28
19 26
33 27
36 15
23 13
26 34
26 33
31 23
25 26
15 36
32 34
36 39
33 14
24 35
32 38
33 35
37 36
20 34
17 16
15 14
35 23
35 33
34 17
36 37
33 39
18 25
33 25
15 35
19 25
23 35
21 29
17 17
33 26
25 30
35 36
30 27
36 35
17 39
31 32
36 32
35 34
22 25
34 14
32 30
33 13
34 24
33 38
37 39
38 35
25 24
18 36
22 30
23 14
30 28
22 35
17 36
21 28
29 33
14 24
32 24
26 24
34 25
27 31
37 35
13 29
21 38
29 24
17 24
31 24
19 14
16 30
15 32
34 34
36 30
