53 90
30 22
27 15
39 28
19 32
16 18
13 17
27 30
17 31
14 19
32 27
16 33
32 16
27 16
24 14
28 33
32 26
18 15
15 39
18 33
32 23
13 28
30 18
37 23
15 30
21 22
13 24
30 26
37 18
33 22
14 34
36 32
30 32
30 14
13 14
28 24
30 17
39 19
28 21
31 26
27 26
14 28
26 29
32 22
29 25
31 35
39 39
39 32
34 18
16 21
13 37
33 20
16 23
26 19
21 29
29 19
21 26
13 20
25 39
20 21
28 32
16 14
39 18
24 26
33 32
27 32
37 30
39 24
27 35
16 35
13 23
25 24
39 23
26 26
17 29
15 20
35 38
25 31
20 37
16 32
39 38
21 20
19 19
34 23
19 26
28 22
26 24
38 16
21 15
23 23
19 30
