53 98
22 16
35 33
23 18
20 17
22 37
30 26
19 26
35 34
15 26
22 24
26 38
25 35
36 13
30 30
33 28
14 14
23 14
21 26
28 19
22 22
37 37
15 33
33 16
32 32
15 28
24 14
13 38
19 38
36 37
29 21
14 20
14 13
36 16
38 33
20 15
25 32
27 26
21 29
21 32
22 28
29 23
14 18
16 18
31 29
21 27
13 19
29 13
21 34
18 22
30 24
29 39
32 37
30 33
38 20
23 39
15 15
35 24
35 28
28 24
31 38
34 18
39 18
33 18
14 34
17 15
38 17
29 30
24 35
13 37
36 25
13 14
39 39
31 30
16 16
37 13
14 24
13 33
15 37
29 28
23 32
26 37
31 17
29 32
13 26
33 26
22 13
27 37
23 35
38 15
35 26
35 37
33 13
13 15
21 38
15 34
34 38
34 35
18 15
