95
7 20 12 25 21 16 16 11 
7 24 12 29 16 25 11 20 
10 14 11 15 13 13 12 12 
11 22 11 26 14 26 14 22 
12 13 13 13 13 12 12 12 
12 23 16 27 19 24 15 20 
12 28 13 29 15 27 14 26 
12 31 12 29 11 29 11 31 
13 19 11 19 11 20 13 20 
13 27 15 27 15 20 13 20 
13 32 17 28 16 27 12 31 
14 11 13 12 16 15 17 14 
14 24 16 26 20 22 18 20 
14 34 16 32 13 29 11 31 
15 14 15 15 16 15 16 14 
15 17 15 19 16 19 16 17 
15 29 13 29 13 32 15 32 
16 12 16 11 14 11 14 12 
16 23 12 23 12 25 16 25 
16 28 17 28 17 27 16 27 
16 30 17 31 19 29 18 28 
16 33 17 32 16 31 15 32 
17 17 18 16 16 14 15 15 
17 19 22 19 22 17 17 17 
17 29 17 30 19 30 19 29 
17 33 17 32 16 32 16 33 
18 12 18 16 20 16 20 12 
18 14 15 17 17 19 20 16 
18 17 16 15 14 17 16 19 
18 22 20 20 17 17 15 19 
18 29 17 30 18 31 19 30 
18 32 22 32 22 31 18 31 
19 20 16 17 13 20 16 23 
19 22 20 22 20 20 19 20 
19 25 16 25 16 26 19 26 
19 28 20 28 20 26 19 26 
21 21 28 21 28 20 21 20 
21 23 19 25 20 26 22 24 
21 27 23 29 25 27 23 25 
21 29 23 31 25 29 23 27 
22 23 22 24 23 24 23 23 
23 11 23 12 24 12 24 11 
23 13 24 12 23 11 22 12 
23 16 22 17 27 22 28 21 
23 26 24 27 27 24 26 23 
23 30 23 31 25 31 25 30 
23 33 24 32 23 31 22 32 
24 13 23 12 21 14 22 15 
24 16 25 16 25 14 24 14 
24 17 24 16 23 16 23 17 
24 19 24 27 25 27 25 19 
24 24 28 20 27 19 23 23 
24 29 24 27 23 27 23 29 
24 31 25 30 24 29 23 30 
25 13 24 14 26 16 27 15 
26 17 31 17 31 16 26 16 
26 18 24 16 23 17 25 19 
26 19 27 19 27 18 26 18 
26 27 27 27 27 24 26 24 
26 29 26 27 25 27 25 29 
26 31 27 31 27 30 26 30 
26 33 27 33 27 32 26 32 
27 9 25 11 31 17 33 15 
27 12 27 11 25 11 25 12 
28 12 28 18 32 18 32 12 
28 29 28 27 27 27 27 29 
28 30 27 29 26 30 27 31 
28 31 29 31 29 30 28 30 
28 32 27 31 26 32 27 33 
29 18 31 16 27 12 25 14 
29 21 26 24 29 27 32 24 
29 22 29 27 31 27 31 22 
29 24 30 23 29 22 28 23 
30 19 29 20 31 22 32 21 
30 30 31 31 32 30 31 29 
30 31 31 31 31 30 30 30 
31 26 29 24 26 27 28 29 
31 32 32 31 31 30 30 31 
32 11 26 17 27 18 33 12 
32 20 29 20 29 21 32 21 
32 32 32 31 31 31 31 32 
18 24 19 24 19 22 18 22 
19 27 20 28 21 27 20 26 
20 25 21 26 23 24 22 23 
20 27 19 28 22 31 23 30 
21 25 21 26 23 26 23 25 
22 13 23 13 23 12 22 12 
23 32 22 32 22 33 23 33 
25 32 26 33 27 32 26 31 
29 32 30 31 29 30 28 31 
31 33 32 32 31 31 30 32 
21 32 22 33 23 32 22 31 
30 33 31 33 31 32 30 32 
31 34 32 33 31 32 30 33 
32 34 32 33 31 33 31 34 
