30
9 13 18 22 20 20 11 11 
11 13 11 17 18 17 18 13 
11 22 18 22 18 20 11 20 
12 12 18 12 18 11 12 11 
13 18 13 23 25 23 25 18 
14 21 24 31 26 29 16 19 
16 32 17 33 26 24 25 23 
17 13 30 26 31 25 18 12 
17 19 16 19 16 30 17 30 
19 16 18 17 25 24 26 23 
19 31 24 31 24 16 19 16 
21 13 24 16 25 15 22 12 
21 17 27 17 27 13 21 13 
22 11 22 12 23 12 23 11 
25 28 26 28 26 24 25 24 
26 22 26 23 30 23 30 22 
26 31 31 26 18 13 13 18 
27 18 31 18 31 17 27 17 
28 19 29 19 29 16 28 16 
29 24 31 24 31 19 29 19 
29 33 31 33 31 27 29 27 
30 17 29 16 27 18 28 19 
30 18 28 16 27 17 29 19 
30 25 30 26 31 26 31 25 
30 28 31 27 30 26 29 27 
30 29 30 28 26 28 26 29 
6 17 11 22 17 16 12 11 
7 17 13 23 17 19 11 13 
12 30 12 32 16 32 16 30 
26 17 25 18 26 19 27 18 
