117
9 26 13 30 15 28 11 24 
10 24 12 26 13 25 11 23 
10 28 13 31 15 29 12 26 
11 17 12 18 13 17 12 16 
11 18 12 18 12 17 11 17 
11 22 11 23 12 23 12 22 
11 25 13 25 13 24 11 24 
11 29 11 30 13 30 13 29 
12 19 13 19 13 18 12 18 
12 28 13 29 15 27 14 26 
12 32 13 32 13 31 12 31 
13 15 14 16 17 13 16 12 
13 20 13 21 17 21 17 20 
13 33 14 32 13 31 12 32 
14 18 13 19 16 22 17 21 
14 19 13 18 12 19 13 20 
14 21 13 20 11 22 12 23 
14 23 14 26 18 26 18 23 
14 28 14 26 12 26 12 28 
14 29 15 29 15 28 14 28 
15 15 13 15 13 17 15 17 
15 22 14 23 16 25 17 24 
15 23 18 26 19 25 16 22 
15 25 15 27 16 27 16 25 
15 31 14 31 14 32 15 32 
15 33 16 33 16 32 15 32 
15 34 16 33 15 32 14 33 
16 17 24 25 26 23 18 15 
16 19 17 20 19 18 18 17 
16 29 15 29 15 30 16 30 
17 14 18 14 18 13 17 13 
17 19 20 16 18 14 15 17 
17 26 16 27 17 28 18 27 
17 27 16 27 16 28 17 28 
17 29 17 32 19 32 19 29 
17 30 19 32 22 29 20 27 
17 31 18 30 17 29 16 30 
18 21 18 22 22 22 22 21 
18 28 19 27 18 26 17 27 
19 15 19 14 18 14 18 15 
19 16 14 16 14 18 19 18 
19 23 21 25 25 21 23 19 
19 28 19 27 18 27 18 28 
20 13 19 12 18 13 19 14 
20 17 21 17 21 16 20 16 
20 19 22 21 24 19 22 17 
21 13 22 14 23 13 22 12 
21 23 19 23 19 25 21 25 
21 29 22 29 22 25 21 25 
21 30 18 30 18 33 21 33 
22 18 25 18 25 17 22 17 
22 26 19 29 23 33 26 30 
23 12 24 13 25 12 24 11 
23 14 24 14 24 13 23 13 
23 17 22 16 21 17 22 18 
23 20 23 19 20 19 20 20 
23 21 22 22 24 24 25 23 
23 23 25 23 25 21 23 21 
23 26 23 29 24 29 24 26 
23 28 24 29 26 27 25 26 
23 30 22 31 24 33 25 32 
23 31 22 31 22 33 23 33 
23 35 25 33 23 31 21 33 
24 12 24 11 23 11 23 12 
24 15 24 19 27 19 27 15 
24 32 24 33 25 33 25 32 
24 35 24 33 23 33 23 35 
25 14 24 13 23 14 24 15 
25 24 26 24 26 23 25 23 
25 25 25 24 24 24 24 25 
25 27 28 30 32 26 29 23 
25 36 30 31 29 30 24 35 
26 14 27 13 25 11 24 12 
26 17 24 15 23 16 25 18 
26 20 29 20 29 17 26 17 
26 26 25 26 25 27 26 27 
27 14 27 13 26 13 26 14 
27 22 30 22 30 19 27 19 
27 25 27 31 30 31 30 25 
27 36 27 33 25 33 25 36 
28 11 26 13 27 14 29 12 
28 12 28 11 25 11 25 12 
28 14 29 14 29 12 28 12 
28 16 29 15 28 14 27 15 
28 24 29 24 29 23 28 23 
28 27 26 27 26 30 28 30 
29 21 31 19 29 17 27 19 
29 25 28 26 32 30 33 29 
30 10 28 12 30 14 32 12 
30 15 31 14 30 13 29 14 
30 21 29 20 27 22 28 23 
30 29 32 27 30 25 28 27 
31 13 30 13 30 14 31 14 
31 16 31 19 32 19 32 16 
31 27 31 30 32 30 32 27 
33 20 33 19 32 19 32 20 
33 31 30 31 30 33 33 33 
34 20 33 19 32 20 33 21 
34 21 34 20 33 20 33 21 
10 32 11 33 12 32 11 31 
14 24 15 23 13 21 12 22 
14 34 15 34 15 33 14 33 
15 19 15 22 16 22 16 19 
16 15 16 17 18 17 18 15 
16 26 19 23 18 22 15 25 
16 31 17 30 16 29 15 30 
19 21 21 23 22 22 20 20 
21 11 20 11 20 13 21 13 
21 24 22 25 31 16 30 15 
22 28 23 29 25 27 24 26 
22 30 23 30 23 29 22 29 
24 16 25 17 27 15 26 14 
24 18 26 20 27 19 25 17 
29 16 30 16 30 15 29 15 
32 21 33 22 34 21 33 20 
32 22 33 22 33 21 32 21 
31 21 30 22 31 23 32 22 
