100
8 15 13 20 16 17 11 12 
8 16 12 16 12 15 8 15 
8 26 13 31 18 26 13 21 
9 15 8 16 11 19 12 18 
9 24 12 27 16 23 13 20 
9 31 13 31 13 24 9 24 
10 21 13 24 16 21 13 18 
10 27 11 27 11 21 10 21 
11 16 12 17 13 16 12 15 
11 33 12 33 12 27 11 27 
12 12 12 11 11 11 11 12 
12 20 13 20 13 18 12 18 
12 31 13 32 15 30 14 29 
13 22 16 22 16 21 13 21 
14 9 12 11 14 13 16 11 
14 11 14 13 16 13 16 11 
14 16 18 20 20 18 16 14 
14 17 14 16 13 16 13 17 
14 25 14 29 20 29 20 25 
15 25 16 26 20 22 19 21 
16 12 18 14 19 13 17 11 
16 15 18 17 20 15 18 13 
16 24 21 24 21 23 16 23 
16 28 18 28 18 26 16 26 
16 32 16 31 13 31 13 32 
17 15 17 17 18 17 18 15 
17 22 20 25 21 24 18 21 
17 26 22 21 18 17 13 22 
17 31 12 26 11 27 16 32 
18 11 18 13 19 13 19 11 
19 17 18 17 18 20 19 20 
19 26 22 26 22 21 19 21 
19 28 16 31 17 32 20 29 
19 29 22 26 21 25 18 28 
19 30 19 31 27 31 27 30 
19 32 19 31 17 31 17 32 
20 13 18 11 16 13 18 15 
20 19 21 19 21 18 20 18 
20 30 19 31 21 33 22 32 
21 12 21 13 23 13 23 12 
21 14 21 13 20 13 20 14 
21 15 22 14 21 13 20 14 
21 16 21 15 20 15 20 16 
21 20 22 20 22 19 21 19 
21 27 26 27 26 25 21 25 
22 15 26 19 27 18 23 14 
22 17 22 18 23 18 23 17 
22 28 24 28 24 26 22 26 
23 15 23 14 22 14 22 15 
23 19 22 18 21 19 22 20 
23 20 26 20 26 19 23 19 
23 24 24 24 24 22 23 22 
23 27 22 28 23 29 24 28 
23 28 20 25 19 26 22 29 
23 32 23 29 22 29 22 32 
23 36 26 33 22 29 19 32 
24 19 23 18 22 19 23 20 
24 21 25 22 27 20 26 19 
25 25 27 23 26 22 24 24 
25 28 26 29 27 28 26 27 
25 29 25 28 24 28 24 29 
25 33 26 33 26 29 25 29 
26 14 23 17 26 20 29 17 
26 23 27 23 27 22 26 22 
26 28 25 29 27 31 28 30 
27 14 27 17 29 17 29 14 
27 24 26 25 29 28 30 27 
28 24 28 30 31 30 31 24 
28 29 30 31 31 30 29 28 
29 13 31 15 33 13 31 11 
29 32 30 32 30 31 29 31 
29 36 29 32 23 32 23 36 
30 13 29 14 30 15 31 14 
30 14 30 15 31 15 31 14 
30 20 30 18 27 18 27 20 
30 22 29 22 29 27 30 27 
30 26 32 24 30 22 28 24 
30 29 33 29 33 27 30 27 
31 21 31 20 30 20 30 21 
31 22 32 21 31 20 30 21 
31 29 29 31 30 32 32 30 
31 32 32 32 32 30 31 30 
32 22 32 21 31 21 31 22 
7 29 9 31 15 25 13 23 
8 25 8 26 12 26 12 25 
10 12 11 13 12 12 11 11 
10 13 11 13 11 12 10 12 
10 20 11 21 12 20 11 19 
13 15 12 16 13 17 14 16 
17 19 17 22 20 22 20 19 
17 34 19 32 12 25 10 27 
20 17 21 18 22 17 21 16 
24 25 26 23 25 22 23 24 
30 12 29 12 29 13 30 13 
30 33 31 32 30 31 29 32 
31 33 31 32 30 32 30 33 
13 14 13 15 16 15 16 14 
16 34 17 34 17 32 16 32 
14 36 16 34 13 31 11 33 
7 36 14 36 14 29 7 29 
