74
11 12 11 13 12 13 12 12 
11 29 15 29 15 28 11 28 
12 11 11 12 12 13 13 12 
13 11 13 12 19 12 19 11 
13 16 15 18 17 16 15 14 
13 24 18 29 20 27 15 22 
13 25 13 24 11 24 11 25 
13 30 16 30 16 25 13 25 
14 14 14 18 15 18 15 14 
14 22 15 22 15 20 14 20 
15 13 13 11 12 12 14 14 
15 15 14 14 12 16 13 17 
15 19 21 19 21 18 15 18 
15 23 22 23 22 22 15 22 
16 14 21 19 24 16 19 11 
16 28 13 25 12 26 15 29 
16 32 18 32 18 30 16 30 
17 17 15 19 20 24 22 22 
18 26 20 28 21 27 19 25 
18 28 16 30 18 32 20 30 
18 34 20 32 18 30 16 32 
19 13 21 15 23 13 21 11 
19 16 22 13 21 12 18 15 
19 17 19 16 17 16 17 17 
19 24 15 20 11 24 15 28 
19 26 22 26 22 25 19 25 
19 28 19 26 18 26 18 28 
19 30 20 30 20 28 19 28 
20 14 20 16 24 16 24 14 
20 17 19 17 19 24 20 24 
20 34 20 32 18 32 18 34 
21 13 21 12 19 12 19 13 
21 24 20 24 20 27 21 27 
21 29 21 31 23 31 23 29 
21 30 23 32 31 24 29 22 
21 32 25 28 23 26 19 30 
22 11 22 13 23 13 23 11 
22 30 21 31 22 32 23 31 
23 16 22 15 20 17 21 18 
23 19 24 18 21 15 20 16 
24 19 24 18 23 18 23 19 
24 21 22 23 23 24 25 22 
24 24 25 25 26 24 25 23 
24 26 27 29 28 28 25 25 
25 26 25 28 28 28 28 26 
25 31 23 31 23 32 25 32 
26 15 26 20 27 20 27 15 
26 17 29 20 31 18 28 15 
26 21 24 21 24 24 26 24 
26 25 28 25 28 24 26 24 
26 32 28 30 27 29 25 31 
26 33 28 31 27 30 25 32 
27 23 27 22 25 22 25 23 
27 25 28 26 29 25 28 24 
27 31 28 31 28 30 27 30 
28 14 28 15 31 15 31 14 
28 21 27 20 26 21 27 22 
28 33 30 33 30 31 28 31 
29 15 24 20 27 23 32 18 
29 29 33 29 33 25 29 25 
30 15 32 17 33 16 31 14 
31 16 33 16 33 15 31 15 
31 17 31 18 32 18 32 17 
31 20 31 18 29 18 29 20 
31 23 32 23 32 20 31 20 
31 34 33 32 32 31 30 33 
32 29 28 25 26 27 30 31 
33 22 31 20 30 21 32 23 
12 17 13 17 13 16 12 16 
13 19 14 20 15 19 14 18 
25 11 24 12 27 15 28 14 
25 16 23 18 24 19 26 17 
25 33 26 33 26 32 25 32 
11 16 12 17 13 16 12 15 
