93
7 26 11 30 18 23 14 19 
10 16 11 17 15 13 14 12 
10 18 16 24 17 23 11 17 
10 19 14 19 14 18 10 18 
10 28 11 29 14 26 13 25 
11 12 11 13 14 13 14 12 
11 24 11 29 16 29 16 24 
12 28 12 31 14 31 14 28 
13 10 11 12 14 15 16 13 
13 32 14 31 13 30 12 31 
14 16 16 18 17 17 15 15 
14 17 15 16 14 15 13 16 
14 25 13 25 13 26 14 26 
14 27 18 27 18 26 14 26 
15 17 15 16 14 16 14 17 
16 11 15 11 15 13 16 13 
16 15 18 13 16 11 14 13 
16 16 19 16 19 15 16 15 
16 17 16 18 17 18 17 17 
16 19 17 18 16 17 15 18 
16 26 19 29 25 23 22 20 
17 14 18 14 18 13 17 13 
17 22 17 23 18 23 18 22 
17 29 17 31 19 31 19 29 
17 32 22 27 21 26 16 31 
18 28 22 28 22 27 18 27 
18 30 17 29 16 30 17 31 
18 33 20 33 20 30 18 30 
18 40 25 33 18 26 11 33 
19 11 17 13 18 14 20 12 
20 15 21 15 21 13 20 13 
20 16 20 18 21 18 21 16 
20 17 21 16 20 15 19 16 
20 26 21 26 21 25 20 25 
21 20 22 20 22 18 21 18 
21 23 21 24 25 24 25 23 
21 30 22 31 24 29 23 28 
21 31 23 29 22 28 20 30 
22 14 26 18 27 17 23 13 
22 21 24 19 23 18 21 20 
22 24 21 23 20 24 21 25 
22 25 30 17 29 16 21 24 
22 29 23 29 23 28 22 28 
22 30 21 30 21 31 22 31 
23 16 28 16 28 14 23 14 
23 17 21 15 20 16 22 18 
23 22 26 22 26 18 23 18 
23 32 23 33 25 33 25 32 
24 21 24 20 22 20 22 21 
24 26 24 28 29 28 29 26 
24 27 27 30 29 28 26 25 
25 15 29 15 29 11 25 11 
25 27 24 26 23 27 24 28 
26 12 23 12 23 13 26 13 
26 23 26 25 30 25 30 23 
26 24 25 25 30 30 31 29 
26 27 26 25 25 25 25 27 
26 30 26 31 27 31 27 30 
27 15 28 16 29 15 28 14 
27 19 30 19 30 17 27 17 
27 22 26 23 29 26 30 25 
28 31 27 31 27 32 28 32 
30 10 29 11 32 14 33 13 
30 29 30 30 31 30 31 29 
31 15 29 15 29 16 31 16 
31 25 26 30 27 31 32 26 
31 27 31 25 30 25 30 27 
31 31 30 30 28 32 29 33 
31 32 32 31 31 30 30 31 
32 13 33 13 33 11 32 11 
32 32 32 31 31 31 31 32 
33 16 31 16 31 17 33 17 
33 26 32 26 32 28 33 28 
34 16 32 14 31 15 33 17 
10 10 10 16 13 16 13 10 
10 25 12 27 13 26 11 24 
11 32 13 32 13 30 11 30 
11 40 18 40 18 33 11 33 
15 19 16 19 16 18 15 18 
16 32 17 32 17 31 16 31 
18 19 19 20 21 18 20 17 
19 21 16 18 15 19 18 22 
19 32 21 30 18 27 16 29 
19 34 20 33 19 32 18 33 
21 21 21 20 19 20 19 21 
21 32 21 31 19 31 19 32 
22 33 23 32 22 31 21 32 
23 10 20 13 23 16 26 13 
25 21 27 19 26 18 24 20 
10 31 11 32 12 31 11 30 
10 39 11 40 18 33 17 32 
12 39 12 31 10 31 10 39 
17 34 19 34 19 32 17 32 
