110
10 12 12 14 13 13 11 11 
10 23 12 25 13 24 11 22 
10 28 12 30 17 25 15 23 
10 30 12 32 14 30 12 28 
10 31 12 31 12 30 10 30 
11 25 11 28 12 28 12 25 
12 11 11 11 11 14 12 14 
12 16 13 15 12 14 11 15 
12 19 13 20 17 16 16 15 
12 27 15 30 25 20 22 17 
13 10 12 11 14 13 15 12 
13 21 13 20 11 20 11 21 
13 23 13 22 11 22 11 23 
13 25 17 25 17 24 13 24 
13 31 12 31 12 32 13 32 
14 10 13 10 13 13 14 13 
14 14 14 22 19 22 19 14 
14 20 17 17 15 15 12 18 
14 23 14 30 15 30 15 23 
14 33 16 31 15 30 13 32 
15 14 14 13 11 16 12 17 
15 17 15 20 17 20 17 17 
15 21 14 20 13 21 14 22 
15 22 17 24 19 22 17 20 
15 31 16 31 16 30 15 30 
16 25 20 29 21 28 17 24 
16 32 17 31 16 30 15 31 
17 11 17 12 22 12 22 11 
17 15 17 12 16 12 16 15 
17 18 15 20 22 27 24 25 
17 26 17 30 18 30 18 26 
17 32 16 32 16 33 17 33 
17 34 18 33 17 32 16 33 
18 34 18 33 17 33 17 34 
19 18 21 20 22 19 20 17 
19 21 20 22 21 21 20 20 
19 23 20 24 21 23 20 22 
19 25 21 25 21 23 19 23 
19 33 18 32 17 33 18 34 
20 9 17 12 19 14 22 11 
20 14 24 18 25 17 21 13 
20 16 20 15 17 15 17 16 
20 21 21 21 21 20 20 20 
20 26 21 25 20 24 19 25 
21 16 20 16 20 17 21 17 
21 19 22 19 22 17 21 17 
21 27 22 27 22 25 21 25 
21 29 20 29 20 33 21 33 
22 13 24 13 24 12 22 12 
22 14 22 13 21 13 21 14 
22 15 23 14 22 13 21 14 
22 16 25 16 25 15 22 15 
22 30 25 30 25 29 22 29 
22 32 22 30 18 30 18 32 
23 25 21 27 22 28 24 26 
23 26 24 26 24 25 23 25 
23 27 22 27 22 28 23 28 
23 29 22 28 21 29 22 30 
24 14 25 14 25 13 24 13 
24 15 25 16 26 15 25 14 
24 21 26 21 26 18 24 18 
24 31 25 30 23 28 22 29 
24 33 26 33 26 31 24 31 
25 19 27 21 28 20 26 18 
25 27 26 28 28 26 27 25 
26 11 25 11 25 12 26 12 
26 14 25 13 24 14 25 15 
26 24 30 20 25 15 21 19 
26 30 28 30 28 29 26 29 
27 12 27 14 29 14 29 12 
27 15 27 14 26 14 26 15 
27 20 27 21 28 21 28 20 
27 22 28 21 27 20 26 21 
27 24 26 24 26 25 27 25 
27 29 26 28 25 29 26 30 
28 10 26 12 29 15 31 13 
28 17 25 17 25 19 28 19 
28 23 27 22 26 23 27 24 
28 27 26 25 24 27 26 29 
29 16 31 14 29 12 27 14 
29 18 28 17 27 18 28 19 
29 21 29 22 32 22 32 21 
29 26 28 26 28 27 29 27 
30 28 32 26 31 25 29 27 
31 15 31 14 29 14 29 15 
31 24 32 24 32 23 31 23 
31 28 31 25 30 25 30 28 
32 18 29 15 28 16 31 19 
32 25 32 26 33 26 33 25 
32 27 30 25 29 26 31 28 
33 15 31 15 31 19 33 19 
33 23 32 22 31 23 32 24 
34 25 33 24 32 25 33 26 
9 23 11 25 13 23 11 21 
9 28 10 28 10 23 9 23 
11 17 12 17 12 16 11 16 
14 21 13 22 14 23 15 22 
15 9 14 10 16 12 17 11 
15 28 12 25 9 28 12 31 
17 29 18 30 21 27 20 26 
22 20 25 20 25 19 22 19 
25 26 24 26 24 27 25 27 
26 13 27 12 26 11 25 12 
26 22 27 22 27 21 26 21 
28 15 28 16 29 16 29 15 
29 25 30 24 27 21 26 22 
30 21 29 22 31 24 32 23 
32 16 29 16 29 18 32 18 
10 9 10 12 15 12 15 9 
32 14 31 15 32 16 33 15 
