101
9 21 11 23 13 21 11 19 
10 17 15 22 17 20 12 15 
10 25 17 32 19 30 12 23 
10 26 12 28 13 27 11 25 
10 27 13 27 13 26 10 26 
11 11 11 12 15 12 15 11 
11 20 15 20 15 19 11 19 
11 29 12 29 12 28 11 28 
12 14 14 14 14 13 12 13 
12 17 15 20 17 18 14 15 
12 22 11 22 11 23 12 23 
12 24 15 24 15 23 12 23 
12 25 10 27 11 28 13 26 
12 32 17 32 17 29 12 29 
13 15 17 19 18 18 14 14 
13 16 13 15 12 15 12 16 
13 18 12 18 12 21 13 21 
14 17 18 17 18 15 14 15 
14 22 12 24 13 25 15 23 
15 13 22 13 22 12 15 12 
15 29 14 28 11 31 12 32 
16 30 19 30 19 24 16 24 
17 16 18 15 15 12 14 13 
17 21 13 21 13 25 17 25 
17 22 15 24 17 26 19 24 
18 16 20 14 17 11 15 13 
18 19 18 18 17 18 17 19 
18 26 20 28 22 26 20 24 
18 28 22 32 26 28 22 24 
18 32 19 33 26 26 25 25 
19 18 21 20 24 17 22 15 
20 15 20 16 22 16 22 15 
20 18 20 20 21 20 21 18 
20 21 20 24 22 24 22 21 
20 26 18 26 18 28 20 28 
20 30 19 30 19 33 20 33 
21 13 23 15 24 14 22 12 
21 21 20 20 16 24 17 25 
21 22 22 21 21 20 20 21 
21 26 21 32 22 32 22 26 
22 18 23 19 29 13 28 12 
22 25 24 25 24 24 22 24 
22 27 23 26 22 25 21 26 
23 9 18 14 20 16 25 11 
23 30 25 30 25 28 23 28 
23 32 24 33 26 31 25 30 
24 19 29 19 29 17 24 17 
24 20 24 19 23 19 23 20 
24 21 25 22 30 17 29 16 
24 22 25 22 25 21 24 21 
24 26 24 27 26 27 26 26 
24 29 25 28 24 27 23 28 
24 32 24 33 26 33 26 32 
24 35 26 33 23 30 21 32 
25 18 25 16 22 16 22 18 
25 19 26 18 23 15 22 16 
25 23 24 22 23 23 24 24 
26 16 28 16 28 12 26 12 
26 20 25 19 24 20 25 21 
26 22 28 22 28 20 26 20 
26 23 26 22 25 22 25 23 
26 30 26 31 27 31 27 30 
27 23 28 24 29 23 28 22 
27 28 27 27 26 27 26 28 
27 33 28 33 28 31 27 31 
28 18 29 19 30 18 29 17 
28 23 28 24 29 24 29 23 
28 25 26 23 24 25 26 27 
28 30 30 30 30 28 28 28 
28 32 27 31 26 32 27 33 
29 12 29 13 30 13 30 12 
29 15 29 16 31 16 31 15 
29 20 31 20 31 19 29 19 
29 22 25 18 24 19 28 23 
29 25 27 27 28 28 30 26 
29 31 30 30 29 29 28 30 
30 16 31 15 30 14 29 15 
30 20 31 21 32 20 31 19 
30 25 29 25 29 26 30 26 
31 13 32 14 33 13 32 12 
31 14 31 13 30 13 30 14 
31 22 29 24 30 25 32 23 
32 21 32 20 31 20 31 21 
33 30 29 26 27 28 31 32 
33 32 33 30 31 30 31 32 
34 19 33 18 31 20 32 21 
34 24 34 19 33 19 33 24 
34 25 33 24 27 30 28 31 
10 16 10 17 12 17 12 16 
10 21 11 22 12 21 11 20 
10 23 10 25 11 25 11 23 
11 15 12 16 13 15 12 14 
20 35 24 35 24 33 20 33 
22 17 21 18 23 20 24 19 
25 13 28 16 29 15 26 12 
25 24 25 25 28 25 28 24 
26 9 22 13 25 16 29 12 
29 21 29 22 31 22 31 21 
30 35 33 32 31 30 28 33 
31 35 31 32 30 32 30 35 
9 17 9 21 10 21 10 17 
