77
10 18 11 19 13 17 12 16 
11 30 14 30 14 29 11 29 
12 15 12 16 16 16 16 15 
12 21 13 21 13 17 12 17 
12 28 14 30 23 21 21 19 
13 12 11 14 12 15 14 13 
13 28 14 29 16 27 15 26 
13 30 15 32 16 31 14 29 
14 12 13 12 13 13 14 13 
14 14 18 14 18 13 14 13 
15 13 14 12 13 13 14 14 
15 14 16 15 18 13 17 12 
15 17 18 20 19 19 16 16 
15 21 21 27 22 26 16 20 
15 22 15 23 23 23 23 22 
15 27 16 27 16 26 15 26 
15 28 15 32 20 32 20 28 
16 23 17 24 20 21 19 20 
17 11 17 12 21 12 21 11 
17 19 19 19 19 16 17 16 
17 25 17 26 22 26 22 25 
18 10 17 11 20 14 21 13 
18 17 19 16 18 15 17 16 
18 27 23 22 22 21 17 26 
19 17 20 16 18 14 17 15 
19 27 19 20 18 20 18 27 
20 15 21 16 24 13 23 12 
20 22 17 25 19 27 22 24 
21 15 20 15 20 16 21 16 
21 17 24 17 24 16 21 16 
21 21 22 21 22 19 21 19 
21 26 25 30 26 29 22 25 
21 31 16 26 15 27 20 32 
22 27 29 27 29 26 22 26 
22 28 25 31 28 28 25 25 
22 30 23 31 32 22 31 21 
23 13 24 13 24 12 23 12 
23 18 21 16 20 17 22 19 
23 28 27 28 27 23 23 23 
23 30 23 28 22 28 22 30 
23 32 23 33 32 33 32 32 
24 19 25 19 25 17 24 17 
24 20 27 23 28 22 25 19 
24 30 23 30 23 31 24 31 
25 8 21 12 24 15 28 11 
25 15 26 15 26 12 25 12 
25 20 29 16 28 15 24 19 
25 29 26 29 26 25 25 25 
26 14 24 12 23 13 25 15 
26 16 25 15 24 16 25 17 
27 15 28 15 28 11 27 11 
27 16 27 15 26 15 26 16 
27 19 25 17 21 21 23 23 
27 30 25 30 25 31 27 31 
28 14 29 13 27 11 26 12 
28 19 27 20 30 23 31 22 
28 20 28 19 27 19 27 20 
28 21 28 22 31 22 31 21 
29 12 29 13 32 13 32 12 
30 14 31 15 33 13 32 12 
31 14 32 13 30 11 29 12 
31 17 28 14 27 15 30 18 
31 18 31 17 30 17 30 18 
32 21 33 21 33 13 32 13 
32 26 33 26 33 22 32 22 
32 29 29 26 27 28 30 31 
11 20 12 21 17 16 16 15 
13 24 12 24 12 28 13 28 
14 25 16 23 15 22 13 24 
16 19 11 19 11 20 16 20 
16 29 18 29 18 27 16 27 
16 33 21 33 21 31 16 31 
18 35 23 30 21 28 16 33 
21 29 22 28 21 27 20 28 
21 34 23 32 18 27 16 29 
23 34 23 33 21 33 21 34 
30 15 31 15 31 14 30 14 
