57
10 28 12 30 14 28 12 26 
12 15 14 17 18 13 16 11 
12 18 16 22 23 15 19 11 
12 25 14 27 17 24 15 22 
12 29 13 30 15 28 14 27 
12 31 13 31 13 30 12 30 
13 11 13 15 14 15 14 11 
13 22 15 22 15 18 13 18 
14 16 14 17 16 17 16 16 
14 19 15 18 14 17 13 18 
14 26 14 25 12 25 12 26 
15 25 16 26 19 23 18 22 
15 27 14 27 14 28 15 28 
15 31 20 31 20 28 15 28 
16 12 19 12 19 11 16 11 
16 19 14 19 14 21 16 21 
16 24 16 26 17 26 17 24 
17 15 13 11 12 12 16 16 
17 20 22 25 23 24 18 19 
18 21 16 21 16 22 18 22 
18 25 22 25 22 22 18 22 
18 29 17 30 19 32 20 31 
19 17 19 23 28 23 28 17 
19 27 20 28 21 27 20 26 
20 12 20 14 24 14 24 12 
20 29 21 28 18 25 17 26 
21 19 26 14 24 12 19 17 
21 26 24 29 25 28 22 25 
22 27 25 27 25 25 22 25 
22 28 22 27 21 27 21 28 
23 20 23 15 17 15 17 20 
23 21 22 22 25 25 26 24 
24 19 28 23 32 19 28 15 
24 26 25 27 26 26 25 25 
26 16 29 19 30 18 27 15 
26 21 23 21 23 24 26 24 
26 29 26 26 24 26 24 29 
27 13 27 15 28 15 28 13 
27 26 29 28 32 25 30 23 
27 29 28 30 32 26 31 25 
27 30 27 29 26 29 26 30 
28 29 27 28 26 29 27 30 
29 16 29 19 32 19 32 16 
29 25 29 28 31 28 31 25 
30 29 30 23 28 23 28 29 
32 27 32 26 27 26 27 27 
32 29 33 28 32 27 31 28 
32 33 32 29 30 29 30 33 
33 20 33 19 32 19 32 20 
33 30 32 29 29 32 30 33 
15 20 16 21 17 20 16 19 
20 19 20 26 21 26 21 19 
21 20 28 13 27 12 20 19 
24 16 26 16 26 14 24 14 
24 28 26 30 27 29 25 27 
31 30 33 30 33 28 31 28 
13 20 14 21 15 20 14 19 
