83
8 15 12 19 15 16 11 12 
9 22 13 26 16 23 12 19 
9 29 13 33 17 29 13 25 
10 25 14 29 21 22 17 18 
10 28 11 28 11 25 10 25 
11 29 14 29 14 28 11 28 
12 17 23 28 24 27 13 16 
13 14 13 16 15 16 15 14 
13 19 13 25 19 25 19 19 
13 24 17 28 18 27 14 23 
13 32 14 33 18 29 17 28 
14 20 15 21 18 18 17 17 
14 32 13 32 13 33 14 33 
15 18 15 21 17 21 17 18 
16 20 14 20 14 23 16 23 
17 12 17 13 19 13 19 12 
17 15 15 17 20 22 22 20 
17 16 15 16 15 17 17 17 
17 23 11 29 13 31 19 25 
17 26 17 28 22 28 22 26 
17 31 18 31 18 29 17 29 
18 17 18 18 30 18 30 17 
18 22 18 27 20 27 20 22 
19 16 18 15 17 16 18 17 
19 23 14 28 17 31 22 26 
19 31 20 32 21 31 20 30 
20 10 17 13 19 15 22 12 
20 13 21 12 20 11 19 12 
20 15 20 13 19 13 19 15 
20 20 19 19 17 21 18 22 
20 31 20 30 19 30 19 31 
21 16 20 16 20 20 21 20 
21 21 22 21 22 20 21 20 
21 24 23 24 23 23 21 23 
21 28 24 25 23 24 20 27 
21 32 21 31 20 31 20 32 
22 11 22 12 23 12 23 11 
22 19 21 20 22 21 23 20 
22 29 21 28 19 30 20 31 
22 31 22 32 25 32 25 31 
23 21 26 21 26 20 23 20 
23 25 25 23 23 21 21 23 
23 27 23 28 24 28 24 27 
23 29 23 28 22 28 22 29 
23 30 25 32 28 29 26 27 
24 13 23 12 20 15 21 16 
24 16 25 16 25 14 24 14 
24 24 23 24 23 25 24 25 
24 29 23 29 23 30 24 30 
25 15 24 14 23 15 24 16 
25 20 26 21 30 17 29 16 
25 24 29 28 30 27 26 23 
25 29 24 28 23 29 24 30 
26 14 30 14 30 11 26 11 
26 15 25 16 29 20 30 19 
26 24 26 23 25 23 25 24 
27 15 29 13 28 12 26 14 
27 24 27 25 33 25 33 24 
28 13 28 15 29 15 29 13 
28 21 28 15 27 15 27 21 
28 22 31 19 30 18 27 21 
28 24 27 23 26 24 27 25 
28 26 25 26 25 29 28 29 
29 29 29 31 30 31 30 29 
31 15 29 15 29 16 31 16 
31 20 29 20 29 28 31 28 
31 29 31 32 32 32 32 29 
31 30 32 29 31 28 30 29 
32 25 33 24 29 20 28 21 
32 31 31 30 30 31 31 32 
33 14 30 11 28 13 31 16 
33 18 31 18 31 19 33 19 
34 12 33 11 30 14 31 15 
36 28 33 25 29 29 32 32 
8 13 8 15 17 15 17 13 
9 19 9 22 12 22 12 19 
9 32 11 32 11 29 9 29 
11 21 12 22 14 20 13 19 
12 10 12 11 20 11 20 10 
14 9 12 11 15 14 17 12 
18 16 19 16 19 15 18 15 
22 22 23 22 23 21 22 21 
26 28 29 31 31 29 28 26 
