77
7 24 16 33 20 29 11 20 
10 20 11 21 12 20 11 19 
10 21 11 21 11 20 10 20 
11 16 13 18 15 16 13 14 
11 17 15 17 15 16 11 16 
11 25 14 25 14 24 11 24 
12 23 11 24 13 26 14 25 
12 27 12 32 14 32 14 27 
13 19 15 17 13 15 11 17 
13 28 14 27 13 26 12 27 
13 30 13 33 16 33 16 30 
13 31 12 32 13 33 14 32 
14 11 14 12 15 12 15 11 
15 15 15 14 13 14 13 15 
16 19 14 21 15 22 17 20 
16 20 16 23 17 23 17 20 
16 25 16 27 20 27 20 25 
17 10 15 12 24 21 26 19 
17 12 17 18 20 18 20 12 
17 15 16 16 19 19 20 18 
17 26 13 26 13 28 17 28 
18 13 17 12 15 14 16 15 
18 23 17 23 17 24 18 24 
18 25 19 24 18 23 17 24 
18 34 19 33 16 30 15 31 
19 13 21 13 21 11 19 11 
19 16 16 16 16 19 19 19 
19 21 20 20 19 19 18 20 
19 26 17 28 18 29 20 27 
19 30 24 30 24 26 19 26 
20 10 19 11 20 12 21 11 
20 14 21 13 20 12 19 13 
20 22 19 21 17 23 18 24 
20 26 21 27 31 17 30 16 
20 28 23 31 24 30 21 27 
20 32 25 27 24 26 19 31 
21 14 22 14 22 13 21 13 
21 19 21 24 25 24 25 19 
21 28 21 27 20 27 20 28 
22 18 20 18 20 20 22 20 
22 22 31 22 31 20 22 20 
22 23 26 27 28 25 24 21 
23 17 23 18 31 18 31 17 
23 19 22 18 21 19 22 20 
23 26 21 24 20 25 22 27 
23 33 23 31 19 31 19 33 
24 31 25 30 22 27 21 28 
25 15 30 15 30 12 25 12 
25 17 29 21 33 17 29 13 
25 28 26 28 26 27 25 27 
25 31 25 30 24 30 24 31 
25 32 29 32 29 31 25 31 
26 25 28 25 28 21 26 21 
26 26 29 23 25 19 22 22 
27 14 27 11 26 11 26 14 
27 17 28 16 26 14 25 15 
27 27 26 28 29 31 30 30 
28 13 26 11 25 12 27 14 
28 30 30 30 30 25 28 25 
29 16 29 13 28 13 28 16 
29 22 28 21 25 24 26 25 
29 24 30 25 32 23 31 22 
29 33 33 33 33 32 29 32 
30 21 30 16 29 16 29 21 
30 31 26 27 25 28 29 32 
31 23 32 23 32 22 31 22 
31 24 31 23 29 23 29 24 
32 17 30 15 29 16 31 18 
33 20 33 17 32 17 32 20 
11 18 11 19 13 19 13 18 
18 22 20 22 20 20 18 20 
18 28 18 29 20 29 20 28 
20 23 22 23 22 22 20 22 
22 32 23 33 24 32 23 31 
23 12 22 13 30 21 31 20 
16 26 18 28 20 26 18 24 
22 29 20 29 20 32 22 32 
