67
9 17 13 21 16 18 12 14 
9 20 11 20 11 17 9 17 
10 28 14 32 20 26 16 22 
11 27 16 27 16 22 11 22 
12 15 17 20 21 16 16 11 
12 31 17 31 17 28 12 28 
13 20 11 20 11 21 13 21 
13 25 13 32 14 32 14 25 
14 29 12 31 13 32 15 30 
15 18 16 18 16 11 15 11 
16 14 17 15 20 12 19 11 
16 23 13 20 11 22 14 25 
16 30 21 30 21 27 16 27 
16 32 16 30 15 30 15 32 
17 18 16 18 16 20 17 20 
17 21 20 21 20 20 17 20 
17 32 23 32 23 31 17 31 
18 22 20 20 19 19 17 21 
18 24 19 24 19 22 18 22 
18 25 16 27 17 28 19 26 
18 32 22 28 21 27 17 31 
19 14 19 11 17 11 17 14 
19 16 21 16 21 14 19 14 
19 17 25 23 28 20 22 14 
19 20 20 21 25 16 24 15 
19 29 20 29 20 26 19 26 
20 8 17 11 23 17 26 14 
20 35 23 32 21 30 18 33 
21 8 20 8 20 12 21 12 
21 19 21 17 19 17 19 19 
21 25 26 25 26 19 21 19 
22 16 25 16 25 14 22 14 
22 20 22 28 24 28 24 20 
22 30 23 31 25 29 24 28 
24 21 26 19 21 14 19 16 
24 29 25 29 25 28 24 28 
24 30 24 29 22 29 22 30 
25 18 25 23 27 23 27 18 
26 11 24 13 25 14 27 12 
26 27 20 21 19 22 25 28 
27 17 24 20 27 23 30 20 
27 25 26 25 26 27 27 27 
27 30 31 30 31 27 27 27 
28 17 28 20 30 20 30 17 
28 28 32 24 31 23 27 27 
29 13 30 13 30 11 29 11 
29 14 32 17 33 16 30 13 
29 23 31 23 31 15 29 15 
29 28 27 30 29 32 31 30 
32 13 30 11 26 15 28 17 
33 17 32 17 32 24 33 24 
33 27 33 26 32 26 32 27 
34 23 28 17 27 18 33 24 
15 16 17 18 19 16 17 14 
16 16 18 18 19 17 17 15 
17 22 19 20 17 18 15 20 
17 24 17 25 18 25 18 24 
23 12 23 17 27 17 27 12 
26 13 26 14 29 14 29 13 
26 31 27 30 25 28 24 29 
28 24 31 27 32 26 29 23 
28 32 29 32 29 28 28 28 
30 31 26 31 26 33 30 33 
32 25 32 24 28 24 28 25 
34 25 33 24 32 25 33 26 
8 17 11 20 15 16 12 13 
26 24 27 25 28 24 27 23 
