76
9 21 15 27 18 24 12 18 
9 22 11 22 11 21 9 21 
10 23 13 26 14 25 11 22 
10 24 15 24 15 23 10 23 
11 16 11 17 13 17 13 16 
11 20 12 20 12 18 11 18 
11 25 17 19 16 18 10 24 
11 27 11 28 15 28 15 27 
11 33 14 33 14 32 11 32 
12 10 11 11 22 22 23 21 
12 19 14 17 13 16 11 18 
12 33 16 29 15 28 11 32 
13 18 14 18 14 17 13 17 
13 25 13 22 11 22 11 25 
13 31 14 32 18 28 17 27 
14 10 12 10 12 11 14 11 
14 14 18 14 18 11 14 11 
14 16 13 17 14 18 15 17 
14 21 12 19 11 20 13 22 
14 24 15 23 12 20 11 21 
14 26 14 25 13 25 13 26 
15 9 14 10 18 14 19 13 
15 15 15 17 20 17 20 15 
15 20 21 26 26 21 20 15 
15 30 15 33 23 33 23 30 
16 19 16 27 17 27 17 19 
16 28 16 29 18 29 18 28 
17 32 19 32 19 27 17 27 
18 19 22 19 22 14 18 14 
18 27 22 31 23 30 19 26 
19 6 14 11 20 17 25 12 
19 12 22 12 22 11 19 11 
19 15 21 17 24 14 22 12 
19 21 19 25 23 25 23 21 
20 13 24 17 26 15 22 11 
20 21 22 19 20 17 18 19 
21 9 19 11 22 14 24 12 
21 15 21 17 24 17 24 15 
21 22 21 26 22 26 22 22 
22 40 29 33 22 26 15 33 
23 26 26 29 32 23 29 20 
23 31 25 33 29 29 27 27 
24 13 24 14 29 14 29 13 
24 22 24 29 26 29 26 22 
24 26 27 23 26 22 23 25 
24 32 24 33 25 33 25 32 
25 19 26 18 22 14 21 15 
25 26 25 27 27 27 27 26 
26 20 26 21 29 21 29 20 
26 27 28 29 29 28 27 26 
26 33 29 30 28 29 25 32 
27 15 27 23 28 23 28 15 
27 25 29 23 26 20 24 22 
28 28 28 29 29 29 29 28 
28 33 28 29 26 29 26 33 
29 18 33 18 33 14 29 14 
29 26 32 26 32 23 29 23 
29 31 31 29 27 25 25 27 
30 14 32 12 31 11 29 13 
31 30 31 29 29 29 29 30 
32 19 32 12 25 12 25 19 
32 27 33 26 29 22 28 23 
32 33 32 31 29 31 29 33 
33 21 29 21 29 22 33 22 
33 27 33 26 32 26 32 27 
33 32 32 31 31 32 32 33 
37 18 33 14 29 18 33 22 
13 40 22 40 22 31 13 31 
15 42 24 33 22 31 13 40 
19 22 20 23 21 22 20 21 
23 28 24 29 26 27 25 26 
33 30 31 30 31 32 33 32 
14 42 15 42 15 33 14 33 
20 31 23 28 21 26 18 29 
22 28 23 28 23 26 22 26 
23 29 25 27 24 26 22 28 
