75
10 15 14 19 15 18 11 14 
10 22 11 22 11 15 10 15 
11 24 15 24 15 22 11 22 
11 30 11 32 12 32 12 30 
12 12 15 12 15 11 12 11 
12 14 13 15 16 12 15 11 
12 17 12 18 15 18 15 17 
12 33 17 33 17 32 12 32 
13 23 14 23 14 19 13 19 
14 16 12 18 13 19 15 17 
15 14 16 14 16 12 15 12 
15 25 21 25 21 24 15 24 
15 29 16 30 17 29 16 28 
16 23 15 22 14 23 15 24 
16 26 19 29 24 24 21 21 
16 29 21 24 19 22 14 27 
17 14 16 14 16 20 17 20 
17 22 17 29 19 29 19 22 
17 30 17 29 16 29 16 30 
17 31 24 31 24 30 17 30 
18 9 16 11 21 16 23 14 
18 21 22 17 21 16 17 20 
18 22 16 20 13 23 15 25 
18 31 17 30 16 31 17 32 
19 15 21 17 25 13 23 11 
19 21 19 15 18 15 18 21 
20 13 23 16 25 14 22 11 
20 32 27 32 27 27 20 27 
21 14 21 16 23 16 23 14 
21 18 22 18 22 17 21 17 
21 26 20 27 22 29 23 28 
21 28 21 26 16 26 16 28 
21 37 25 33 21 29 17 33 
22 20 23 20 23 18 22 18 
22 24 25 21 22 18 19 21 
22 28 21 28 21 29 22 29 
23 33 25 33 25 28 23 28 
24 19 26 19 26 16 24 16 
24 25 30 31 32 29 26 23 
25 11 25 13 27 13 27 11 
25 19 30 24 33 21 28 16 
25 20 26 19 25 18 24 19 
25 22 30 22 30 21 25 21 
25 25 22 28 24 30 27 27 
25 30 27 32 33 26 31 24 
27 15 27 16 28 16 28 15 
27 26 29 24 25 20 23 22 
28 14 27 13 26 14 27 15 
28 17 29 18 31 16 30 15 
29 31 30 31 30 24 29 24 
30 11 30 15 32 15 32 11 
30 32 29 31 28 32 29 33 
30 33 32 31 27 26 25 28 
31 10 30 11 31 12 32 11 
31 17 31 16 28 16 28 17 
32 32 32 31 30 31 30 32 
35 29 31 25 28 28 32 32 
36 17 31 12 28 15 33 20 
36 24 36 17 31 17 31 24 
9 26 12 29 14 27 11 24 
11 29 12 30 16 26 15 25 
12 25 12 29 15 29 15 25 
14 15 15 14 12 11 11 12 
19 12 17 14 18 15 20 13 
19 37 21 37 21 29 19 29 
20 10 16 14 22 20 26 16 
20 12 31 12 31 10 20 10 
21 35 23 33 19 29 17 31 
22 19 23 20 24 19 23 18 
22 25 24 25 24 24 22 24 
29 32 29 33 30 33 30 32 
35 15 32 15 32 29 35 29 
13 16 14 16 14 15 13 15 
19 13 20 13 20 12 19 12 
23 17 24 16 20 12 19 13 
