81
9 26 11 28 17 22 15 20 
10 15 12 17 14 15 12 13 
10 16 14 16 14 15 10 15 
10 20 13 23 17 19 14 16 
10 21 12 21 12 20 10 20 
10 24 13 27 18 22 15 19 
10 27 13 27 13 24 10 24 
11 23 13 23 13 12 11 12 
11 31 12 32 15 29 14 28 
12 31 12 32 16 32 16 31 
12 33 12 32 11 32 11 33 
13 13 14 14 15 13 14 12 
13 25 15 27 17 25 15 23 
13 29 13 28 11 28 11 29 
13 32 12 31 11 32 12 33 
14 11 14 12 15 12 15 11 
14 13 15 12 14 11 13 12 
14 19 15 19 15 18 14 18 
14 27 15 26 13 24 12 25 
15 14 15 13 14 13 14 14 
15 22 17 22 17 20 15 20 
15 28 15 27 14 27 14 28 
15 31 16 32 17 31 16 30 
16 29 19 26 18 25 15 28 
17 15 21 19 25 15 21 11 
17 30 18 30 18 29 17 29 
17 33 19 33 19 31 17 31 
18 15 15 18 17 20 20 17 
18 17 21 14 18 11 15 14 
18 18 22 22 28 16 24 12 
18 20 24 26 28 22 22 16 
18 24 17 24 17 25 18 25 
18 28 17 29 18 30 19 29 
19 11 19 14 21 14 21 11 
19 15 19 20 25 20 25 15 
19 21 19 20 18 20 18 21 
19 22 19 26 22 26 22 22 
20 18 20 17 18 17 18 18 
20 21 19 20 18 21 19 22 
20 26 19 27 24 32 25 31 
20 33 21 32 18 29 17 30 
21 20 23 22 25 20 23 18 
21 29 21 32 24 32 24 29 
22 14 22 16 28 16 28 14 
23 21 23 18 20 18 20 21 
23 28 25 28 25 22 23 22 
23 31 23 33 25 33 25 31 
24 27 23 28 24 29 25 28 
24 34 25 33 24 32 23 33 
25 30 31 30 31 28 25 28 
26 13 27 13 27 12 26 12 
26 33 31 33 31 31 26 31 
27 22 28 22 28 20 27 20 
27 34 27 32 24 32 24 34 
28 11 27 12 30 15 31 14 
28 19 30 19 30 16 28 16 
28 21 29 20 28 19 27 20 
28 33 27 32 26 33 27 34 
29 11 27 13 28 14 30 12 
29 14 29 18 31 18 31 14 
29 29 30 29 30 24 29 24 
30 11 30 12 31 12 31 11 
30 17 29 18 30 19 31 18 
30 23 28 21 27 22 29 24 
30 30 33 27 32 26 29 29 
31 19 30 20 31 21 32 20 
31 20 31 21 32 21 32 20 
32 27 32 26 24 26 24 27 
32 29 31 28 30 29 31 30 
32 33 33 33 33 29 32 29 
33 15 33 12 32 12 32 15 
33 19 33 18 31 18 31 19 
34 19 33 18 31 20 32 21 
34 23 34 19 33 19 33 23 
35 31 33 29 31 31 33 33 
10 19 12 21 14 19 12 17 
14 29 15 28 14 27 13 28 
15 30 16 30 16 29 15 29 
29 23 30 23 30 20 29 20 
32 22 31 21 29 23 30 24 
33 22 25 30 26 31 34 23 
