103
9 16 12 19 15 16 12 13 
9 17 11 19 15 15 13 13 
9 28 12 31 17 26 14 23 
10 23 14 27 18 23 14 19 
10 25 14 25 14 23 10 23 
11 16 11 19 12 19 12 16 
11 20 13 22 14 21 12 19 
11 22 13 22 13 21 11 21 
11 29 12 30 17 25 16 24 
12 20 13 21 14 20 13 19 
12 27 12 30 14 30 14 27 
12 29 13 28 12 27 11 28 
13 20 13 19 12 19 12 20 
13 24 13 28 16 28 16 24 
13 31 14 32 15 31 14 30 
13 32 13 31 12 31 12 32 
14 16 14 19 15 19 15 16 
14 18 15 19 18 16 17 15 
14 26 17 26 17 25 14 25 
14 31 15 31 15 30 14 30 
14 33 15 32 14 31 13 32 
15 12 14 13 19 18 20 17 
15 13 16 14 17 13 16 12 
15 20 16 20 16 19 15 19 
15 21 15 20 14 20 14 21 
15 23 18 23 18 21 15 21 
15 29 16 30 17 29 16 28 
15 33 15 32 14 32 14 33 
16 13 16 12 15 12 15 13 
17 14 17 13 16 13 16 14 
17 20 18 19 17 18 16 19 
17 27 19 29 22 26 20 24 
17 30 19 30 19 29 17 29 
17 31 17 30 16 30 16 31 
18 14 18 16 22 16 22 14 
18 18 18 19 19 19 19 18 
18 24 19 23 16 20 15 21 
18 28 18 33 22 33 22 28 
18 32 20 30 19 29 17 31 
19 17 18 18 19 19 20 18 
19 24 19 23 18 23 18 24 
19 25 20 25 20 24 19 24 
19 26 20 25 19 24 18 25 
19 32 17 30 16 31 18 33 
20 10 19 11 21 13 22 12 
20 11 19 11 19 17 20 17 
20 20 20 19 19 19 19 20 
20 26 19 26 19 27 20 27 
20 29 29 29 29 27 20 27 
20 31 21 31 21 30 20 30 
21 14 23 16 25 14 23 12 
21 25 21 26 22 26 22 25 
21 29 22 28 20 26 19 27 
22 17 23 18 24 17 23 16 
22 18 22 17 20 17 20 18 
22 23 19 20 18 21 21 24 
22 34 23 33 21 31 20 32 
23 17 23 18 24 18 24 17 
23 19 24 18 23 17 22 18 
23 23 23 31 25 31 25 23 
23 29 25 31 29 27 27 25 
23 32 21 30 20 31 22 33 
23 34 23 33 22 33 22 34 
24 16 26 18 30 14 28 12 
24 24 25 23 24 22 23 23 
24 31 25 32 32 25 31 24 
24 35 26 33 25 32 23 34 
25 16 28 19 30 17 27 14 
25 18 26 18 26 16 25 16 
25 22 25 18 24 18 24 22 
26 32 26 33 27 33 27 32 
28 14 28 17 29 17 29 14 
28 21 32 17 29 14 25 18 
28 25 28 21 27 21 27 25 
28 32 27 31 26 32 27 33 
28 33 29 33 29 32 28 32 
29 23 29 25 32 25 32 23 
29 30 28 31 29 32 30 31 
30 18 32 18 32 17 30 17 
30 20 32 18 28 14 26 16 
30 22 31 21 30 20 29 21 
30 30 29 30 29 31 30 31 
31 22 28 19 25 22 28 25 
31 29 30 28 29 29 30 30 
32 11 30 11 30 14 32 14 
32 16 31 15 29 17 30 18 
32 19 33 19 33 18 32 18 
32 22 32 21 31 21 31 22 
33 23 32 22 29 25 30 26 
33 29 33 24 31 24 31 29 
37 16 33 12 28 17 32 21 
9 22 9 28 11 28 11 22 
10 20 11 21 12 20 11 19 
11 31 12 32 13 31 12 30 
14 15 15 15 15 13 14 13 
19 31 19 32 20 32 20 31 
21 32 23 32 23 31 21 31 
22 19 23 19 23 18 22 18 
24 12 23 12 23 16 24 16 
26 20 30 20 30 18 26 18 
37 14 32 14 32 16 37 16 
10 19 10 20 11 20 11 19 
8 21 9 22 11 20 10 19 
