113
6 21 14 29 19 24 11 16 
6 22 12 22 12 21 6 21 
7 23 16 14 15 13 6 22 
7 25 11 25 11 23 7 23 
8 25 14 31 18 27 12 21 
9 16 11 18 14 15 12 13 
9 18 11 18 11 16 9 16 
10 19 11 20 12 19 11 18 
10 26 15 31 16 30 11 25 
10 31 13 31 13 26 10 26 
11 15 12 15 12 13 11 13 
11 19 11 20 12 20 12 19 
11 21 12 22 13 21 12 20 
11 29 13 31 16 28 14 26 
11 32 11 33 16 33 16 32 
12 14 19 21 20 20 13 13 
12 29 12 25 11 25 11 29 
13 11 13 12 15 12 15 11 
13 14 15 14 15 13 13 13 
13 16 13 21 19 21 19 16 
13 24 17 20 16 19 12 23 
14 17 18 17 18 15 14 15 
14 23 14 22 12 22 12 23 
14 25 13 24 12 25 13 26 
15 10 13 12 15 14 17 12 
15 26 14 27 17 30 18 29 
15 27 15 26 14 26 14 27 
15 29 14 29 14 31 15 31 
15 32 16 33 18 31 17 30 
16 13 17 13 17 12 16 12 
16 18 16 14 15 14 15 18 
16 23 17 24 21 20 20 19 
16 24 16 23 14 23 14 24 
16 27 17 27 17 24 16 24 
17 16 18 17 19 16 18 15 
17 19 20 19 20 18 17 18 
17 23 18 24 19 23 18 22 
17 25 19 27 20 26 18 24 
17 28 16 28 16 30 17 30 
18 23 18 24 19 24 19 23 
18 32 25 32 25 31 18 31 
19 13 19 15 22 15 22 13 
19 22 21 22 21 21 19 21 
19 26 20 26 20 24 19 24 
19 28 19 29 21 29 21 28 
19 30 19 33 24 33 24 30 
20 11 20 12 21 12 21 11 
20 13 21 14 22 13 21 12 
20 25 19 26 21 28 22 27 
20 27 22 27 22 26 20 26 
20 29 24 33 25 32 21 28 
21 9 17 13 19 15 23 11 
21 15 20 16 22 18 23 17 
21 19 20 19 20 20 21 20 
21 24 22 23 21 22 20 23 
21 31 24 28 22 26 19 29 
22 14 23 13 21 11 20 12 
22 19 24 19 24 18 22 18 
22 22 21 22 21 23 22 23 
23 16 23 17 28 17 28 16 
23 23 24 22 23 21 22 22 
24 11 24 12 25 12 25 11 
24 13 22 15 23 16 25 14 
24 17 22 19 25 22 27 20 
24 20 24 22 25 22 25 20 
24 26 26 26 26 24 24 24 
25 13 25 14 28 14 28 13 
25 17 29 21 32 18 28 14 
25 23 24 24 25 25 26 24 
25 27 26 26 25 25 24 26 
25 30 26 31 30 27 29 26 
26 12 25 11 24 12 25 13 
26 21 27 21 27 20 26 20 
26 28 24 30 25 31 27 29 
26 29 26 31 27 31 27 29 
27 16 24 19 25 20 28 17 
27 23 27 22 25 22 25 23 
28 27 28 31 30 31 30 27 
28 32 28 31 27 31 27 32 
29 17 26 20 27 21 30 18 
29 18 29 21 30 21 30 18 
29 20 30 21 32 19 31 18 
29 22 28 23 29 24 30 23 
29 28 29 26 26 26 26 28 
29 32 30 33 31 32 30 31 
30 30 29 29 27 31 28 32 
30 32 31 32 31 31 30 31 
31 17 31 18 32 18 32 17 
31 22 29 22 29 24 31 24 
31 28 29 28 29 29 31 29 
32 28 31 29 32 30 33 29 
32 29 32 30 33 30 33 29 
32 32 31 32 31 33 32 33 
33 12 31 12 31 13 33 13 
33 18 32 18 32 19 33 19 
33 25 29 21 27 23 31 27 
33 31 32 30 31 31 32 32 
10 14 11 15 12 14 11 13 
15 21 14 22 16 24 17 23 
16 15 14 17 15 18 17 16 
16 20 17 20 17 19 16 19 
18 26 18 27 19 27 19 26 
20 22 21 23 22 22 21 21 
23 12 23 13 24 13 24 12 
23 25 25 25 25 23 23 23 
28 33 29 32 28 31 27 32 
29 8 25 12 29 16 33 12 
29 33 29 32 28 32 28 33 
30 34 31 33 30 32 29 33 
31 34 31 33 30 33 30 34 
22 24 23 25 24 24 23 23 
21 25 22 24 21 23 20 24 
22 25 22 24 21 24 21 25 
