58
9 22 13 26 15 24 11 20 
9 23 15 29 18 26 12 20 
10 29 14 33 17 30 13 26 
11 32 12 32 12 20 11 20 
12 33 14 33 14 32 12 32 
13 19 13 25 18 25 18 19 
13 27 18 27 18 26 13 26 
13 30 17 30 17 28 13 28 
14 31 13 30 11 32 12 33 
14 34 17 31 15 29 12 32 
15 13 13 15 14 16 16 14 
15 22 17 22 17 13 15 13 
15 23 15 22 9 22 9 23 
15 25 21 31 29 23 23 17 
16 21 22 21 22 14 16 14 
16 23 17 22 16 21 15 22 
16 24 16 23 15 23 15 24 
16 34 16 33 14 33 14 34 
17 16 22 21 26 17 21 12 
17 17 23 23 24 22 18 16 
17 19 20 22 25 17 22 14 
17 20 18 19 12 13 11 14 
17 29 14 32 16 34 19 31 
18 31 19 31 19 27 18 27 
19 33 21 33 21 31 19 31 
20 20 20 22 24 22 24 20 
20 26 26 32 27 31 21 25 
20 32 21 33 22 32 21 31 
21 23 21 25 23 25 23 23 
22 28 22 32 26 32 26 28 
23 12 23 17 25 17 25 12 
23 31 26 28 23 25 20 28 
23 34 24 33 18 27 17 28 
24 31 27 31 27 23 24 23 
25 15 26 16 28 14 27 13 
25 21 26 22 28 20 27 19 
25 25 28 25 28 21 25 21 
25 28 28 31 31 28 28 25 
26 20 26 22 27 22 27 20 
26 21 27 22 28 21 27 20 
27 16 29 16 29 13 27 13 
27 17 27 16 26 16 26 17 
28 7 23 12 27 16 32 11 
28 27 24 23 20 27 24 31 
28 33 28 31 27 31 27 33 
29 10 26 13 29 16 32 13 
30 7 28 7 28 14 30 14 
30 20 29 20 29 23 30 23 
32 28 31 28 31 33 32 33 
33 14 30 14 30 16 33 16 
33 17 30 14 27 17 30 20 
33 19 33 17 27 17 27 19 
35 25 30 20 27 23 32 28 
35 27 35 25 28 25 28 27 
23 33 24 33 24 31 23 31 
24 24 25 25 27 23 26 22 
21 34 23 34 23 33 21 33 
19 36 21 34 18 31 16 33 
