63
6 27 11 32 23 20 18 15 
6 33 12 33 12 27 6 27 
8 18 12 22 15 19 11 15 
10 29 11 30 13 28 12 27 
10 30 11 30 11 29 10 29 
11 20 18 27 22 23 15 16 
11 31 11 32 13 32 13 31 
12 23 12 26 13 26 13 23 
12 24 14 26 15 25 13 23 
12 30 11 29 10 30 11 31 
13 14 21 14 21 13 13 13 
13 34 14 33 13 32 12 33 
14 28 14 26 13 26 13 28 
15 15 19 19 22 16 18 12 
15 23 19 23 19 19 15 19 
15 24 15 25 27 25 27 24 
15 30 16 31 19 28 18 27 
15 32 20 32 20 30 15 30 
15 34 15 32 13 32 13 34 
16 16 16 15 15 15 15 16 
16 22 15 23 23 31 24 30 
16 34 20 30 17 27 13 31 
17 15 18 15 18 12 17 12 
17 16 17 27 18 27 18 16 
18 37 24 31 21 28 15 34 
19 15 20 16 22 14 21 13 
19 17 27 25 28 24 20 16 
19 18 29 18 29 17 19 17 
19 33 19 28 14 28 14 33 
20 9 17 12 24 19 27 16 
20 23 22 23 22 16 20 16 
20 34 21 33 20 32 19 33 
22 34 22 32 20 32 20 34 
23 23 22 23 22 31 23 31 
24 12 24 19 25 19 25 12 
25 20 27 20 27 19 25 19 
25 30 26 30 26 26 25 26 
25 31 25 30 24 30 24 31 
27 14 25 12 19 18 21 20 
27 15 29 17 30 16 28 14 
27 31 26 30 25 31 26 32 
28 15 28 14 27 14 27 15 
28 16 30 16 30 15 28 15 
28 17 29 18 31 16 30 15 
28 21 28 24 33 24 33 21 
28 23 25 20 24 21 27 24 
28 27 27 28 32 33 33 32 
28 37 28 27 18 27 18 37 
30 19 29 18 27 20 28 21 
30 33 32 33 32 27 30 27 
31 19 31 16 30 16 30 19 
33 30 30 27 27 30 30 33 
33 31 33 30 27 30 27 31 
35 19 33 17 31 19 33 21 
11 27 13 29 14 28 12 26 
18 14 17 15 18 16 19 15 
23 28 25 30 27 28 25 26 
26 16 27 15 24 12 23 13 
26 31 26 32 27 32 27 31 
29 21 31 19 29 17 27 19 
32 32 33 31 27 25 26 26 
35 17 33 17 33 19 35 19 
26 15 26 16 27 16 27 15 
