69
10 26 12 28 13 27 11 25 
10 27 13 27 13 26 10 26 
11 14 11 20 13 20 13 14 
11 16 17 22 19 20 13 14 
12 16 12 23 14 23 14 16 
12 22 14 24 17 21 15 19 
12 32 15 29 14 28 11 31 
13 28 14 28 14 27 13 27 
13 30 17 26 14 23 10 27 
14 26 16 26 16 24 14 24 
15 11 15 19 19 19 19 11 
15 22 23 14 21 12 13 20 
15 23 15 27 18 27 18 23 
15 25 14 24 13 25 14 26 
15 30 16 29 14 27 13 28 
16 19 26 29 28 27 18 17 
16 30 16 29 15 29 15 30 
17 13 16 14 24 22 25 21 
17 14 17 13 16 13 16 14 
17 17 16 18 18 20 19 19 
17 20 18 20 18 17 17 17 
17 23 16 24 19 27 20 26 
17 30 18 31 24 25 23 24 
18 32 21 29 19 27 16 30 
19 31 19 27 18 27 18 31 
19 34 26 27 25 26 18 33 
20 20 20 21 25 21 25 20 
20 22 20 21 17 21 17 22 
20 25 24 25 24 22 20 22 
20 30 20 26 17 26 17 30 
21 13 25 13 25 12 21 12 
21 22 29 14 28 13 20 21 
21 27 21 29 26 29 26 27 
22 17 18 13 17 14 21 18 
22 23 21 22 19 24 20 25 
22 31 25 31 25 26 22 26 
22 33 22 32 18 32 18 33 
23 27 26 30 32 24 29 21 
25 14 26 14 26 13 25 13 
25 25 29 25 29 21 25 21 
26 11 26 12 27 12 27 11 
26 17 29 17 29 14 26 14 
26 20 26 22 31 22 31 20 
27 13 26 12 25 13 26 14 
27 27 29 29 31 27 29 25 
27 32 28 32 28 27 27 27 
28 12 27 12 27 13 28 13 
28 15 30 15 30 13 28 13 
28 16 25 19 26 20 29 17 
28 25 31 22 30 21 27 24 
29 30 29 29 26 29 26 30 
30 23 33 23 33 21 30 21 
31 15 32 14 29 11 28 12 
32 27 32 24 31 24 31 27 
34 22 33 21 32 22 33 23 
7 18 12 23 16 19 11 14 
10 19 11 20 17 14 16 13 
10 21 15 21 15 19 10 19 
12 30 13 30 13 28 12 28 
22 28 23 27 22 26 21 27 
23 19 25 19 25 14 23 14 
24 13 25 14 26 13 25 12 
24 32 24 33 27 33 27 32 
25 34 27 32 26 31 24 33 
26 34 27 33 25 31 24 32 
30 25 32 27 33 26 31 24 
33 34 33 31 26 31 26 34 
34 16 32 16 32 22 34 22 
36 31 32 27 29 30 33 34 
