83
9 15 11 17 13 15 11 13 
9 17 11 17 11 15 9 15 
9 29 12 32 15 29 12 26 
10 19 11 20 15 16 14 15 
10 23 13 23 13 19 10 19 
11 19 13 17 11 15 9 17 
11 30 15 30 15 29 11 29 
12 17 13 17 13 15 12 15 
12 20 15 23 16 22 13 19 
12 23 13 24 15 22 14 21 
12 24 12 26 13 26 13 24 
12 31 12 32 15 32 15 31 
13 25 14 24 13 23 12 24 
14 16 15 17 19 13 18 12 
14 17 15 17 15 16 14 16 
14 18 19 23 20 22 15 17 
14 29 13 28 11 30 12 31 
15 12 15 13 18 13 18 12 
15 20 12 20 12 22 15 22 
15 26 16 26 16 23 15 23 
15 28 15 26 13 26 13 28 
16 14 17 14 17 11 16 11 
16 19 19 19 19 17 16 17 
16 20 16 22 17 22 17 20 
16 21 17 20 16 19 15 20 
17 23 19 23 19 22 17 22 
17 28 19 30 22 27 20 25 
17 29 15 31 16 32 18 30 
18 25 16 23 13 26 15 28 
18 26 20 26 20 25 18 25 
18 27 18 30 19 30 19 27 
18 35 28 25 25 22 15 32 
19 18 21 20 27 14 25 12 
19 25 18 26 19 27 20 26 
20 15 22 17 24 15 22 13 
20 18 25 13 24 12 19 17 
20 21 20 22 21 22 21 21 
20 23 21 22 20 21 19 22 
20 28 21 29 24 26 23 25 
20 29 20 28 17 28 17 29 
20 31 20 32 26 32 26 31 
22 15 22 13 20 13 20 15 
22 20 20 18 19 19 21 21 
22 26 22 27 24 27 24 26 
23 13 23 17 25 17 25 13 
23 20 23 17 22 17 22 20 
23 23 23 25 28 25 28 23 
23 28 26 31 27 30 24 27 
23 30 27 30 27 28 23 28 
23 33 23 30 19 30 19 33 
24 11 24 12 25 12 25 11 
24 16 30 16 30 15 24 15 
24 18 25 17 24 16 23 17 
24 22 24 24 25 24 25 22 
24 25 27 28 28 27 25 24 
25 23 28 26 29 25 26 22 
26 17 27 17 27 14 26 14 
26 19 26 17 25 17 25 19 
26 36 33 29 30 26 23 33 
27 20 26 21 27 22 28 21 
27 21 26 21 26 22 27 22 
28 8 25 11 30 16 33 13 
28 29 30 31 33 28 31 26 
28 33 33 33 33 29 28 29 
28 36 28 33 26 33 26 36 
29 19 27 17 25 19 27 21 
29 24 30 23 29 22 28 23 
29 26 29 25 28 25 28 26 
29 30 27 30 27 31 29 31 
29 35 26 32 25 33 28 36 
30 24 30 26 31 26 31 24 
30 35 30 31 29 31 29 35 
32 16 30 16 30 21 32 21 
32 33 30 31 28 33 30 35 
33 19 33 13 29 13 29 19 
36 15 32 11 26 17 30 21 
11 14 12 15 15 12 14 11 
13 18 14 18 14 17 13 17 
15 14 15 13 11 13 11 14 
19 16 20 15 18 13 17 14 
20 16 20 18 24 18 24 16 
27 24 29 24 29 22 27 22 
18 16 19 16 19 13 18 13 
