105
9 19 11 21 13 19 11 17 
10 19 11 20 12 19 11 18 
10 29 11 30 12 29 11 28 
11 29 11 30 12 30 12 29 
11 33 14 33 14 31 11 31 
12 17 12 19 13 19 13 17 
12 20 11 20 11 21 12 21 
12 23 13 24 14 23 13 22 
12 34 16 30 15 29 11 33 
14 15 16 15 16 12 14 12 
14 18 15 17 14 16 13 17 
14 20 14 19 13 19 13 20 
14 24 13 25 17 29 18 28 
14 25 14 24 13 24 13 25 
14 29 16 31 18 29 16 27 
15 16 17 18 18 17 16 15 
15 18 15 17 14 17 14 18 
15 20 14 19 13 20 14 21 
15 21 18 18 17 17 14 20 
15 24 17 24 17 22 15 22 
15 27 15 29 16 29 16 27 
16 14 17 15 20 12 19 11 
16 17 17 17 17 15 16 15 
16 21 20 21 20 19 16 19 
16 23 17 24 18 23 17 22 
16 25 15 24 14 25 15 26 
16 32 18 32 18 31 16 31 
16 33 18 31 16 29 14 31 
16 35 18 33 16 31 14 33 
17 20 17 18 15 18 15 20 
17 21 18 22 21 19 20 18 
17 28 17 29 18 29 18 28 
17 30 17 29 16 29 16 30 
18 19 17 18 16 19 17 20 
18 20 18 22 19 22 19 20 
18 21 19 22 20 21 19 20 
18 35 18 33 16 33 16 35 
19 12 20 12 20 11 19 11 
19 13 18 13 18 17 19 17 
19 23 18 24 21 27 22 26 
19 24 19 26 22 26 22 24 
19 29 23 29 23 28 19 28 
19 33 21 31 20 30 18 32 
20 14 20 18 21 18 21 14 
20 15 21 14 19 12 18 13 
20 22 19 22 19 23 20 23 
20 28 22 30 23 29 21 27 
21 20 22 19 21 18 20 19 
21 24 20 23 19 24 20 25 
21 34 24 31 23 30 20 33 
22 13 22 14 30 14 30 13 
22 18 21 18 21 19 22 19 
22 29 23 28 20 25 19 26 
22 31 23 31 23 30 22 30 
22 34 22 31 21 31 21 34 
23 13 22 14 28 20 29 19 
23 20 21 20 21 22 23 22 
23 24 24 25 31 18 30 17 
24 19 25 20 27 18 26 17 
24 21 29 21 29 19 24 19 
24 22 22 24 24 26 26 24 
24 24 24 22 23 22 23 24 
24 29 24 31 25 31 25 29 
24 30 25 31 26 30 25 29 
25 9 20 14 22 16 27 11 
25 11 24 12 32 20 33 19 
25 18 27 18 27 11 25 11 
25 21 32 14 29 11 22 18 
25 28 24 29 27 32 28 31 
26 12 24 12 24 17 26 17 
26 20 28 20 28 17 26 17 
26 25 26 24 24 24 24 25 
26 28 27 29 31 25 30 24 
27 16 28 17 31 14 30 13 
27 21 24 24 26 26 29 23 
27 22 27 24 30 24 30 22 
27 31 28 31 28 29 27 29 
28 27 29 26 27 24 26 25 
29 25 26 25 26 26 29 26 
29 33 31 31 29 29 27 31 
30 15 30 17 32 17 32 15 
30 19 30 20 32 20 32 19 
30 25 31 25 31 24 30 24 
30 29 29 28 28 29 29 30 
30 30 30 29 29 29 29 30 
31 20 32 21 33 20 32 19 
31 21 30 20 29 21 30 22 
31 22 32 22 32 21 31 21 
31 26 32 25 31 24 30 25 
31 28 31 26 29 26 29 28 
32 27 31 26 30 27 31 28 
32 28 31 29 32 30 33 29 
32 29 32 28 31 28 31 29 
32 32 33 32 33 30 32 30 
9 29 10 29 10 19 9 19 
10 30 11 31 12 30 11 29 
13 16 14 15 12 13 11 14 
13 18 14 17 13 16 12 17 
19 30 19 33 20 33 20 30 
23 34 28 29 24 25 19 30 
24 34 24 31 23 31 23 34 
25 26 25 28 26 28 26 26 
25 32 27 32 27 31 25 31 
26 33 29 33 29 30 26 30 
13 15 13 16 14 16 14 15 
