61
8 26 20 38 29 29 17 17 
10 34 15 39 21 33 16 28 
11 27 16 32 20 28 15 23 
16 17 16 28 17 28 17 17 
16 30 25 39 33 31 24 22 
16 44 24 44 24 43 16 43 
16 46 17 45 16 44 15 45 
17 19 23 25 27 21 21 15 
17 22 28 33 31 30 20 19 
17 38 20 38 20 28 17 28 
17 39 15 39 15 45 17 45 
18 37 17 38 20 41 21 40 
19 32 23 32 23 25 19 25 
20 15 20 19 21 19 21 15 
20 29 23 32 34 21 31 18 
22 29 28 35 35 28 29 22 
22 33 22 35 28 35 28 33 
23 29 24 28 20 24 19 25 
24 24 24 28 33 28 33 24 
25 15 21 19 22 20 26 16 
25 18 31 18 31 15 25 15 
25 30 25 39 31 39 31 30 
25 31 23 29 15 37 17 39 
27 37 34 37 34 21 27 21 
28 7 20 15 33 28 41 20 
29 17 24 17 24 22 29 22 
29 21 31 23 32 22 30 20 
29 31 33 31 33 29 29 29 
30 38 31 39 36 34 35 33 
30 41 31 40 23 32 22 33 
32 26 44 26 44 22 32 22 
33 41 35 41 35 33 33 33 
33 42 33 41 30 41 30 42 
34 39 28 33 22 39 28 45 
34 40 35 41 39 37 38 36 
35 27 35 28 39 28 39 27 
35 32 24 43 25 44 36 33 
35 36 16 17 15 18 34 37 
36 30 36 33 42 33 42 30 
36 39 39 39 39 37 36 37 
36 40 36 39 34 39 34 40 
37 31 41 31 41 20 37 20 
37 46 40 43 36 39 33 42 
38 28 41 31 42 30 39 27 
40 36 42 34 35 27 33 29 
41 19 43 21 44 20 42 18 
41 37 42 37 42 34 41 34 
42 22 43 23 44 22 43 21 
42 24 44 26 45 25 43 23 
43 25 43 23 31 23 31 25 
43 29 45 29 45 25 43 25 
43 39 41 37 39 39 41 41 
44 30 45 29 44 28 43 29 
44 43 44 36 40 36 40 43 
46 29 37 20 33 24 42 33 
15 21 25 21 25 18 15 18 
16 34 19 34 19 32 16 32 
18 23 15 23 15 37 18 37 
25 27 29 31 41 19 37 15 
34 24 32 26 36 30 38 28 
39 42 43 42 43 39 39 39 
