156
10 37 16 43 21 38 15 32 
10 41 16 41 16 37 10 37 
14 21 15 22 18 19 17 18 
14 26 15 27 20 22 19 21 
14 29 17 32 18 31 15 28 
14 35 16 37 17 36 15 34 
14 38 20 44 23 41 17 35 
14 40 17 40 17 38 14 38 
15 21 19 21 19 17 15 17 
15 24 20 29 21 28 16 23 
15 33 17 33 17 32 15 32 
15 36 17 36 17 35 15 35 
15 41 18 38 17 37 14 40 
16 42 16 43 27 43 27 42 
18 32 17 33 18 34 19 33 
18 33 19 33 19 32 18 32 
18 36 18 38 21 38 21 36 
19 25 19 29 20 29 20 25 
19 45 21 45 21 41 19 41 
20 13 18 15 20 17 22 15 
20 16 20 17 34 17 34 16 
20 24 20 22 15 22 15 24 
20 33 21 33 21 29 20 29 
20 46 21 45 20 44 19 45 
21 24 20 25 21 26 22 25 
21 27 15 27 15 28 21 28 
21 30 19 32 20 33 22 31 
22 26 20 24 19 25 21 27 
22 27 24 27 24 26 22 26 
22 35 21 36 22 37 23 36 
22 38 24 40 26 38 24 36 
22 41 23 41 23 38 22 38 
23 15 22 15 22 21 23 21 
23 23 27 27 35 19 31 15 
23 31 22 31 22 34 23 34 
24 20 20 16 19 17 23 21 
24 28 27 28 27 27 24 27 
24 31 26 33 29 30 27 28 
24 32 23 31 21 33 22 34 
24 33 24 36 26 36 26 33 
25 21 26 21 26 18 25 18 
25 23 25 21 23 21 23 23 
25 24 28 21 25 18 22 21 
25 29 26 30 28 28 27 27 
26 22 25 23 30 28 31 27 
26 26 26 30 29 30 29 26 
26 42 27 43 28 42 27 41 
27 31 28 32 31 29 30 28 
27 32 27 31 24 31 24 32 
27 34 28 34 28 32 27 32 
27 35 29 37 30 36 28 34 
27 37 27 35 22 35 22 37 
27 38 26 38 26 41 27 41 
27 39 31 43 33 41 29 37 
27 40 26 41 27 42 28 41 
28 16 26 18 29 21 31 19 
28 19 28 21 29 21 29 19 
28 22 28 21 26 21 26 22 
28 36 30 36 30 34 28 34 
28 37 24 33 23 34 27 38 
28 39 31 42 33 40 30 37 
28 40 28 41 33 41 33 40 
28 43 31 43 31 42 28 42 
29 24 31 22 28 19 26 21 
29 33 30 34 36 28 35 27 
29 39 29 37 28 37 28 39 
29 46 32 43 31 42 28 45 
30 15 30 19 31 19 31 15 
30 22 28 22 28 28 30 28 
30 25 31 26 39 18 38 17 
31 20 31 22 36 22 36 20 
31 28 32 28 32 27 31 27 
31 34 33 32 26 25 24 27 
31 36 30 36 30 37 31 37 
32 21 35 21 35 19 32 19 
32 24 32 21 29 21 29 24 
32 31 35 31 35 28 32 28 
32 44 34 44 34 43 32 43 
33 19 30 22 32 24 35 21 
33 20 38 25 41 22 36 17 
33 24 33 26 35 26 35 24 
33 28 34 27 33 26 32 27 
33 37 36 37 36 32 33 32 
33 39 37 35 35 33 31 37 
34 24 37 27 39 25 36 22 
34 25 35 26 36 25 35 24 
34 34 34 29 31 29 31 34 
34 35 34 36 37 36 37 35 
34 42 34 41 33 41 33 42 
35 34 34 35 36 37 37 36 
35 42 34 41 33 42 34 43 
36 16 36 17 38 17 38 16 
36 26 35 26 35 27 36 27 
36 30 33 27 32 28 35 31 
36 38 41 38 41 37 36 37 
36 43 35 44 36 45 37 44 
36 44 36 45 37 45 37 44 
37 17 40 20 41 19 38 16 
37 25 37 22 36 22 36 25 
37 28 37 27 36 27 36 28 
37 32 38 31 35 28 34 29 
37 41 36 40 34 42 35 43 
38 18 38 22 39 22 39 18 
38 33 35 33 35 34 38 34 
38 35 39 35 39 34 38 34 
38 41 38 36 37 36 37 41 
38 44 40 44 40 41 38 41 
39 26 38 25 36 27 37 28 
39 27 44 22 42 20 37 25 
39 36 41 38 43 36 41 34 
39 39 41 41 43 39 41 37 
39 44 40 45 42 43 41 42 
40 25 42 25 42 20 40 20 
40 26 40 25 39 25 39 26 
40 32 38 34 39 35 41 33 
40 35 44 35 44 32 40 32 
40 36 40 35 39 35 39 36 
41 26 44 26 44 22 41 22 
41 29 41 26 40 26 40 29 
41 31 41 33 45 33 45 31 
42 17 41 17 41 19 42 19 
42 30 44 32 45 31 43 29 
42 36 42 34 41 34 41 36 
42 39 43 39 43 36 42 36 
42 40 36 40 36 43 42 43 
42 48 45 45 41 41 38 44 
43 22 40 19 37 22 40 25 
43 26 42 25 41 26 42 27 
43 35 45 33 44 32 42 34 
43 40 45 40 45 39 43 39 
44 44 40 44 40 45 44 45 
46 38 43 35 42 36 45 39 
46 41 46 38 41 38 41 41 
14 20 15 21 19 17 18 16 
16 46 20 46 20 44 16 44 
17 34 18 34 18 33 17 33 
20 12 15 17 18 20 23 15 
22 22 22 25 26 25 26 22 
24 19 18 19 18 20 24 20 
28 25 29 26 30 25 29 24 
29 23 30 22 29 21 28 22 
30 27 31 28 32 27 31 26 
31 18 30 19 31 20 32 19 
31 39 33 39 33 37 31 37 
35 39 36 38 34 36 33 37 
35 45 36 44 35 43 34 44 
37 34 38 35 39 34 38 33 
39 30 42 30 42 27 39 27 
39 37 40 36 39 35 38 36 
39 40 40 41 42 39 41 38 
40 30 41 31 42 30 41 29 
45 34 40 29 39 30 44 35 
34 45 35 45 35 44 34 44 
35 38 38 41 39 40 36 37 
36 39 36 38 35 38 35 39 
33 44 34 45 35 44 34 43 
