81
14 20 15 21 17 19 16 18 
14 24 15 25 19 21 18 20 
14 25 15 25 15 24 14 24 
15 17 15 21 19 21 19 17 
16 25 15 26 17 28 18 27 
16 26 16 25 15 25 15 26 
16 42 17 43 19 41 18 40 
17 27 17 28 18 28 18 27 
17 32 17 35 22 35 22 32 
18 18 18 20 21 20 21 18 
18 26 17 25 16 26 17 27 
18 31 18 40 20 40 20 31 
19 24 38 24 38 21 19 21 
19 37 17 35 15 37 17 39 
20 19 17 19 17 25 20 25 
21 36 23 38 24 37 22 35 
21 37 24 40 31 33 28 30 
21 40 24 40 24 37 21 37 
22 19 21 18 20 19 21 20 
22 20 21 20 21 27 22 27 
22 28 20 30 22 32 24 30 
23 15 21 17 42 38 44 36 
23 17 29 17 29 16 23 16 
23 19 23 17 22 17 22 19 
23 26 23 38 29 38 29 26 
23 42 25 40 23 38 21 40 
23 45 23 42 19 42 19 45 
24 25 20 25 20 30 24 30 
24 50 29 45 24 40 19 45 
25 20 25 23 29 23 29 20 
25 37 27 39 40 26 38 24 
25 50 25 40 24 40 24 50 
26 19 23 16 22 17 25 20 
26 27 22 27 22 28 26 28 
26 39 17 39 17 43 26 43 
27 33 27 34 31 34 31 33 
27 38 32 43 36 39 31 34 
28 21 24 25 26 27 30 23 
28 22 29 23 35 17 34 16 
28 35 31 32 30 31 27 34 
28 48 35 41 27 33 20 40 
29 40 31 40 31 38 29 38 
29 44 29 45 30 45 30 44 
30 25 43 25 43 23 30 23 
31 26 40 26 40 20 31 20 
31 43 32 43 32 40 31 40 
31 46 33 44 32 43 30 45 
32 19 31 20 44 33 45 32 
33 33 33 44 34 44 34 33 
35 18 45 18 45 17 35 17 
36 16 39 16 39 15 36 15 
36 34 36 38 37 38 37 34 
36 35 34 33 29 38 31 40 
37 45 37 39 36 39 36 45 
38 36 38 40 44 40 44 36 
39 37 38 36 36 38 37 39 
39 45 45 45 45 37 39 37 
40 13 35 18 38 21 43 16 
40 17 39 16 30 25 31 26 
41 28 41 27 33 27 33 28 
42 44 42 41 35 41 35 44 
43 19 41 21 43 23 45 21 
43 36 45 34 44 33 42 35 
44 37 43 36 35 44 36 45 
45 33 44 33 44 34 45 34 
48 38 44 34 38 40 42 44 
15 41 19 41 19 37 15 37 
18 24 21 27 25 23 22 20 
19 26 19 24 18 24 18 26 
21 24 20 25 22 27 23 26 
22 48 28 48 28 35 22 35 
24 21 29 26 30 25 25 20 
24 49 25 50 30 45 29 44 
26 40 30 44 31 43 27 39 
26 46 31 46 31 43 26 43 
29 19 32 19 32 17 29 17 
37 43 39 45 44 40 42 38 
39 19 43 19 43 16 39 16 
48 35 42 35 42 38 48 38 
18 25 19 26 20 25 19 24 
32 26 33 27 40 20 39 19 
