120
10 33 16 39 22 33 16 27 
10 45 15 45 15 33 10 33 
12 29 15 32 20 27 17 24 
12 31 25 31 25 29 12 29 
13 26 20 33 25 28 18 21 
13 43 15 45 18 42 16 40 
14 20 16 22 17 21 15 19 
14 21 17 21 17 20 14 20 
14 34 22 42 23 41 15 33 
16 24 16 27 17 27 17 24 
16 35 16 39 23 39 23 35 
16 44 19 44 19 40 16 40 
17 23 16 22 15 23 16 24 
17 37 20 37 20 33 17 33 
18 23 18 21 17 21 17 23 
18 25 18 30 24 30 24 25 
18 32 18 30 15 30 15 32 
18 33 28 23 25 20 15 30 
19 19 16 16 15 17 18 20 
19 24 26 17 25 16 18 23 
19 25 24 30 25 29 20 24 
19 31 25 25 24 24 18 30 
20 16 16 16 16 22 20 22 
20 20 22 22 24 20 22 18 
20 32 23 35 29 29 26 26 
20 38 33 38 33 37 20 37 
21 26 13 26 13 43 21 43 
21 28 32 39 33 38 22 27 
22 17 15 17 15 18 22 18 
22 24 20 24 20 27 22 27 
23 40 23 41 25 41 25 40 
23 42 25 40 18 33 16 35 
23 43 22 42 21 43 22 44 
24 16 24 20 25 20 25 16 
24 38 18 32 17 33 23 39 
24 40 25 41 26 40 25 39 
25 27 25 28 26 28 26 27 
25 35 25 36 32 36 32 35 
26 14 24 16 29 21 31 19 
26 16 26 17 33 17 33 16 
26 25 26 26 30 26 30 25 
27 27 27 39 28 39 28 27 
27 37 29 39 32 36 30 34 
27 38 28 39 32 35 31 34 
28 14 26 16 35 25 37 23 
28 22 33 27 34 26 29 21 
28 24 37 24 37 23 28 23 
28 26 35 33 42 26 35 19 
29 20 25 20 25 21 29 21 
29 28 31 26 30 25 28 27 
29 30 34 30 34 29 29 29 
29 32 29 33 35 33 35 32 
29 34 29 39 30 39 30 34 
30 23 37 30 39 28 32 21 
31 22 31 26 34 26 34 22 
31 40 30 39 29 40 30 41 
31 43 32 42 29 39 28 40 
32 20 28 24 30 26 34 22 
32 28 32 21 29 21 29 28 
32 32 36 36 38 34 34 30 
32 41 32 39 30 39 30 41 
32 43 38 43 38 42 32 42 
33 28 33 36 36 36 36 28 
33 39 38 44 40 42 35 37 
34 17 33 17 33 18 34 18 
34 37 41 30 40 29 33 36 
34 39 33 40 37 44 38 43 
34 40 34 39 33 39 33 40 
35 15 33 17 34 18 36 16 
35 16 34 15 33 16 34 17 
35 17 36 17 36 16 35 16 
36 37 40 37 40 36 36 36 
36 44 37 44 37 40 36 40 
37 29 35 29 35 30 37 30 
38 25 38 19 35 19 35 25 
38 28 39 28 39 25 38 25 
38 32 38 34 40 34 40 32 
38 39 39 40 41 38 40 37 
39 26 38 25 34 29 35 30 
39 47 41 45 38 42 36 44 
40 28 40 29 41 29 41 28 
41 31 38 28 37 29 40 32 
41 39 41 38 38 38 38 39 
41 40 39 40 39 45 41 45 
42 18 43 19 45 17 44 16 
42 19 42 21 43 21 43 19 
42 20 43 21 44 20 43 19 
42 30 42 29 41 29 41 30 
42 32 42 31 41 31 41 32 
42 35 42 40 44 40 44 35 
42 42 44 40 40 36 38 38 
43 16 41 18 42 19 44 17 
43 17 44 17 44 16 43 16 
43 23 44 22 43 21 42 22 
43 44 43 43 38 43 38 44 
44 21 43 21 43 22 44 22 
44 28 43 27 41 29 42 30 
45 19 45 17 44 17 44 19 
45 26 44 25 41 28 42 29 
45 31 44 30 42 32 43 33 
45 32 42 32 42 34 45 34 
15 47 39 47 39 45 15 45 
16 41 19 44 23 40 20 37 
18 26 17 27 25 35 26 34 
22 41 22 42 23 42 23 41 
27 33 32 28 30 26 25 31 
28 18 22 18 22 22 28 22 
28 21 24 25 26 27 30 23 
29 43 31 43 31 40 29 40 
30 33 34 29 33 28 29 32 
34 25 29 30 36 37 41 32 
35 38 37 40 38 39 36 37 
35 39 40 34 38 32 33 37 
36 30 37 29 36 28 35 29 
36 38 36 37 35 37 35 38 
39 48 43 44 39 40 35 44 
42 23 43 23 43 22 42 22 
43 20 42 21 43 22 44 21 
43 26 45 26 45 23 43 23 
42 27 43 27 43 26 42 26 
