211
13 33 15 35 19 31 17 29 
13 36 16 36 16 33 13 33 
14 36 15 37 16 36 15 35 
14 37 17 34 16 33 13 36 
15 21 15 22 16 22 16 21 
15 23 15 25 17 25 17 23 
15 27 21 27 21 26 15 26 
15 34 15 35 17 35 17 34 
16 16 16 18 17 18 17 16 
16 20 15 21 16 22 17 21 
16 25 15 26 22 33 23 32 
16 26 17 25 16 24 15 25 
16 28 15 28 15 29 16 29 
16 31 18 33 23 28 21 26 
16 40 20 40 20 36 16 36 
16 42 17 43 20 40 19 39 
16 43 17 43 17 42 16 42 
17 20 16 21 18 23 19 22 
17 27 16 26 15 27 16 28 
17 31 17 29 16 29 16 31 
17 38 18 38 18 35 17 35 
17 40 19 42 21 40 19 38 
17 46 20 43 19 42 16 45 
18 22 27 31 30 28 21 19 
18 32 18 33 20 33 20 32 
18 34 17 35 19 37 20 36 
18 39 19 39 19 38 18 38 
19 19 17 19 17 20 19 20 
19 23 19 22 18 22 18 23 
19 25 21 27 26 22 24 20 
19 26 16 29 20 33 23 30 
19 34 20 35 21 34 20 33 
19 36 21 38 22 37 20 35 
19 43 20 43 20 42 19 42 
20 15 19 16 21 18 22 17 
20 16 19 15 16 18 17 19 
20 19 21 19 21 18 20 18 
20 44 19 43 18 44 19 45 
21 20 23 20 23 19 21 19 
21 24 23 26 24 25 22 23 
21 30 21 31 23 31 23 30 
21 33 22 32 21 31 20 32 
21 37 21 38 22 38 22 37 
21 39 21 40 26 40 26 39 
21 44 21 43 20 43 20 44 
22 16 22 17 25 17 25 16 
22 19 21 18 20 19 21 20 
22 22 22 23 26 23 26 22 
22 25 22 23 19 23 19 25 
22 27 24 27 24 25 22 25 
22 28 25 31 28 28 25 25 
22 34 22 33 21 33 21 34 
22 36 21 37 22 38 23 37 
22 40 24 42 26 40 24 38 
22 43 26 39 25 38 21 42 
23 15 23 18 24 18 24 15 
23 17 22 18 23 19 24 18 
23 29 28 29 28 28 23 28 
23 34 23 37 24 37 24 34 
23 35 24 34 23 33 22 34 
23 42 24 42 24 38 23 38 
23 47 26 44 24 42 21 45 
24 19 26 17 25 16 23 18 
24 21 25 20 24 19 23 20 
24 31 26 33 30 29 28 27 
24 32 24 31 23 31 23 32 
24 33 23 34 25 36 26 35 
24 36 26 38 29 35 27 33 
25 13 23 15 25 17 27 15 
25 18 26 18 26 17 25 17 
25 19 24 19 24 20 25 20 
25 21 27 21 27 20 25 20 
25 22 26 23 28 21 27 20 
25 27 26 27 26 25 25 25 
25 32 24 32 24 33 25 33 
25 35 26 35 26 33 25 33 
25 42 25 44 26 44 26 42 
25 45 25 44 21 44 21 45 
26 32 25 31 24 32 25 33 
26 36 25 36 25 38 26 38 
26 37 27 38 30 35 29 34 
26 43 25 42 24 43 25 44 
27 25 27 31 31 31 31 25 
27 43 31 39 30 38 26 42 
28 15 28 17 31 17 31 15 
28 20 26 18 25 19 27 21 
28 22 29 23 32 20 31 19 
28 30 30 30 30 29 28 29 
28 32 28 33 31 33 31 32 
28 36 28 38 30 38 30 36 
28 39 28 38 27 38 27 39 
28 47 33 42 31 40 26 45 
29 14 28 15 31 18 32 17 
29 19 29 20 31 20 31 19 
29 21 29 20 28 20 28 21 
29 22 29 23 31 23 31 22 
29 33 31 31 30 30 28 32 
29 39 29 40 31 40 31 39 
30 14 29 14 29 18 30 18 
30 19 31 20 32 19 31 18 
30 21 31 22 32 21 31 20 
30 24 31 25 32 24 31 23 
30 34 29 34 29 35 30 35 
30 37 28 39 29 40 31 38 
30 45 30 44 26 44 26 45 
31 21 32 21 32 20 31 20 
31 30 33 32 34 31 32 29 
31 34 35 34 35 33 31 33 
31 37 39 45 40 44 32 36 
31 43 34 43 34 41 31 41 
32 23 31 23 31 24 32 24 
32 34 35 31 34 30 31 33 
32 42 33 42 33 40 32 40 
32 44 33 45 39 39 38 38 
33 15 31 17 32 18 34 16 
33 16 34 16 34 15 33 15 
33 17 33 20 35 20 35 17 
33 24 32 23 31 24 32 25 
33 25 35 25 35 24 33 24 
33 35 35 37 37 35 35 33 
33 36 35 34 33 32 31 34 
33 41 36 44 39 41 36 38 
33 44 35 44 35 42 33 42 
34 45 35 44 34 43 33 44 
35 14 34 15 37 18 38 17 
35 21 37 21 37 20 35 20 
35 23 38 26 39 25 36 22 
35 28 32 25 28 29 31 32 
35 29 35 31 36 31 36 29 
35 35 35 37 36 37 36 35 
35 38 35 37 31 37 31 38 
35 45 36 45 36 44 35 44 
36 18 40 22 41 21 37 17 
36 19 36 18 32 18 32 19 
36 21 37 20 36 19 35 20 
36 24 37 24 37 22 36 22 
36 26 35 25 33 27 34 28 
36 39 35 38 33 40 34 41 
36 40 39 40 39 39 36 39 
36 42 36 43 41 43 41 42 
37 15 37 17 38 17 38 15 
37 19 41 19 41 18 37 18 
37 28 36 29 39 32 40 31 
37 29 38 30 41 27 40 26 
37 31 38 32 39 31 38 30 
37 32 42 27 41 26 36 31 
38 23 38 26 40 26 40 23 
38 31 38 32 39 32 39 31 
38 34 38 36 42 36 42 34 
38 37 40 35 38 33 36 35 
38 39 39 40 40 39 39 38 
38 41 38 45 39 45 39 41 
38 43 40 45 43 42 41 40 
39 20 41 22 43 20 41 18 
39 33 38 34 41 37 42 36 
39 35 39 38 40 38 40 35 
40 18 41 19 42 18 41 17 
40 21 40 22 41 22 41 21 
40 27 41 27 41 26 40 26 
40 37 41 38 44 35 43 34 
40 43 42 45 43 44 41 42 
41 32 42 32 42 27 41 27 
41 33 42 34 43 33 42 32 
41 39 40 39 40 40 41 40 
41 41 42 40 41 39 40 40 
41 44 40 44 40 45 41 45 
42 17 42 18 44 18 44 17 
42 38 42 40 43 40 43 38 
42 41 42 40 41 40 41 41 
42 43 44 43 44 41 42 41 
43 18 44 19 45 18 44 17 
43 19 43 20 44 20 44 19 
43 30 41 32 42 33 44 31 
43 31 43 33 44 33 44 31 
43 36 43 37 45 37 45 36 
44 27 45 26 41 22 40 23 
44 38 44 40 45 40 45 38 
44 39 43 40 44 41 45 40 
45 19 44 18 43 19 44 20 
45 28 37 28 37 29 45 29 
45 35 45 33 44 33 44 35 
47 31 45 29 43 31 45 33 
13 38 16 41 17 40 14 37 
15 20 16 20 16 18 15 18 
15 42 16 43 17 42 16 41 
16 37 17 38 19 36 18 35 
17 15 16 16 19 19 20 18 
17 45 19 45 19 43 17 43 
18 17 17 18 19 20 20 19 
21 28 22 28 22 27 21 27 
23 21 24 21 24 20 23 20 
27 22 28 22 28 21 27 21 
28 19 29 20 30 19 29 18 
28 41 32 45 33 44 29 40 
30 42 31 43 32 42 31 41 
31 45 32 44 31 43 30 44 
32 27 33 27 33 25 32 25 
32 35 32 36 33 36 33 35 
34 23 35 24 37 22 36 21 
35 22 34 22 34 23 35 23 
36 14 35 15 36 16 37 15 
36 15 36 14 35 14 35 15 
36 32 37 32 37 31 36 31 
37 40 35 42 36 43 38 41 
38 20 39 20 39 17 38 17 
43 39 44 38 43 37 42 38 
14 21 15 22 16 21 15 20 
14 42 15 42 15 37 14 37 
16 44 17 45 18 44 17 43 
16 46 17 46 17 45 16 45 
31 44 31 45 32 45 32 44 
