215
13 23 16 26 19 23 16 20 
13 26 16 26 16 23 13 23 
13 27 16 30 24 22 21 19 
13 31 15 33 23 25 21 23 
14 19 20 25 21 24 15 18 
14 21 16 23 19 20 17 18 
14 27 17 24 16 23 13 26 
14 31 14 27 13 27 13 31 
14 33 15 34 17 32 16 31 
14 34 15 34 15 33 14 33 
14 36 16 38 18 36 16 34 
14 39 15 40 21 34 20 33 
14 40 15 41 17 39 16 38 
14 41 15 41 15 40 14 40 
14 44 15 45 16 44 15 43 
15 15 15 16 31 16 31 15 
15 21 15 19 14 19 14 21 
15 28 16 29 19 26 18 25 
15 35 16 35 16 34 15 34 
15 42 15 43 17 43 17 42 
15 44 15 45 16 45 16 44 
16 28 19 28 19 26 16 26 
16 36 16 38 18 38 18 36 
16 41 15 40 14 41 15 42 
17 13 15 15 21 21 23 19 
17 29 17 30 21 30 21 29 
17 31 17 30 16 30 16 31 
17 41 19 43 20 42 18 40 
17 46 20 43 19 42 16 45 
18 21 18 25 20 25 20 21 
18 31 18 33 19 33 19 31 
18 32 19 33 20 32 19 31 
18 34 18 33 17 33 17 34 
19 18 20 19 21 18 20 17 
19 24 21 24 21 23 19 23 
19 34 19 35 21 35 21 34 
19 41 19 42 20 42 20 41 
19 45 19 43 17 43 17 45 
20 18 20 19 21 19 21 18 
20 29 19 28 17 30 18 31 
20 30 21 31 22 30 21 29 
20 31 20 32 21 32 21 31 
20 34 19 33 18 34 19 35 
20 40 21 39 19 37 18 38 
20 44 22 44 22 43 20 43 
21 26 21 28 29 28 29 26 
21 36 26 36 26 35 21 35 
21 40 22 39 17 34 16 35 
21 42 22 42 22 40 21 40 
22 23 24 23 24 22 22 22 
22 25 20 25 20 27 22 27 
22 31 23 32 29 26 28 25 
22 33 23 33 23 32 22 32 
22 34 22 39 27 39 27 34 
22 35 21 36 29 44 30 43 
22 41 21 40 20 41 21 42 
23 21 23 19 21 19 21 21 
23 24 23 25 24 25 24 24 
23 26 24 25 23 24 22 25 
23 28 24 27 23 26 22 27 
23 42 23 44 26 44 26 42 
23 43 25 41 24 40 22 42 
24 21 25 21 25 17 24 17 
24 28 25 29 29 25 28 24 
24 30 26 32 27 31 25 29 
24 31 24 30 22 30 22 31 
24 33 26 35 27 34 25 32 
24 36 22 34 21 35 23 37 
24 43 23 42 22 43 23 44 
25 20 24 21 25 22 26 21 
25 31 25 32 26 32 26 31 
25 33 28 36 29 35 26 32 
25 44 26 45 32 39 31 38 
26 20 28 22 33 17 31 15 
26 22 26 21 25 21 25 22 
26 40 28 40 28 36 26 36 
27 19 27 22 28 22 28 19 
27 30 27 31 28 31 28 30 
27 32 28 31 27 30 26 31 
27 41 28 40 27 39 26 40 
27 43 26 44 27 45 28 44 
27 44 26 44 26 45 27 45 
28 23 31 23 31 22 28 22 
28 27 28 25 24 25 24 27 
28 32 29 32 29 31 28 31 
28 42 30 42 30 40 28 40 
29 16 27 18 28 19 30 17 
29 18 29 20 31 20 31 18 
29 21 29 25 30 25 30 21 
29 24 31 22 30 21 28 23 
29 29 30 28 25 23 24 24 
29 30 30 31 31 30 30 29 
29 39 30 40 36 34 35 33 
29 41 30 42 31 41 30 40 
29 43 29 41 27 41 27 43 
29 45 32 45 32 44 29 44 
30 22 31 23 33 21 32 20 
30 26 31 27 36 22 35 21 
30 30 30 29 29 29 29 30 
30 32 31 31 30 30 29 31 
30 35 30 36 31 36 31 35 
31 26 36 26 36 23 31 23 
31 32 31 31 30 31 30 32 
31 34 32 33 31 32 30 33 
31 39 31 38 29 38 29 39 
31 43 32 44 33 43 32 42 
32 9 24 17 32 25 40 17 
32 19 32 20 35 20 35 19 
32 23 34 25 35 24 33 22 
32 27 41 36 43 34 34 25 
32 28 32 27 31 27 31 28 
32 29 36 33 38 31 34 27 
32 32 43 32 43 29 32 29 
32 34 32 39 33 39 33 34 
32 35 31 34 30 35 31 36 
32 40 34 42 35 41 33 39 
33 15 33 17 35 17 35 15 
33 41 31 41 31 43 33 43 
34 14 33 15 34 16 35 15 
34 19 35 20 36 19 35 18 
34 21 36 23 37 22 35 20 
34 22 34 21 33 21 33 22 
34 28 37 31 38 30 35 27 
34 35 38 39 39 38 35 34 
34 37 37 37 37 35 34 35 
34 38 34 39 36 39 36 38 
34 40 34 39 33 39 33 40 
34 43 36 45 40 41 38 39 
34 44 34 43 33 43 33 44 
35 25 37 25 37 24 35 24 
35 28 35 27 34 27 34 28 
35 36 36 36 36 34 35 34 
35 37 36 38 37 37 36 36 
35 40 35 41 38 41 38 40 
36 18 36 17 35 17 35 18 
36 21 36 20 35 20 35 21 
36 24 37 25 38 24 37 23 
36 28 35 28 35 33 36 33 
36 42 36 43 37 43 37 42 
36 44 36 45 40 45 40 44 
37 16 37 17 38 17 38 16 
37 18 38 17 37 16 36 17 
37 19 37 18 36 18 36 19 
37 20 37 21 40 21 40 20 
37 26 38 27 39 26 38 25 
37 30 37 31 38 31 38 30 
37 38 39 38 39 37 37 37 
38 18 39 17 38 16 37 17 
38 19 42 19 42 18 38 18 
38 20 37 19 36 20 37 21 
38 22 38 24 39 24 39 22 
38 23 39 24 40 23 39 22 
38 26 38 27 39 27 39 26 
38 28 41 31 42 30 39 27 
39 36 39 31 38 31 38 36 
39 41 38 40 36 42 37 43 
39 46 40 45 37 42 36 43 
40 16 40 17 45 17 45 16 
40 24 42 22 40 20 38 22 
40 26 44 26 44 24 40 24 
40 28 40 27 39 27 39 28 
40 29 41 28 40 27 39 28 
40 31 40 33 41 33 41 31 
40 32 37 35 38 36 41 33 
40 37 40 39 41 39 41 37 
40 38 41 39 42 38 41 37 
40 42 43 45 44 44 41 41 
40 43 41 44 44 41 43 40 
41 18 42 19 45 16 44 15 
41 22 42 23 43 22 42 21 
41 23 41 22 40 22 40 23 
41 34 43 32 42 31 40 33 
41 42 41 41 40 41 40 42 
42 24 41 25 43 27 44 26 
43 21 42 21 42 22 43 22 
43 33 41 33 41 34 43 34 
43 44 43 45 44 45 44 44 
44 18 42 20 43 21 45 19 
44 19 44 21 45 21 45 19 
44 27 44 31 45 31 45 27 
44 42 45 42 45 41 44 41 
45 40 45 34 43 34 43 40 
46 22 45 21 43 23 44 24 
46 23 46 22 43 22 43 23 
46 43 45 42 43 44 44 45 
47 29 45 27 43 29 45 31 
15 29 16 29 16 28 15 28 
16 39 16 41 17 41 17 39 
16 46 17 46 17 45 16 45 
17 20 19 20 19 18 17 18 
18 44 19 45 20 44 19 43 
20 38 18 38 18 40 20 40 
22 19 20 21 22 23 24 21 
23 34 24 33 23 32 22 33 
24 32 24 33 25 33 25 32 
24 34 25 33 24 32 23 33 
25 24 28 24 28 23 25 23 
26 23 25 22 24 23 25 24 
28 39 33 44 34 43 29 38 
29 33 31 35 32 34 30 32 
30 19 31 20 32 19 31 18 
30 44 31 43 30 42 29 43 
31 33 32 33 32 32 31 32 
31 40 32 40 32 39 31 39 
34 18 35 19 36 18 35 17 
34 41 35 40 34 39 33 40 
35 42 35 41 34 41 34 42 
37 27 38 26 37 25 36 26 
37 28 38 28 38 27 37 27 
38 46 39 46 39 41 38 41 
39 25 40 26 41 25 40 24 
39 45 37 43 36 44 38 46 
41 24 44 27 45 26 42 23 
25 35 26 36 29 33 28 32 
30 34 31 34 31 33 30 33 
