89
9 37 15 43 22 36 16 30 
15 38 15 43 16 43 16 38 
16 24 15 24 15 30 16 30 
17 34 22 39 27 34 22 29 
17 40 17 43 30 43 30 40 
18 19 23 24 24 23 19 18 
18 20 22 20 22 19 18 19 
18 34 18 24 17 24 17 34 
18 35 18 36 20 36 20 35 
18 45 22 41 20 39 16 43 
19 26 21 28 22 27 20 25 
19 27 22 27 22 26 19 26 
19 29 19 45 21 45 21 29 
19 41 20 42 27 35 26 34 
20 30 23 33 24 32 21 29 
20 41 22 41 22 39 20 39 
21 17 18 20 32 34 35 31 
21 23 24 23 24 21 21 21 
21 24 24 21 22 19 19 22 
22 33 28 39 32 35 26 29 
22 35 23 35 23 33 22 33 
23 26 34 26 34 24 23 24 
23 27 23 29 26 29 26 27 
23 43 29 37 28 36 22 42 
24 28 24 32 28 32 28 28 
24 36 28 36 28 33 24 33 
25 48 30 43 22 35 17 40 
26 14 16 24 19 27 29 17 
26 35 27 35 27 34 26 34 
27 16 27 17 29 17 29 16 
27 33 28 32 24 28 23 29 
27 37 29 37 29 35 27 35 
29 22 26 25 29 28 32 25 
29 27 22 20 21 21 28 28 
29 31 35 31 35 29 29 29 
29 39 31 39 31 37 29 37 
30 17 29 17 29 22 30 22 
30 38 29 39 30 40 31 39 
31 20 39 20 39 18 31 18 
31 45 34 45 34 39 31 39 
32 14 26 14 26 25 32 25 
32 17 31 16 30 17 31 18 
32 28 39 28 39 25 32 25 
32 38 34 38 34 35 32 35 
33 15 33 30 41 30 41 15 
33 28 28 33 34 39 39 34 
33 31 35 33 37 31 35 29 
33 39 34 38 33 37 32 38 
34 16 33 15 22 26 23 27 
34 18 30 22 34 26 38 22 
35 38 35 39 38 39 38 38 
35 43 35 44 38 44 38 43 
36 21 36 23 39 23 39 21 
36 35 43 42 44 41 37 34 
36 42 33 39 32 40 35 43 
37 19 39 21 43 17 41 15 
37 32 37 31 35 31 35 32 
37 41 40 44 45 39 42 36 
37 43 38 44 40 42 39 41 
38 26 44 26 44 22 38 22 
39 32 37 32 37 34 39 34 
39 35 37 35 37 41 39 41 
40 33 42 31 41 30 39 32 
40 41 41 41 41 36 40 36 
40 45 40 44 38 44 38 45 
40 47 42 45 40 43 38 45 
41 31 43 33 45 31 43 29 
42 30 42 31 45 31 45 30 
42 33 42 31 41 31 41 33 
42 34 41 33 39 35 40 36 
42 43 40 41 38 43 40 45 
42 47 42 45 40 45 40 47 
43 20 37 26 39 28 45 22 
43 34 43 33 42 33 42 34 
43 38 45 38 45 34 43 34 
43 39 40 36 38 38 41 41 
43 41 43 42 44 42 44 41 
44 37 42 35 41 36 43 38 
46 24 44 22 42 24 44 26 
46 31 45 30 42 33 43 34 
13 28 15 30 19 26 17 24 
13 29 18 34 23 29 18 24 
14 40 17 43 19 41 16 38 
16 36 18 38 20 36 18 34 
28 34 29 35 33 31 32 30 
36 22 35 23 38 26 39 25 
36 41 22 41 22 42 36 42 
39 42 40 42 40 41 39 41 
42 42 40 42 40 43 42 43 
