231
12 29 15 32 18 29 15 26 
12 31 15 34 18 31 15 28 
13 22 16 25 20 21 17 18 
14 20 15 21 17 19 16 18 
14 32 23 41 26 38 17 29 
14 34 15 34 15 32 14 32 
14 37 18 41 19 40 15 36 
14 44 15 44 15 37 14 37 
15 17 22 17 22 16 15 16 
15 25 16 25 16 21 15 21 
15 31 15 29 12 29 12 31 
15 35 16 36 18 34 17 33 
16 15 16 18 17 18 17 15 
16 24 17 25 19 23 18 22 
16 27 17 27 17 25 16 25 
16 28 16 36 20 36 20 28 
16 40 16 42 19 42 19 40 
16 45 19 42 18 41 15 44 
17 16 15 18 26 29 28 27 
17 31 17 33 18 33 18 31 
18 18 19 19 22 16 21 15 
18 19 18 18 17 18 17 19 
18 21 17 21 17 22 18 22 
18 27 17 27 17 29 18 29 
18 30 21 30 21 29 18 29 
18 32 19 33 22 30 21 29 
18 35 18 34 15 34 15 35 
18 38 16 36 15 37 17 39 
18 46 22 42 20 40 16 44 
19 20 19 19 18 19 18 20 
19 24 23 28 25 26 21 22 
19 26 19 27 20 27 20 26 
19 28 20 27 19 26 18 27 
19 35 21 35 21 34 19 34 
19 38 19 35 18 35 18 38 
19 44 22 44 22 42 19 42 
19 45 19 44 16 44 16 45 
20 18 20 21 21 21 21 18 
20 20 19 19 18 20 19 21 
20 22 22 24 23 23 21 21 
20 25 20 22 18 22 18 25 
20 33 19 32 18 33 19 34 
20 34 19 35 20 36 21 35 
20 37 21 36 19 34 18 35 
20 38 21 38 21 37 20 37 
21 23 21 27 23 27 23 23 
21 39 20 39 20 40 21 40 
21 41 23 41 23 40 21 40 
21 44 22 45 24 43 23 42 
21 45 22 44 17 39 16 40 
22 20 23 20 23 17 22 17 
22 22 22 24 26 24 26 22 
22 26 21 27 22 28 23 27 
22 31 23 31 23 30 22 30 
22 35 21 35 21 36 22 36 
22 38 26 38 26 37 22 37 
22 41 23 40 22 39 21 40 
23 32 24 33 27 30 26 29 
23 37 26 34 25 33 22 36 
23 43 24 43 24 42 23 42 
24 16 24 17 27 17 27 16 
24 19 22 17 21 18 23 20 
24 28 26 30 27 29 25 27 
24 31 24 33 25 33 25 31 
25 23 26 24 27 23 26 22 
25 35 27 35 27 33 25 33 
25 42 27 42 27 40 25 40 
25 45 25 44 22 44 22 45 
26 16 27 17 28 16 27 15 
26 17 30 21 31 20 27 16 
26 27 28 27 28 26 26 26 
26 31 27 31 27 30 26 30 
26 32 27 33 28 32 27 31 
26 39 25 40 26 41 27 40 
26 43 27 42 26 41 25 42 
26 44 26 45 28 45 28 44 
27 21 25 21 25 23 27 23 
27 24 29 26 31 24 29 22 
27 25 28 26 30 24 29 23 
27 32 28 32 28 31 27 31 
27 37 29 37 29 35 27 35 
27 38 30 35 29 34 26 37 
27 39 29 39 29 38 27 38 
27 43 28 42 23 37 22 38 
27 44 26 43 25 44 26 45 
27 45 28 44 27 43 26 44 
28 22 29 21 28 20 27 21 
28 23 29 23 29 22 28 22 
28 24 28 23 27 23 27 24 
28 28 32 28 32 27 28 27 
28 34 29 35 30 34 29 33 
28 36 29 37 30 36 29 35 
28 38 29 39 30 38 29 37 
28 43 28 42 27 42 27 43 
29 20 30 20 30 17 29 17 
29 24 29 26 30 26 30 24 
29 30 28 31 32 35 33 34 
29 32 32 32 32 30 29 30 
29 40 30 40 30 39 29 39 
29 41 32 44 33 43 30 40 
29 43 29 45 33 45 33 43 
30 16 33 19 34 18 31 15 
30 22 31 23 32 22 31 21 
30 33 29 33 29 34 30 34 
31 19 33 19 33 15 31 15 
31 22 31 21 30 21 30 22 
31 26 29 24 26 27 28 29 
31 27 30 26 28 28 29 29 
31 28 33 30 34 29 32 27 
31 29 32 30 33 29 32 28 
31 33 32 32 29 29 28 30 
31 35 30 35 30 36 31 36 
31 40 31 44 32 44 32 40 
32 19 33 20 35 18 34 17 
32 23 32 26 35 26 35 23 
32 34 32 35 33 35 33 34 
32 37 31 38 33 40 34 39 
32 38 32 37 31 37 31 38 
33 21 34 20 33 19 32 20 
33 25 33 24 31 24 31 25 
33 26 34 27 35 26 34 25 
33 28 33 29 34 29 34 28 
33 32 35 34 38 31 36 29 
33 33 32 34 33 35 34 34 
33 37 32 36 31 37 32 38 
33 41 37 37 36 36 32 40 
33 48 36 45 31 40 28 43 
34 15 34 17 35 17 35 15 
34 16 35 17 36 16 35 15 
34 19 33 19 33 20 34 20 
34 21 33 20 31 22 32 23 
34 24 34 25 36 25 36 24 
34 31 34 34 35 34 35 31 
34 35 33 35 33 36 34 36 
34 37 38 41 41 38 37 34 
35 21 35 20 34 20 34 21 
35 25 36 24 35 23 34 24 
35 30 36 30 36 29 35 29 
35 36 36 36 36 34 35 34 
35 37 35 36 34 36 34 37 
35 40 36 41 38 39 37 38 
35 41 35 40 33 40 33 41 
35 45 36 45 36 41 35 41 
35 48 35 45 33 45 33 48 
36 17 38 19 40 17 38 15 
36 18 40 18 40 17 36 17 
36 20 35 21 37 23 38 22 
36 28 35 27 34 28 35 29 
36 38 37 38 37 37 36 37 
36 42 37 43 40 40 39 39 
36 46 38 44 37 43 35 45 
37 19 38 19 38 15 37 15 
37 20 37 19 36 19 36 20 
37 33 37 34 38 34 38 33 
37 35 37 36 44 36 44 35 
38 25 36 25 36 28 38 28 
38 29 38 31 40 31 40 29 
38 32 37 33 38 34 39 33 
38 38 38 39 39 39 39 38 
38 40 38 41 40 41 40 40 
38 42 38 44 40 44 40 42 
38 51 44 45 41 42 35 48 
39 23 39 27 45 27 45 23 
39 34 41 32 40 31 38 33 
40 12 37 15 40 18 43 15 
40 16 37 19 40 22 43 19 
40 21 40 22 43 22 43 21 
40 25 40 26 42 26 42 25 
41 23 43 25 45 23 43 21 
41 31 42 30 39 27 38 28 
41 36 39 34 37 36 39 38 
41 43 41 44 44 44 44 43 
42 21 40 19 36 23 38 25 
42 34 44 34 44 30 42 30 
42 38 38 34 37 35 41 39 
42 40 44 40 44 39 42 39 
42 44 45 41 44 40 41 43 
42 45 44 43 43 42 41 44 
42 46 42 45 36 45 36 46 
43 16 43 19 44 19 44 16 
43 31 41 31 41 32 43 32 
43 36 42 37 44 39 45 38 
43 47 45 45 44 44 42 46 
44 25 40 21 36 25 40 29 
44 28 45 27 43 25 42 26 
44 32 45 31 44 30 43 31 
45 37 42 37 42 38 45 38 
46 34 44 32 42 34 44 36 
48 40 45 37 42 40 45 43 
12 32 14 34 17 31 15 29 
14 26 16 28 17 27 15 25 
14 28 15 28 15 26 14 26 
16 23 18 25 19 24 17 22 
20 31 21 32 22 31 21 30 
20 43 19 44 20 45 21 44 
23 34 26 34 26 32 23 32 
24 27 23 27 23 28 24 28 
24 37 25 36 23 34 22 35 
25 25 26 26 27 25 26 24 
25 29 26 29 26 27 25 27 
25 43 28 40 27 39 24 42 
26 25 27 25 27 24 26 24 
26 36 27 37 28 36 27 35 
27 28 27 29 28 29 28 28 
28 18 30 20 31 19 29 17 
28 21 29 21 29 20 28 20 
28 39 29 40 30 39 29 38 
28 41 29 41 29 40 28 40 
32 21 33 21 33 20 32 20 
32 24 31 25 32 26 33 25 
32 33 33 33 33 32 32 32 
32 43 29 40 28 41 31 44 
32 51 38 51 38 44 32 44 
33 22 34 22 34 21 33 21 
33 39 34 39 34 37 33 37 
34 32 36 34 37 33 35 31 
36 12 36 16 40 16 40 12 
36 21 37 20 36 19 35 20 
37 21 36 21 36 23 37 23 
39 43 40 44 41 43 40 42 
40 24 41 23 40 22 39 23 
43 28 44 28 44 25 43 25 
46 25 43 22 40 25 43 28 
22 25 22 26 25 26 25 25 
24 20 25 21 28 18 27 17 
24 44 25 45 26 44 25 43 
26 20 26 19 24 19 24 20 
28 47 32 51 35 48 31 44 
29 47 29 45 28 45 28 47 
30 48 33 45 32 44 29 47 
38 24 40 24 40 22 38 22 
