76
7 36 15 44 24 35 16 27 
7 42 15 42 15 36 7 36 
10 26 15 31 26 20 21 15 
11 33 19 41 23 37 15 29 
11 37 18 44 30 32 23 25 
12 35 16 39 20 35 16 31 
14 41 15 42 17 40 16 39 
15 24 15 25 18 25 18 24 
16 29 15 29 15 31 16 31 
17 15 17 20 21 20 21 15 
17 39 16 39 16 40 17 40 
18 19 21 22 23 20 20 17 
18 22 15 25 22 32 25 29 
18 26 16 28 19 31 21 29 
18 42 15 42 15 44 18 44 
19 36 19 41 24 41 24 36 
20 27 23 24 21 22 18 25 
20 28 20 27 16 27 16 28 
20 34 20 35 24 35 24 34 
21 33 25 33 25 29 21 29 
21 37 21 33 11 33 11 37 
22 22 22 20 21 20 21 22 
22 27 26 31 29 28 25 24 
23 22 23 24 25 24 25 22 
23 26 23 25 18 25 18 26 
23 32 23 37 27 37 27 32 
23 35 24 34 22 32 21 33 
25 20 27 22 31 18 29 16 
25 28 29 28 29 24 25 24 
25 35 27 37 38 26 36 24 
25 38 40 38 40 36 25 36 
25 39 27 41 29 39 27 37 
26 17 26 20 32 20 32 17 
26 43 30 39 28 37 24 41 
26 44 28 42 27 41 25 43 
27 24 28 25 29 24 28 23 
27 34 25 36 32 43 34 41 
27 43 27 41 26 41 26 43 
28 27 45 27 45 25 28 25 
29 18 29 21 31 21 31 18 
29 33 29 39 30 39 30 33 
30 36 34 32 22 20 18 24 
30 40 37 40 37 39 30 39 
32 22 31 23 41 33 42 32 
32 31 36 35 37 34 33 30 
32 45 37 40 30 33 25 38 
34 15 32 17 39 24 41 22 
34 22 34 32 41 32 41 22 
36 30 39 30 39 24 36 24 
36 41 36 35 34 35 34 41 
37 32 39 30 38 29 36 31 
38 40 37 40 37 41 38 41 
38 42 39 41 38 40 37 41 
39 35 40 36 42 34 41 33 
39 40 39 41 41 41 41 40 
39 42 39 41 38 41 38 42 
40 29 38 29 38 33 40 33 
40 34 41 34 41 33 40 33 
40 41 39 40 38 41 39 42 
41 18 41 19 43 19 43 18 
41 35 42 35 42 34 41 34 
41 45 41 43 32 43 32 45 
42 18 43 19 45 17 44 16 
42 20 32 20 32 21 42 21 
43 34 42 33 41 34 42 35 
12 20 12 35 17 35 17 20 
13 43 15 45 18 42 16 40 
14 27 16 29 23 22 21 20 
15 22 18 22 18 19 15 19 
20 39 20 43 25 43 25 39 
25 44 26 44 26 43 25 43 
31 22 32 22 32 21 31 21 
33 31 36 31 36 30 33 30 
28 19 31 22 32 21 29 18 
28 22 28 19 27 19 27 22 
30 24 31 23 29 21 28 22 
