129
6 30 17 41 27 31 16 20 
6 31 15 31 15 30 6 30 
7 30 6 31 18 43 19 42 
11 19 16 24 20 20 15 15 
13 20 17 24 19 22 15 18 
13 24 16 24 16 20 13 20 
15 16 15 18 23 18 23 16 
15 26 16 27 18 25 17 24 
15 34 20 39 22 37 17 32 
15 36 17 38 21 34 19 32 
15 37 20 37 20 36 15 36 
16 15 15 16 19 20 20 19 
16 17 21 17 21 15 16 15 
16 25 17 25 17 24 16 24 
16 30 18 30 18 27 16 27 
16 31 19 28 18 27 15 30 
16 32 16 31 15 31 15 32 
16 38 17 38 17 32 16 32 
17 31 16 30 15 31 16 32 
18 39 18 43 20 43 20 39 
19 19 19 20 20 20 20 19 
19 24 21 26 22 25 20 23 
19 25 19 24 18 24 18 25 
19 27 22 27 22 25 19 25 
19 34 19 42 21 42 21 34 
19 37 20 36 16 32 15 33 
19 46 20 45 18 43 17 44 
20 22 22 22 22 20 20 20 
20 38 22 38 22 37 20 37 
21 23 20 22 18 24 19 25 
21 33 26 28 23 25 18 30 
21 44 22 43 21 42 20 43 
22 16 26 20 27 19 23 15 
22 32 22 28 19 28 19 32 
22 39 24 37 22 35 20 37 
22 42 21 42 21 43 22 43 
23 22 23 25 24 25 24 22 
23 31 23 37 24 37 24 31 
24 40 25 39 23 37 22 38 
25 17 21 17 21 23 25 23 
25 29 25 35 29 35 29 29 
25 37 25 39 38 39 38 37 
26 23 31 23 31 21 26 21 
26 27 24 25 22 27 24 29 
26 32 27 32 27 31 26 31 
26 40 28 42 32 38 30 36 
26 41 28 43 29 42 27 40 
27 21 26 20 24 22 25 23 
27 26 32 21 28 17 23 22 
27 41 27 40 26 40 26 41 
28 19 25 16 23 18 26 21 
28 21 38 31 39 30 29 20 
28 25 30 25 30 22 28 22 
28 34 30 34 30 30 28 30 
28 35 34 29 30 25 24 31 
29 19 29 17 28 17 28 19 
29 31 30 30 29 29 28 30 
29 33 28 34 29 35 30 34 
29 38 29 42 32 42 32 38 
29 39 28 40 31 43 32 42 
29 43 29 42 28 42 28 43 
30 15 30 16 34 16 34 15 
30 28 35 33 40 28 35 23 
31 24 35 24 35 23 31 23 
31 26 31 24 27 24 27 26 
31 28 32 29 36 25 35 24 
31 30 36 30 36 28 31 28 
31 34 33 34 33 33 31 33 
31 36 31 34 30 34 30 36 
32 22 31 21 30 22 31 23 
32 28 39 35 42 32 35 25 
32 41 34 43 37 40 35 38 
33 17 41 25 42 24 34 16 
33 42 33 43 34 43 34 42 
34 12 30 16 35 21 39 17 
34 33 34 38 35 38 35 33 
35 14 34 15 36 17 37 16 
35 22 35 21 32 21 32 22 
35 29 36 30 37 29 36 28 
35 32 32 29 31 30 34 33 
35 34 38 37 41 34 38 31 
35 49 40 44 34 38 29 43 
36 19 39 19 39 17 36 17 
36 20 36 19 29 19 29 20 
36 24 35 24 35 25 36 25 
36 34 39 34 39 30 36 30 
37 20 40 17 39 16 36 19 
37 32 37 29 35 29 35 32 
37 36 37 40 40 40 40 36 
38 25 41 25 41 21 38 21 
38 36 39 37 40 36 39 35 
38 38 40 40 41 39 39 37 
38 41 41 41 41 39 38 39 
39 42 38 41 37 42 38 43 
40 16 40 17 41 17 41 16 
40 25 39 24 38 25 39 26 
40 29 41 28 39 26 38 27 
41 29 41 28 40 28 40 29 
41 35 41 34 39 34 39 35 
41 36 44 36 44 35 41 35 
41 43 41 45 42 45 42 43 
42 20 40 18 39 19 41 21 
42 22 39 22 39 24 42 24 
42 26 42 27 44 27 44 26 
42 30 41 29 36 34 37 35 
42 42 44 40 43 39 41 41 
43 23 44 23 44 16 43 16 
44 17 43 16 38 21 39 22 
44 44 44 40 40 40 40 44 
45 40 41 36 38 39 42 43 
17 37 16 38 21 43 22 42 
19 23 20 23 20 22 19 22 
20 16 21 17 22 16 21 15 
20 26 21 26 21 23 20 23 
20 44 21 44 21 43 20 43 
21 18 26 23 28 21 23 16 
21 29 22 28 20 26 19 27 
24 26 21 26 21 29 24 29 
25 27 26 27 26 23 25 23 
25 34 29 38 31 36 27 32 
30 27 26 27 26 28 30 28 
33 37 36 34 35 33 32 36 
34 35 35 34 34 33 33 34 
36 23 38 21 37 20 35 22 
36 27 38 27 38 25 36 25 
37 23 37 20 36 20 36 23 
42 37 39 37 39 42 42 42 
43 45 44 44 42 42 41 43 
17 45 20 45 20 44 17 44 
