207
11 19 15 23 19 19 15 15 
14 17 15 18 16 17 15 16 
14 34 15 35 18 32 17 31 
14 40 16 42 18 40 16 38 
14 41 18 41 18 40 14 40 
15 17 15 18 16 18 16 17 
15 19 16 20 17 19 16 18 
15 21 18 24 19 23 16 20 
15 24 17 26 18 25 16 23 
15 32 18 32 18 29 15 29 
15 36 17 38 18 37 16 35 
15 40 14 41 16 43 17 42 
15 42 15 43 16 43 16 42 
16 21 24 21 24 20 16 20 
16 22 15 22 15 23 16 23 
16 26 17 27 18 26 17 25 
16 27 17 27 17 26 16 26 
16 34 16 35 17 35 17 34 
16 36 18 38 19 37 17 35 
17 20 19 22 22 19 20 17 
17 23 19 23 19 22 17 22 
17 24 17 25 18 25 18 24 
17 28 18 29 19 28 18 27 
17 30 15 32 17 34 19 32 
17 36 19 36 19 35 17 35 
17 37 17 38 18 38 18 37 
17 39 17 38 16 38 16 39 
17 45 18 44 16 42 15 43 
18 15 18 17 20 17 20 15 
18 23 19 24 20 23 19 22 
18 28 19 28 19 27 18 27 
18 34 19 34 19 32 18 32 
19 29 20 29 20 28 19 28 
19 38 19 39 22 39 22 38 
19 42 20 41 19 40 18 41 
19 45 19 42 17 42 17 45 
20 19 22 19 22 18 20 18 
20 22 20 23 21 23 21 22 
20 24 19 25 22 28 23 27 
20 25 21 26 22 25 21 24 
20 26 20 25 19 25 19 26 
20 30 21 29 20 28 19 29 
20 34 19 35 20 36 21 35 
20 37 25 32 24 31 19 36 
20 40 19 40 19 41 20 41 
20 42 20 43 21 43 21 42 
21 15 21 16 26 16 26 15 
21 27 21 26 20 26 20 27 
21 30 20 30 20 31 21 31 
21 33 22 32 21 31 20 32 
21 37 19 39 20 40 22 38 
21 41 20 40 19 41 20 42 
22 14 21 15 26 20 27 19 
22 24 25 27 28 24 25 21 
22 29 21 28 20 29 21 30 
22 30 23 31 26 28 25 27 
22 34 22 32 20 32 20 34 
23 17 23 19 27 19 27 17 
23 22 24 23 25 22 24 21 
23 25 22 25 22 27 23 27 
23 29 23 28 22 28 22 29 
23 33 23 31 21 31 21 33 
23 38 28 33 27 32 22 37 
23 40 24 41 26 39 25 38 
23 41 23 40 21 40 21 41 
23 43 27 43 27 42 23 42 
23 44 24 45 27 42 26 41 
24 17 25 18 27 16 26 15 
24 22 25 22 25 21 24 21 
24 26 24 29 30 29 30 26 
24 32 23 33 25 35 26 34 
24 35 25 35 25 32 24 32 
24 38 28 42 31 39 27 35 
24 39 24 41 26 41 26 39 
25 26 23 28 24 29 26 27 
25 28 25 31 26 31 26 28 
25 43 29 39 27 37 23 41 
26 25 26 27 28 27 28 25 
26 32 28 34 33 29 31 27 
26 33 26 34 28 34 28 33 
26 35 26 37 27 37 27 35 
26 44 30 44 30 41 26 41 
27 31 26 31 26 32 27 32 
27 36 28 37 29 36 28 35 
27 40 29 42 30 41 28 39 
28 16 27 15 26 16 27 17 
28 21 30 21 30 17 28 17 
28 23 26 25 28 27 30 25 
28 26 29 27 30 26 29 25 
28 36 29 36 29 35 28 35 
28 38 32 38 32 37 28 37 
28 40 28 39 27 39 27 40 
29 24 29 25 30 25 30 24 
29 28 31 28 31 27 29 27 
29 40 28 40 28 42 29 42 
29 45 30 44 28 42 27 43 
30 20 32 22 37 17 35 15 
30 22 32 22 32 21 30 21 
30 27 29 28 30 29 31 28 
30 30 30 31 38 31 38 30 
30 36 29 36 29 39 30 39 
31 16 30 17 35 22 36 21 
31 20 37 20 37 17 31 17 
31 22 32 21 31 20 30 21 
31 23 30 22 29 23 30 24 
31 26 36 26 36 23 31 23 
31 29 29 27 28 28 30 30 
31 30 30 31 33 34 34 33 
31 33 32 32 30 30 29 31 
31 35 34 35 34 33 31 33 
31 37 32 36 31 35 30 36 
31 40 34 40 34 39 31 39 
32 16 31 17 37 23 38 22 
32 25 32 29 33 29 33 25 
32 26 34 28 35 27 33 25 
32 34 32 36 33 36 33 34 
32 35 33 36 34 35 33 34 
33 14 32 15 33 16 34 15 
33 31 34 32 37 29 36 28 
33 38 32 37 30 39 31 40 
34 14 33 14 33 15 34 15 
34 22 35 22 35 15 34 15 
34 25 36 23 35 22 33 24 
34 27 32 29 36 33 38 31 
34 37 37 37 37 35 34 35 
34 42 29 42 29 45 34 45 
34 43 35 44 36 43 35 42 
35 25 34 25 34 27 35 27 
35 28 36 28 36 27 35 27 
35 32 35 28 34 28 34 32 
35 33 36 33 36 32 35 32 
35 34 43 42 44 41 36 33 
35 35 32 38 34 40 37 37 
35 41 34 40 33 41 34 42 
36 18 36 21 42 21 42 18 
36 24 35 25 36 26 37 25 
36 34 37 35 38 34 37 33 
36 46 37 45 34 42 33 43 
37 18 39 20 40 19 38 17 
37 24 40 27 41 26 38 23 
37 28 41 32 42 31 38 27 
37 34 37 33 36 33 36 34 
37 38 42 38 42 37 37 37 
37 41 35 41 35 42 37 42 
37 43 41 43 41 42 37 42 
38 20 37 20 37 22 38 22 
38 24 40 26 42 24 40 22 
38 25 38 24 37 24 37 25 
38 26 38 27 40 27 40 26 
38 29 38 28 37 28 37 29 
38 40 40 40 40 34 38 34 
38 42 39 41 38 40 37 41 
38 43 43 38 42 37 37 42 
39 15 38 16 41 19 42 18 
39 16 39 15 38 15 38 16 
39 19 39 20 40 20 40 19 
39 21 40 20 39 19 38 20 
39 29 38 30 40 32 41 31 
39 35 42 38 43 37 40 34 
39 45 44 45 44 41 39 41 
40 23 40 24 42 24 42 23 
40 31 38 31 38 32 40 32 
41 33 43 33 43 32 41 32 
42 26 41 26 41 31 42 31 
42 32 41 33 42 34 43 33 
42 33 44 35 45 34 43 32 
42 44 43 43 42 42 41 43 
43 40 42 40 42 42 43 42 
43 44 43 43 42 43 42 44 
44 21 45 21 45 20 44 20 
44 22 45 21 44 20 43 21 
44 24 43 24 43 29 44 29 
44 33 43 33 43 35 44 35 
44 43 43 44 44 45 45 44 
45 22 44 21 42 23 43 24 
11 18 11 19 15 19 15 18 
12 17 11 18 15 22 16 21 
12 34 14 34 14 17 12 17 
16 30 17 30 17 28 16 28 
17 29 16 28 15 29 16 30 
19 21 20 22 23 19 22 18 
21 36 20 36 20 37 21 37 
21 44 23 44 23 43 21 43 
22 22 23 22 23 19 22 19 
22 23 21 23 21 24 22 24 
22 41 23 40 22 39 21 40 
22 43 21 42 20 43 21 44 
23 23 24 23 24 22 23 22 
23 35 23 38 24 38 24 35 
24 24 28 24 28 23 24 23 
28 15 28 16 31 16 31 15 
28 22 30 20 29 19 27 21 
28 29 29 28 28 27 27 28 
30 23 32 25 33 24 31 22 
32 41 33 41 33 38 32 38 
33 35 35 33 34 32 32 34 
36 45 37 45 37 43 36 43 
40 28 42 26 40 24 38 26 
40 33 41 34 42 33 41 32 
43 22 44 22 44 21 43 21 
22 21 21 22 22 23 23 22 
27 22 28 22 28 21 27 21 
29 22 29 23 30 23 30 22 
34 46 36 46 36 45 34 45 
35 46 36 45 35 44 34 45 
36 48 39 45 37 43 34 46 
24 19 27 22 28 21 25 18 
