148
12 23 15 26 18 23 15 20 
12 24 18 24 18 23 12 23 
12 40 15 43 19 39 16 36 
12 41 15 41 15 40 12 40 
13 28 16 31 18 29 15 26 
13 31 17 35 19 33 15 29 
13 36 16 36 16 31 13 31 
15 28 16 28 16 26 15 26 
15 32 17 34 18 33 16 31 
15 35 17 35 17 34 15 34 
16 18 17 18 17 15 16 15 
16 20 17 20 17 19 16 19 
16 22 16 20 15 20 15 22 
16 39 15 40 16 41 17 40 
16 43 16 41 15 41 15 43 
17 23 20 20 19 19 16 22 
18 15 18 19 19 19 19 15 
18 27 18 29 19 29 19 27 
18 30 18 33 19 33 19 30 
18 31 15 34 20 39 23 36 
19 20 20 20 20 19 19 19 
19 28 20 29 22 27 21 26 
19 38 16 38 16 39 19 39 
19 40 20 40 20 39 19 39 
19 44 19 40 17 40 17 44 
20 18 27 18 27 16 20 16 
20 21 24 21 24 20 20 20 
20 23 17 20 15 22 18 25 
20 24 16 20 12 24 16 28 
20 25 20 24 18 24 18 25 
20 26 19 27 21 29 22 28 
20 38 25 33 24 32 19 37 
20 41 19 40 16 43 17 44 
20 45 22 43 21 42 19 44 
21 12 18 15 24 21 27 18 
21 20 20 19 19 20 20 21 
21 23 24 20 20 16 17 19 
21 24 23 26 26 23 24 21 
21 25 22 26 27 21 26 20 
21 27 22 27 22 26 21 26 
21 31 28 38 30 36 23 29 
21 32 24 32 24 31 21 31 
21 36 21 39 23 39 23 36 
21 41 21 40 20 40 20 41 
22 31 20 29 19 30 21 32 
22 37 22 33 19 33 19 37 
22 40 21 39 20 40 21 41 
24 19 27 22 30 19 27 16 
24 22 27 22 27 21 24 21 
24 34 27 34 27 32 24 32 
24 44 24 45 29 45 29 44 
25 30 27 32 28 31 26 29 
25 32 24 31 22 33 23 34 
25 35 25 37 37 37 37 35 
25 39 29 43 37 35 33 31 
26 24 26 23 21 23 21 24 
26 26 23 26 23 29 26 29 
26 42 26 41 21 41 21 42 
27 26 27 28 30 28 30 26 
27 38 27 43 28 43 28 38 
27 40 26 41 28 43 29 42 
28 27 27 28 30 31 31 30 
28 28 27 29 29 31 30 30 
28 35 31 32 30 31 27 34 
28 40 26 42 27 43 29 41 
29 17 24 17 24 19 29 19 
29 22 29 23 32 23 32 22 
29 25 30 26 33 23 32 22 
29 27 30 28 31 27 30 26 
29 30 29 31 30 31 30 30 
30 21 32 23 33 22 31 20 
30 23 29 22 27 24 28 25 
30 32 30 36 31 36 31 32 
30 43 29 44 30 45 31 44 
30 44 31 44 31 43 30 43 
31 25 29 25 29 27 31 27 
31 31 30 32 36 38 37 37 
31 39 31 40 38 40 38 39 
31 45 32 44 31 43 30 44 
32 16 32 19 34 19 34 16 
32 21 32 19 30 19 30 21 
32 24 32 25 34 25 34 24 
32 27 31 27 31 30 32 30 
32 43 33 44 38 39 37 38 
32 45 32 44 31 44 31 45 
33 20 33 22 34 22 34 20 
33 32 36 32 36 31 33 31 
33 38 38 33 36 31 31 36 
34 26 34 29 37 29 37 26 
34 30 40 24 39 23 33 29 
35 16 35 18 41 18 41 16 
35 33 35 34 38 34 38 33 
35 39 37 41 38 40 36 38 
36 14 34 16 40 22 42 20 
36 20 37 21 42 16 41 15 
36 24 34 26 37 29 39 27 
36 25 40 25 40 24 36 24 
36 27 34 25 32 27 34 29 
36 41 29 41 29 42 36 42 
37 18 38 19 41 16 40 15 
37 20 37 21 42 21 42 20 
37 22 34 19 33 20 36 23 
37 36 35 38 38 41 40 39 
37 42 38 42 38 41 37 41 
37 43 38 42 37 41 36 42 
37 44 37 43 33 43 33 44 
38 15 38 19 40 19 40 15 
38 29 42 33 45 30 41 26 
38 43 39 42 38 41 37 42 
39 20 41 22 42 21 40 19 
39 22 39 23 40 23 40 22 
39 29 36 32 38 34 41 31 
39 39 39 42 40 42 40 39 
40 34 38 34 38 36 40 36 
40 43 41 43 41 42 40 42 
41 30 44 27 40 23 37 26 
42 29 45 29 45 28 42 28 
42 40 44 38 40 34 38 36 
42 45 43 44 41 42 40 43 
43 16 42 16 42 17 43 17 
43 18 44 17 43 16 42 17 
43 27 42 28 44 30 45 29 
43 30 44 30 44 27 43 27 
43 31 43 30 41 30 41 31 
43 33 40 36 42 38 45 35 
43 37 43 33 42 33 42 37 
43 41 42 40 40 42 41 43 
44 18 44 17 43 17 43 18 
44 21 44 24 45 24 45 21 
44 35 45 35 45 30 44 30 
44 40 44 38 42 38 42 40 
45 20 44 19 43 20 44 21 
13 29 15 29 15 28 13 28 
15 25 16 26 18 24 17 23 
16 32 23 39 25 37 18 30 
20 27 20 29 21 29 21 27 
28 37 30 39 35 34 33 32 
28 44 29 45 30 44 29 43 
30 18 32 16 31 15 29 17 
32 13 29 16 32 19 35 16 
33 30 34 30 34 29 33 29 
33 34 33 38 35 38 35 34 
34 23 36 25 39 22 37 20 
36 22 34 22 34 23 36 23 
38 27 38 29 39 29 39 27 
39 44 40 44 40 43 39 43 
40 35 42 37 44 35 42 33 
38 45 39 44 38 43 37 44 
