165
14 25 16 27 18 25 16 23 
14 26 18 26 18 25 14 25 
14 29 15 30 17 28 16 27 
14 30 15 31 19 27 18 26 
14 31 15 31 15 30 14 30 
14 32 15 33 16 32 15 31 
14 39 16 39 16 32 14 32 
15 23 15 27 16 27 16 23 
15 32 16 31 15 30 14 31 
15 40 16 39 15 38 14 39 
16 17 16 18 19 18 19 17 
16 20 18 20 18 19 16 19 
16 24 19 21 18 20 15 23 
16 25 18 27 24 21 22 19 
16 29 18 29 18 27 16 27 
17 16 16 17 18 19 19 18 
17 22 31 36 34 33 20 19 
17 25 16 24 14 26 15 27 
18 16 19 17 20 16 19 15 
18 34 22 34 22 30 18 30 
18 36 17 37 22 42 23 41 
18 42 19 42 19 36 18 36 
19 29 18 30 20 32 21 31 
19 31 21 31 21 29 19 29 
19 33 21 35 22 34 20 32 
19 40 22 43 25 40 22 37 
19 43 22 43 22 42 19 42 
20 15 20 16 21 16 21 15 
20 18 20 19 22 19 22 18 
20 29 23 32 24 31 21 28 
20 35 21 35 21 32 20 32 
20 39 16 39 16 44 20 44 
21 14 20 15 21 16 22 15 
21 19 22 18 21 17 20 18 
21 22 21 28 22 28 22 22 
21 37 22 37 22 35 21 35 
21 41 21 37 17 37 17 41 
21 45 23 43 22 42 20 44 
22 17 22 16 21 16 21 17 
22 32 23 33 24 32 23 31 
22 38 21 37 17 41 18 42 
23 18 25 16 24 15 22 17 
23 21 24 22 26 20 25 19 
23 22 23 31 24 31 24 22 
23 29 22 28 21 29 22 30 
23 39 23 41 28 41 28 39 
24 18 23 18 23 21 24 21 
24 33 24 32 23 32 23 33 
24 37 26 35 24 33 22 35 
24 38 24 37 22 37 22 38 
25 15 24 15 24 16 25 16 
25 25 26 26 34 18 33 17 
25 27 27 29 28 28 26 26 
25 33 25 37 27 37 27 33 
25 35 26 36 28 34 27 33 
25 45 27 45 27 42 25 42 
25 46 28 43 27 42 24 45 
26 17 29 17 29 15 26 15 
26 24 26 20 18 20 18 24 
26 38 27 37 26 36 25 37 
27 19 27 16 25 16 25 19 
27 26 27 24 26 24 26 26 
27 28 27 29 28 29 28 28 
28 16 29 17 30 16 29 15 
28 18 25 15 24 16 27 19 
28 21 29 22 32 19 31 18 
28 23 27 24 29 26 30 25 
28 32 28 34 35 34 35 32 
29 18 31 18 31 17 29 17 
29 19 27 19 27 22 29 22 
29 25 29 26 30 26 30 25 
29 28 29 29 32 29 32 28 
29 33 33 29 32 28 28 32 
29 37 31 37 31 36 29 36 
29 38 32 41 34 39 31 36 
29 45 30 44 24 38 23 39 
30 23 32 25 35 22 33 20 
30 24 29 25 30 26 31 25 
30 28 33 31 36 28 33 25 
30 39 30 41 31 41 31 39 
30 42 31 43 32 42 31 41 
31 19 31 23 32 23 32 19 
31 24 31 23 30 23 30 24 
31 27 31 26 30 26 30 27 
31 33 29 33 29 35 31 35 
31 42 32 42 32 41 31 41 
31 45 33 45 33 43 31 43 
32 24 31 24 31 25 32 25 
32 31 33 31 33 29 32 29 
32 33 32 39 34 39 34 33 
32 38 31 39 34 42 35 41 
33 16 33 17 38 17 38 16 
33 22 35 22 35 20 33 20 
33 23 33 25 37 25 37 23 
33 28 31 26 30 27 32 29 
33 35 31 33 29 35 31 37 
34 37 37 40 38 39 35 36 
34 40 34 42 37 42 37 40 
35 16 37 18 38 17 36 15 
35 19 35 18 34 18 34 19 
35 21 31 17 29 19 33 23 
35 25 39 29 41 27 37 23 
35 35 39 35 39 34 35 34 
36 13 33 16 35 18 38 15 
36 18 35 19 36 20 37 19 
36 19 37 19 37 18 36 18 
36 25 40 29 44 25 40 21 
36 35 41 30 40 29 35 34 
36 36 35 36 35 41 36 41 
36 43 40 43 40 41 36 41 
37 26 41 26 41 25 37 25 
37 28 37 31 42 31 42 28 
37 37 39 39 41 37 39 35 
37 39 38 39 38 37 37 37 
38 13 36 13 36 15 38 15 
38 22 44 22 44 20 38 20 
38 32 40 30 39 29 37 31 
38 34 37 33 35 35 36 36 
38 35 40 37 41 36 39 34 
38 41 37 40 36 41 37 42 
39 27 39 29 40 29 40 27 
39 41 41 43 44 40 42 38 
39 42 40 43 41 42 40 41 
40 18 40 21 41 21 41 18 
40 32 41 32 41 30 40 30 
40 36 40 37 41 37 41 36 
40 44 41 45 42 44 41 43 
41 15 38 18 41 21 44 18 
41 16 40 17 41 18 42 17 
41 23 45 23 45 21 41 21 
41 44 42 44 42 43 41 43 
42 16 42 17 45 17 45 16 
42 24 41 23 40 24 41 25 
42 25 36 19 35 20 41 26 
42 27 44 27 44 25 42 25 
42 40 42 41 44 41 44 40 
43 21 44 22 45 21 44 20 
43 27 42 28 44 30 45 29 
43 37 41 37 41 42 43 42 
43 40 42 41 43 42 44 41 
43 44 42 43 41 44 42 45 
43 45 43 44 42 44 42 45 
44 28 45 28 45 27 44 27 
44 39 44 35 39 35 39 39 
45 34 42 31 41 32 44 35 
45 38 45 34 42 34 42 38 
46 27 45 26 44 27 45 28 
18 33 17 34 19 36 20 35 
18 44 19 43 18 42 17 43 
19 25 19 27 25 27 25 25 
20 20 22 22 23 21 21 19 
21 23 20 22 18 24 19 25 
24 46 25 46 25 45 24 45 
27 38 29 38 29 37 27 37 
28 19 32 23 33 22 29 18 
28 37 27 38 28 39 29 38 
28 42 30 42 30 41 28 41 
31 34 29 36 32 39 34 37 
40 45 41 45 41 44 40 44 
23 24 28 19 26 17 21 22 
26 27 23 24 18 29 21 32 
26 32 26 27 25 27 25 32 
39 44 40 45 41 44 40 43 
37 44 39 44 39 42 37 42 
38 43 37 42 36 43 37 44 
