160
12 30 15 33 18 30 15 27 
14 22 19 27 20 26 15 21 
14 25 18 29 20 27 16 23 
14 28 23 28 23 25 14 25 
14 42 15 43 18 40 17 39 
14 43 15 44 18 41 17 40 
14 44 15 44 15 43 14 43 
15 19 16 20 17 19 16 18 
15 25 16 26 19 23 18 22 
15 30 17 30 17 27 15 27 
15 37 17 37 17 33 15 33 
16 17 16 18 17 18 17 17 
16 24 19 24 19 23 16 23 
16 30 15 31 17 33 18 32 
16 31 17 30 16 29 15 30 
16 36 17 37 29 25 28 24 
16 44 15 43 14 44 15 45 
16 45 16 44 15 44 15 45 
17 21 20 21 20 19 17 19 
17 22 17 21 15 21 15 22 
17 32 18 32 18 30 17 30 
17 36 19 34 18 33 16 35 
17 41 18 41 18 40 17 40 
18 20 28 20 28 16 18 16 
18 21 17 22 19 24 20 23 
18 26 16 26 16 29 18 29 
18 39 18 37 17 37 17 39 
18 43 18 45 23 45 23 43 
19 14 16 17 17 18 20 15 
19 26 19 27 20 27 20 26 
19 30 19 34 21 34 21 30 
19 32 21 34 23 32 21 30 
19 35 19 34 16 34 16 35 
19 36 18 37 21 40 22 39 
19 39 21 39 21 36 19 36 
19 46 25 40 24 39 18 45 
20 42 22 40 21 39 19 41 
21 17 18 20 23 25 26 22 
21 20 20 21 25 26 26 25 
21 23 21 24 28 24 28 23 
22 17 27 22 29 20 24 15 
22 18 22 26 25 26 25 18 
22 25 21 26 23 28 24 27 
22 27 22 26 21 26 21 27 
22 31 24 31 24 27 22 27 
22 42 37 27 34 24 19 39 
23 38 25 36 23 34 21 36 
23 39 23 38 22 38 22 39 
24 38 26 36 25 35 23 37 
25 19 29 23 32 20 28 16 
25 30 27 32 28 31 26 29 
25 34 25 35 27 35 27 34 
25 41 26 41 26 40 25 40 
25 45 27 43 25 41 23 43 
26 15 26 22 27 22 27 15 
26 27 28 27 28 25 26 25 
27 20 30 17 28 15 25 18 
27 28 23 28 23 32 27 32 
27 33 30 36 33 33 30 30 
27 37 27 40 31 40 31 37 
28 12 25 15 30 20 33 17 
28 13 26 15 32 21 34 19 
28 36 30 36 30 35 28 35 
28 37 30 35 27 32 25 34 
28 39 28 38 24 38 24 39 
28 41 28 43 29 43 29 41 
28 42 29 43 30 42 29 41 
29 17 29 20 30 20 30 17 
29 24 31 22 30 21 28 23 
29 37 28 38 32 42 33 41 
29 40 28 39 27 40 28 41 
29 44 32 41 31 40 28 43 
30 24 32 24 32 21 30 21 
30 25 30 30 31 30 31 25 
30 31 27 34 28 35 31 32 
30 38 33 38 33 36 30 36 
30 41 30 42 32 42 32 41 
30 44 29 44 29 45 30 45 
31 23 30 24 31 25 32 24 
31 33 31 32 27 32 27 33 
32 19 32 20 34 20 34 19 
32 26 34 26 34 24 32 24 
32 30 35 33 36 32 33 29 
32 33 32 35 33 35 33 33 
32 38 34 36 33 35 31 37 
32 43 32 45 35 45 35 43 
33 16 33 17 35 17 35 16 
33 21 34 22 35 21 34 20 
33 27 34 28 35 27 34 26 
33 28 30 25 28 27 31 30 
33 32 35 32 35 30 33 30 
33 34 32 35 33 36 34 35 
33 47 35 45 32 42 30 44 
34 13 28 13 28 15 34 15 
34 17 36 19 37 18 35 16 
34 21 34 22 35 22 35 21 
34 23 34 22 31 22 31 23 
34 25 36 27 37 26 35 24 
34 27 33 27 33 28 34 28 
34 29 35 30 37 28 36 27 
34 33 34 35 35 35 35 33 
34 37 34 40 35 40 35 37 
34 43 33 42 32 43 33 44 
35 18 35 20 37 20 37 18 
35 23 35 24 42 24 42 23 
35 41 37 41 37 40 35 40 
35 42 35 41 33 41 33 42 
36 23 37 22 36 21 35 22 
36 26 36 27 37 27 37 26 
36 39 37 40 38 39 37 38 
37 15 36 16 38 18 39 17 
37 29 37 28 34 28 34 29 
38 20 35 23 37 25 40 22 
38 21 42 17 41 16 37 20 
38 25 38 22 37 22 37 25 
38 30 39 31 42 28 41 27 
38 31 38 39 39 39 39 31 
39 18 39 17 38 17 38 18 
39 25 38 25 38 28 39 28 
39 26 42 29 45 26 42 23 
39 29 42 29 42 28 39 28 
39 40 42 43 43 42 40 39 
40 18 40 22 43 22 43 18 
40 29 39 28 37 30 38 31 
40 32 43 35 45 33 42 30 
40 36 35 41 39 45 44 40 
40 40 40 42 43 42 43 40 
41 17 42 17 42 16 41 16 
41 37 45 37 45 36 41 36 
42 14 41 15 42 16 43 15 
42 21 43 22 45 20 44 19 
43 25 44 24 43 23 42 24 
44 27 44 24 42 24 42 27 
45 30 45 29 42 29 42 30 
51 23 44 16 38 22 45 29 
51 25 51 23 43 23 43 25 
12 31 15 31 15 30 12 30 
21 42 22 42 22 40 21 40 
22 29 24 31 25 30 23 28 
27 26 26 27 27 28 28 27 
28 30 28 31 30 31 30 30 
28 44 29 45 30 44 29 43 
31 18 32 19 34 17 33 16 
32 29 33 29 33 28 32 28 
32 37 33 38 34 37 33 36 
33 22 34 23 35 22 34 21 
34 31 33 32 34 33 35 32 
36 15 36 16 37 16 37 15 
36 36 40 36 40 32 36 32 
37 21 38 21 38 20 37 20 
38 29 37 29 37 30 38 30 
38 34 40 32 39 31 37 33 
38 40 39 39 36 36 35 37 
38 44 39 44 39 40 38 40 
38 47 38 44 33 44 33 47 
39 43 40 42 38 40 37 41 
50 26 51 25 42 16 41 17 
27 44 28 44 28 43 27 43 
50 20 45 20 45 26 50 26 
25 42 27 44 28 43 26 41 
