52
13 27 17 31 28 20 24 16 
13 33 20 33 20 27 13 27 
16 37 17 38 21 34 20 33 
17 23 17 31 22 31 22 23 
17 37 17 38 26 38 26 37 
18 21 18 29 29 29 29 21 
19 22 22 22 22 20 19 20 
20 21 19 20 18 21 19 22 
20 24 19 25 39 45 40 44 
21 24 29 32 30 31 22 23 
21 32 21 34 29 34 29 32 
22 29 17 34 26 43 31 38 
23 32 28 27 27 26 22 31 
24 19 24 33 25 33 25 19 
24 20 36 32 37 31 25 19 
24 42 24 33 20 33 20 42 
26 42 31 42 31 38 26 38 
27 35 31 31 29 29 25 33 
28 19 31 19 31 15 28 15 
28 22 30 22 30 20 28 20 
30 32 31 32 31 31 30 31 
30 33 32 35 33 34 31 32 
31 21 30 20 29 21 30 22 
31 36 29 34 26 37 28 39 
32 18 31 19 36 24 37 23 
32 19 28 15 24 19 28 23 
32 21 32 19 31 19 31 21 
32 26 27 26 27 35 32 35 
33 27 33 34 35 34 35 27 
34 23 34 31 37 31 37 23 
35 19 31 15 13 33 17 37 
35 43 42 43 42 34 35 34 
36 36 36 32 31 32 31 36 
37 45 39 45 39 31 37 31 
38 37 38 40 43 40 43 37 
39 16 37 18 40 21 42 19 
39 21 40 21 40 16 39 16 
39 50 45 44 38 37 32 43 
40 42 38 40 35 43 37 45 
45 17 42 17 42 19 45 19 
45 34 34 23 24 33 35 44 
45 42 40 42 40 44 45 44 
49 21 45 17 35 27 39 31 
19 28 18 29 21 32 22 31 
24 43 26 43 26 42 24 42 
27 46 31 42 28 39 24 43 
28 50 35 43 27 35 20 42 
32 44 35 44 35 43 32 43 
33 43 27 37 26 38 32 44 
36 21 36 24 39 24 39 21 
45 21 43 21 43 34 45 34 
19 37 24 42 45 21 40 16 
