86
10 26 24 40 31 33 17 19 
10 35 22 35 22 26 10 26 
12 21 15 24 18 21 15 18 
12 30 18 36 28 26 22 20 
12 36 16 40 24 32 20 28 
15 25 15 38 21 38 21 25 
15 26 23 34 32 25 24 17 
17 18 17 19 29 19 29 18 
17 30 17 21 12 21 12 30 
18 35 16 37 19 40 21 38 
18 37 16 37 16 40 18 40 
18 43 19 43 19 40 18 40 
19 22 16 22 16 31 19 31 
19 24 23 28 27 24 23 20 
20 26 21 25 17 21 16 22 
20 32 23 32 23 28 20 28 
20 33 32 21 29 18 17 30 
22 15 22 20 23 20 23 15 
22 46 25 43 22 40 19 43 
23 22 30 22 30 20 23 20 
23 27 30 20 29 19 22 26 
23 37 28 37 28 34 23 34 
23 42 25 44 28 41 26 39 
23 44 25 44 25 43 23 43 
24 16 24 17 30 17 30 16 
24 28 23 27 19 31 20 32 
24 39 22 39 22 40 24 40 
25 28 24 28 24 31 25 31 
25 30 24 31 26 33 27 32 
25 46 28 43 26 41 23 44 
26 26 26 33 28 33 28 26 
26 30 25 31 28 34 29 33 
26 38 26 39 35 39 35 38 
26 43 28 43 28 41 26 41 
27 27 27 32 31 32 31 27 
29 17 35 23 36 22 30 16 
30 28 29 29 44 44 45 43 
31 41 31 33 29 33 29 41 
32 19 34 21 37 18 35 16 
32 23 37 28 39 26 34 21 
32 31 34 31 34 27 32 27 
32 36 35 39 40 34 37 31 
33 40 34 41 36 39 35 38 
33 46 33 44 25 44 25 46 
34 19 32 19 32 21 34 21 
34 28 37 25 35 23 32 26 
34 36 37 36 37 31 34 31 
34 42 34 41 31 41 31 42 
34 43 40 37 34 31 28 37 
35 18 35 23 37 23 37 18 
35 26 35 25 32 25 32 26 
35 30 39 30 39 26 35 26 
36 37 37 36 32 31 31 32 
37 32 39 30 37 28 35 30 
39 25 41 27 42 26 40 24 
40 20 40 24 41 24 41 20 
40 25 41 24 35 18 34 19 
40 27 40 28 41 28 41 27 
40 39 40 37 36 37 36 39 
40 41 44 37 41 34 37 38 
41 26 40 27 41 28 42 27 
41 37 38 40 41 43 44 40 
41 42 34 42 34 43 41 43 
42 24 41 24 41 26 42 26 
43 28 41 28 41 34 43 34 
43 37 43 40 44 40 44 37 
44 36 45 36 45 17 44 17 
44 43 45 43 45 40 44 40 
10 29 18 37 23 32 15 24 
18 41 22 45 23 44 19 40 
20 20 26 26 30 22 24 16 
24 35 31 42 33 40 26 33 
25 36 32 36 32 31 25 31 
27 35 27 32 24 32 24 35 
28 21 28 23 32 23 32 21 
33 36 32 36 32 40 33 40 
33 39 28 34 27 35 32 40 
33 43 34 42 32 40 31 41 
33 45 38 40 34 36 29 41 
37 27 39 25 37 23 35 25 
37 50 44 43 40 39 33 46 
39 23 37 23 37 25 39 25 
41 44 44 44 44 43 41 43 
22 38 24 38 24 35 22 35 
23 36 24 35 23 34 22 35 
26 34 23 37 24 38 27 35 
