97
7 29 19 41 30 30 18 18 
7 36 15 36 15 29 7 29 
11 32 15 36 27 24 23 20 
11 41 18 41 18 32 11 32 
12 25 17 30 27 20 22 15 
12 26 15 29 19 25 16 22 
14 37 15 38 16 37 15 36 
14 39 16 39 16 37 14 37 
15 18 18 18 18 16 15 16 
15 40 16 39 15 38 14 39 
15 42 15 45 16 45 16 42 
16 34 17 35 19 33 18 32 
16 46 20 42 19 41 15 45 
18 19 28 19 28 18 18 18 
18 27 23 32 26 29 21 24 
19 26 19 25 12 25 12 26 
19 28 19 33 24 33 24 28 
19 42 23 38 22 37 18 41 
20 17 20 24 21 24 21 17 
20 41 19 41 19 42 20 42 
21 27 23 27 23 25 21 25 
21 29 23 27 21 25 19 27 
22 27 18 31 24 37 28 33 
22 38 15 38 15 40 22 40 
22 44 23 44 23 40 22 40 
22 48 25 45 19 39 16 42 
23 21 27 21 27 20 23 20 
23 41 26 38 25 37 22 40 
24 30 31 37 32 36 25 29 
24 43 25 43 25 37 24 37 
25 28 25 29 26 29 26 28 
25 46 25 45 16 45 16 46 
26 32 23 32 23 38 26 38 
26 45 24 43 23 44 25 46 
27 23 32 23 32 21 27 21 
27 38 26 38 26 44 27 44 
28 24 28 33 32 33 32 24 
29 34 29 22 16 22 16 34 
29 38 34 38 34 34 29 34 
29 44 33 44 33 39 29 39 
30 24 27 21 23 25 26 28 
30 32 36 38 40 34 34 28 
30 40 29 39 25 43 26 44 
31 32 31 30 30 30 30 32 
31 34 27 38 32 43 36 39 
31 40 31 37 30 37 30 40 
31 44 32 45 33 44 32 43 
32 38 33 39 34 38 33 37 
32 39 30 37 29 38 31 40 
33 12 30 15 41 26 44 23 
33 36 33 37 39 37 39 36 
34 24 36 24 36 20 34 20 
34 26 34 28 41 28 41 26 
34 29 31 32 32 33 35 30 
34 40 38 44 39 43 35 39 
35 12 28 19 32 23 39 16 
35 23 36 24 44 16 43 15 
35 38 35 39 36 39 36 38 
36 30 35 30 35 33 36 33 
36 34 40 34 40 33 36 33 
36 40 43 40 43 39 36 39 
37 20 42 20 42 19 37 19 
37 24 41 28 44 25 40 21 
37 27 37 32 44 32 44 27 
38 42 38 44 40 44 40 42 
39 18 44 18 44 16 39 16 
39 34 37 32 36 33 38 35 
39 38 40 38 40 37 39 37 
39 45 39 43 32 43 32 45 
40 22 41 23 43 21 42 20 
40 30 44 26 41 23 37 27 
41 12 35 12 35 23 41 23 
41 43 44 40 43 39 40 42 
42 34 44 32 36 24 34 26 
42 35 41 35 41 43 42 43 
42 36 41 35 39 37 40 38 
42 41 43 40 40 37 39 38 
43 22 43 21 40 21 40 22 
43 30 40 33 42 35 45 32 
44 24 44 23 41 23 41 24 
44 34 45 34 45 32 44 32 
45 18 44 18 44 21 45 21 
45 24 44 24 44 25 45 25 
46 20 44 18 43 19 45 21 
54 25 41 12 32 21 45 34 
12 21 15 24 18 21 15 18 
15 19 20 24 23 21 18 16 
15 21 18 21 18 19 15 19 
29 17 28 18 34 24 35 23 
32 25 37 20 34 17 29 22 
34 41 36 41 36 40 34 40 
35 35 36 34 35 33 34 34 
39 23 40 22 37 19 36 20 
12 24 15 24 15 21 12 21 
25 34 33 26 32 25 24 33 
32 35 35 35 35 33 32 33 
17 36 32 36 32 35 17 35 
