226
11 29 15 33 23 25 19 21 
11 38 16 38 16 29 11 29 
12 20 15 23 19 19 16 16 
12 28 17 28 17 20 12 20 
12 37 11 38 16 43 17 42 
13 23 16 26 18 24 15 21 
13 26 15 26 15 23 13 23 
14 36 16 38 19 35 17 33 
15 27 16 27 16 26 15 26 
15 28 16 29 17 28 16 27 
15 29 22 36 25 33 18 26 
15 30 15 31 25 31 25 30 
15 35 17 35 17 33 15 33 
15 43 16 43 16 39 15 39 
15 44 16 45 17 44 16 43 
16 15 15 16 17 18 18 17 
16 21 16 18 15 18 15 21 
16 24 18 24 18 21 16 21 
16 40 17 39 16 38 15 39 
17 16 17 15 16 15 16 16 
17 22 18 21 17 20 16 21 
17 29 20 32 26 26 23 23 
17 40 17 42 18 42 18 40 
17 41 18 42 19 41 18 40 
18 25 23 25 23 24 18 24 
18 31 19 32 25 26 24 25 
19 18 23 18 23 16 19 16 
19 20 19 21 27 21 27 20 
19 24 18 25 20 27 21 26 
19 27 19 32 20 32 20 27 
19 36 22 36 22 35 19 35 
19 38 20 39 23 36 22 35 
19 43 16 43 16 45 19 45 
19 44 20 45 23 42 22 41 
20 12 17 15 21 19 24 16 
20 15 18 15 18 17 20 17 
20 22 20 23 22 23 22 22 
20 37 20 39 21 39 21 37 
20 40 21 41 22 40 21 39 
21 16 20 15 19 16 20 17 
21 27 21 32 23 32 23 27 
21 33 21 32 20 32 20 33 
21 40 21 41 22 41 22 40 
22 19 27 24 28 23 23 18 
22 20 24 22 27 19 25 17 
22 28 25 31 26 30 23 27 
22 29 22 28 17 28 17 29 
22 38 23 38 23 36 22 36 
22 42 21 41 19 43 20 44 
23 37 22 38 23 39 24 38 
23 40 23 42 24 42 24 40 
23 44 24 45 25 44 24 43 
23 45 23 44 20 44 20 45 
24 15 24 16 29 16 29 15 
24 23 28 23 28 22 24 22 
24 24 24 25 26 25 26 24 
24 29 25 30 27 28 26 27 
24 31 26 33 27 32 25 30 
24 39 24 38 23 38 23 39 
24 41 25 40 24 39 23 40 
24 44 25 44 25 43 24 43 
25 23 26 24 28 22 27 21 
25 27 26 27 26 26 25 26 
25 32 25 33 26 33 26 32 
25 34 26 35 27 34 26 33 
25 36 25 39 28 39 28 36 
25 38 27 40 28 39 26 37 
25 41 27 41 27 40 25 40 
25 45 26 44 25 43 24 44 
26 19 23 16 19 20 22 23 
26 40 29 37 28 36 25 39 
26 42 27 41 26 40 25 41 
26 45 26 44 25 44 25 45 
27 26 28 26 28 24 27 24 
27 29 29 31 33 27 31 25 
27 30 27 31 29 31 29 30 
27 44 30 44 30 41 27 41 
28 19 27 20 30 23 31 22 
28 25 27 24 26 25 27 26 
28 28 28 29 29 29 29 28 
28 31 29 32 30 31 29 30 
28 32 31 35 32 34 29 31 
28 33 26 33 26 35 28 35 
28 41 29 42 30 41 29 40 
29 17 35 23 36 22 30 16 
29 34 28 35 30 37 31 36 
29 35 31 35 31 34 29 34 
29 38 30 38 30 37 29 37 
29 43 29 42 26 42 26 43 
29 46 31 44 29 42 27 44 
30 17 30 16 29 16 29 17 
30 21 29 21 29 23 30 23 
30 25 31 25 31 23 30 23 
30 28 29 29 36 36 37 35 
30 32 35 32 35 31 30 31 
30 39 33 42 34 41 31 38 
30 45 31 45 31 44 30 44 
31 16 30 15 29 16 30 17 
31 17 37 17 37 16 31 16 
31 19 31 17 30 17 30 19 
31 21 34 21 34 19 31 19 
31 24 30 23 29 24 30 25 
31 26 34 29 35 28 32 25 
31 28 30 27 29 28 30 29 
31 29 31 28 30 28 30 29 
31 39 31 38 30 38 30 39 
31 41 29 43 30 44 32 42 
32 26 32 25 31 25 31 26 
32 28 35 28 35 26 32 26 
32 36 32 35 31 35 31 36 
32 40 35 43 37 41 34 38 
33 34 32 33 31 34 32 35 
33 37 32 36 30 38 31 39 
33 40 32 40 32 42 33 42 
34 16 36 18 37 17 35 15 
34 22 36 22 36 21 34 21 
34 23 35 24 37 22 36 21 
34 25 35 25 35 24 34 24 
34 30 35 30 35 29 34 29 
34 31 35 30 34 29 33 30 
34 34 34 38 35 38 35 34 
34 39 31 39 31 41 34 41 
34 44 32 44 32 45 34 45 
35 18 36 19 38 17 37 16 
35 19 36 19 36 18 35 18 
35 39 38 39 38 38 35 38 
35 41 35 43 37 43 37 41 
35 44 33 42 32 43 34 45 
36 25 35 24 34 25 35 26 
36 28 40 32 41 31 37 27 
36 30 35 29 34 30 35 31 
36 33 37 34 39 32 38 31 
37 19 37 22 38 22 38 19 
37 23 37 24 38 24 38 23 
37 25 37 27 39 27 39 25 
37 30 37 28 36 28 36 30 
37 36 39 36 39 35 37 35 
37 40 38 41 39 40 38 39 
38 27 39 28 41 26 40 25 
38 29 38 31 40 31 40 29 
38 37 41 40 42 39 39 36 
38 40 41 43 42 42 39 39 
39 13 37 15 40 18 42 16 
39 17 39 15 38 15 38 17 
39 20 40 20 40 18 39 18 
39 21 37 19 36 20 38 22 
39 22 41 22 41 21 39 21 
39 30 40 29 39 28 38 29 
39 33 40 33 40 32 39 32 
39 38 39 39 42 39 42 38 
39 41 39 40 38 40 38 41 
39 42 41 44 42 43 40 41 
39 43 38 42 37 43 38 44 
39 44 39 43 38 43 38 44 
40 19 42 17 41 16 39 18 
40 21 41 22 42 21 41 20 
40 24 39 23 38 24 39 25 
40 28 41 28 41 26 40 26 
40 34 40 36 43 36 43 34 
40 42 40 41 39 41 39 42 
40 43 40 44 41 44 41 43 
41 17 42 17 42 16 41 16 
41 25 41 24 40 24 40 25 
41 27 40 26 39 27 40 28 
41 30 40 31 43 34 44 33 
41 33 44 33 44 31 41 31 
41 35 40 34 39 35 40 36 
41 42 42 42 42 40 41 40 
42 19 42 21 45 21 45 19 
42 23 41 24 43 26 44 25 
42 26 43 25 42 24 41 25 
42 27 41 28 42 29 43 28 
42 28 43 28 43 27 42 27 
42 44 43 44 43 43 42 43 
43 17 40 20 41 21 44 18 
43 18 43 25 44 25 44 18 
43 45 44 44 43 43 42 44 
44 38 43 38 43 41 44 41 
44 43 45 43 45 41 44 41 
44 45 44 44 43 44 43 45 
45 23 42 23 42 24 45 24 
45 29 42 29 42 30 45 30 
45 39 44 38 42 40 43 41 
45 44 44 43 43 44 44 45 
46 17 44 15 43 16 45 18 
13 29 15 31 17 29 15 27 
14 42 15 43 17 41 16 40 
17 19 19 19 19 18 17 18 
17 32 18 31 16 29 15 30 
17 43 18 44 19 43 18 42 
18 36 18 38 19 38 19 36 
18 37 16 39 17 40 19 38 
20 14 16 18 17 19 21 15 
21 20 22 19 20 17 19 18 
21 34 25 34 25 33 21 33 
22 33 21 32 20 33 21 34 
23 41 24 42 25 41 24 40 
25 42 26 43 28 41 27 40 
26 29 27 29 27 28 26 28 
27 33 28 32 27 31 26 32 
30 26 30 27 31 27 31 26 
32 22 35 19 34 18 31 21 
32 24 33 23 32 22 31 23 
33 22 33 23 34 23 34 22 
33 33 32 33 32 34 33 34 
33 36 35 38 37 36 35 34 
34 17 33 18 34 19 35 18 
34 46 37 43 35 41 32 44 
36 26 37 25 36 24 35 25 
36 29 37 30 38 29 37 28 
36 37 37 37 37 36 36 36 
36 41 37 40 35 38 34 39 
37 42 38 43 39 42 38 41 
38 21 39 22 40 21 39 20 
38 45 39 44 38 43 37 44 
38 46 38 45 34 45 34 46 
41 45 42 44 41 43 40 44 
42 25 42 26 43 26 43 25 
42 45 42 44 41 44 41 45 
44 30 45 29 43 27 42 28 
46 16 43 16 43 17 46 17 
31 18 30 19 33 22 34 21 
32 23 33 24 34 23 33 22 
32 37 33 37 33 36 32 36 
37 47 38 46 35 43 34 44 
35 47 37 47 37 44 35 44 
