167
13 19 15 21 17 19 15 17 
13 20 15 20 15 19 13 19 
15 16 15 17 16 17 16 16 
15 27 23 35 25 33 17 25 
15 40 16 41 18 39 17 38 
15 43 15 45 16 45 16 43 
16 18 20 18 20 17 16 17 
16 28 16 32 17 32 17 28 
16 33 18 35 19 34 17 32 
16 37 16 38 17 38 17 37 
17 14 15 16 16 17 18 15 
17 15 17 19 18 19 18 15 
17 18 18 19 20 17 19 16 
17 21 21 25 22 24 18 20 
17 22 17 25 21 25 21 22 
17 34 19 34 19 32 17 32 
18 25 21 22 18 19 15 22 
18 27 19 28 24 23 23 22 
18 29 18 27 15 27 15 29 
18 30 18 31 21 31 21 30 
18 37 18 39 21 39 21 37 
18 38 17 37 16 38 17 39 
18 43 19 44 20 43 19 42 
19 19 20 18 17 15 16 16 
19 20 19 19 18 19 18 20 
19 22 18 21 17 22 18 23 
19 24 19 28 22 28 22 24 
19 43 19 44 20 44 20 43 
20 20 22 20 22 18 20 18 
20 29 18 31 19 32 21 30 
20 35 22 35 22 29 20 29 
20 37 23 40 24 39 21 36 
20 38 21 39 22 38 21 37 
21 15 19 15 19 16 21 16 
21 19 22 20 23 19 22 18 
21 28 22 29 25 26 24 25 
21 32 21 36 30 36 30 32 
21 40 21 45 23 45 23 40 
22 44 29 44 29 43 22 43 
22 46 23 45 22 44 21 45 
23 14 21 16 22 17 24 15 
23 16 21 16 21 19 23 19 
23 38 23 35 22 35 22 38 
23 39 19 43 20 44 24 40 
24 12 21 15 24 18 27 15 
24 20 24 21 27 21 27 20 
24 26 22 28 28 34 30 32 
24 30 25 30 25 26 24 26 
24 38 23 38 23 39 24 39 
25 22 27 20 26 19 24 21 
25 23 30 28 32 26 27 21 
25 25 28 28 30 26 27 23 
25 34 28 34 28 33 25 33 
25 36 28 39 31 36 28 33 
25 39 25 45 26 45 26 39 
26 12 24 12 24 15 26 15 
26 18 26 19 27 19 27 18 
26 41 29 44 31 42 28 39 
27 22 25 22 25 23 27 23 
27 26 21 32 23 34 29 28 
27 32 29 30 27 28 25 30 
27 35 29 37 30 36 28 34 
28 22 28 28 29 28 29 22 
29 14 28 15 32 19 33 18 
29 17 27 19 28 20 30 18 
29 19 31 19 31 17 29 17 
29 29 29 30 34 30 34 29 
29 33 29 37 34 37 34 33 
29 39 29 37 28 37 28 39 
29 48 35 42 32 39 26 45 
30 16 30 18 33 18 33 16 
30 23 27 23 27 26 30 26 
30 31 33 31 33 28 30 28 
30 38 37 45 39 43 32 36 
30 44 36 38 35 37 29 43 
30 48 30 44 29 44 29 48 
31 20 31 22 34 22 34 20 
31 23 31 24 32 24 32 23 
31 32 34 29 33 28 30 31 
31 34 32 34 32 32 31 32 
31 38 31 36 30 36 30 38 
31 41 31 42 35 42 35 41 
32 18 31 19 33 21 34 20 
32 33 31 34 34 37 35 36 
33 19 36 19 36 18 33 18 
33 24 32 23 31 24 32 25 
33 25 34 25 34 24 33 24 
33 26 33 25 32 25 32 26 
33 46 35 44 28 37 26 39 
34 17 36 19 38 17 36 15 
34 26 35 25 34 24 33 25 
34 27 35 26 34 25 33 26 
34 39 36 41 40 37 38 35 
35 23 35 22 34 22 34 23 
35 27 35 26 34 26 34 27 
35 29 38 29 38 27 35 27 
35 30 36 31 38 29 37 28 
35 32 36 33 37 32 36 31 
35 34 32 34 32 36 35 36 
35 35 36 34 33 31 32 32 
35 39 35 37 34 37 34 39 
36 23 38 25 42 21 40 19 
36 24 41 19 40 18 35 23 
36 28 35 27 34 28 35 29 
36 42 35 41 33 43 34 44 
36 44 36 42 35 42 35 44 
37 24 37 26 40 26 40 24 
37 29 32 34 33 35 38 30 
37 30 35 30 35 32 37 32 
37 34 39 34 39 32 37 32 
37 38 37 34 36 34 36 38 
37 44 37 45 40 45 40 44 
38 19 40 19 40 18 38 18 
38 21 38 25 41 25 41 21 
38 32 40 34 42 32 40 30 
39 20 43 20 43 15 39 15 
39 25 40 26 41 25 40 24 
39 26 38 27 39 28 40 27 
39 27 41 29 42 28 40 26 
39 29 38 29 38 30 39 30 
39 36 39 43 43 43 43 36 
39 46 39 43 33 43 33 46 
40 28 40 27 39 27 39 28 
40 29 40 30 41 30 41 29 
40 31 41 30 40 29 39 30 
40 33 41 32 40 31 39 32 
40 40 40 37 38 37 38 40 
41 16 41 19 42 19 42 16 
41 28 43 30 45 28 43 26 
41 31 43 31 43 30 41 30 
41 34 42 34 42 32 41 32 
42 25 42 28 45 28 45 25 
42 30 43 31 44 30 43 29 
42 41 38 37 37 38 41 42 
42 42 40 44 41 45 43 43 
42 45 42 42 41 42 41 45 
43 21 45 21 45 20 43 20 
43 24 43 21 42 21 42 24 
44 38 40 34 38 36 42 40 
45 35 43 33 42 34 44 36 
14 19 15 20 17 18 16 17 
14 43 16 45 18 43 16 41 
16 27 17 28 18 27 17 26 
17 20 17 21 18 21 18 20 
17 43 18 43 18 39 17 39 
20 46 22 46 22 44 20 44 
24 37 25 36 23 34 22 35 
25 21 27 19 26 18 24 20 
28 38 29 39 30 38 29 37 
30 21 29 22 30 23 31 22 
32 21 33 21 33 19 32 19 
32 44 34 44 34 39 32 39 
33 20 32 19 31 20 32 21 
34 16 34 17 38 17 38 16 
35 24 36 24 36 23 35 23 
36 14 34 16 36 18 38 16 
36 26 36 28 37 28 37 26 
36 35 37 34 36 33 35 34 
37 33 38 32 35 29 34 30 
38 43 37 44 39 46 40 45 
39 31 40 31 40 30 39 30 
40 35 41 34 40 33 39 34 
40 41 42 41 42 40 40 40 
41 35 41 34 40 34 40 35 
45 37 45 35 41 35 41 37 
18 48 20 46 17 43 15 45 
29 15 36 15 36 14 29 14 
