31 289
15 10
19 7
10 15
7 21
21 10
14 9
8 19
11 23
8 10
23 9
9 8
21 23
8 23
13 15
22 23
12 21
22 14
11 16
22 16
11 17
20 20
8 12
14 16
11 9
12 13
19 22
15 20
19 13
17 17
15 17
15 12
10 17
19 23
19 15
18 18
21 20
13 23
11 15
11 11
20 22
7 17
18 12
17 11
18 13
17 19
9 10
20 9
17 16
10 19
7 15
23 16
14 14
14 13
9 22
7 11
23 15
10 10
9 17
21 16
23 17
9 12
13 17
12 7
11 20
8 14
19 12
23 18
7 22
13 19
7 20
11 21
15 7
16 17
20 12
21 15
17 23
10 9
9 16
18 16
17 18
8 13
17 12
12 20
14 20
8 16
12 23
22 19
20 21
9 14
19 21
21 7
10 23
11 19
9 15
23 14
13 22
20 16
14 11
16 7
16 19
10 13
9 20
16 23
12 17
15 23
15 15
8 17
18 14
16 9
7 18
21 22
20 14
22 21
16 18
15 18
8 20
18 17
22 17
20 7
20 17
9 19
11 12
22 7
10 20
13 8
13 12
15 21
18 22
12 14
14 19
7 9
13 16
16 12
15 14
11 7
19 10
22 15
12 22
12 15
22 12
19 20
9 23
22 11
21 17
7 12
8 18
10 7
23 7
12 9
17 22
23 8
19 17
12 12
7 19
11 22
16 16
12 8
8 9
7 7
21 9
18 23
7 14
23 11
14 17
16 21
23 23
9 11
12 18
18 11
21 11
10 18
21 14
17 7
20 11
11 18
14 10
16 10
17 14
23 21
7 16
18 7
19 16
10 21
11 8
18 15
10 16
21 18
22 18
15 8
16 8
13 9
18 20
19 18
18 10
23 13
19 9
20 13
9 9
11 13
10 12
20 23
8 7
9 13
12 10
8 21
20 8
10 11
18 19
7 13
7 23
13 21
18 8
13 14
12 19
20 15
13 11
16 14
14 18
20 18
11 14
17 9
14 22
17 8
15 16
15 9
8 15
16 20
9 21
13 7
22 10
17 10
9 18
17 13
23 19
13 13
15 19
23 10
7 10
22 20
14 21
20 19
22 8
21 21
16 13
22 9
14 23
15 13
20 10
23 22
22 22
13 10
21 13
12 16
14 7
19 11
8 8
13 18
12 11
14 12
17 20
15 22
18 9
10 14
21 8
10 8
18 21
21 12
17 21
8 11
21 19
14 15
23 20
10 22
19 8
14 8
15 11
8 22
7 8
23 12
16 11
19 14
19 19
11 10
13 20
9 7
17 15
16 22
22 13
16 15
