31 97
7 8
7 11
7 14
7 16
7 19
7 22
8 7
8 10
8 13
8 17
8 20
8 23
9 9
9 12
9 15
9 18
9 21
10 8
10 11
10 14
10 16
10 19
10 22
11 7
11 10
11 13
11 17
11 20
11 23
12 9
12 12
12 15
12 18
12 21
13 8
13 11
13 14
13 16
13 19
13 22
14 7
14 10
14 13
14 17
14 20
14 23
15 9
15 12
15 15
15 18
15 21
16 7
16 10
16 13
16 17
16 20
16 23
17 8
17 11
17 14
17 16
17 19
17 22
18 9
18 12
18 15
18 18
18 21
19 7
19 10
19 13
19 17
19 20
19 23
20 8
20 11
20 14
20 16
20 19
20 22
21 9
21 12
21 15
21 18
21 21
22 7
22 10
22 13
22 17
22 20
22 23
23 8
23 11
23 14
23 16
23 19
23 22
