31 145
7 7
7 10
7 11
7 14
7 15
7 18
7 19
7 22
7 23
8 8
8 9
8 12
8 13
8 16
8 17
8 20
8 21
9 8
9 9
9 12
9 13
9 16
9 17
9 20
9 21
10 7
10 10
10 11
10 14
10 15
10 18
10 19
10 22
10 23
11 7
11 10
11 11
11 14
11 15
11 18
11 19
11 22
11 23
12 8
12 9
12 12
12 13
12 16
12 17
12 20
12 21
13 8
13 9
13 12
13 13
13 16
13 17
13 20
13 21
14 7
14 10
14 11
14 14
14 15
14 18
14 19
14 22
14 23
15 7
15 10
15 11
15 14
15 15
15 18
15 19
15 22
15 23
16 8
16 9
16 12
16 13
16 16
16 17
16 20
16 21
17 8
17 9
17 12
17 13
17 16
17 17
17 20
17 21
18 7
18 10
18 11
18 14
18 15
18 18
18 19
18 22
18 23
19 7
19 10
19 11
19 14
19 15
19 18
19 19
19 22
19 23
20 8
20 9
20 12
20 13
20 16
20 17
20 20
20 21
21 8
21 9
21 12
21 13
21 16
21 17
21 20
21 21
22 7
22 10
22 11
22 14
22 15
22 18
22 19
22 22
22 23
23 7
23 10
23 11
23 14
23 15
23 18
23 19
23 22
23 23
