31 145
7 7
7 9
7 11
7 13
7 15
7 17
7 19
7 21
7 23
8 8
8 10
8 12
8 14
8 16
8 18
8 20
8 22
9 7
9 9
9 11
9 13
9 15
9 17
9 19
9 21
9 23
10 8
10 10
10 12
10 14
10 16
10 18
10 20
10 22
11 7
11 9
11 11
11 13
11 15
11 17
11 19
11 21
11 23
12 8
12 10
12 12
12 14
12 16
12 18
12 20
12 22
13 7
13 9
13 11
13 13
13 15
13 17
13 19
13 21
13 23
14 8
14 10
14 12
14 14
14 16
14 18
14 20
14 22
15 7
15 9
15 11
15 13
15 15
15 17
15 19
15 21
15 23
16 8
16 10
16 12
16 14
16 16
16 18
16 20
16 22
17 7
17 9
17 11
17 13
17 15
17 17
17 19
17 21
17 23
18 8
18 10
18 12
18 14
18 16
18 18
18 20
18 22
19 7
19 9
19 11
19 13
19 15
19 17
19 19
19 21
19 23
20 8
20 10
20 12
20 14
20 16
20 18
20 20
20 22
21 7
21 9
21 11
21 13
21 15
21 17
21 19
21 21
21 23
22 8
22 10
22 12
22 14
22 16
22 18
22 20
22 22
23 7
23 9
23 11
23 13
23 15
23 17
23 19
23 21
23 23
