51 127
14 15
22 20
19 13
38 19
21 30
32 32
26 34
37 35
20 34
38 25
18 36
26 32
34 22
19 16
30 38
33 25
25 35
17 12
34 14
29 21
14 29
14 31
13 29
27 34
26 18
28 17
12 30
34 12
31 15
14 28
36 29
33 24
22 16
30 26
23 15
24 35
12 31
17 15
16 33
20 13
15 32
19 33
35 17
30 30
15 12
30 25
27 15
33 34
19 19
29 22
37 34
23 21
22 34
31 19
14 27
15 31
33 23
38 33
16 34
21 23
34 27
23 27
18 32
33 29
14 18
34 28
14 19
17 35
35 31
33 36
20 26
38 37
38 30
28 25
14 17
26 27
12 26
12 20
28 24
31 33
12 29
31 35
32 38
27 17
22 35
23 23
21 37
38 27
18 27
16 29
27 13
21 29
35 36
36 19
34 26
35 18
12 21
14 37
27 24
16 15
17 13
27 31
15 30
23 30
17 33
32 27
26 23
19 24
15 16
22 22
33 17
21 25
35 19
23 17
21 14
12 34
26 30
34 25
37 29
15 37
22 21
12 23
18 21
20 29
32 13
36 21
17 31
