51 154
32 12
16 38
19 23
27 12
32 29
20 14
35 34
38 12
27 35
30 27
18 31
21 20
20 38
17 17
14 36
37 31
19 14
25 34
31 24
19 15
36 38
25 19
31 15
13 19
30 26
23 23
25 37
15 14
35 38
37 32
18 16
24 27
14 30
13 18
35 15
37 36
35 27
22 15
30 36
26 24
16 36
19 17
29 36
28 36
18 28
34 21
28 16
12 14
28 33
30 31
12 17
14 21
17 38
18 26
37 24
15 35
28 12
22 17
12 34
32 19
13 25
18 20
17 20
35 28
15 26
28 27
22 22
29 29
30 16
14 37
32 22
16 30
29 25
23 20
17 25
24 33
22 28
15 30
28 32
32 20
31 23
19 21
22 34
30 12
12 19
21 19
34 26
21 24
24 26
33 12
25 23
34 16
17 19
21 14
18 38
16 17
20 30
19 36
22 26
38 15
23 29
12 38
17 26
35 31
17 15
33 38
27 22
17 22
38 28
13 17
15 27
33 34
13 36
38 17
12 37
12 12
30 13
16 27
22 29
38 36
32 37
26 35
23 24
26 20
23 13
15 28
15 22
12 36
29 33
35 36
15 18
32 27
28 17
23 37
21 36
17 33
24 12
15 15
32 26
27 31
34 33
27 23
38 32
21 34
25 16
13 24
15 38
16 37
17 30
20 35
15 23
14 28
21 33
20 12
