51 128
31 34
35 31
15 28
13 38
18 36
31 16
31 23
31 29
15 15
38 20
37 27
32 28
37 37
27 25
27 31
19 17
14 26
34 12
15 24
16 16
24 22
32 36
36 32
17 28
35 26
17 16
16 19
22 18
38 13
23 36
25 34
36 28
38 23
13 35
26 32
15 36
24 35
24 33
18 20
28 35
36 20
18 27
29 13
23 37
27 21
15 19
30 36
19 16
36 12
36 16
27 23
35 15
34 23
34 16
32 31
21 21
35 28
13 24
26 23
23 30
33 37
32 21
20 37
19 14
14 20
28 24
16 38
37 29
15 18
38 37
20 32
12 17
29 37
38 19
12 34
12 29
33 24
29 16
14 30
30 29
18 16
20 13
31 14
23 23
12 31
29 27
28 21
28 18
33 20
28 37
18 32
37 30
24 38
26 12
31 20
32 38
26 24
31 33
27 26
19 35
31 38
12 25
23 21
25 12
13 27
24 27
36 29
13 23
21 37
13 13
34 13
29 15
25 29
32 34
37 20
38 17
18 38
27 29
24 12
15 25
34 18
31 26
33 22
16 14
38 38
14 21
16 26
31 18
