51 159
35 14
17 27
19 12
17 19
19 35
35 32
28 29
12 15
17 12
23 24
23 31
30 28
15 24
37 13
12 19
34 18
21 30
26 38
14 22
35 35
29 13
20 18
26 36
38 37
25 38
22 38
21 38
37 37
24 30
37 21
33 17
36 13
32 26
27 36
15 19
25 30
21 33
15 16
22 24
24 20
26 15
13 23
32 21
21 24
27 29
37 18
28 13
25 14
34 34
27 14
34 14
14 23
31 27
37 31
23 22
33 19
15 17
15 37
32 30
37 25
36 23
36 20
37 27
32 32
36 12
22 35
20 19
23 25
30 31
14 38
16 30
23 37
12 35
34 35
37 38
24 26
18 37
28 28
22 28
16 24
23 28
38 14
16 23
26 14
28 20
20 26
15 26
27 18
19 22
22 34
38 38
14 33
20 32
30 24
13 24
16 25
19 37
17 18
22 37
33 12
25 20
21 17
30 22
35 21
12 18
16 22
19 27
13 36
26 18
20 33
37 30
12 26
35 36
20 23
38 32
14 27
17 32
17 25
21 15
15 22
26 23
27 12
22 18
36 17
17 34
29 37
25 36
30 37
33 25
12 21
15 28
20 35
23 26
38 19
31 36
26 19
27 31
35 29
37 14
15 14
28 22
29 21
29 18
33 37
37 17
33 18
24 14
30 34
25 22
17 30
29 14
35 15
37 23
33 31
31 28
36 35
24 25
21 36
34 17
