22 3
0302202123102101230202
3213012012113230300030
2022320100210030023001
2013030110032213003033
0020030221211020003310
1100013000001030031330
2200020022223020320000
3130313031010020013331
0123330033120013001131
1300033013302033300201
3200000230300031333003
0033213100300223010031
2101223110001211110211
1220101212220002102330
3001212002122330100211
0101300322023030222323
0031200000200013302022
2130021001332210311312
1300202133030123300210
0020010213001111232102
1113100120102023021020
1122303020300030011022
