22 3
3311000130223311301000
1201030000211101202130
0230003331330010223010
2100331000000000330300
2320113003202321121130
1202200000302022211111
0020012100011200022312
0102302031100023302023
0201002102013331311222
3010233100220032300010
2000310033211310013003
0033102210000032012012
0001203301112000300323
1000332103323102201021
3321020200221300231111
0023333321233311210012
2202303102320133200002
0201000002003012131303
0102123312020002032100
2330333310011120232233
0000020200003230210223
1320310131101001203211
