22 3
0330002122300001201102
3331330310102210300010
0003213131020122010320
1031103302100013221010
2301330101012120313321
0322332100221010003002
1113302200333000223300
0002110130002020332100
2331000320213001230031
2102212312011230023002
2033301332220100200003
2130303010130122311202
1030032110002011003122
0013021220202033100200
1221013213001031030302
2211013200102130300010
0003030000031123022211
2000332110102230210000
0302001210203302210313
2201030001001002100131
0202132033020201300203
1113333032321303032020
