22 3
0221021301033002212003
3301020220020200011002
2302003021033021120012
0320200000220033313001
1011303003022230200333
2332031201213123210030
1332101332010230000001
2130321001310300303200
1010102210201303023102
0212010310310020003203
0302131100031210002230
1200003002301001302013
2000310213010023030023
3023301100123100113120
0310102033310002111033
3022222200210211102000
3000310021300233031012
0300203103203112101300
2310131102300032021213
0012023011130222132303
3313110003302100111202
0212302222210300102130
