22 3
0300001100020001323002
3101310022003001200000
1230230100000302223330
0311212001300100000300
1201103123200200332033
3200233132213010321202
0331020211013123303033
0100200020201321133102
0100100332033012233132
1132021230113022131003
1003320321020133002233
2023111300002310033202
3033001010112020300020
1223132001030220100303
3201303010032000132210
0313133220010120032222
0001332323111010021220
1021000120202000230313
1111313222011001001101
3002001323100130131000
2110122312200032003200
2000020021311030222120
