22 3
1201022133033002203203
3331011001000003032310
2000233131230100101231
2233000100103202221133
0311303002310010321122
0230010000233012000321
1320001103233101130313
0003033120133010313012
3321103010202022120010
0101020010202201100001
0022303030002012310322
0200322322023233102312
3110203001322312100000
3020320310210301311031
3000133220120011313000
1032210003302201203200
1000001030010322303220
1300010200221012303031
1303200303221120021300
2000021003312102022023
1001103200013300200100
2212321122031123001201
