22 3
3000303011202000003303
3303133230012302201301
0133202013022231101221
0001013021330032222323
2232120120101320110123
3003101332103313010023
0121000021000122030022
1223012021013321111330
0000100021320031020133
0011030333103330323102
0200030230100110000000
1102022000103200110212
0222020033131300230301
0010030113203001232003
1210013130003220131323
2013001002332002320120
2000032010203320010112
2120232110001222032002
1300011212000012320110
1030011213000330123100
0221013120330322023010
3002302013202010300310
