22 3
2202023123102002311101
0130013120223312300232
1200223202002200300003
2101102322220210322011
0311200120010000101010
0223303223033102010011
3310300020313000000121
1200000200013220010312
0303210230300200030003
0031211201101020033113
0220122032200001120333
3232023300201330032300
3012320332013031002013
0123011232301130000013
3020031212121310220003
1110213010130210031111
3013202000022030021120
3330100130002210030211
0130303002031003132131
0032302133132112220232
2330001331301001000020
0033010002121033012030
