22 3
1311031320010100230200
0130010200220033303223
3301332303033112133312
2003020310032111303002
0122201003300103302321
3030132200301010210002
0002330210020130121212
3002330222000233232210
2210102100320113321022
2113303201203303332032
0300031210002100123002
3032003230311013002311
0020033001010001133310
3111321000031000101330
0211002100303010130203
0120202021013321300220
0203033022303121010030
2123002302000220121111
1010013110201020201000
1301201202133010030210
2022001303302112002112
0210100002202003120200
