22 3
2201012210003001102030
0003211120111221133310
1100211131023001001000
0211331202030003231313
0120333300030011131101
0011100302020033022332
0230132211313131310000
0233222002000300201200
2313002320303203113000
0031023300123010013030
1002200010230203020021
2113222211200001000300
1302120020022303030000
1320211320230000300022
0000102203231020111120
0001001001320032323202
3030313223203133002300
2033311133311020211303
0203213300010202133332
0223200202100000223130
0013123221201211320130
0001200002030132211123
