22 3
0210232231020312001231
0002010303113200320200
2121000310032232300033
1203111300000323302102
0130202021000000300221
2112200020110031320032
2100123012231101133300
0200133133132010213032
0221211201001303033112
2322003032130022310003
0331010030011221221231
2311220002203011111003
0000200022230303030121
0130030122013301000230
3330031010311330212000
1233301200233013001001
0000100000302303022111
3122300302033000320032
0120332303001201021313
1100310020020130221000
3222220030110301030001
1011002101122230002332
