22 3
2021331200332033203213
1020320002030000000101
0301200312230300201030
3013123302021113303003
1300103023311133230002
3202030200103101000311
2112023022201201230130
2300333333030000001202
1221211131033013032020
1330001231223101301102
0131100312231220020120
2000101011201213011103
0320321313013011300011
3010000200020011300311
2221003202011000000302
2132020300300000101220
3000323221221201010202
0030002230001300023010
3322133220203133020011
0300200001322013300330
0112120223300202223002
1101001301212023322101
