22 3
3001022200002131210200
0033032332331032002110
0301020201100100201301
0122101302312000200331
1003232300100032203100
2300000201101213032120
3130100020000233310322
3011123130302323110323
1300030320003002110202
3100000213213321310033
2001200330300210331231
0102211003102120321030
1213100200200203100201
0310003200020100100130
3010213300203222233030
3023013113030011201021
1312032011112023331321
3330300321220102202203
3320103021021222110110
2322100001000020010001
0101330213221000031200
0100322233123123002002
