22 3
0311200323000203003033
0100020331020111301023
3310030213220222100001
1222221130030130223003
2112230022210130001300
1303321300300021110301
0113001100011321113212
1003322033003100200011
2003001220100132200033
1330000000320202000220
0102123022313022001030
0032010001210302200112
3231303022321210022013
1301300011003200102002
2100030001010303231000
1000303213003203221003
0020302200333200222101
2101102231122120112301
0313001013210233010300
0332330031031311223303
2300003322101112301030
2103330001021220121223
