22 3
0231222010330320130203
1030210013110020030022
3002302300333113233212
1011231312003010332130
3203301020303121302323
0320323321101300330000
0102032022120312100231
0130130112101120011322
0030231022202133231310
3131012213021120300000
1322021002010300003220
3322301002021103003233
0113301010000012313300
2302023223020000002102
3013120020200301012132
1213100001301303110020
3202323102012210300003
1001000102021021030120
3302112131120200002200
0031310021000203303001
0110300000120320113202
3200001200020010012130
