22 3
0222003320200121010312
2302022102011113120002
2033001311020230323030
0303000203320121003031
0010303302032032033010
0200320003310300031313
0001000003013203001322
1323121011131002213000
2110313111310002221001
0333213313212100001320
0002221011301002300213
2220131031330101011322
2032300300103113030312
0200001310001031111023
3001001030310211002303
2321231222302010010021
0121020030300020201003
1200212103013210032300
0232103132003220000030
0001021303203202021120
0020220013023302232300
3201111133012200230222
