22 3
1203003132003220131000
2011210012000230000002
2210033031010030323032
0002200103120230032200
2130130011223310323002
1000022212210032102330
0012030002020022011210
1120200200133301113031
0020002012302200200111
0330200002211200000003
3001202123023230200201
1120330021120230121010
0013033301210100311320
2311010000332003012331
1103310203333021011133
0201133202200122201303
3021313330000130300222
3130220132012213303030
0013120300133202223000
2031302313330103022032
0203103210002121100332
1100000000311113311111
