22 3
2123023222230201300200
2201103023332102001022
3030221023110033031000
0120203231302103230200
2201201313030000032111
3023202031222002031032
2322203303300002310110
0220010223111303003100
1200321202000231003123
0010330120033303030310
2010021332203302332203
0013322333112000000103
0020100000111232011100
3000321003130000101100
2132230001003120332111
0302003301323201111020
2031201311300222130120
3220101130211023332021
3000031020122310201010
0101003101013030320010
1210130100001310000321
3002003010001121130222
