22 3
3310300220022003231103
3002121122032002011102
0010212221011000023011
0032103030122032022100
1130000110223203311300
0023330232010200333300
1030203300002200303200
3032000332111232030203
2000100133102210303020
0301333200310221211321
2130120022103221322122
0322021231003102330300
1010020320120313313211
2133210113003030000200
1200300020200211010011
3213002000021033003201
1212133230123010110010
0300000301121032101133
2103013211320100020203
0011202103220010003003
3031110230321033301002
0310212000030100133202
