57 94
18 30
42 18
15 32
15 22
20 30
42 41
30 19
25 29
36 31
25 41
39 38
27 27
37 15
31 31
19 24
30 25
28 32
35 29
31 25
41 18
20 22
26 38
23 30
18 28
35 25
35 28
41 38
35 14
21 35
24 21
35 33
22 38
30 36
41 32
40 37
29 31
26 34
20 37
15 14
41 42
16 15
41 17
36 19
15 23
32 30
23 26
25 30
38 23
28 19
14 22
15 29
14 24
37 24
23 40
19 18
36 38
39 22
22 27
24 28
40 22
25 38
23 24
32 34
18 38
42 14
25 28
31 18
42 21
34 39
34 23
22 40
30 18
39 14
26 22
37 27
25 35
34 32
23 41
34 20
27 22
34 41
14 32
22 21
16 30
42 35
36 35
31 19
24 18
14 40
26 20
24 39
32 17
37 17
36 32
