57 121
34 40
34 16
16 42
26 38
40 41
18 17
41 41
37 28
22 16
30 40
41 31
24 32
29 27
30 21
40 16
32 20
35 14
31 24
35 32
41 14
20 16
29 24
30 26
30 34
19 29
36 34
32 19
30 37
18 28
17 20
35 35
28 18
22 40
29 26
28 27
37 40
33 33
32 27
27 31
19 39
15 18
28 17
36 16
14 33
28 31
17 33
24 20
22 27
32 38
39 31
20 30
25 38
32 14
36 25
25 15
23 36
27 32
26 19
18 37
15 36
17 39
28 16
31 29
24 35
35 15
25 17
39 16
20 31
17 22
29 37
19 22
38 25
30 19
39 33
25 22
27 33
42 16
42 35
32 21
26 36
34 41
34 35
26 30
25 20
16 25
41 18
19 42
17 35
21 32
28 25
26 34
37 19
38 22
17 17
27 36
36 17
16 28
18 26
27 37
21 29
32 25
14 15
28 28
36 37
14 35
14 42
24 36
22 28
15 15
40 27
37 32
20 34
42 41
26 25
15 26
35 24
22 22
33 34
28 15
32 28
30 42
