57 264
36 26
17 39
27 26
41 39
26 37
21 29
26 32
31 42
31 41
33 23
17 28
33 33
31 21
20 41
32 31
31 39
18 28
29 41
42 36
14 29
39 14
24 15
23 41
14 37
20 26
15 17
41 23
33 41
28 23
15 27
22 20
21 26
40 31
38 31
24 19
31 34
18 19
32 22
15 30
28 40
23 40
37 39
38 41
27 16
25 18
27 38
30 18
23 16
34 16
35 24
21 21
19 39
40 16
23 36
21 32
27 40
40 34
30 33
14 28
37 29
42 18
25 28
24 23
35 38
35 40
39 21
37 25
30 30
31 36
26 41
38 28
21 19
34 18
17 18
17 24
40 18
41 32
24 33
25 21
39 28
25 37
31 26
32 41
27 36
30 17
32 36
25 41
32 17
35 25
17 20
16 25
15 26
30 31
42 26
25 24
31 16
39 15
22 39
38 42
19 20
33 21
19 34
33 19
39 39
41 36
34 33
42 39
37 40
20 20
20 15
34 21
33 26
16 16
28 18
15 16
14 35
30 21
34 35
41 19
14 21
26 26
21 42
32 42
30 36
23 34
38 37
42 17
40 40
16 41
31 33
23 29
37 34
25 34
18 41
31 38
39 32
37 28
16 21
34 19
16 22
19 14
15 23
34 40
42 16
38 27
17 36
33 15
20 23
15 32
37 36
22 23
26 29
14 24
16 19
41 20
18 30
36 39
32 29
27 14
15 25
24 32
40 38
20 31
23 42
35 31
41 15
38 15
33 30
23 33
37 33
21 14
38 34
17 15
26 38
18 24
25 30
36 15
33 29
35 26
16 26
25 42
19 33
41 18
33 36
24 42
16 20
28 41
37 22
30 41
18 31
16 23
31 29
37 15
38 21
41 22
27 27
36 30
37 35
36 32
34 31
33 31
36 40
32 24
22 42
14 30
20 34
24 34
29 25
19 40
33 39
36 16
16 28
17 33
19 19
42 27
15 39
25 29
30 27
19 15
38 19
28 29
42 22
36 33
27 42
29 22
40 24
19 23
22 30
27 41
40 25
38 17
41 29
38 26
35 39
30 38
36 41
41 16
27 34
28 15
33 14
16 39
21 36
33 24
39 20
39 26
42 35
41 17
28 35
34 24
36 18
22 40
32 33
35 35
35 14
18 15
35 34
15 21
37 26
32 26
14 38
16 29
23 32
17 17
37 24
