57 257
30 27
29 30
16 21
16 25
21 28
38 27
35 16
27 29
34 21
33 38
40 31
25 32
23 17
40 20
14 30
28 24
42 27
18 19
41 23
27 23
32 39
30 42
37 32
40 40
24 35
42 39
22 34
20 22
21 14
36 22
36 23
39 18
31 16
17 42
14 29
22 23
30 25
16 38
22 20
35 24
15 34
15 15
39 24
30 16
33 16
28 16
27 22
35 25
33 22
39 27
24 36
35 31
23 38
40 28
20 31
25 23
26 20
34 29
15 20
17 27
27 26
38 39
37 35
37 15
19 21
16 22
32 31
18 31
35 42
34 16
15 16
28 38
26 41
21 31
42 30
28 25
34 38
33 17
22 16
37 40
28 32
28 14
34 33
35 40
22 30
16 42
17 29
34 26
38 31
41 25
14 38
26 35
26 33
29 29
24 16
38 38
37 37
38 17
40 37
19 17
42 35
33 31
28 18
33 24
19 29
31 15
17 24
19 33
21 25
24 28
19 27
39 39
42 26
27 30
19 34
19 30
25 16
37 39
14 16
25 14
22 38
14 17
19 31
29 24
39 38
22 25
20 27
28 42
36 42
38 22
35 28
37 22
37 17
40 23
18 29
40 36
26 31
36 15
22 26
27 34
20 21
36 26
40 25
38 28
30 40
39 42
16 27
37 16
34 28
28 26
38 23
18 25
31 18
14 42
17 19
38 40
40 18
24 24
19 40
33 41
31 30
37 18
42 18
27 36
37 19
16 41
31 25
18 41
36 24
15 21
35 23
41 17
27 24
26 38
29 32
21 29
36 39
20 16
33 37
31 36
33 27
16 24
35 38
27 25
31 24
17 18
17 14
22 31
27 32
31 41
14 18
38 24
25 39
41 31
15 24
38 14
18 27
30 28
31 35
22 39
34 39
25 17
26 29
24 22
14 14
14 32
36 18
34 30
29 33
20 37
23 18
29 22
40 39
37 36
18 21
39 36
37 38
36 35
21 33
31 19
22 27
31 34
41 19
32 35
21 37
19 36
29 38
34 42
41 42
34 22
27 19
31 17
26 26
21 35
22 32
27 16
35 29
29 23
39 19
23 30
31 20
15 23
27 27
35 35
27 41
17 21
29 41
23 35
37 34
30 26
30 19
18 18
32 25
30 35
30 41
38 32
42 42
