57 83
31 39
28 14
33 19
34 33
20 19
41 34
18 33
37 15
23 25
23 23
27 20
40 23
14 20
35 14
19 23
15 21
19 38
36 39
42 23
17 30
34 32
16 17
33 25
31 40
22 20
19 37
17 38
29 40
20 26
23 17
22 40
18 17
42 26
17 35
17 17
24 38
19 31
32 14
24 40
18 41
35 30
35 17
32 19
42 36
22 30
42 38
34 30
30 34
16 15
29 19
32 23
20 39
33 34
40 19
40 34
32 24
37 42
23 24
38 14
19 30
18 24
38 29
42 20
35 19
27 15
15 16
40 36
34 40
40 32
39 18
31 20
17 25
35 27
34 14
25 42
42 30
39 23
16 20
17 36
38 38
29 42
23 26
25 19
