34 2
0000000000022000200000001001000001
0022000100000010010000010002000000
0000000100000120000000000000022202
0002020002200000100000001100000020
0000000000100001200020001000000000
0002002021000001000000220020200001
1020001000000100000000000000020002
0002000002000000000101000000000000
0012101000000000000000000002000000
1100000022000000022100010000000000
0010000000000000020000000000000000
0200000020020000000100000002000001
0000000000000000000022000000020020
2001001001000100000010002002000000
0000002000200002000010000000020202
0010200002000002120000000200000000
0000000000000010000020200000000100
0210000000000000001000000000000100
0000000000001000000011000100200000
0000000000021000000000002000000000
0000000002000000000000000120020000
0100000000100000010001000000201000
0000200000000000000002100000100000
0010010010200000100000020000000002
0102000010002000000100000020100000
0001000201000010001020000010200010
0000022100000010000000000000000012
0000000100002000202020000200000000
1000000010010001000000002000000000
0000000001000120020001200000000000
0000000000010000000002000001100201
0000001200001000100100000002000000
0000100000000000000020000000100110
0020000200020000000010000101100000
