34 2
2000000000100002020000000000000020
0000100000000000020100000000000001
1000100100010110000000101200010000
0021000000000200010100000000021020
0001000000000200110010000001000002
0000000000000000100000200100020200
0000000000010000002000010211000000
0000200000000000001001000000100000
0001200000000000200020020000002000
0000001101000012000000100000000000
0201201210000000000000000021021000
2000000000100000000022020000110001
1200100020001000000000000000000000
2000000020000000000000010000000022
0001000200000002000000000000002000
1021201000000000200100000010000000
0020200200010000000001020000202000
0000000000000000000000000001200002
1002020000000000222000200100000002
0000020000000002000010010002000000
1000000200002000002002010000000012
2201000000000002000100100012000000
0020000000002020100000000020000000
1100000000000010000000000000101100
0202000100000010000012101001000002
0000000000000000200000010000000000
0000000010020002100000010000000020
1000000000000000010022200000010002
0000000000000000000001000000000000
0000200010000000000020000000020000
0000000002000000000000000000000000
0020020000001000012001100220000000
2010000000000002000000011000000000
0000000000000000000000000002001000
