34 2
0200000000100000002000200100002200
0200000000001000001000002000000002
0000000000000000100000000000010000
0000000100000000020000000000000002
2000100010010000102000000020001000
0100000020002000000000000000100200
0100000000120020000000020022000002
0000100000020001000000000200000000
0002000220000000010010200000000000
2200110200000000000000002000000010
0100000000000002000001002000000000
0000001200000000200001200010000020
0000000000000010010001000000220000
0201000000010000000000020000001000
2022020000020000000000002002200000
0200000000000201200000000000000012
1001000100000000000001000000000020
0120000020000100200000000000010000
0020000000000200000000000000000000
0010200000200000000001010000000200
2000100000002000002010200002002000
1000000200000000001102000000000002
0000000012000002000000000000020011
0200020000000000100100101001202010
0001100000020210010000000101001000
0001001000100000000002000020000010
0000000010000000001000000211000000
2100000000200200000200000001010100
2200000000000000000000000000102000
0000220001000000000000002000200000
0000000000100000000001000000002002
0000000010100100100201111010000000
0000001010000000020100000000000010
0010000000000002000001000100100000
