34 2
0000000001000021001000010000002000
0000000010001000010000000200000010
0200000220010000000200000000012020
0000100000000000000200000101000120
0000020000000000010000210020000000
0010000000000000000000000021000000
0102000000000100000000002000000000
0100102020000100000000000000000200
0000010000000002010000000200010000
0012000002000101000000000000020200
0000000101001000001020000000200000
0000020001000020000010010200120000
0000010202200000002001000000000200
0000000010001000010102000000000000
0020120000002000000000000000000000
0200000000000000000000102200000000
0000001020000000001202000000001000
0000000010000200200100001200000000
0000000000001000200020000002000000
0101000020001200000000000100000000
2000002010000011000000200000200000
2000000210002000000110000000000001
2200000000000020100020000000000000
0020002000020010201020001000000000
0000000000022000000020000001000000
0000200000000220000000020000122001
1000100000002010200002000200001000
0100100000200200020020012000000100
0000000001021002000000000020000000
2120021200000000121000000000000001
0000101000100100000010000000000000
0000100000000000000010001100010000
0001000000000000000002100010000000
0000000002020000000000000101000000
