34 2
1000000000000011000000000000000000
0021000200001002000000000000010100
0000012020000000020000011100020002
1100010000000000000100000200000002
0000002000221000000000000001000010
1002000021000000200020200000000000
0000000000000000002100002000020000
0020000000000000000000012000000102
0001000000000000000000001000101002
0000000000000000002000000000001001
2200100020000000000100100000000000
0000000000000210001200020000000011
0110000000011020000000100000000000
0010012002000020000200010102000000
0020000102000000020000000201000002
0000000120000000000000020010000010
0100000011000100000002000002000000
0000000000000002000201100000001010
0000010000100000002001002100000000
1000000000000000000000000000021010
0200000120100000000000000200000000
0002100000000020022000002000000100
0000000000200100000000020000100000
0011000001000002010002000000000000
0000000000201000102000200220200100
0010210000000011100000000122000001
0000000000000000000000000200000000
0000010000000000000000002020000200
0002200000000200002000100000000000
2100002000000000000021000002000102
0000002012000001000002000210200000
2100000000000000000010000022200000
0010100002000000000000110000000000
0100000002200002000000000020000000
