34 2
0000001000000000000210010000000000
0200202000000000000001000012001000
2000200000000000000002100020000000
0000000000000200000200000000200000
0000110020100000000001000100000102
0000200002000020000000000000011000
0000020002000000202000000000000000
0020000000000210000000010000000000
0200000010010012000000200001000010
0100100000000020001002000010010000
0020000000001000001000000000000002
1000000000000000002000000000022000
0002000200000001000000000000000000
0000001001000010000001000022000100
1000000200000020210000000000100000
1200000100000000000200000000000001
2102000000020000000000000000020001
0020000000011220000000000100000000
2011000000002000001000120020000200
0001000000000201000000000001002000
2200000000000200000001120102000000
0000200100100020100001001001000002
1000000200000020000000001000000000
0000000000200002000001020202020100
0000001021001002000000000000000000
0000002010000000002000002000000010
0100220100000000002100202000000000
0000000000100000110010000000000000
0000002000101000010000100000000010
0212000000020000000000001200001000
2010000010100000000010000000200000
0000002122010000002000000020010000
0000220000100000010000200000000000
1000000000002000000000211001200000
