34 2
0000020000000200000000000120001100
0100000000010100001002000000000100
0022000200200000000010100000001001
0000200000000102000000100000200000
1002000220000000010002000000000000
1202000001000100202110000002000200
0000000000200000010100000001220000
0000001000000000020200020000000000
0000000020000002000002000000000000
2002220000000100000000000000000000
0001000000000000020000000200001200
1000010000001100100000000011000000
0000002002000220010002000000122000
0102000020000000100002000000001000
0200100010000000000010020001000000
0000200010120200101000000000000000
0000010100000000000110010020000102
0020000000000000000000000000000002
0001000000020000001001200000001000
0010000000000000000020010002001000
0000002000002001000000000000002020
0000120000000021000211000010000200
0000000000000000000000000200000000
1000010010010200000010000000000000
1000000000001002000011000000010000
2000200000000000000000002101000001
0001020000000000000020022000000000
0000000001200200200000020000000000
0000020000000002000100010110000000
0000010020200100000000001000120000
0020001000200000001000002000000000
2000000000000010000201001000000000
0000001002202102000200002000000000
0000100000200000000010002000000010
