34 2
0000000000010020000000000000010100
1000000100000000000000100102100000
1000000000101000002000000010000000
0000000000001100000020000000000000
0000000000100100002000002000000210
0020000000010000000000000100200012
0020000201210220021000200010112002
2000010000110000000000000200100011
0000000000010100100011000000100000
0002000000000000000000000002002100
2200000000000100202000000000000000
0200020000000002000010000000000000
0000020010000000000000000000002100
2020000200001010000010022000000000
0000000020010000001001211020001000
0020020000000000000010200000001000
0000000100020000100022010020000022
0000000000201100000000000000002000
1000001001210010000000000000000000
0000201122000000200002000000210000
1001000000000000000200000002000000
0000001000000000000001000010020000
0200200000000000020000000000000000
0000000020000000020000200200000000
0201100001002000021000000200000000
0000000000000000100001022000000000
1000000002000000000000020001000000
1000012000200000000000000000000000
0000000000020000020010100000010002
0010000000000010000000000012000000
2000000002000000200000000010000000
2011120120000200200102000000200000
0220200001120000002000000200000101
1000000000000000000010200000000000
