34 2
0210100020000220000010000000000010
0200020002000000020100100000010010
0020000000100000101000010000000020
1000000000000020002000000000000000
0001000220000002000000002001010000
2000000000001000020000000000000000
1200001001000001000200000020000000
0100001200000000000000020000000020
0021000000000000000000000001000020
0002010020200000000010100000020020
0012210000000100002000200000000000
0000000002000000000000002000020200
0000000220100200000020000000000101
0000000000000000000000000010000000
1000000022001000020011012000001002
1000000000100000000000000001000000
0000000000000200100100000020100100
0122200000010200110020000000000000
1100000010001000000000000010000200
2000001000000201100010000000000000
0000022000000100002001000000000000
0200020000000000020020010000000000
0000021000100000000210000002000200
0010100000100000220001020000200100
0000000000000000000000000000100000
0000000210010000000000000020000000
0100002000100010001200000010000020
0002202200000000200000002021000002
2000011010002000000020000100000000
0000000000010000100001000002000000
0000100000200000000100001000020000
0000000100000000002100000000000000
0010000000020000200000200100000010
0000000012200000012000010200000100
