34 2
0000020100000000000100010010100000
0000000000000200100000000000000000
0000000000000000010000000000000020
0000000000100012000000200220000000
0201010000000202200001000000210000
0000020000022010000000000100022020
0010000012100001000002000000200000
0000000001002000000210000002000020
0020020200000002000000201000020020
0000000200000000000000200110000000
0001200001000000000001000110000010
0010010000000122000020000100000122
0000000000000000000000000000000202
0001001000000020000000100000000000
0020000000100000201001002000100200
1000000000000000200000000000000010
0000010000100100000000020000000000
0000010001220020000100001000000000
0000101200002000000000200000000010
0000000000000010021000000000202000
0001100202000000000200000000002000
0010000100110000200100000000002002
2000000002010002012000000000001000
0010020000001000000012000000020000
0000200001001000000020000000100000
0011020000011000220011000000201200
0002000000000000110200000000000001
0000002000220000000000220001000001
0000000000020000100000000000000000
0120000010000000000000020000020020
2000020010000010001000000000000000
0000001000000000000100002000100010
0000002200000100200010000010000000
1010002000000000000000002100002000
