34 2
0000001002022200100002000001000100
0012000000000000001020000000000020
1000000000000000020100000200000000
0210000020220000000002000002000001
2000210002020021020000002002000001
0010001001000001000000000000000000
0001000000000000020000000200220101
0000000200001000000000000010000000
0000000000010100000000001000010000
0000000000002000000010000000000022
0120000000000111000000101000000000
1000101002000000010100000002000000
0000000200000020200000100000000100
0010202001000000000201200100000020
1200020000000010000020000022010010
0000001000020002020000000000100010
0000001200000000100002000000100000
0000000100000000021020000000000000
0010010000000000000200200000020000
2010012000202002020000000000002002
0000000000000020110001200200000000
0002000000010000000000010000120000
0000000000010010001000002000100021
0000000001001000000200100101000210
2000010002000000000000000000020000
0000000000000000210000201200000000
0120100020000000020000100000000000
0000000020010000100000100100002000
0000000000002210001000002020000200
0000000000000000000000000010001001
0000000000000000000010010000000000
1001000002200010000200000001000000
0000000000000020000001001000000000
0020002020000000000000002200000000
