34 2
0101000002000000000012202000000020
0200000000000100020000000000000000
0000101000000000002000020021000000
0100000000020200000000000010200200
0000000000000000000022000000000000
0202001000020000200100000000000001
0000000001002000000010020000100002
0000000000000100000000010020102000
0000000000000001002022010000010000
0000000000100000001000000000000000
0120000020000000100000000000000200
0001002002000001220010000000000000
1000000100020000000001000000000000
0000200100000000000000000120002201
1111000200020000000000021000022000
0000020200202200020022010000000020
0200000000000000020000000000020020
0001000001201000000200012000000000
0000000000000000000000010001000000
1000000202202000000000000000201000
0220000000010101000000000000001001
2000021011000201000000000000000000
0002100010000100001100100200000000
0100010000020000000102000100000000
0000000000000000022000200010000000
0000002000000021201000010011000010
0000000002000020210000000000200000
0200000002000000000000001101000000
0001000020021000001002002000000000
1001101001000000200101000120001100
0000000000100000011000002000001010
0000000001000100000000000000000200
0000000000000000012000000000001000
0000020020002000000002000000000000
