34 2
0000000020000020200000000000000110
0000210000000100000001010100010000
1000000202010100002000002000000012
0000100010000000000000001000001200
0000000001001000000000000000000002
1000000020000210000021020110220000
0000001000200000000000000000120020
1012000000020000000000000100000000
0000000000012100000000220000000000
0000000001000000100000000000000001
1000002001000012000000000000000010
0200000012100100000100000000012000
0000000220010100200000200001000100
0000000000000020000000000100010200
0000000002010020100200000000000000
0000100000220100200020010100002000
0000200000000200000020200200120000
0100000001000100000020000200000000
0000000000102000100000000000000000
1000002000000000000000000020000200
0002002010001000000000020002021112
0000000000020002000200001001000002
0022000000002000000000000200000000
0002000010000010000000200000110102
0000000000001001020010000000000000
0100000200000000000020000000000000
0102000000000100010000012001210020
0010000000000000000002202000001000
0001000000000000000000000000000000
0000000000000020000000002000020002
0000020010000000000100000101000002
0020010000000000000100200000001000
2000000001002200001000000000000222
2000010001000001020020000000100001
