34 2
0210000010020010100000000001000000
0000001200000020000000000000100001
0000000000000000010111000000001001
0011002000000010000000200000000100
0200000000020010000000200000000000
0000001000011000010000000000001200
0200220200000000000200000002000000
0000100000220100000121020000000201
0200000100100002000000000200000002
0002002000000000002020010100000000
0000201000000000000020010000022020
1000000000000000000200001010000021
2010020000000000210000002001020000
0000010001000200202100010000000000
0000000000200100200000000000000000
0000001002000010000000000000000000
0200000000000000200000000000020020
1000001120000100002000000000021001
2000000001010000000000000000110000
0000110000200000000000210000020000
0010000101000000220020000000200001
0200000000100000020100100000000000
0000000001000000001000100000000000
0000000020200000021000000020000000
1000000000000000200020200100000200
0101100002000000000000102000020001
2000000000000000000000002102002000
0000000000010100020000201210000020
0000000010000000000010000000000000
0202000012000000000001000000010000
0012001200000000000000000000001000
0000000000000002000000020200000000
0000000000120020000000000020000000
0200210001121010002000122000000000
