34 2
0000010210000000000200000020100000
0100000001100010000000000001202000
0000000000000001001000011000000000
0000000110000200000000020000000000
0002000000000000000000000100000000
2002020020100000002000000200000200
0001000210200000202001002000001010
0000000022100020000002021000000000
0000000010000001000000100000002000
2000000000000000000001021200000002
0000000000200200020000000201000102
0000002000000000000000000102200002
0000000102200000000000020000002000
0000012110000110200000002010010000
2000000200000000001000010000000000
0220002000000000000002000001001000
0100200000000002000000000000000102
0000002200000000021000000102010020
0100020100100020000121000000000000
0010020001000200000000000000000100
0000202000000000000020000010000020
0000000002000000000000020200000000
0000000000020000000000000000000001
0000010200000000000000000110000000
0000000000000010000000000000001010
0000200000000001000002100000000000
2022220100000002000002000000000000
0000001000000002010000002100200000
0100201001100001001001200000000110
0000000000100000000000000202010101
0101000100010202000002000001020000
0020100000120000020100010000000000
0000011010000000200000000020001000
0000100000000000010000100000021000
