34 2
0000000000100020002100001000101000
1020002002000000000001002002200011
0000000100000000010002000000010011
0000000000000002000000010000200000
0000000000000000012021000100020000
0002010002020120000000100000001021
0020100020000100000100000000000002
0000000000001000010000000000200202
0100001010002000010000020021200000
0000000100000001100022000000000000
0000000000000000120000000000000002
2000000000010000000010000000000000
1210000000000000100000010000000001
0000000110000220000000012000101010
0100020000000000200002000202000000
1012000000000020200000000000000010
0000002000010000000001020001202000
0000000000002000020021002000020000
0002000000002000000010100210000100
0020020000000020000000220000000000
2000000202002000001021200000100100
0000000101000010000201000000100000
0000010000000002000001000020001000
0001100000000010000000000000000000
0000220002001000000000020000020020
0002000000000000001200001000000000
0000000000000000200020000000000000
0020100200200202000001000100000000
0000000010010000000000010000000000
0020000012000010021001000000000000
0001000000000100000000000120102002
0000002002000100000001120000020000
0000000011000000200000000000000000
0000000001000000000200000000020000
