34 2
0200120000001000000000000000000000
0200000020000000002200000020000000
0000100200000002000000010000001100
0000002022100201200000001010000100
0020100000110000001000000011000001
1002000000000112000220000010100000
0000020020000100110000000000001000
0202020120000000000000000010000002
0110100020000001001000000000002000
0000000200000000010000000000000100
0000000000000100001000001000000000
0000000000200000010100000001010000
0000101200002000000000000000000000
0000200000000001220000200002200020
1000000000000020100100000000000000
0001010002001000000100000010000000
1022000000000000000010000000000001
0022000200000000000000000000120000
0001001010100002000012010000200001
0000000001000000002000000201000000
0000010000020000000000020000000000
0000000000001002002000002000020110
0100000000200000000010020200000010
0002000220002000000021000000200202
0000000000020100000000000000000000
1010100000001200000000221002000000
0010000000000000000001200000020000
0200010000020000000000000000101000
0000000200000201000002000100000000
0000000200011200000200000002001000
0000000000000000012020000002000001
2000000020000020120100000000020000
0000010000200010000000002000000000
0202020011000000000002020100000000
