34 2
1000000000000000012010020000000001
0000000010000000021000010000000000
0000000001000000000000000000000001
0000000210000012010000110002000001
0200000202220000100000001200000000
0000002010000000002010000001000020
1000000000000000000001002002000000
0000000200002000000000000000001000
0000000000100011120000000100000000
1000000201000200002000100010000000
0000000020011000000100000001200000
0010000000000000000100201000000000
2001000000002000200000000202000000
0001000001200201000100200000000002
0001100000000000000202001100000020
0002002100021020000220000020000001
0000000210000000020000100101000000
0000010000100100200001000000010000
0000001000000000010002020000000000
0020000000000002012000000010200000
0000000002121002000000100000000000
0020000000100020002000000000000201
0001020000202000200000002000000000
1000010000002000002220020101000020
2000012000000011000000200000000000
2010002010001000200000000001000001
0000020010000000000000002000000001
0000000002000100000000000010020000
0000200001010000000020000000020020
0000020001000020020000000012000000
0021100000000200000000000002002010
1001000002001000000000100000000000
2000002000000000000000000000020000
0000000020000011000000002100000000
