34 2
0000000000100000000000000000000000
0020000000000100220000122000000000
0010000000000002100100000001100100
1000010020000020000000001000000000
0000110000010000000000020000000000
0000210100100010001000000000001002
0002001201000000001000000000020000
2010000000022000000000020002001000
0000000000000000000201100220000000
1000000000100000001000002000110000
0000000000000000200000000020000220
2200200200000000000200002000000200
0000000000001000001120001020000000
0000000000100010000000010000000000
0000100002000000020200000000012200
0000000000000021000000120000001001
0000000010001000100010000000000000
0020000000020200000000000000020000
0000200000001000000100000200100100
2101010000000202100000002001000000
0000000201000001000000021201022000
0000002200000001020002100210000000
0000000000200000101020000000000000
0020000000000010000100002000000000
0000000000100010000000002002000100
2000202000010000001100000200200002
0000002000000000021010100000002000
0000001000000000011200020010201002
0000020100200000020000020000000000
0000100000002000002000000002000000
0000101000200000000100001020002020
0101000000012000000020000000010000
1200100000000200101000000002000200
0000001000100000000000000000200000
