34 2
0020000000000000002000200000010000
1000000000000000200002000000000002
0201000200000002000000010000020001
0012201001000000000010000100000000
1000000000000001201000000000000110
0000100000000002000010000000001010
0010000000102200000010000000000010
0000002000022000001010202000000000
2020010000000000000002000000000000
0011000211000000100020200000000000
0000000000002000001000100020012020
0000101000000000001001000000000000
2202000020000100000000200000000000
0000100000200002000000020000001000
0001001020010222000000002120210000
0000012000000000102000001100101200
0100000000000002100000000001000000
0200000000000002002000001000002000
0000000000000001000001000100000000
1000010100200000000000002000000000
2000000000000000000000001000000010
0000002000001020002000100002002000
0010020000002000000000102010002000
0000000000000200000000000000002020
0220000100000211000202010000000020
0101001002000000020000000010000000
2000000110000000000000200000110000
0000100010000002001020000000010100
1002000000000000000200001000002000
0010000000200000000000000000000000
1000000200000220000000002000000000
1000000001000000000000020000021001
0001002000002200100020000120000000
0001122000000020002000000000000001
