332
13 21 16 24 18 22 15 19 
13 24 16 24 16 21 13 21 
14 17 15 18 16 17 15 16 
14 19 16 21 17 20 15 18 
14 28 15 28 15 19 14 19 
14 36 17 39 18 38 15 35 
15 17 15 18 16 18 16 17 
15 22 13 24 17 28 19 26 
15 29 16 29 16 28 15 28 
15 32 15 33 16 33 16 32 
15 44 16 45 18 43 17 42 
15 45 16 45 16 44 15 44 
16 19 18 19 18 18 16 18 
16 25 17 26 19 24 18 23 
16 27 16 28 17 28 17 27 
16 30 17 31 24 24 23 23 
16 31 15 32 16 33 17 32 
16 35 20 39 21 38 17 34 
16 42 17 43 18 42 17 41 
16 43 17 43 17 42 16 42 
17 15 15 17 16 18 18 16 
17 17 18 17 18 16 17 16 
17 18 18 17 17 16 16 17 
17 24 17 26 19 26 19 24 
17 30 16 30 16 31 17 31 
17 35 20 35 20 34 17 34 
17 45 18 45 18 43 17 43 
18 29 17 28 16 29 17 30 
18 34 16 32 15 33 17 35 
18 36 18 38 21 38 21 36 
18 39 21 36 20 35 17 38 
18 40 18 39 17 39 17 40 
18 41 17 41 17 42 18 42 
18 44 17 43 16 44 17 45 
19 20 20 19 19 18 18 19 
19 22 18 22 18 23 19 23 
19 28 21 28 21 26 19 26 
19 30 19 28 17 28 17 30 
19 31 20 30 17 27 16 28 
19 32 19 31 17 31 17 32 
19 40 18 39 17 40 18 41 
19 42 22 42 22 41 19 41 
19 45 20 44 19 43 18 44 
20 16 19 15 18 16 19 17 
20 18 25 23 27 21 22 16 
20 27 21 26 20 25 19 26 
20 29 21 28 20 27 19 28 
20 31 20 30 19 30 19 31 
20 36 18 38 22 42 24 40 
20 42 19 41 18 42 19 43 
21 18 20 19 23 22 24 21 
21 19 21 18 20 18 20 19 
21 22 21 23 23 23 23 22 
21 24 21 23 19 23 19 24 
21 29 23 29 23 28 21 28 
21 30 21 29 20 29 20 30 
21 34 19 32 18 33 20 35 
21 42 22 41 20 39 19 40 
22 25 24 23 23 22 21 24 
22 27 22 25 20 25 20 27 
22 28 23 29 24 28 23 27 
22 29 23 28 22 27 21 28 
22 31 23 30 22 29 21 30 
22 32 19 32 19 40 22 40 
22 33 23 34 26 31 25 30 
22 35 21 36 24 39 25 38 
22 43 23 44 26 41 25 40 
22 45 23 45 23 44 22 44 
23 24 24 24 24 23 23 23 
23 26 23 24 21 24 21 26 
23 31 21 29 20 30 22 32 
23 32 23 31 22 31 22 32 
23 36 23 34 21 34 21 36 
23 47 25 45 22 42 20 44 
24 15 24 21 25 21 25 15 
24 22 24 23 25 23 25 22 
24 26 23 26 23 27 24 27 
24 29 25 30 28 27 27 26 
24 30 24 29 23 29 23 30 
24 31 24 35 26 35 26 31 
24 38 20 34 18 36 22 40 
24 41 24 40 22 40 22 41 
24 42 22 40 20 42 22 44 
24 43 24 42 22 42 22 43 
25 24 26 23 25 22 24 23 
25 26 25 24 24 24 24 26 
25 32 23 32 23 34 25 34 
25 36 26 35 25 34 24 35 
25 39 24 39 24 40 25 40 
25 42 25 41 24 41 24 42 
25 47 25 45 23 45 23 47 
26 24 24 26 26 28 28 26 
26 27 24 27 24 28 26 28 
26 30 29 33 32 30 29 27 
26 36 28 38 29 37 27 35 
26 37 27 38 36 29 35 28 
26 40 25 39 24 40 25 41 
27 20 27 21 37 21 37 20 
27 22 27 21 25 21 25 22 
27 27 28 27 28 26 27 26 
27 34 26 35 30 39 31 38 
27 36 27 35 26 35 26 36 
27 39 27 38 25 38 25 39 
27 41 27 40 26 40 26 41 
27 42 25 42 25 45 27 45 
28 15 28 16 29 16 29 15 
28 18 28 26 32 26 32 18 
28 23 29 24 34 19 33 18 
28 29 26 31 31 36 33 34 
28 34 24 30 23 31 27 35 
28 35 28 34 27 34 27 35 
28 36 27 36 27 38 28 38 
28 40 27 39 26 40 27 41 
28 41 27 40 26 41 27 42 
28 42 28 41 27 41 27 42 
28 44 25 41 24 42 27 45 
29 26 30 27 34 23 33 22 
29 29 29 27 28 27 28 29 
29 34 29 37 33 37 33 34 
29 41 30 42 34 38 33 37 
29 44 33 40 32 39 28 43 
29 45 31 43 30 42 28 44 
29 46 30 45 29 44 28 45 
30 11 23 18 27 22 34 15 
30 22 31 23 35 19 34 18 
30 29 35 34 37 32 32 27 
30 30 29 29 18 40 19 41 
30 31 30 30 26 30 26 31 
30 32 30 39 32 39 32 32 
30 36 29 37 35 43 36 42 
30 43 30 42 28 42 28 43 
30 44 29 44 29 45 30 45 
31 17 32 18 34 16 33 15 
31 35 29 33 28 34 30 36 
31 40 33 40 33 38 31 38 
31 42 31 43 32 43 32 42 
31 44 31 43 30 43 30 44 
32 15 32 18 33 18 33 15 
32 24 31 23 28 26 29 27 
32 29 32 30 36 30 36 29 
32 37 31 38 32 39 33 38 
32 44 33 43 32 42 31 43 
33 19 34 19 34 18 33 18 
33 23 34 23 34 22 33 22 
33 26 32 26 32 27 33 27 
33 28 33 34 35 34 35 28 
33 44 33 43 32 43 32 44 
34 17 34 18 37 18 37 17 
34 25 37 25 37 23 34 23 
34 33 34 37 38 37 38 33 
34 39 35 38 34 37 33 38 
34 40 35 40 35 39 34 39 
34 41 35 40 34 39 33 40 
35 22 35 19 34 19 34 22 
35 26 38 23 37 22 34 25 
35 27 36 26 33 23 32 24 
35 29 36 30 39 27 38 26 
35 35 45 35 45 34 35 34 
35 36 35 35 31 35 31 36 
35 42 34 41 32 43 33 44 
36 17 37 18 38 17 37 16 
36 20 38 18 37 17 35 19 
36 21 37 22 38 21 37 20 
36 22 37 23 38 22 37 21 
36 27 36 26 35 26 35 27 
36 32 36 36 37 36 37 32 
36 34 39 31 35 27 32 30 
36 38 35 38 35 39 36 39 
36 40 37 39 36 38 35 39 
36 44 39 44 39 43 36 43 
36 45 36 44 35 44 35 45 
37 15 34 15 34 16 37 16 
37 27 37 28 39 28 39 27 
37 31 37 32 39 32 39 31 
37 35 36 34 35 35 36 36 
37 38 36 39 42 45 43 44 
37 40 37 39 36 39 36 40 
37 43 39 41 38 40 36 42 
37 44 36 43 35 44 36 45 
38 16 37 16 37 17 38 17 
38 20 38 18 37 18 37 20 
38 25 37 25 37 26 38 26 
38 27 37 26 36 27 37 28 
38 30 38 33 40 33 40 30 
38 31 37 32 38 33 39 32 
39 17 38 17 38 18 39 18 
39 19 40 18 39 17 38 18 
39 20 39 21 40 21 40 20 
39 22 39 21 38 21 38 22 
39 23 40 22 39 21 38 22 
39 24 40 23 39 22 38 23 
39 30 37 28 36 29 38 31 
39 45 42 45 42 44 39 44 
40 16 40 15 39 15 39 16 
40 17 39 16 38 17 39 18 
40 19 40 18 39 18 39 19 
40 24 39 23 37 25 38 26 
40 27 40 24 39 24 39 27 
40 32 41 33 45 29 44 28 
40 38 37 38 37 39 40 39 
40 40 39 41 40 42 41 41 
41 16 40 17 41 18 42 17 
41 17 40 17 40 18 41 18 
41 19 43 21 44 20 42 18 
41 20 41 19 40 19 40 20 
41 21 43 21 43 20 41 20 
41 22 41 21 40 21 40 22 
41 24 42 23 41 22 40 23 
41 26 39 24 38 25 40 27 
41 30 41 27 40 27 40 30 
41 34 40 33 37 36 38 37 
41 35 37 31 36 32 40 36 
41 38 41 36 40 36 40 38 
41 39 41 41 43 41 43 39 
41 43 41 41 39 41 39 43 
42 16 41 16 41 17 42 17 
42 19 41 18 40 19 41 20 
42 21 41 20 40 21 41 22 
42 26 42 24 41 24 41 26 
42 29 40 27 39 28 41 30 
42 31 41 30 39 32 40 33 
42 36 42 38 44 38 44 36 
42 40 41 41 42 42 43 41 
43 15 42 16 44 18 45 17 
43 16 43 15 42 15 42 16 
43 18 43 20 44 20 44 18 
43 23 41 21 40 22 42 24 
43 24 43 23 42 23 42 24 
43 25 43 28 44 28 44 25 
43 37 42 38 43 39 44 38 
43 42 42 42 42 44 43 44 
43 43 42 42 41 43 42 44 
44 17 44 18 45 18 45 17 
44 19 43 18 42 19 43 20 
44 21 43 20 42 21 43 22 
44 22 44 21 43 21 43 22 
44 23 43 22 42 23 43 24 
44 29 45 29 45 28 44 28 
44 31 44 29 42 29 42 31 
44 41 41 38 40 39 43 42 
44 42 44 41 43 41 43 42 
45 27 43 25 42 26 44 28 
46 36 45 35 44 36 45 37 
46 38 45 37 44 38 45 39 
46 40 45 39 43 41 44 42 
47 32 44 29 42 31 45 34 
47 34 47 32 45 32 45 34 
14 16 14 17 15 17 15 16 
15 15 15 16 17 16 17 15 
15 27 14 28 15 29 16 28 
15 42 16 42 16 35 15 35 
16 40 17 41 18 40 17 39 
18 27 18 29 20 29 20 27 
18 31 19 32 20 31 19 30 
19 19 20 18 19 17 18 18 
19 46 22 43 21 42 18 45 
20 17 19 17 19 18 20 18 
20 20 20 19 19 19 19 20 
20 23 19 24 20 25 21 24 
20 24 23 27 24 26 21 23 
20 43 20 44 22 44 22 43 
21 21 20 20 18 22 19 23 
21 31 20 31 20 34 21 34 
21 39 24 39 24 38 21 38 
22 17 22 16 20 16 20 17 
22 18 25 21 28 18 25 15 
22 30 21 30 21 31 22 31 
22 46 22 45 19 45 19 46 
23 16 23 18 28 18 28 16 
23 21 23 22 24 22 24 21 
24 25 23 26 24 27 25 26 
24 36 24 38 25 38 25 36 
24 44 28 44 28 43 24 43 
26 19 24 21 25 22 27 20 
27 18 24 15 23 16 26 19 
27 24 28 23 27 22 26 23 
28 19 27 20 33 26 34 25 
28 33 28 34 29 34 29 33 
28 39 27 39 27 40 28 40 
28 46 29 46 29 45 28 45 
29 17 28 18 33 23 34 22 
29 22 27 22 27 24 29 24 
29 40 28 40 28 41 29 41 
30 16 29 15 28 16 29 17 
30 17 29 16 27 18 28 19 
30 19 30 22 33 22 33 19 
30 40 30 42 31 42 31 40 
31 16 30 16 30 17 31 17 
31 25 31 33 34 33 34 25 
33 33 31 35 33 37 35 35 
33 41 34 41 34 40 33 40 
33 42 33 43 35 43 35 42 
34 27 35 28 36 27 35 26 
34 44 35 45 36 44 35 43 
34 45 34 44 33 44 33 45 
36 16 37 17 38 16 37 15 
38 19 39 20 40 19 39 18 
38 24 39 24 39 23 38 23 
38 42 40 42 40 40 38 40 
38 46 39 45 37 43 36 44 
39 37 37 39 38 40 40 38 
40 44 41 43 40 42 39 43 
41 14 40 15 41 16 42 15 
41 15 40 16 41 17 42 16 
41 23 40 23 40 24 41 24 
41 37 40 38 41 39 42 38 
42 14 41 14 41 15 42 15 
42 22 41 22 41 23 42 23 
42 27 44 25 43 24 41 26 
42 35 45 32 44 31 41 34 
43 17 42 17 42 18 43 18 
43 35 42 36 43 37 44 36 
44 16 43 16 43 17 44 17 
44 27 43 28 44 29 45 28 
44 40 46 40 46 38 44 38 
46 31 44 31 44 36 46 36 
16 26 17 27 20 24 19 23 
19 16 18 17 19 18 20 17 
19 21 19 22 21 22 21 21 
20 15 19 15 19 16 20 16 
20 21 19 22 20 23 21 22 
21 14 20 15 22 17 23 16 
22 21 23 21 23 18 22 18 
26 26 27 26 27 24 26 24 
26 39 27 40 28 39 27 38 
26 48 28 46 27 45 25 47 
29 19 30 19 30 17 29 17 
29 39 29 40 30 40 30 39 
32 41 32 42 33 42 33 41 
36 19 37 20 38 19 37 18 
17 21 19 21 19 20 17 20 
29 38 28 38 28 39 29 39 
