58
5 19 10 24 14 20 9 15 
7 16 16 25 18 23 9 14 
7 22 9 22 9 16 7 16 
9 23 10 23 10 22 9 22 
10 9 9 9 9 11 10 11 
10 14 20 14 20 11 10 11 
10 15 10 14 9 14 9 15 
10 21 9 22 10 23 11 22 
11 18 15 22 18 19 14 15 
11 20 14 20 14 18 11 18 
11 21 10 22 12 24 13 23 
11 25 11 29 16 29 16 25 
12 6 9 9 17 17 20 14 
12 23 12 24 13 24 13 23 
12 25 16 29 17 28 13 24 
13 11 10 14 14 18 17 15 
13 16 14 16 14 15 13 15 
14 6 9 11 13 15 18 10 
14 24 13 24 13 28 14 28 
15 14 19 18 21 16 17 12 
15 21 11 21 11 22 15 22 
15 25 17 27 19 25 17 23 
15 27 12 24 11 25 14 28 
15 28 17 28 17 27 15 27 
17 9 17 12 19 12 19 9 
17 13 17 15 24 15 24 13 
17 16 17 17 21 17 21 16 
17 19 17 23 18 23 18 19 
18 18 17 17 16 18 17 19 
19 19 22 19 22 18 19 18 
20 20 22 18 21 17 19 19 
21 7 19 9 21 11 23 9 
21 10 20 11 23 14 24 13 
21 23 23 21 22 20 20 22 
21 24 21 28 25 28 25 24 
22 22 22 20 20 20 20 22 
22 26 28 26 28 25 22 25 
23 17 23 21 25 21 25 17 
23 25 26 28 28 26 25 23 
24 19 26 17 24 15 22 17 
24 27 25 28 28 25 27 24 
25 32 29 28 25 24 21 28 
26 10 28 10 28 9 26 9 
26 11 26 17 27 17 27 11 
26 19 26 28 29 28 29 19 
26 32 26 28 25 28 25 32 
27 9 26 10 27 11 28 10 
27 12 29 10 28 9 26 11 
27 20 26 19 21 24 22 25 
5 20 7 22 11 18 9 16 
10 26 11 25 10 24 9 25 
10 28 11 29 15 25 14 24 
16 10 16 18 18 18 18 10 
20 24 22 26 23 25 21 23 
20 25 20 24 19 24 19 25 
21 21 21 23 23 23 23 21 
18 25 19 26 20 25 19 24 
18 26 19 26 19 25 18 25 
