59
7 20 9 22 13 18 11 16 
8 16 10 18 16 12 14 10 
8 18 10 18 10 16 8 16 
8 20 9 21 11 19 10 18 
9 13 9 14 12 14 12 13 
9 28 10 28 10 25 9 25 
10 26 13 23 12 22 9 25 
10 29 14 29 14 28 10 28 
11 9 10 10 15 15 16 14 
11 11 11 10 10 10 10 11 
11 15 11 16 14 16 14 15 
11 20 22 20 22 19 11 19 
12 18 12 22 13 22 13 18 
12 27 17 27 17 25 12 25 
12 31 14 29 12 27 10 29 
13 10 14 10 14 9 13 9 
13 12 11 10 10 11 12 13 
13 13 16 13 16 12 13 12 
13 17 11 15 10 16 12 18 
13 21 15 23 22 16 20 14 
14 21 14 26 16 26 16 21 
14 24 16 26 17 25 15 23 
15 12 13 14 14 15 16 13 
15 16 14 16 14 18 15 18 
15 22 13 22 13 23 15 23 
15 29 24 29 24 23 15 23 
16 7 14 9 17 12 19 10 
16 17 16 14 13 14 13 17 
16 28 19 28 19 26 16 26 
16 29 19 26 15 22 12 25 
17 18 19 18 19 16 17 16 
18 14 14 18 20 24 24 20 
18 17 20 17 20 14 18 14 
18 19 19 18 18 17 17 18 
18 23 20 21 18 19 16 21 
19 11 17 11 17 12 19 12 
19 25 22 28 23 27 20 24 
20 11 19 12 23 16 24 15 
20 15 19 16 20 17 21 16 
20 18 24 18 24 17 20 17 
21 12 21 16 22 16 22 12 
21 18 22 19 24 17 23 16 
22 27 22 28 23 28 23 27 
23 10 23 12 26 12 26 10 
23 24 27 28 28 27 24 23 
24 24 15 15 14 16 23 25 
25 9 22 12 23 13 26 10 
25 18 24 18 24 20 25 20 
27 13 23 13 23 16 27 16 
27 24 26 23 22 27 23 28 
27 25 29 25 29 24 27 24 
29 23 24 18 22 20 27 25 
6 25 9 28 12 25 9 22 
7 18 7 20 8 20 8 18 
14 17 15 18 16 17 15 16 
15 27 14 28 15 29 16 28 
19 21 20 21 20 18 19 18 
20 25 23 25 23 24 20 24 
29 12 26 12 26 23 29 23 
