60
3 18 10 25 17 18 10 11 
8 12 10 14 12 12 10 10 
8 16 12 16 12 12 8 12 
8 20 16 28 20 24 12 16 
8 23 10 23 10 20 8 20 
9 25 9 27 10 27 10 25 
9 28 10 29 11 28 10 27 
10 13 13 13 13 11 10 11 
10 24 15 24 15 23 10 23 
10 26 12 28 13 27 11 25 
11 18 11 25 16 25 16 18 
12 26 12 28 16 28 16 26 
13 20 17 24 21 20 17 16 
13 28 14 29 17 26 16 25 
14 13 13 13 13 20 14 20 
14 21 14 29 21 29 21 21 
14 24 16 26 17 25 15 23 
15 6 12 9 18 15 21 12 
15 9 13 11 19 17 21 15 
15 21 17 19 16 18 14 20 
15 31 18 28 16 26 13 29 
17 6 15 6 15 9 17 9 
17 11 21 11 21 9 17 9 
17 17 17 16 12 16 12 17 
18 13 18 15 21 15 21 13 
18 20 17 20 17 24 18 24 
18 26 20 26 20 24 18 24 
19 4 17 6 24 13 26 11 
19 18 19 17 17 17 17 18 
19 20 21 20 21 18 19 18 
20 22 20 23 22 23 22 22 
21 5 17 9 21 13 25 9 
21 23 22 22 21 21 20 22 
21 24 22 25 23 24 22 23 
22 24 23 24 23 23 22 23 
23 22 28 27 29 26 24 21 
23 27 23 29 26 29 26 27 
24 11 21 11 21 12 24 12 
24 17 28 17 28 13 24 13 
24 18 24 19 29 19 29 18 
24 26 25 25 23 23 22 24 
24 28 29 28 29 26 24 26 
25 21 24 21 24 25 25 25 
25 26 28 23 27 22 24 25 
25 27 24 26 23 27 24 28 
26 15 28 17 29 16 27 14 
27 27 27 29 28 29 28 27 
27 28 28 29 29 28 28 27 
29 11 29 10 26 10 26 11 
31 15 26 10 24 12 29 17 
8 21 10 23 13 20 11 18 
8 26 9 27 10 26 9 25 
11 16 12 17 15 14 14 13 
16 22 18 24 20 22 18 20 
17 27 18 27 18 26 17 26 
25 16 26 15 24 13 23 14 
25 28 26 29 27 28 26 27 
28 21 29 20 25 16 24 17 
22 9 22 16 25 16 25 9 
20 15 24 11 22 9 18 13 
