50
5 19 9 23 14 18 10 14 
8 13 9 14 11 12 10 11 
8 14 9 14 9 13 8 13 
8 21 15 28 20 23 13 16 
9 26 21 26 21 25 9 25 
9 28 15 28 15 27 9 27 
10 15 10 18 12 18 12 15 
11 11 10 11 10 12 11 12 
11 14 15 14 15 12 11 12 
11 16 12 15 11 14 10 15 
11 17 10 18 11 19 12 18 
11 20 19 28 21 26 13 18 
12 10 11 11 15 15 16 14 
13 15 13 16 15 16 15 15 
13 17 13 16 11 16 11 17 
14 9 14 10 19 10 19 9 
14 16 20 22 21 21 15 15 
14 17 13 17 13 18 14 18 
15 18 22 18 22 16 15 16 
16 22 15 23 16 24 17 23 
16 28 21 23 20 22 15 27 
16 29 16 28 15 28 15 29 
17 22 17 23 20 23 20 22 
19 7 15 11 18 14 22 10 
19 15 22 15 22 10 19 10 
20 14 19 15 21 17 22 16 
20 15 23 18 26 15 23 12 
21 20 21 21 23 21 23 20 
22 19 23 20 24 19 23 18 
22 25 24 25 24 19 22 19 
23 19 25 17 24 16 22 18 
23 24 24 25 28 21 27 20 
23 30 26 27 24 25 21 28 
24 12 26 14 28 12 26 10 
24 18 27 18 27 16 24 16 
25 15 25 17 26 17 26 15 
26 12 27 12 27 10 26 10 
27 14 28 14 28 12 27 12 
27 22 23 22 23 24 27 24 
28 17 27 16 26 17 27 18 
28 28 28 26 21 26 21 28 
30 13 29 12 27 14 28 15 
5 17 5 19 11 19 11 17 
8 15 9 16 10 15 9 14 
14 23 15 23 15 18 14 18 
15 26 17 28 23 22 21 20 
24 14 26 14 26 12 24 12 
26 21 28 21 28 17 26 17 
30 12 29 12 29 13 30 13 
21 7 19 9 24 14 26 12 
