66
4 20 9 25 14 20 9 15 
9 10 9 15 11 15 11 10 
9 20 9 25 13 25 13 20 
10 13 10 14 14 14 14 13 
10 21 12 19 11 18 9 20 
11 16 12 17 15 14 14 13 
12 18 11 18 11 19 12 19 
13 16 13 18 16 18 16 16 
13 26 15 28 17 26 15 24 
14 19 13 20 15 22 16 21 
14 22 21 29 25 25 18 18 
14 24 15 24 15 22 14 22 
14 26 16 28 21 23 19 21 
14 27 14 26 13 26 13 27 
15 9 10 14 11 15 16 10 
15 18 18 21 22 17 19 14 
16 11 14 9 13 10 15 12 
16 22 14 24 18 28 20 26 
16 24 15 24 15 28 16 28 
16 29 18 29 18 28 16 28 
17 10 17 14 19 14 19 10 
18 22 18 21 16 21 16 22 
18 23 18 25 21 25 21 23 
19 17 19 18 22 18 22 17 
19 26 19 29 20 29 20 26 
20 8 14 14 16 16 22 10 
20 11 21 12 22 11 21 10 
20 16 19 17 21 19 22 18 
21 8 20 8 20 10 21 10 
21 11 22 11 22 10 21 10 
21 13 24 13 24 12 21 12 
21 20 21 19 14 19 14 20 
21 21 19 21 19 22 21 22 
21 30 22 29 21 28 20 29 
21 31 24 28 22 26 19 29 
22 7 21 8 24 11 25 10 
22 23 25 23 25 18 22 18 
22 25 19 22 18 23 21 26 
22 27 25 27 25 26 22 26 
22 28 21 28 21 29 22 29 
23 10 25 10 25 9 23 9 
23 17 24 16 23 15 22 16 
23 20 27 24 28 23 24 19 
23 22 28 22 28 20 23 20 
24 10 25 11 26 10 25 9 
25 12 26 12 26 11 25 11 
25 13 26 12 25 11 24 12 
25 16 25 13 24 13 24 16 
25 24 22 24 22 25 25 25 
26 9 26 10 28 10 28 9 
26 27 28 25 27 24 25 26 
26 29 26 27 25 27 25 29 
27 15 23 15 23 17 27 17 
27 25 25 27 27 29 29 27 
28 13 28 11 27 11 27 13 
28 15 25 18 26 19 29 16 
28 21 26 19 23 22 25 24 
28 24 27 24 27 25 28 25 
30 11 28 9 26 11 28 13 
12 26 13 27 14 26 13 25 
13 11 16 11 16 10 13 10 
14 12 15 12 15 9 14 9 
15 16 21 22 23 20 17 14 
20 30 21 30 21 29 20 29 
23 12 24 13 25 12 24 11 
23 14 19 18 21 20 25 16 
