69
4 21 12 29 21 20 13 12 
4 23 11 23 11 21 4 21 
7 13 9 15 11 13 9 11 
7 18 10 18 10 13 7 13 
10 22 11 23 12 22 11 21 
11 17 10 18 14 22 15 21 
11 18 13 20 15 18 13 16 
11 20 11 18 10 18 10 20 
11 22 12 23 14 21 13 20 
11 29 12 29 12 27 11 27 
12 10 9 10 9 11 12 11 
12 13 19 13 19 11 12 11 
12 15 12 13 11 13 11 15 
12 21 12 22 14 22 14 21 
12 26 17 26 17 23 12 23 
12 28 13 27 12 26 11 27 
13 14 16 17 18 15 15 12 
13 25 13 27 15 27 15 25 
14 8 12 10 16 14 18 12 
14 15 14 18 15 18 15 15 
15 11 11 15 14 18 18 14 
15 14 15 12 13 12 13 14 
15 19 16 20 22 14 21 13 
16 12 16 14 18 14 18 12 
16 19 15 19 15 20 16 20 
16 21 16 28 23 28 23 21 
16 26 15 27 16 28 17 27 
16 30 17 29 16 28 15 29 
17 8 14 8 14 10 17 10 
17 19 17 22 18 22 18 19 
17 20 16 19 15 20 16 21 
17 32 22 27 17 22 12 27 
18 24 19 25 21 23 20 22 
19 18 19 20 21 20 21 18 
20 14 18 14 18 15 20 15 
20 24 20 22 18 22 18 24 
20 25 20 26 24 26 24 25 
20 29 20 27 17 27 17 29 
21 19 23 21 25 19 23 17 
21 24 25 24 25 23 21 23 
22 11 25 11 25 10 22 10 
22 13 20 15 26 21 28 19 
22 26 24 28 27 25 25 23 
23 26 24 27 25 26 24 25 
24 29 25 28 24 27 23 28 
25 7 22 10 26 14 29 11 
25 12 29 12 29 11 25 11 
25 25 27 25 27 24 25 24 
25 27 24 27 24 28 25 28 
26 13 22 13 22 14 26 14 
27 27 26 27 26 29 27 29 
28 26 27 27 28 28 29 27 
28 30 29 29 28 28 27 29 
29 26 29 19 28 19 28 26 
29 28 27 26 26 27 28 29 
29 30 29 29 28 29 28 30 
32 19 26 13 21 18 27 24 
2 21 4 23 12 15 10 13 
9 17 11 17 11 15 9 15 
14 30 16 30 16 28 14 28 
15 32 17 32 17 29 15 29 
20 20 21 19 16 14 15 15 
23 29 24 29 24 28 23 28 
28 27 28 28 29 28 29 27 
8 18 9 19 10 18 9 17 
13 29 14 30 15 29 14 28 
12 30 13 29 12 28 11 29 
13 30 13 29 12 29 12 30 
19 28 17 26 13 30 15 32 
