48
7 25 10 28 14 24 11 21 
8 18 9 19 13 15 12 14 
8 21 11 21 11 18 8 18 
9 27 10 27 10 25 9 25 
10 29 14 29 14 28 10 28 
11 12 16 17 18 15 13 10 
11 23 16 28 23 21 18 16 
12 17 11 18 16 23 17 22 
12 21 9 24 10 25 13 22 
12 23 12 21 11 21 11 23 
13 17 12 18 15 21 16 20 
13 18 13 17 12 17 12 18 
13 20 13 22 16 22 16 20 
13 27 14 28 20 22 19 21 
13 28 14 29 15 28 14 27 
14 17 16 15 15 14 13 16 
14 19 9 19 9 24 14 24 
15 15 15 17 16 17 16 15 
15 23 15 28 16 28 16 23 
15 34 21 28 16 23 10 29 
17 12 17 11 11 11 11 12 
17 14 17 22 20 22 20 14 
18 9 18 15 21 15 21 9 
18 21 19 21 19 20 18 20 
19 24 24 29 26 27 21 22 
19 27 19 24 14 24 14 27 
20 26 16 22 15 23 19 27 
21 26 21 22 20 22 20 26 
22 7 17 12 21 16 26 11 
23 15 21 15 21 16 23 16 
23 27 26 27 26 26 23 26 
24 8 19 13 20 14 25 9 
24 15 23 16 28 21 29 20 
25 11 26 11 26 9 25 9 
25 13 21 9 19 11 23 15 
26 16 27 16 27 15 26 15 
26 21 26 16 23 16 23 21 
27 21 27 28 28 28 28 21 
28 18 26 16 21 21 23 23 
29 27 26 27 26 29 29 29 
30 13 29 12 26 15 27 16 
30 28 29 27 28 28 29 29 
31 17 25 11 21 15 27 21 
15 7 11 11 15 15 19 11 
15 18 18 21 19 20 16 17 
28 7 22 7 22 18 28 18 
12 7 12 14 15 14 15 7 
14 18 15 18 15 17 14 17 
