55
3 23 9 29 15 23 9 17 
3 25 9 25 9 23 3 23 
5 19 9 23 15 17 11 13 
5 21 10 21 10 19 5 19 
7 16 9 18 11 16 9 14 
7 20 11 20 11 16 7 16 
8 21 10 19 9 18 7 20 
9 15 20 15 20 14 9 14 
10 11 11 12 13 10 12 9 
11 22 12 23 15 20 14 19 
11 23 12 23 12 22 11 22 
12 24 11 23 9 25 10 26 
12 25 9 25 9 29 12 29 
13 12 14 12 14 10 13 10 
13 13 22 22 23 21 14 12 
13 17 9 17 9 18 13 18 
13 26 15 24 14 23 12 25 
14 15 15 16 18 13 17 12 
14 20 14 23 15 23 15 20 
14 24 14 23 12 23 12 24 
16 12 16 19 17 19 17 12 
16 22 22 16 20 14 14 20 
16 24 16 23 15 23 15 24 
16 27 17 28 24 21 23 20 
17 18 23 24 26 21 20 15 
17 24 20 27 21 26 18 23 
17 26 17 24 16 24 16 26 
17 27 17 28 20 28 20 27 
18 9 18 10 19 10 19 9 
19 6 13 12 20 19 26 13 
19 8 18 9 19 10 20 9 
19 25 18 26 20 28 21 27 
19 29 26 29 26 25 19 25 
20 12 24 12 24 9 20 9 
21 11 19 9 18 10 20 12 
21 23 21 13 18 13 18 23 
22 15 20 15 20 16 22 16 
22 18 24 16 22 14 20 16 
23 26 23 27 27 27 27 26 
24 13 24 16 25 16 25 13 
24 18 24 16 22 16 22 18 
24 20 23 20 23 21 24 21 
25 11 24 12 25 13 26 12 
25 17 20 17 20 19 25 19 
26 18 25 17 24 18 25 19 
26 28 27 27 22 22 21 23 
28 23 26 25 27 26 29 24 
29 23 28 23 28 24 29 24 
13 21 10 21 10 26 13 26 
13 27 16 27 16 26 13 26 
14 17 16 19 17 18 15 16 
15 19 15 17 14 17 14 19 
16 8 14 10 16 12 18 10 
17 25 16 26 17 27 18 26 
16 6 16 8 19 8 19 6 
