82
7 20 9 22 12 19 10 17 
7 24 9 26 11 24 9 22 
8 20 10 22 13 19 11 17 
8 24 9 25 11 23 10 22 
9 12 9 14 10 14 10 12 
9 13 10 14 11 13 10 12 
9 15 9 16 18 16 18 15 
9 20 9 22 10 22 10 20 
9 28 10 28 10 26 9 26 
11 11 11 13 13 13 13 11 
11 14 10 14 10 17 11 17 
11 19 11 23 12 23 12 19 
11 27 14 27 14 24 11 24 
11 30 14 27 12 25 9 28 
12 11 14 13 16 11 14 9 
12 13 10 11 9 12 11 14 
12 24 10 26 11 27 13 25 
13 16 10 19 19 28 22 25 
13 22 13 25 15 25 15 22 
14 8 11 11 13 13 16 10 
14 10 16 10 16 9 14 9 
14 15 15 14 14 13 13 14 
14 28 15 29 18 26 17 25 
14 30 14 28 11 28 11 30 
15 12 15 13 18 13 18 12 
15 16 16 17 18 15 17 14 
15 20 16 21 22 15 21 14 
15 23 11 19 10 20 14 24 
16 12 14 10 13 11 15 13 
16 16 15 17 18 20 19 19 
16 20 16 17 15 17 15 20 
16 25 17 25 17 24 16 24 
16 29 16 25 15 25 15 29 
17 22 19 24 21 22 19 20 
17 23 21 23 21 22 17 22 
18 10 16 10 16 11 18 11 
18 19 18 20 19 20 19 19 
18 21 18 20 16 20 16 21 
18 22 16 20 15 21 17 23 
18 25 18 26 19 26 19 25 
18 31 21 28 19 26 16 29 
19 10 22 10 22 9 19 9 
19 21 21 23 23 21 21 19 
19 27 19 28 21 28 21 27 
20 10 18 12 21 15 23 13 
21 29 23 27 21 25 19 27 
22 14 21 14 21 15 22 15 
22 16 24 18 27 15 25 13 
22 18 24 20 27 17 25 15 
22 20 24 20 24 18 22 18 
22 21 22 20 19 20 19 21 
22 23 21 23 21 25 22 25 
22 28 21 28 21 29 22 29 
23 9 22 10 24 12 25 11 
23 10 22 11 24 13 25 12 
23 11 25 11 25 10 23 10 
23 12 23 13 24 13 24 12 
23 25 21 23 19 25 21 27 
23 30 24 29 23 28 22 29 
24 15 25 15 25 13 24 13 
24 16 24 15 22 15 22 16 
24 24 29 24 29 20 24 20 
24 25 23 25 23 27 24 27 
24 28 23 28 23 29 24 29 
25 18 28 21 29 20 26 17 
25 21 28 21 28 18 25 18 
26 15 26 17 27 17 27 15 
26 27 25 26 24 27 25 28 
26 29 27 29 27 27 26 27 
27 12 27 11 25 11 25 12 
27 22 26 23 28 25 29 24 
28 22 27 22 27 25 28 25 
32 15 29 12 26 15 29 18 
32 17 32 15 29 15 29 17 
13 31 14 30 11 27 10 28 
14 21 15 21 15 20 14 20 
16 23 17 22 16 21 15 22 
17 8 16 9 18 11 19 10 
22 30 23 30 23 29 22 29 
24 21 22 23 24 25 26 23 
31 18 32 17 27 12 26 13 
12 31 13 31 13 25 12 25 
