37
3 17 14 28 22 20 11 9 
8 24 9 25 12 22 11 21 
9 18 9 25 13 25 13 18 
10 12 10 13 20 13 20 12 
10 19 12 21 20 13 18 11 
11 14 11 21 12 21 12 14 
12 16 17 21 18 20 13 15 
12 28 14 28 14 24 12 24 
13 23 12 24 13 25 14 24 
13 26 16 29 20 25 17 22 
14 8 10 12 12 14 16 10 
14 14 16 16 20 12 18 10 
14 17 22 17 22 14 14 14 
14 21 14 22 17 22 17 21 
15 10 14 9 10 13 11 14 
15 16 16 16 16 10 15 10 
15 27 15 29 16 29 16 27 
17 8 14 8 14 9 17 9 
18 17 20 19 21 18 19 16 
19 11 19 10 18 10 18 11 
19 21 19 29 24 29 24 21 
20 26 20 25 13 25 13 26 
20 28 21 28 21 26 20 26 
21 8 19 10 27 18 29 16 
21 11 19 11 19 15 21 15 
21 29 23 27 22 26 20 28 
22 23 15 16 14 17 21 24 
23 18 21 18 21 24 23 24 
23 19 27 23 28 22 24 18 
25 14 22 17 23 18 26 15 
26 14 25 14 25 15 26 15 
26 27 23 24 21 26 24 29 
27 13 24 13 24 18 27 18 
27 20 22 20 22 23 27 23 
28 18 29 17 26 14 25 15 
10 15 13 18 14 17 11 14 
26 22 26 27 28 27 28 22 
