37
7 18 14 25 18 21 11 14 
7 26 9 26 9 18 7 18 
9 13 11 13 11 12 9 12 
9 25 10 26 14 22 13 21 
10 28 10 26 9 26 9 28 
11 8 10 9 15 14 16 13 
13 20 7 26 9 28 15 22 
14 18 13 18 13 20 14 20 
14 21 14 22 15 22 15 21 
15 13 11 13 11 14 15 14 
15 16 19 16 19 14 15 14 
15 17 18 20 20 18 17 15 
16 28 21 28 21 13 16 13 
17 6 11 12 15 16 21 10 
17 10 17 12 21 12 21 10 
17 23 26 23 26 17 17 17 
17 27 19 29 24 24 22 22 
18 15 18 20 23 20 23 15 
18 18 17 17 14 20 15 21 
18 23 20 21 15 16 13 18 
18 25 21 28 26 23 23 20 
19 10 17 12 19 14 21 12 
19 21 19 29 20 29 20 21 
20 11 20 18 24 18 24 11 
20 15 19 14 18 15 19 16 
21 14 25 18 26 17 22 13 
22 16 29 16 29 13 22 13 
22 27 27 27 27 22 22 22 
23 12 28 17 29 16 24 11 
24 21 23 21 23 24 24 24 
25 17 23 15 22 16 24 18 
25 19 25 18 24 18 24 19 
25 23 27 21 25 19 23 21 
28 21 25 18 24 19 27 22 
10 14 14 18 15 17 11 13 
16 22 17 23 19 21 18 20 
27 17 27 21 28 21 28 17 
