79
3 20 10 27 18 19 11 12 
3 24 12 24 12 20 3 20 
7 21 12 26 14 24 9 19 
7 27 10 27 10 21 7 21 
8 10 10 12 11 11 9 9 
8 16 9 17 14 12 13 11 
8 28 12 24 11 23 7 27 
9 13 15 19 16 18 10 12 
9 16 16 23 17 22 10 15 
9 23 11 23 11 22 9 22 
10 9 10 11 11 11 11 9 
10 16 16 16 16 15 10 15 
10 17 10 16 9 16 9 17 
10 23 11 22 10 21 9 22 
10 28 14 28 14 27 10 27 
11 17 14 17 14 12 11 12 
12 10 13 10 13 9 12 9 
12 30 14 28 12 26 10 28 
14 10 13 10 13 11 14 11 
14 13 16 15 19 12 17 10 
14 18 14 22 16 22 16 18 
15 10 15 11 17 11 17 10 
15 18 18 21 22 17 19 14 
15 21 18 21 18 19 15 19 
15 23 15 28 16 28 16 23 
15 25 14 26 16 28 17 27 
16 10 15 11 16 12 17 11 
16 14 19 17 21 15 18 12 
16 17 19 17 19 16 16 16 
17 23 22 23 22 22 17 22 
18 11 18 12 19 12 19 11 
18 14 18 12 16 12 16 14 
18 27 17 27 17 28 18 28 
18 29 19 28 18 27 17 28 
19 23 21 25 24 22 22 20 
19 26 19 28 22 28 22 26 
19 29 19 28 18 28 18 29 
20 14 22 14 22 12 20 12 
20 16 20 17 22 17 22 16 
20 18 19 17 15 21 16 22 
20 20 20 25 21 25 21 20 
20 21 22 23 23 22 21 20 
21 13 22 12 21 11 20 12 
21 14 19 16 20 17 22 15 
21 27 22 28 23 27 22 26 
21 29 23 29 23 27 21 27 
22 9 22 10 24 10 24 9 
22 30 23 29 22 28 21 29 
23 11 24 12 25 11 24 10 
23 13 23 11 21 11 21 13 
23 16 24 16 24 13 23 13 
23 19 23 22 24 22 24 19 
24 11 24 12 25 12 25 11 
24 15 23 16 26 19 27 18 
25 20 25 17 22 17 22 20 
25 23 25 22 24 22 24 23 
26 10 26 19 28 19 28 10 
26 14 24 12 23 13 25 15 
26 16 25 15 24 16 25 17 
26 21 25 22 27 24 28 23 
26 23 26 25 28 25 28 23 
27 10 26 9 24 11 25 12 
27 13 27 18 29 18 29 13 
27 19 25 17 23 19 25 21 
27 26 28 25 27 24 26 25 
28 29 29 29 29 25 28 25 
29 21 29 19 28 19 28 21 
30 17 25 12 24 13 29 18 
12 8 11 9 12 10 13 9 
13 19 12 20 14 22 15 21 
14 9 13 10 14 11 15 10 
14 14 16 16 18 14 16 12 
16 24 17 23 16 22 15 23 
19 18 20 18 20 17 19 17 
20 26 18 28 19 29 21 27 
23 24 23 26 27 26 27 24 
25 26 26 25 24 23 23 24 
26 20 25 20 25 21 26 21 
21 26 23 24 22 23 20 25 
