63
5 23 10 28 15 23 10 18 
7 18 15 26 17 24 9 16 
7 19 10 22 14 18 11 15 
7 20 9 22 11 20 9 18 
9 15 11 15 11 11 9 11 
9 19 9 18 7 18 7 19 
9 25 10 25 10 22 9 22 
9 26 9 28 10 28 10 26 
10 12 11 11 10 10 9 11 
10 13 12 13 12 12 10 12 
10 19 14 19 14 18 10 18 
11 12 12 13 15 10 14 9 
11 16 13 16 13 15 11 15 
11 26 21 16 20 15 10 25 
11 28 10 28 10 29 11 29 
12 15 11 16 12 17 13 16 
13 20 11 20 11 26 13 26 
13 27 13 28 16 28 16 27 
14 5 10 9 22 21 26 17 
14 10 14 9 10 9 10 10 
14 11 15 11 15 10 14 10 
14 17 18 21 19 20 15 16 
14 23 15 23 15 19 14 19 
14 31 16 29 13 26 11 28 
15 14 15 16 18 16 18 14 
15 25 18 25 18 23 15 23 
16 18 15 19 17 21 18 20 
16 30 18 28 15 25 13 27 
17 12 17 11 15 11 15 12 
17 14 19 12 17 10 15 12 
17 20 17 21 18 21 18 20 
17 22 17 24 22 24 22 22 
18 18 20 18 20 16 18 16 
18 27 18 28 20 28 20 27 
18 29 18 28 16 28 16 29 
19 11 19 12 22 12 22 11 
19 15 18 16 19 17 20 16 
19 19 20 18 19 17 18 18 
19 22 18 21 17 22 18 23 
20 13 22 15 24 13 22 11 
20 14 24 14 24 13 20 13 
21 15 21 16 22 16 22 15 
21 26 21 27 24 27 24 26 
22 18 20 18 20 21 22 21 
22 34 28 28 22 22 16 28 
23 13 21 15 22 16 24 14 
23 17 19 17 19 19 23 19 
23 26 26 23 25 22 22 25 
24 18 23 17 22 18 23 19 
25 9 23 11 24 12 26 10 
25 21 22 24 24 26 27 23 
26 11 26 10 23 10 23 11 
26 19 26 23 27 23 27 19 
26 24 26 27 28 27 28 24 
27 26 26 27 27 28 28 27 
29 20 25 20 25 21 29 21 
10 27 9 28 10 29 11 28 
11 31 14 31 14 29 11 29 
13 13 15 11 14 10 12 12 
16 31 18 29 16 27 14 29 
19 9 17 11 20 14 22 12 
19 14 19 15 20 15 20 14 
19 24 18 25 20 27 21 26 
