61
5 24 10 29 14 25 9 20 
7 23 9 25 17 17 15 15 
9 19 12 19 12 17 9 17 
9 21 15 21 15 20 9 20 
9 22 12 25 15 22 12 19 
9 29 10 29 10 25 9 25 
10 10 9 11 10 12 11 11 
11 12 12 12 12 11 11 11 
11 13 11 12 10 12 10 13 
12 15 16 19 17 18 13 14 
12 20 14 22 15 21 13 19 
13 12 18 12 18 10 13 10 
13 25 14 25 14 22 13 22 
14 11 13 10 12 11 13 12 
14 13 11 13 11 18 14 18 
14 14 12 12 11 13 13 15 
14 29 15 28 12 25 11 26 
15 19 15 15 13 15 13 19 
15 29 18 29 18 28 15 28 
17 13 23 19 24 18 18 12 
17 23 13 27 15 29 19 25 
18 15 17 16 18 17 19 16 
18 16 17 16 17 17 18 17 
18 20 22 20 22 19 18 19 
19 24 15 20 13 22 17 26 
19 29 21 29 21 25 19 25 
20 18 26 12 24 10 18 16 
20 22 22 20 20 18 18 20 
20 23 17 23 17 26 20 26 
21 24 21 16 19 16 19 24 
21 27 20 26 18 28 19 29 
22 14 27 19 29 17 24 12 
22 22 23 23 26 20 25 19 
22 26 28 26 28 25 22 25 
23 22 22 21 20 23 21 24 
23 24 26 21 21 16 18 19 
24 13 26 13 26 12 24 12 
24 15 24 18 25 18 25 15 
24 20 24 21 26 21 26 20 
24 24 23 23 21 25 22 26 
24 28 24 24 23 24 23 28 
25 22 25 19 23 19 23 22 
26 23 27 23 27 21 26 21 
27 10 27 12 29 12 29 10 
27 15 27 13 26 13 26 15 
27 25 24 28 25 29 28 26 
28 17 26 15 22 19 24 21 
29 20 29 17 28 17 28 20 
29 22 25 22 25 29 29 29 
30 21 29 20 28 21 29 22 
6 26 9 29 13 25 10 22 
12 14 13 14 13 12 12 12 
12 27 13 27 13 25 12 25 
14 24 18 20 13 15 9 19 
14 27 13 27 13 29 14 29 
17 22 20 22 20 18 17 18 
17 28 18 29 22 25 21 24 
22 23 23 23 23 22 22 22 
25 8 22 11 24 13 27 10 
6 18 6 26 11 26 11 18 
5 17 6 18 11 13 10 12 
