63
8 24 10 26 16 20 14 18 
9 12 12 15 14 13 11 10 
9 13 14 13 14 12 9 12 
9 20 9 21 16 21 16 20 
9 23 9 26 10 26 10 23 
10 14 13 11 12 10 9 13 
11 20 14 23 16 21 13 18 
11 23 16 18 14 16 9 21 
11 25 11 27 13 27 13 25 
11 28 12 29 15 26 14 25 
12 16 15 13 14 12 11 15 
12 26 10 26 10 29 12 29 
12 28 13 27 12 26 11 27 
13 14 16 14 16 11 13 11 
13 16 13 18 14 18 14 16 
14 17 18 13 17 12 13 16 
14 22 14 23 16 23 16 22 
14 24 18 28 20 26 16 22 
14 27 18 27 18 25 14 25 
15 9 14 10 18 14 19 13 
16 19 27 19 27 18 16 18 
17 17 17 20 19 20 19 17 
17 24 20 21 19 20 16 23 
17 29 18 29 18 28 17 28 
18 9 15 9 15 13 18 13 
18 16 19 17 20 16 19 15 
18 21 20 21 20 16 18 16 
19 11 19 13 20 13 20 11 
19 14 19 15 20 15 20 14 
20 7 18 9 20 11 22 9 
20 27 23 27 23 26 20 26 
21 14 20 13 19 14 20 15 
21 16 20 15 16 19 17 20 
21 21 19 23 23 27 25 25 
21 25 21 21 20 21 20 25 
21 26 23 24 22 23 20 25 
22 8 19 11 21 13 24 10 
22 10 24 10 24 9 22 9 
22 14 21 14 21 16 22 16 
22 20 19 20 19 23 22 23 
23 15 27 15 27 14 23 14 
24 16 23 15 22 16 23 17 
24 24 27 24 27 23 24 23 
25 24 28 21 27 20 24 23 
26 29 28 27 25 24 23 26 
27 21 28 21 28 20 27 20 
32 18 29 15 24 20 27 23 
8 19 9 20 13 16 12 15 
8 21 10 23 11 22 9 20 
8 27 10 29 11 28 9 26 
8 28 11 28 11 27 8 27 
9 29 11 27 10 26 8 28 
11 16 12 16 12 15 11 15 
11 24 14 24 14 23 11 23 
16 16 17 17 18 16 17 15 
17 23 16 23 16 24 17 24 
19 26 18 27 19 28 20 27 
21 15 22 14 21 13 20 14 
26 20 27 21 28 20 27 19 
16 15 16 16 17 16 17 15 
26 16 24 16 24 20 26 20 
21 11 26 16 27 15 22 10 
25 13 25 11 21 11 21 13 
