46
6 18 10 22 13 19 9 15 
6 19 9 19 9 18 6 18 
7 18 16 27 20 23 11 14 
8 25 9 26 10 25 9 24 
9 25 9 26 10 26 10 25 
10 20 16 20 16 18 10 18 
10 24 12 26 18 20 16 18 
10 30 11 29 10 28 9 29 
11 19 10 18 9 19 10 20 
12 15 12 12 9 12 9 15 
12 23 14 23 14 16 12 16 
12 28 12 26 10 26 10 28 
13 17 14 16 13 15 12 16 
13 29 13 19 11 19 11 29 
14 25 16 25 16 23 14 23 
15 21 10 26 12 28 17 23 
15 22 16 23 26 13 25 12 
15 24 15 22 10 22 10 24 
15 31 21 25 19 23 13 29 
16 15 16 12 13 12 13 15 
17 8 13 12 16 15 20 11 
17 19 17 23 19 23 19 19 
17 24 16 23 15 24 16 25 
17 25 16 25 16 27 17 27 
18 14 18 20 28 20 28 14 
18 16 23 21 27 17 22 12 
20 12 20 23 22 23 22 12 
20 25 20 27 21 27 21 25 
21 3 12 12 19 19 28 10 
21 26 20 25 19 26 20 27 
22 28 28 28 28 26 22 26 
22 32 28 26 23 21 17 27 
23 27 22 26 21 27 22 28 
24 11 24 10 20 10 20 11 
25 17 25 22 27 22 27 17 
27 21 28 20 25 17 24 18 
28 9 28 10 29 10 29 9 
28 11 29 10 28 9 27 10 
31 25 27 21 24 24 28 28 
10 17 9 18 14 23 15 22 
12 32 22 32 22 28 12 28 
15 17 15 21 23 21 23 17 
18 10 16 12 18 14 20 12 
23 24 23 27 24 27 24 24 
24 21 22 23 23 24 25 22 
27 11 28 11 28 10 27 10 
