37 2
0000000000000000002000200100000000000
2000000002110000000000100000002002000
0001000000000100000000000000200010000
0000000000000000000020000210000102010
0010000000000000000001000000012000001
1000000010000000211200000000002000200
0000000000000000000001010000200000000
0000000220000010010000201000000200000
0001100000000000000000000000010000000
2200021220000000020000002000000000000
0000000102000000020100000100000000000
0000000002000001000000100001000020000
2000000022000000002000000000000000000
0000010020000000000000000000020102100
0000100000000000010001010200002000000
0000000000001000000000120000200000121
0000000000001000000202000000000001000
0000000000021020000000000000000000220
0002000000000010000001000000002000000
0000000000000200000000000010000000000
0012002000000000000000000001200000000
0000001000000000000100000020000002001
0000000010001000000000000000000000002
0000210001220000000001000000000000000
0000000000000000100000000000000000000
0000200110001001000010000100001100100
0002010000100000001000000120002000000
2100000000001000000100000022002010000
0020001200000020001002000010000000000
0002000000000000022002010000200000022
0000000000000000000000000200002020000
0001000000100000000000001000000020200
0000001011021000110000010100000200020
0000000012001000000000000000000000000
0012000000002000000001000000000100002
0020000002000020000000000100000200200
2000000000000000000010000000020200000
