37 2
0000000010200010100000002012100000200
0000000100101002000000000000002101000
0000000010200000100100000020002200001
0010200002000000021020000000000000000
0000000001000020000100000000000000000
1000000002000002000000000020000000010
0000100000000010000000020000001001000
0000000000000000000100000000000000200
0000000020000000010000022000002200000
0020000000020000000000000000001000000
0000020000000000002000000000002000000
0000000001000002000000200001000020000
0110000200001100000001001000020000002
0010000000100000000102000000010000002
0010020120000010001020000000000000000
2202000010200001000100000002000000000
0000000000020000000020021002020200010
0000000100220000000000000220000000000
0000000000000000001000200000000000200
0001002000000010001000010000001000000
0000000000210001112010200001000000200
0000000000000100000000000000020000000
0000000100000000000001000000002000000
0000000000000000001200000000010000000
0000000010001001000000000000010000002
0020010010000010000000102000000200000
0110000010000000000000000010102000000
0010012100100000000000000000000010020
0000000020000000022000000000020000000
2000200000000000001000100001000000000
0000000200101001000000000000001000000
0001000000000020020010000200002000000
0000000000000200000000000210000000000
0000000000000000101000000000000000000
0000020000000200000201020020000000020
1000000200000020000000000000120002000
0000020000000200000000002002000001000
