37 2
0000001000000000000000120002000000000
0000000000000200000000000000200002000
2011000020000000201000000012000000000
0000200200200000000000000000000000100
0000020000000100010001000000000000000
0000000000002000010000000000000001002
0000000012000000000100000000000000020
0102020000020000000000000000002100000
0000100000000000000010000000000020002
0000000000000000000000002210010010000
0020010100000000000000000000000000000
0000000000021100000120001000200002000
0000010000100200000122100000000000000
0000000000000000200201000100000000000
0000020020000000001002000200000000000
0000020010001000001001000000000120000
0020000000010020000012000000000000101
2001000000000000002010000100000000001
0000000000000000000000002002001000000
0102020001000020000000200000000000002
0000020010000201000000100001000000001
0000020000000000000000000100022000000
0000000000010000000002000020001000000
0000000200100010000000000000000100020
0000000100000000000000000100000001000
0000000000220000200112020000000002000
0100000122011010020201000020001220000
0201000000200002210000000000000010020
1000000000000000020200000000101000020
0000020000000000000000020000010000000
0000000000001020002010200000000202100
0000000000000011002000020200000010100
0200000000000010100002000000000000200
1001000000000000000000000002000000010
0000000000000020200000000000000000000
0100000100000000100000000100001000000
0000000001000000000010001000002000000
