37 2
0000000200010200002000100000000020020
0000000000000000000010000220102000000
0000100000010000000220000010000000200
0000000002000000000002000002020020002
1000000000002010020000000000000000010
0020001000100000000000000000000000020
2000010000000000000000000000001000100
1000000000000000001000002000120000220
0000000002100100020000000020000000000
0000000000000000000020000000000000001
0000000100000002110020120000000002000
0000000000100000000200000000100200000
0000001000000000000000000000010000000
0000000000010120002000200000002000000
0000000000000000210000001010000010000
0200021000010000202000000200000000000
0000200100020000000000010200000000000
2000200000000000000200000000000000000
0000200000020110000020000002000000000
0000012002000000000000000200020000000
0200000000000000000000000000020000000
2001000002000100000100000010210000000
0000210000000000001002000020001100001
2010100000000000001010001020000000200
1000000000010000000100002012000000021
0000000100000002001010000000000000000
2020000002000000000001000000000000000
0000000000000000000000020000000200100
0000200000000011000000000100022000020
0000110000000000000100010000011000200
0000100020100010100000000000000001000
0200020000001020100000100100100000000
0002000000000000000001001002000000000
0000000200100000020000000000002000001
0100001000020000000001000000000000120
0010002000020000000000110010010000000
0002000000000000000000001000200000000
