37 2
0000001000000000000000000000000000000
0100020000200000000012020000000000000
0000020000200000200000200001000000000
0000000000000000000001000100200101120
0000200000120000000000000020200100202
0000000000101100002000002100000100000
0000010020000000000010000000021002000
0000000000000000001000000000000000000
0010200000010000000001020000201000000
0000001000000000000002000010000010000
2001020020000000010000020000000000000
2000010000002000000002020000000000000
0022220000001010000000000000000000200
0000000000012000000000020200000000000
0200100000020000000020002000000000002
0002000000000000001000000000000010020
0000000000000000010000001000101000000
0000000000010100020002100000010000000
0000020200000000000000001000000020000
0000000000000010000000000020100000000
0000100000000000010020002000000000000
2010020000200002001010000002000000201
0020010000000000000000002000000000000
0000000000000000010000000000000000000
1001000100000000000000000000000000000
2000002001000100100100000000002000000
2020000000000100001020001000202000000
0001001002000200000000000000000000000
0002001010000000201001020000000200000
0000000200000000010000020000000001000
0002000010110000000000000000120002000
0200000012102000100200000000000000001
0000000020000000000200012000000002000
1000021100002001000000000000000010001
0000000010002000000000000200000000000
0002000010010000000000010221000200010
0000000010000000000011002010100000010
