37 2
0000000001002202010020000000010000000
1000000000010100200020000000001002010
0000020000010220021000000000000000000
0001201010200000000002100000000000020
0000000002000000000000000000001000001
0010010000000010001000000100000000002
1000020010000000000001000000000000000
0000010002000002020000000000000000000
0200000000000000000020010000000100020
1000000000100002000000000000000010000
0000000000000100000000020001020001000
0011010020000000010010002000000000000
0000220200000002000200000001112000100
0000000002000000002000000000000002000
2210000000000000000000001000000100000
0210000000000000001000000002000000000
1001001000010001000000000000002000000
0000000000000000000000000000000220000
0000000020000020000000000000001002000
0000000000000000001002000020000000000
0001000000210010002000100100010100010
0220200000000002001010000000000000002
0000000000000002020000000000000010000
0000010000000000000020000000200000000
2000000000002010000000000000200000000
0010002010000000000000000001000000010
0020000000000000100020000000000002101
0000011020000100200020000000010000000
0000002200020000010020000200000000000
2000000202000010000000200000020021200
0000001001010000000000200020101100000
0002000000010000000010000000100000000
0000100000000000002000000000200000020
0000000002000000001001000000000002000
0000001020002000000000000000000010020
0000000000001000020000000102000000000
2000000000000010000220000000100201000
