37 2
0000020020000000000200000000000020000
2010002120000000000000020020000200000
0000002000002000000000200100000002000
0200000000000000020000001000201000200
1000201000000000000000000202000001000
0000000200000000000001000000000000000
0000200000022000001010010020000000000
0000000002000102000000010002001000010
0002000000000000000200000000000000010
0101101200000010000000020000001002100
0001022000000000000100202000200000000
0000000002000000000020200000121100000
1000010001000000100000010101002100000
0000000100000002000000000000000200000
0000000000000000000000001000000000000
0000001001000000000000000000001000000
0000000001000000000000002010002100100
1000200000000100020000000010000000000
0200000100021000000000000010000002002
2000100000002000000000002010201000000
0010022000000000000000000001000000000
0000220000020020000000000000000001001
0001000000000000000000100000000000000
0000100002000000020000100202000010000
0000000002000000000000000000000000000
0000000000100000000000000000000000000
1000000000000000000200002000200000000
2000000000000000000000001000010001000
0100100000000000000000000002000000000
0000001010010000000000000000000000200
1000000010020101000000001000020200022
0000000000000200022010110000110000000
0000000100000000210000200000000000000
2000000000220000000010021001000001000
0001100102000000000000000010000000000
1000000100020000000000000000200002002
1000002000002020100020010020200000100
