37 2
0000000000000000000000001100001000000
0010000000200000000000000000020000000
0002010000010000000000000000000000200
0002002000200000000100000020020002001
1002000000002020000000000000000000000
0020100200000000000001002000000000000
0000000010000001000000000000000010010
0000000100200002102020000000000000000
0200001002000000101000002010001000000
0000010201000200000020000100200000000
0010000000000000200000200000200022000
0000200000012010001000002000000000000
0101000211000100000000002000000000000
0000000000000000000000200000020002000
0000000210000000000000000000000200000
0100000000000000000000000000000000010
0020000001000000000020020020000000200
0020000000000000000000100002200000000
0000010000100000010100200000001200000
0011000000000010100010000000002000000
0000000200020002010100000000001000000
0100000000010010000000010000000000000
0000001000002000200001002220000010000
0000000100000000200200010000000000120
0000000020000000010200000000000000010
0000000210000001000001000000000000100
0000012001001100100000000000000100020
0000000002000000002020000000000000100
0000000000000200000000000000002000000
0020000000000000020002000000000000000
0000000000100100100000000002000002020
0200000000000000002102021000001020000
0011000001000000002100002000000100000
2200000100000000200010100021000010001
2100002000001000000000000000020002000
0000001000001000000002000010000020000
0200000000000102000000120000000000100
