37 2
0120000000000000000020000000000000000
0100000001000000200020020000000000001
1100000000010000000000000000002000000
0002000100000000000000202000000000010
2000000200002200000000002200000200000
2100001000000200000000000002112001001
0000000100000002000000000000000000001
0200010000000100002020000000001200000
0001000000100200002000000000000100200
0020001000000000000020000000000000002
2200000000020000000000002001020000100
0000000200000000000000010000020100000
2000001000000020000002000100000100000
0000000000020000010200002010000002000
0000020000000000100100020000000001112
0000000000000200002000000001000020000
0200000000000200001000000001200000000
0010000001000020000001000100000001000
0000000000020000000000000002002000000
0000200000000200002100001001000001000
0011000210001200102000000000100000000
0000100000002020000020000000010000000
0000010002000000000000000000000000020
0000000000000100000000000000000000110
0022000200100000000000010000000000000
0000000000000000000000002000001020100
1000010000002000000010020201000000000
1000000002000010200000000000010000000
1100000000000201100200000200000000100
0000000020000001000002002000000000020
0000200000100000000100001000001000000
0000000000020000200000000000000000000
2000002000000122000000000000000000010
0000100000000000000000000100000000000
1100000000120000000000100001000000200
0000000100200200000202000020000000000
0100000000100000000001011010000010000
