37 2
0000000000002000000000000000010000022
0000020000000000000000000000200000000
0000000110000000000000000000100100000
0000000000012100000111010001000200200
1000000000000000010000020000000000000
0000010000001000000000001001010000000
0000010000100000100000000000212000001
0002000000000000020000020200000020000
0200020000000000020200000200200000000
0000000000110020100010100100000002000
0000010000000010000000000000200200000
0202000000000020000000001021000000000
0000000010000100200000020100000000000
0000001100000000000000000000002001021
2002000020002001000002000011000000000
2020020000000000000000000000202200000
0000000210100000000000020020000200000
0000000000000002200000000000000000000
0000000000000001001100200012000010000
0010002000002000000000020002020002020
1000000022001000000000000001000000000
0000000000000000000000000200000000001
0000000120000001000000001000000010000
0000000000000000100000000000020210000
0000000100020002000000000000020000000
0020000000220002020000200020000002001
0000000020000000100020000000000000000
0200000010001021000000100100000020010
0202000000000000000200010000011000000
0020020200010000000000000000000000100
0002000000002000001000000000022000010
0000000000000100001000000000000010100
0000001010000002000000001001000000010
0000000010000000200000000000000100210
0120000000100000000002000200010020001
1000001000000000000100000000000000000
0000000000000000000000000211001000000
