37 2
0000020000010000002010200000120000200
0001000020000000020000110000000000000
0100002020200000000000000000200000100
0000000000000000000000001000001000122
0200000000000000200100200000000000000
0102000201000002201100020000000002202
0000000000000000000010000020000000011
0000002000000000000010000000000001000
0000020000000000000010000200100200000
0000200000000010000000000010001020001
0000000000000200000001002000101000000
0000000000000020010000000000001200000
0200010000000000020001000200001000020
0202000010000000000020000020200000000
0000000000000000001000001000000000200
0000200202000010000010020000000000010
0000002000100000000000200100000000000
0010000010100010010000011002000022000
2100000000100220000000000000000102000
1022101000000000000000202001020000002
0000100000000000000200000000000020000
0100000000002000001000000000211100000
0002202000000000000000000000202000000
0002000000010000200000000000000000100
0101000000000000020000200000010020000
0100000000000000000012000100000000011
0000010000000100001020000000000000000
0200001000000000000200000000020000000
0000000000000000000012000000000000002
0100000000002000001000000010000000000
2020011000000200011000201000020000100
0000001000000000000000000000000102000
0100000000000000000000000002000100000
0100000100000000110000000000000012000
0000000000000000000000000000002000200
0002000002200000010010000010000000000
0000200000000010000000000000000000000
