37 2
0000020000000000000020000001000100010
0200102000000200000000000010000001200
0000200000002000002000001020000000000
0000000001100000000000000000000020000
0000001000202000002100000010000000022
0000000000002000020120000000000000000
0020001000000000000021000020000210020
0010000002202000000000000000000000100
0200000000200000020000000100010000000
0000000000001000000100000000200000000
0200000000000000000010000000100100000
0000000000000000000000000000200020000
2000000000000000000000000000000200000
0000010000000010120000000010001100100
0000000000022002000000000010001000000
0000000000020001001000200000100000000
0000000000000100000001002000000000000
0000001000000000100000000000200000000
0000000001000000000000000000200000000
2000000000000000010220002010000010000
2000100000001000000000100100002000000
0000102001000000002000002000120002000
2000200000110000100000001000000210000
0000000000000000001000010001010110001
1200020000000000002010000000002000020
0002020100200100000000000000000200000
0000000001000000010001000000100000000
0000000001000000002220000200200201000
0001000000001000110000010010200000000
2000200000000000000000100000000000000
0220000000001000022002002000010000200
0001000000000000000000000000000000000
0020000110000002001000000000010001000
2000102000100000000000200001000000000
2010100000000000200020000110000000000
0000002000000100200200000000202000100
0000000020000000000000000000210020010
