37 2
0200200000220000020100000000001010000
2000010020100000200000100000000000001
0000000020002220020000000020010201020
0001000010220000000002000000000000002
0000000020000001000000000000000010000
0000000000210000000000000100022000000
0000000000000010000000000210000101101
0200000010000000000000200000101000000
0001200000000000000000002000000000000
0000000000010100000000010020000000000
0000000000000220000000000200100020010
0000010000000000000001000100100000000
0000100000000002120000000020000010010
0000020000000100000020000002000000000
0000000000000100100000000000001000000
0000000000000000000100000000000000100
0000100200100002200002002000000010000
0020000010002000001000200000000000000
0000000000000020010000000000200000000
1000110002200000010020000000000000100
0000000000000110000000100000010000020
2000000010000100000010002100020000000
0000010010000000200000000010002000200
0000000000000001000000000000000000200
2000200020200000000000000200000000022
0000200000000020101000001001000100000
0000000220000010200200000000000000000
0000000000000000201000000002000020020
0020000000000010000010010100010000000
0000000000001000200000020000000000000
0000100000010000000000000010000000020
0010000000001000001000010020002020000
0010000000002000000000000002000000000
0000000200000000000000020000200000010
0000000002000000000000001000000000000
0100000100020000000220000000202002200
0000000001212110000010000001000011000
