37 2
0000000001000101001000010000200000001
0020000000000010022220000100000010000
0000000000001010000000020100000000000
2000000002000200000000200000022000000
0001010011000000000210000000000001000
0100000000000002002000000000000000000
0000000020000000000022200201000000100
0002000000000020100200200000000010000
0002100022000101200001000000000002200
0110000000000000001000000200000000000
0002011000000000100000000002000000001
1202020000000000000000000000000000000
0000000000000000001102000000020200000
0000000020200000020000002000020000000
0000000000000001000000000000000000100
0000000000000000000000000000010010020
0020002000020000002001000000000000001
0110000020000000000010000000001002000
0000000000000000000100100100000000000
0020000000000000000000001000000000000
0000000000000111000000000000200200000
1000000010002001211020000000000000000
0000000000022000002000200021100010020
0000001200000000000001000000000000010
0000000000200000000000000010021200000
0000000000000201020000110200000000100
0000000200000000200000001000000000000
0100000000000000000100000020000000000
0000001001000022000000000000000000012
0000000200000010000000120100000000000
0100020000200000001020000000000000000
0002020102000200002002000000000001000
0002000001000000000000010021000200000
0000001000002010000010000000000002000
0000000000000000000010200000000102002
0000002000000010000010000000000000020
0000001001000100002000000011001000002
