37 2
0002000010020000000000200202000000000
0001000000000000000000002000000100000
0200020000000000000000000002000202000
0000000020000100010002100000000000121
1010000000000000001010200000000020000
0200000000010000001012000000000000000
0000010001002200000002000010002100000
0000000000000000000000000000000000020
0000100100200000002000000100200000002
0000102002000000000000000020002002000
0000200000000200000000002200000000001
0000202002000000200000020000000010100
1000000000002100000000020000000000000
0001000000000200000000022000000000020
0000002000001201000000210000000000001
0200000000010000000000000000021200000
1001110000000000000000000200010200102
0000020001000101000000001000022000000
0000001000000000000000000000010000000
0020010000000000020000000000100000100
0100000000000000000000000000000000000
0000020000000000011000000002100000000
0000002000000002000000000010000000010
0000000000100010010001000020000001000
0000100010020001000000110000000000002
1000000210000000000000000000000101000
0020000000002202000000000000200000000
0000020200010000000001120002010100001
0000010000000000120000000200000000000
0002001000000012000000000000000000000
0000000100000020000000000000000100000
0000000000000000202002000000000000001
0000210000001000000000100220000000000
0001000000000000110000000000000020000
2100200000002000020000000000101002100
0010000000200000000000000000020000110
0010000002000100000000002110000200000
