37 2
0000000000000000000101000001000001002
0200020000000000000200000000201000000
0020001010000000000000000000000000000
1000000000002000000001000000000000000
0000100000000000102000210000000000000
0000000200200000000002002001000000100
2000000000000000020020220000000000101
0002000000020100000000000101000100001
0010002000000020000000012000200000120
0200000001220010001200100220020000000
0022002000000000000001200020100021000
0000000000000000000020000000000100000
0000220020000000000000000000000000000
0000001000000000100000020000000010100
0000100000020000000000022100000020000
0010200001001000200000200100000000120
0000000000200000000000000000010200000
2001000000000000102012000201000000102
0000010000100000000000000000000012020
0000000202000100000002000010000001200
0001000000000001000000000000200001000
0000000010000000000000120000000010200
0100000000200001100000000000000001001
0000000020000000000000002000000000002
0000000000000000000020000000000001100
0010000000000100000000000020201000010
0000020000200200001000100000010000000
0000000000000000220200000000000002000
1000000000000002100000000200000000011
0000000000000000000000000000000000001
2001000120000200200020000200000000000
0101020000000000010000200001000200000
0002000000000000000000000000000000100
0000020000010000000000021000100000200
0000001000000001100000002000001000000
0000000000000000010020000000010100000
0000002020000001100000000000000000001
