37 2
0000000000000000001000000000000002000
0000200001000020000000001000000000010
2000000000020000000000002000010000000
0000010000002200201000000010000000000
1200000000000000000000000000000100010
0000000220001000000000200000000200000
0000000000001010000000202000000002000
0000100000000000010000200000020000002
0100001000102200000000001001000002000
0000200020000000000200000100000200002
0000000200000000001000000000100000011
0000100100020000000000000000000000000
1000000010000002100000000000000000000
0010000000000020001000000000000000020
0000102000000000021000000000000002000
0000000021000020200000010000100000000
1010000100000000020020000000000010101
0000000000000000000000200000000000001
0000010000000000200110200001000000002
0000000000200000100000000000022000202
0000100000002000010000200102000100001
1000002200000000000000002000200000011
0010110000200020000000000000000000000
1000002001000102000000000010000001000
0020000002000000000000000000000100001
2000202000000200001200000000200000012
0010000000002100000000200000010010000
0020010000000010010200000122000000202
2000000000020010000000000200000001210
0000000000000210000000000000000000000
0000000000020000000000000000000100000
1000000000020000000000001000000000000
0200020200002000000000000000001000001
0000200000000000000000000000010022002
2000000000010000000020001010022000000
0200200000000100001000000000000001000
0000101001101000000000000200000001000
