37 2
0011000100000000000020000100010000000
0010001200000000000020000000200100000
0000000000000000000000200000210000000
0120000000000000001200000001000000002
0200000000000222020020000000000000000
0000020100000001000000000000000000000
0101000001201000100000002110200000000
0100200111200000012000000020100000000
2000000000000000000000000200000010000
0020210000000000000000000000000000001
0000000000000000000020202000000000000
0000000000000000000000000001200000000
0000000000102220000100100000000000002
0000010001000000000000000000000001110
0000100000020200100000200000020200020
0000000000000100002000000000000000000
0200002000100000001100000000000020001
0020000000000000000200020100000000000
0200000020000000100001020000000000010
2000200000000000000000000020000200000
0000010200000002000000000012000020000
0000000000000000110010000010000002100
0000010000000000000000000000000001000
1000000000000002200000110000100000000
0000000000000000001111000001000000000
0000002000000000001000000000001000200
0000100000000000000000000000020000000
2200000200020202000000000000101000000
0000000000000000022010020020100000020
0002010102100000000000000000000000000
0000000000000010000012000000000000000
0000200000000000000220000200000000000
0200102010000000010000000000020000110
0000100000000000000010000002200010000
0010000000000102000000010000000111000
0022010000000020200020002000020001002
0000001000002100220001010000000000000
