37 2
0101000000020000000000000010000000000
0000000010202020000000000202000000000
0000200002000000000011000010000020000
2000002002000220000001100100000000020
0000000000120000021000000000002010000
0000010100001000002000011000000002000
0000100000100000210000000010000000000
0000000000000020000000010000000010000
0000000000001000000010000200001000000
0000210010000010000000000000000100000
0010020002001010000000002000210000000
0002000200000100000012000002000002001
0002002000200010000000000012000000000
0000000010000000020000000000000001010
0000000001100000000000200200002000100
0000000000000000000000000200000000000
0000000000000000000000000000000000220
0000000000000000000120001000000010000
2200100100000000020000000000000000002
0000020000022201000000000000000000000
0000000000000000000000000200000000022
0000000000000000010001000000020000000
0000020020000000000000000000000000101
0002000222000020101000000200101001000
0000000000000000100010000000200000000
0000001000000002000002000000000020010
0000002020000000000000010001000010000
0012000000000000000000000200000000000
2020021000010000000000000000000020200
0000000000000100000101200002000010200
0020000200000000000002100000000000000
1020000000000000000001000000002000000
0000002000100000000000000100200200010
2000000002010202100000011100000020000
0100000001001100010000002020010000000
1000112000000001020000000000000000020
0100001000000000010000020100000000000
