37 2
0002000000000102000000000220010000100
0000000020002001000000001000000001000
0220112020002000000200000000001010000
0000000000020000002000010000020000000
0220022000000002210001000220010010000
0202002000011002000000020000000020200
0000000000220000000111001000000000000
0000000000000000000000000000000020101
0100000000101000000000000100000200000
0000000000020000000200010000010200000
2000000000000000000000000010000000000
0000000001002000000020100000002000002
0020000001000000000000200000010200000
0100000002100002000001000000000000100
0000010000000000000000000000000000002
0000000000000010000010000000000000000
0200000000010000000010020000002000000
2001000000200000002001002000000000000
0000000002000000000020000000200002000
0000210000000000001010010111001102000
2000000000000000020000000001201020200
2010020000000000100000000002000100000
0020020002100001000020000000000000010
0000000000100000000000100000000000001
0000000000000000001000020000000202000
0000020000020000022000000010000001000
0000000000100021010000000000200002000
0000000000000001000000000002001100000
0000000000000000000000001000000010000
0010000000100000100000000010000002100
0100000200000000000020000100200000000
2100000000020000000000002000000002000
2001000000001000002000000010000000100
2000000000000000001000000000001000000
0000000000000200011200000100100000000
0001000000000000010000000010000020020
2000000000001000000000000100100000000
