36
4 14 11 21 16 16 9 9 
9 14 11 16 13 14 11 12 
10 17 9 18 14 23 15 22 
11 9 9 9 9 12 11 12 
11 13 15 13 15 12 11 12 
11 20 14 20 14 16 11 16 
12 18 14 16 11 13 9 15 
13 7 11 9 15 13 17 11 
13 15 13 14 9 14 9 15 
14 22 15 22 15 20 14 20 
16 26 18 24 14 20 12 22 
17 8 14 11 15 12 18 9 
18 10 18 13 20 13 20 10 
18 23 22 19 19 16 15 20 
19 11 24 16 25 15 20 10 
19 14 24 19 25 18 20 13 
19 19 22 19 22 16 19 16 
20 24 22 26 26 22 24 20 
23 16 23 19 24 19 24 16 
23 26 23 19 22 19 22 26 
24 25 25 25 25 20 24 20 
25 13 25 15 26 15 26 13 
26 18 26 16 25 16 25 18 
27 20 26 19 25 20 26 21 
28 22 22 16 19 19 25 25 
9 22 12 22 12 18 9 18 
12 23 14 23 14 22 12 22 
14 8 14 11 17 11 17 8 
14 26 16 26 16 23 14 23 
17 14 19 14 19 11 17 11 
18 15 19 14 18 13 17 14 
18 26 20 24 16 20 14 22 
20 23 18 23 18 24 20 24 
21 22 20 23 23 26 24 25 
28 21 26 21 26 22 28 22 
15 15 18 15 18 13 15 13 
