50
6 19 13 26 17 22 10 15 
9 26 9 27 13 27 13 26 
10 21 11 22 12 21 11 20 
10 22 11 22 11 21 10 21 
11 14 11 20 14 20 14 14 
11 23 14 23 14 22 11 22 
11 29 13 27 11 25 9 27 
12 15 15 18 18 15 15 12 
12 18 15 18 15 16 12 16 
12 19 14 21 17 18 15 16 
12 22 11 21 10 22 11 23 
14 11 17 11 17 9 14 9 
14 12 10 16 12 18 16 14 
14 18 16 16 14 14 12 16 
15 8 14 9 19 14 20 13 
15 21 21 15 20 14 14 20 
15 22 14 23 16 25 17 24 
15 24 17 24 17 22 15 22 
16 12 15 12 15 14 16 14 
16 15 18 17 22 13 20 11 
16 29 16 25 11 25 11 29 
17 13 20 13 20 11 17 11 
17 20 18 21 21 18 20 17 
17 21 18 21 18 20 17 20 
17 25 18 24 15 21 14 22 
18 12 17 11 16 12 17 13 
18 14 16 14 16 15 18 15 
18 18 20 18 20 17 18 17 
18 25 18 24 17 24 17 25 
19 21 18 20 17 21 18 22 
19 22 19 21 18 21 18 22 
19 26 23 26 23 24 19 24 
20 21 21 21 21 18 20 18 
20 25 19 24 18 25 19 26 
21 11 21 13 22 13 22 11 
21 14 21 13 20 13 20 14 
22 20 25 20 25 18 22 18 
22 25 23 24 20 21 19 22 
23 14 21 14 21 15 23 15 
24 12 24 15 25 15 25 12 
24 20 27 17 25 15 22 18 
25 17 23 15 20 18 22 20 
27 12 26 11 25 12 26 13 
9 19 12 19 12 18 9 18 
10 11 9 12 11 14 12 13 
10 12 14 12 14 11 10 11 
10 13 10 15 12 15 12 13 
15 20 14 20 14 21 15 21 
25 16 25 17 27 17 27 16 
27 14 26 13 24 15 25 16 
