59
4 16 10 22 15 17 9 11 
8 19 10 21 11 20 9 18 
8 20 11 20 11 19 8 19 
9 16 10 17 12 15 11 14 
9 17 9 18 10 18 10 17 
9 23 12 26 13 25 10 22 
12 9 12 13 13 13 13 9 
12 10 17 15 18 14 13 9 
12 19 17 24 19 22 14 17 
12 21 19 21 19 19 12 19 
12 22 12 21 10 21 10 22 
13 10 11 12 12 13 14 11 
13 17 11 19 14 22 16 20 
13 22 14 22 14 17 13 17 
14 13 13 13 13 14 14 14 
14 16 18 16 18 14 14 14 
14 20 16 22 18 20 16 18 
14 24 16 24 16 22 14 22 
14 25 14 24 13 24 13 25 
15 15 19 11 18 10 14 14 
15 20 19 24 21 22 17 18 
15 25 16 24 15 23 14 24 
16 15 16 18 17 18 17 15 
17 22 17 24 19 24 19 22 
18 12 21 12 21 10 18 10 
18 17 24 17 24 16 18 16 
19 8 14 13 16 15 21 10 
19 15 18 16 21 19 22 18 
19 26 27 26 27 24 19 24 
20 14 23 14 23 13 20 13 
20 15 20 19 21 19 21 15 
20 21 20 22 21 22 21 21 
21 25 21 23 15 23 15 25 
22 12 20 14 21 15 23 13 
22 15 23 14 21 12 20 13 
22 17 20 15 18 17 20 19 
22 19 22 20 23 20 23 19 
22 22 21 21 20 22 21 23 
22 25 23 25 23 22 22 22 
22 29 26 25 23 22 19 26 
23 15 25 15 25 14 23 14 
23 17 25 19 26 18 24 16 
23 27 27 23 25 21 21 25 
25 18 24 17 22 19 23 20 
25 23 27 23 27 22 25 22 
25 25 23 25 23 27 25 27 
26 15 25 15 25 18 26 18 
27 14 26 13 25 14 26 15 
27 19 25 19 25 21 27 21 
27 25 25 23 23 25 25 27 
28 20 27 19 26 20 27 21 
4 11 4 16 9 16 9 11 
9 22 9 23 10 23 10 22 
11 22 10 21 9 22 10 23 
14 8 14 11 19 11 19 8 
14 19 12 21 13 22 15 20 
15 18 15 20 16 20 16 18 
21 29 22 29 22 25 21 25 
28 18 26 18 26 20 28 20 
