47
8 22 9 23 11 21 10 20 
8 23 9 23 9 22 8 22 
9 10 16 10 16 9 9 9 
9 16 13 16 13 14 9 14 
10 21 9 22 11 24 12 23 
10 24 11 24 11 21 10 21 
10 25 10 24 9 24 9 25 
11 8 9 10 13 14 15 12 
11 14 10 15 12 17 13 16 
11 27 12 26 10 24 9 25 
12 15 12 17 15 17 15 15 
12 24 11 24 11 26 12 26 
12 25 11 24 10 25 11 26 
12 27 14 27 14 26 12 26 
14 25 16 25 16 14 14 14 
15 13 14 14 15 15 16 14 
15 19 17 19 17 17 15 17 
15 25 13 23 12 24 14 26 
16 11 19 11 19 10 16 10 
16 13 17 14 20 11 19 10 
16 24 21 19 20 18 15 23 
16 26 22 26 22 25 16 25 
17 12 17 13 24 13 24 12 
17 20 22 25 24 23 19 18 
17 21 26 21 26 20 17 20 
18 14 15 17 17 19 20 16 
18 18 19 18 19 14 18 14 
18 25 26 17 25 16 17 24 
18 28 22 24 20 22 16 26 
19 22 20 22 20 18 19 18 
22 11 24 13 25 12 23 10 
22 14 23 15 25 13 24 12 
23 9 23 10 24 10 24 9 
24 8 23 9 24 10 25 9 
24 16 25 16 25 13 24 13 
25 17 26 17 26 16 25 16 
26 9 25 9 25 12 26 12 
8 15 9 16 10 15 9 14 
8 17 16 25 17 24 9 16 
12 13 15 13 15 12 12 12 
13 17 15 19 17 17 15 15 
13 19 13 23 15 23 15 19 
20 14 22 14 22 11 20 11 
22 18 24 16 23 15 21 17 
7 13 13 19 15 17 9 11 
8 16 8 17 9 17 9 16 
13 13 12 12 8 16 9 17 
