32
6 14 13 21 17 17 10 10 
6 16 18 16 18 14 6 14 
8 11 14 17 16 15 10 9 
9 14 10 15 12 13 11 12 
10 27 13 27 13 26 10 26 
12 12 11 12 11 13 12 13 
12 22 13 23 14 22 13 21 
12 25 17 20 14 17 9 22 
13 22 16 25 18 23 15 20 
14 21 13 21 13 22 14 22 
15 9 10 9 10 10 15 10 
15 17 15 20 17 20 17 17 
16 21 16 25 17 25 17 21 
19 21 23 21 23 18 19 18 
20 14 20 25 22 25 22 14 
20 21 21 22 24 19 23 18 
20 23 22 25 23 24 21 22 
21 17 24 14 21 11 18 14 
21 27 21 22 14 22 14 27 
22 13 23 14 24 13 23 12 
22 18 19 21 24 26 27 23 
23 13 23 14 24 14 24 13 
25 19 20 14 18 16 23 21 
26 15 26 9 16 9 16 15 
27 15 26 15 26 23 27 23 
4 18 10 24 12 22 6 16 
4 22 9 22 9 18 4 18 
5 21 4 22 9 27 10 26 
9 15 13 19 15 17 11 13 
9 25 12 25 12 22 9 22 
11 28 13 26 12 25 10 27 
24 20 25 20 25 19 24 19 
