30
6 23 9 26 14 21 11 18 
8 10 9 11 10 10 9 9 
8 12 10 14 11 13 9 11 
8 24 9 24 9 12 8 12 
9 10 10 10 10 9 9 9 
10 17 11 17 11 14 10 14 
11 10 10 10 10 13 11 13 
11 22 14 25 15 24 12 21 
12 11 11 10 9 12 10 13 
12 18 20 10 19 9 11 17 
12 25 14 25 14 21 12 21 
13 10 19 10 19 9 13 9 
13 15 13 18 20 18 20 15 
17 25 21 25 21 22 17 22 
19 13 20 13 20 10 19 10 
20 24 21 25 27 19 26 18 
20 26 20 24 15 24 15 26 
21 27 22 27 22 25 21 25 
22 14 22 23 25 23 25 14 
22 17 25 14 24 13 21 16 
22 26 21 25 20 26 21 27 
24 19 27 19 27 13 24 13 
24 21 24 19 17 19 17 21 
27 24 24 21 22 23 25 26 
8 11 9 11 9 10 8 10 
10 18 10 22 11 22 11 18 
12 10 12 11 13 11 13 10 
14 10 13 9 12 10 13 11 
19 20 21 22 24 19 22 17 
15 16 13 18 17 22 19 20 
