69
5 13 10 18 14 14 9 9 
5 15 10 15 10 13 5 13 
5 21 9 25 14 20 10 16 
6 16 10 12 9 11 5 15 
6 18 10 18 10 16 6 16 
9 10 11 10 11 9 9 9 
9 14 10 15 11 14 10 13 
10 20 11 21 16 16 15 15 
10 22 14 26 15 25 11 21 
10 24 9 24 9 25 10 25 
11 18 14 21 18 17 15 14 
11 20 10 20 10 21 11 21 
11 22 12 21 11 20 10 21 
12 20 12 21 14 21 14 20 
12 22 12 21 11 21 11 22 
12 24 17 24 17 23 12 23 
13 22 16 25 17 24 14 21 
14 10 11 10 11 13 14 13 
14 15 14 14 11 14 11 15 
15 9 15 14 18 14 18 9 
15 17 18 17 18 15 15 15 
15 18 15 25 16 25 16 18 
16 11 17 12 19 10 18 9 
16 20 17 21 18 20 17 19 
16 26 17 27 19 25 18 24 
17 10 17 12 19 12 19 10 
17 18 19 18 19 13 17 13 
18 6 15 9 19 13 22 10 
18 13 21 16 22 15 19 12 
18 26 21 26 21 24 18 24 
19 17 22 20 25 17 22 14 
19 19 22 19 22 18 19 18 
19 21 24 26 25 25 20 20 
20 25 21 26 22 25 21 24 
21 11 16 11 16 16 21 16 
21 12 18 15 22 19 25 16 
21 17 22 16 19 13 18 14 
22 11 24 11 24 10 22 10 
22 17 22 16 21 16 21 17 
22 23 22 25 25 25 25 23 
22 26 25 23 22 20 19 23 
22 27 22 26 21 26 21 27 
23 16 22 17 25 20 26 19 
23 17 25 17 25 16 23 16 
23 20 23 22 25 22 25 20 
24 9 22 11 24 13 26 11 
24 12 25 13 27 11 26 10 
24 21 25 22 26 21 25 20 
24 23 26 25 27 24 25 22 
24 27 25 27 25 26 24 26 
25 12 24 12 24 13 25 13 
25 21 26 20 23 17 22 18 
25 28 26 27 25 26 24 27 
26 14 22 14 22 15 26 15 
26 28 26 27 25 27 25 28 
27 10 26 10 26 11 27 11 
27 19 26 19 26 20 27 20 
27 27 26 26 25 27 26 28 
5 22 10 22 10 21 5 21 
15 10 13 12 14 13 16 11 
17 22 19 22 19 21 17 21 
18 19 22 23 23 22 19 18 
19 20 19 19 18 19 18 20 
19 27 20 27 20 25 19 25 
20 23 23 20 22 19 19 22 
21 28 22 27 21 26 20 27 
20 22 19 22 19 23 20 23 
20 28 21 28 21 27 20 27 
20 26 19 27 20 28 21 27 
