76
5 22 9 26 17 18 13 14 
7 19 10 22 12 20 9 17 
8 13 9 14 11 12 10 11 
8 14 12 18 13 17 9 13 
8 17 9 17 9 14 8 14 
9 12 9 13 11 13 11 12 
9 18 9 20 12 20 12 18 
9 21 9 26 15 26 15 21 
10 9 10 11 11 11 11 9 
10 12 11 13 12 12 11 11 
10 21 14 17 13 16 9 20 
10 23 12 25 13 24 11 22 
10 27 11 27 11 23 10 23 
11 14 13 14 13 13 11 13 
12 10 12 12 17 12 17 10 
12 14 14 16 15 15 13 13 
13 18 13 19 15 19 15 18 
13 21 11 23 12 24 14 22 
13 25 13 24 12 24 12 25 
14 9 14 11 15 11 15 9 
14 12 15 11 13 9 12 10 
14 14 13 14 13 16 14 16 
14 25 15 26 18 23 17 22 
14 27 14 25 13 25 13 27 
15 8 14 9 16 11 17 10 
15 12 16 13 17 12 16 11 
15 14 15 15 16 15 16 14 
15 17 16 18 17 17 16 16 
15 22 17 20 15 18 13 20 
16 17 16 18 17 18 17 17 
16 20 16 22 17 22 17 20 
17 14 20 14 20 12 17 12 
17 19 16 18 15 19 16 20 
17 21 16 20 15 21 16 22 
17 23 20 26 23 23 20 20 
18 11 21 14 22 13 19 10 
18 19 18 20 19 20 19 19 
18 22 17 22 17 23 18 23 
18 25 19 26 21 24 20 23 
19 9 19 10 20 10 20 9 
19 11 19 10 18 10 18 11 
19 13 20 14 21 13 20 12 
19 15 16 15 16 16 19 16 
19 23 20 23 20 22 19 22 
19 25 19 23 18 23 18 25 
19 27 20 27 20 26 19 26 
20 15 18 13 17 14 19 16 
20 18 22 20 24 18 22 16 
20 28 21 27 20 26 19 27 
21 11 19 11 19 13 21 13 
21 15 21 14 20 14 20 15 
21 16 21 20 22 20 22 16 
21 23 23 21 22 20 20 22 
21 28 21 27 20 27 20 28 
22 11 22 13 23 13 23 11 
22 12 23 13 24 12 23 11 
22 17 19 20 22 23 25 20 
22 19 19 16 18 17 21 20 
22 21 23 21 23 20 22 20 
22 24 22 23 21 23 21 24 
23 24 20 27 21 28 24 25 
23 25 25 27 27 25 25 23 
24 23 25 23 25 20 24 20 
24 24 24 25 27 25 27 24 
25 11 25 10 24 10 24 11 
25 16 24 16 24 18 25 18 
25 22 23 20 22 21 24 23 
26 8 24 10 25 11 27 9 
26 27 26 23 25 23 25 27 
10 26 11 27 13 25 12 24 
12 29 14 27 12 25 10 27 
15 13 16 14 19 11 18 10 
15 16 14 16 14 17 15 17 
20 16 21 15 20 14 19 15 
22 25 23 25 23 24 22 24 
19 18 20 18 20 16 19 16 
