64
7 19 9 21 11 19 9 17 
7 21 9 21 9 19 7 19 
8 22 11 25 12 24 9 21 
9 25 9 27 10 27 10 25 
10 12 10 16 12 16 12 12 
10 15 12 17 13 16 11 14 
10 19 11 20 12 19 11 18 
10 20 11 20 11 19 10 19 
10 22 10 23 12 23 12 22 
11 13 12 12 11 11 10 12 
11 17 12 16 11 15 10 16 
11 21 12 22 13 21 12 20 
11 26 13 24 12 23 10 25 
12 21 12 20 11 20 11 21 
12 25 13 25 13 24 12 24 
12 26 12 25 11 25 11 26 
13 17 13 18 17 18 17 17 
14 13 14 11 11 11 11 13 
14 15 14 14 11 14 11 15 
14 18 13 17 12 18 13 19 
14 22 17 22 17 20 14 20 
15 13 16 13 16 12 15 12 
15 14 14 15 17 18 18 17 
15 20 16 21 17 20 16 19 
16 14 15 14 15 19 16 19 
16 18 17 19 18 18 17 17 
16 20 14 22 17 25 19 23 
16 27 19 24 17 22 14 25 
17 12 19 14 21 12 19 10 
17 13 16 12 15 13 16 14 
17 14 21 18 23 16 19 12 
17 24 17 25 19 25 19 24 
18 12 19 12 19 10 18 10 
18 13 18 12 17 12 17 13 
18 16 18 17 23 17 23 16 
18 21 21 21 21 19 18 19 
18 27 18 21 16 21 16 27 
19 9 18 10 21 13 22 12 
19 13 21 13 21 12 19 12 
19 15 26 15 26 14 19 14 
20 16 23 19 26 16 23 13 
20 20 21 21 22 20 21 19 
20 22 22 24 23 23 21 21 
21 9 18 12 19 13 22 10 
21 23 20 23 20 24 21 24 
22 13 23 13 23 12 22 12 
22 18 22 13 21 13 21 18 
22 19 22 20 23 20 23 19 
22 21 20 23 21 24 23 22 
22 23 22 24 23 24 23 23 
25 16 26 15 23 12 22 13 
25 18 24 17 22 19 23 20 
26 11 26 10 22 10 22 11 
26 18 26 16 25 16 25 18 
26 23 26 24 27 24 27 23 
9 18 11 18 11 17 9 17 
9 22 10 23 12 21 11 20 
10 28 12 26 11 25 9 27 
13 12 14 13 15 12 14 11 
16 28 16 27 10 27 10 28 
19 17 20 16 19 15 18 16 
19 22 22 19 21 18 18 21 
16 22 13 25 16 28 19 25 
17 23 19 23 19 22 17 22 
