29
9 17 9 19 14 19 14 17 
10 13 14 17 17 14 13 10 
10 14 17 14 17 13 10 13 
12 10 12 26 13 26 13 10 
12 18 16 22 21 17 17 13 
13 13 9 17 16 24 20 20 
14 20 20 20 20 19 14 19 
15 7 12 10 14 12 17 9 
15 29 19 25 16 22 12 26 
16 9 15 10 18 13 19 12 
16 11 17 11 17 9 16 9 
17 12 19 12 19 11 17 11 
17 17 17 18 21 18 21 17 
18 31 25 24 20 19 13 26 
19 29 27 21 24 18 16 26 
20 14 23 17 24 16 21 13 
20 23 20 25 26 25 26 23 
20 27 20 25 19 25 19 27 
22 12 22 9 20 9 20 12 
23 7 15 7 15 10 23 10 
23 8 22 9 23 10 24 9 
23 11 25 11 25 10 23 10 
23 14 16 21 18 23 25 16 
24 8 23 7 19 11 20 12 
25 18 25 16 24 16 24 18 
25 22 16 22 16 24 25 24 
15 27 15 29 19 29 19 27 
19 14 20 14 20 12 19 12 
8 20 15 27 16 26 9 19 
