85
6 15 9 18 12 15 9 12 
8 12 9 13 10 12 9 11 
8 13 9 13 9 12 8 12 
8 14 10 16 11 15 9 13 
8 16 9 16 9 14 8 14 
8 24 9 25 11 23 10 22 
9 20 9 21 10 21 10 20 
9 22 9 25 10 25 10 22 
10 9 10 10 11 10 11 9 
10 17 10 16 9 16 9 17 
10 23 11 24 15 20 14 19 
11 11 12 11 12 10 11 10 
11 14 11 15 12 15 12 14 
11 19 10 20 11 21 12 20 
12 16 13 16 13 15 12 15 
12 18 13 19 16 16 15 15 
12 25 12 27 17 27 17 25 
13 11 15 13 16 12 14 10 
13 12 14 13 17 10 16 9 
13 18 12 17 9 20 10 21 
13 20 13 21 15 21 15 20 
13 23 11 23 11 24 13 24 
14 14 15 14 15 13 14 13 
14 16 14 19 15 19 15 16 
14 20 15 21 16 20 15 19 
14 22 13 21 12 22 13 23 
14 27 15 26 13 24 12 25 
14 29 18 25 16 23 12 27 
15 12 16 12 16 9 15 9 
15 18 16 19 17 18 16 17 
15 29 17 27 13 23 11 25 
16 15 16 14 15 14 15 15 
17 14 17 18 19 18 19 14 
17 23 16 24 17 25 18 24 
17 24 17 23 16 23 16 24 
18 10 18 9 17 9 17 10 
18 15 23 20 24 19 19 14 
18 16 18 15 16 15 16 16 
18 20 18 22 19 22 19 20 
18 23 19 24 20 23 19 22 
19 17 21 15 20 14 18 16 
19 21 18 22 19 23 20 22 
19 27 19 25 18 25 18 27 
20 17 23 17 23 14 20 14 
20 21 25 16 24 15 19 20 
20 24 20 23 19 23 19 24 
20 29 20 26 15 26 15 29 
21 11 21 12 24 12 24 11 
21 19 24 19 24 15 21 15 
21 25 20 24 19 25 20 26 
22 21 22 18 20 18 20 21 
22 22 24 22 24 21 22 21 
22 23 22 26 25 26 25 23 
23 8 22 9 24 11 25 10 
23 22 24 21 23 20 22 21 
23 23 24 24 25 23 24 22 
24 13 27 13 27 12 24 12 
24 20 26 22 27 21 25 19 
24 25 22 23 18 27 20 29 
25 11 24 12 26 14 27 13 
25 14 27 12 26 11 24 13 
26 10 25 10 25 11 26 11 
26 16 26 14 25 14 25 16 
26 26 27 26 27 23 26 23 
6 19 11 19 11 15 6 15 
10 18 12 18 12 17 10 17 
11 17 10 16 9 17 10 18 
11 26 12 25 11 24 10 25 
12 12 13 11 12 10 11 11 
12 19 13 19 13 18 12 18 
13 13 12 14 13 15 14 14 
14 15 15 16 16 15 15 14 
17 19 18 20 20 18 19 17 
17 20 17 19 16 19 16 20 
21 24 21 25 24 25 24 24 
22 11 21 12 23 14 24 13 
22 24 23 23 22 22 21 23 
23 21 24 20 22 18 21 19 
24 28 26 26 24 24 22 26 
10 26 11 26 11 25 10 25 
11 20 12 20 12 19 11 19 
12 13 13 13 13 12 12 12 
11 12 12 13 13 12 12 11 
10 11 10 12 11 12 11 11 
9 10 10 11 11 10 10 9 
