71
6 20 9 23 13 19 10 16 
6 23 9 23 9 20 6 20 
7 23 9 25 13 21 11 19 
7 24 10 21 9 20 6 23 
8 26 9 27 10 26 9 25 
9 14 10 14 10 13 9 13 
9 19 11 19 11 18 9 18 
9 26 10 26 10 25 9 25 
10 12 11 12 11 10 10 10 
10 20 10 21 13 21 13 20 
11 11 10 10 9 11 10 12 
11 13 10 12 9 13 10 14 
11 23 12 23 12 19 11 19 
11 24 13 26 14 25 12 23 
12 11 18 17 20 15 14 9 
12 14 13 15 15 13 14 12 
12 16 12 14 10 14 10 16 
13 12 13 15 14 15 14 12 
13 14 14 15 19 10 18 9 
13 18 13 19 15 19 15 18 
14 17 10 13 9 14 13 18 
14 19 13 18 12 19 13 20 
14 21 13 21 13 25 14 25 
15 15 16 16 19 13 18 12 
15 17 16 18 17 17 16 16 
15 20 16 21 18 19 17 18 
15 21 16 21 16 20 15 20 
16 12 16 16 18 16 18 12 
16 17 16 18 17 18 17 17 
16 24 19 27 21 25 18 22 
17 19 16 18 15 19 16 20 
17 22 18 22 18 19 17 19 
17 25 17 27 19 27 19 25 
18 26 18 24 16 24 16 26 
19 11 20 11 20 10 19 10 
19 15 19 13 15 13 15 15 
19 16 20 16 20 15 19 15 
19 17 19 16 18 16 18 17 
19 18 19 21 22 21 22 18 
20 18 21 17 20 16 19 17 
20 20 19 21 23 25 24 24 
20 21 19 22 20 23 21 22 
21 7 16 12 19 15 24 10 
21 15 23 15 23 14 21 14 
21 16 21 17 22 17 22 16 
21 20 22 21 26 17 25 16 
21 24 23 26 24 25 22 23 
21 26 23 26 23 25 21 25 
22 10 24 10 24 9 22 9 
22 14 21 15 22 16 23 15 
22 15 23 14 22 13 21 14 
22 20 23 19 22 18 21 19 
23 16 22 15 21 16 22 17 
23 17 25 17 25 16 23 16 
23 21 22 20 18 24 19 25 
23 23 26 23 26 21 23 21 
24 16 23 17 24 18 25 17 
24 22 24 24 27 24 27 22 
25 10 24 10 24 12 25 12 
25 13 26 13 26 12 25 12 
25 22 26 23 27 22 26 21 
7 17 9 19 12 16 10 14 
8 27 9 27 9 26 8 26 
9 24 11 24 11 23 9 23 
10 11 11 12 12 11 11 10 
10 23 9 24 10 25 11 24 
19 24 21 24 21 22 19 22 
20 19 20 20 21 20 21 19 
20 25 21 24 20 23 19 24 
25 11 24 12 25 13 26 12 
6 25 8 27 9 26 7 24 
