30
9 16 9 18 14 18 14 16 
11 18 10 17 9 18 10 19 
12 18 14 16 11 13 9 15 
13 18 18 23 21 20 16 15 
14 24 22 24 22 18 14 18 
15 19 15 17 10 17 10 19 
15 29 17 27 14 24 12 26 
16 11 17 12 18 11 17 10 
16 12 16 14 17 14 17 12 
16 13 17 14 18 13 17 12 
16 18 15 17 14 18 15 19 
17 17 19 15 18 14 16 16 
17 23 17 27 18 27 18 23 
18 10 17 10 17 11 18 11 
18 15 19 15 19 14 18 14 
18 16 18 15 16 15 16 16 
20 13 22 15 25 12 23 10 
20 20 20 23 21 23 21 20 
22 19 23 18 19 14 18 15 
23 14 23 18 26 18 26 14 
23 20 20 23 23 26 26 23 
23 29 26 26 20 20 17 23 
24 20 23 20 23 26 24 26 
25 19 26 18 18 10 17 11 
25 21 24 20 21 23 22 24 
25 25 25 21 10 21 10 25 
27 23 26 23 26 26 27 26 
6 17 10 21 13 18 9 14 
15 26 15 29 23 29 23 26 
20 11 18 11 18 13 20 13 
