74
7 18 9 20 11 18 9 16 
7 20 9 20 9 18 7 18 
9 10 9 11 12 11 12 10 
9 12 9 16 11 16 11 12 
9 13 10 14 13 11 12 10 
9 15 17 23 18 22 10 14 
9 21 10 21 10 20 9 20 
9 22 9 23 10 23 10 22 
10 10 9 11 13 15 14 14 
11 19 14 16 13 15 10 18 
11 21 10 20 9 21 10 22 
11 22 12 23 13 22 12 21 
11 24 13 26 14 25 12 23 
12 7 10 9 12 11 14 9 
12 15 13 15 13 11 12 11 
12 18 12 21 18 21 18 18 
12 22 12 21 11 21 11 22 
12 24 10 22 9 23 11 25 
12 25 12 24 11 24 11 25 
13 18 11 16 9 18 11 20 
13 23 13 22 12 22 12 23 
13 27 13 26 11 26 11 27 
14 17 14 25 15 25 15 17 
15 15 17 15 17 13 15 13 
15 24 17 26 18 25 16 23 
16 12 17 13 18 12 17 11 
16 22 16 23 17 23 17 22 
16 26 18 24 17 23 15 25 
17 12 17 11 16 11 16 12 
17 17 12 22 13 23 18 18 
17 25 17 26 18 26 18 25 
18 10 18 9 14 9 14 10 
18 17 23 17 23 12 18 12 
18 23 18 24 19 24 19 23 
19 8 18 9 22 13 23 12 
19 13 17 15 21 19 23 17 
19 16 18 17 24 23 25 22 
19 19 21 19 21 16 19 16 
19 20 19 19 11 19 11 20 
19 22 18 21 17 22 18 23 
19 27 21 25 20 24 18 26 
20 20 22 22 23 21 21 19 
20 22 20 24 22 24 22 22 
20 27 20 24 19 24 19 27 
21 23 22 24 23 23 22 22 
22 8 19 8 19 13 22 13 
22 15 21 16 24 19 25 18 
22 20 22 15 20 15 20 20 
22 29 24 27 22 25 20 27 
23 11 24 12 26 10 25 9 
23 27 24 27 24 23 23 23 
24 10 23 10 23 11 24 11 
24 15 26 15 26 13 24 13 
24 22 25 22 25 19 24 19 
25 16 24 15 19 20 20 21 
25 25 27 25 27 22 25 22 
25 29 25 25 22 25 22 29 
26 21 27 21 27 15 26 15 
26 24 25 25 26 26 27 25 
27 12 27 11 24 11 24 12 
28 16 27 15 24 18 25 19 
28 18 28 16 25 16 25 18 
8 21 9 22 10 21 9 20 
13 16 17 12 16 11 12 15 
14 12 15 13 16 12 15 11 
14 15 13 15 13 16 14 16 
16 14 16 12 14 12 14 14 
16 16 17 15 16 14 15 15 
16 25 15 25 15 26 16 26 
19 21 20 21 20 20 19 20 
20 10 21 11 23 9 22 8 
25 10 24 11 26 13 27 12 
26 9 25 9 25 10 26 10 
18 20 19 21 20 20 19 19 
