53
9 9 9 14 10 14 10 9 
9 15 11 17 12 16 10 14 
9 17 9 19 11 19 11 17 
9 21 9 26 12 26 12 21 
9 24 10 25 13 22 12 21 
11 10 11 12 12 12 12 10 
11 14 15 14 15 13 11 13 
11 21 10 22 14 26 15 25 
12 6 9 9 12 12 15 9 
12 17 12 19 15 19 15 17 
12 27 14 27 14 26 12 26 
13 14 11 12 9 14 11 16 
13 24 13 22 10 22 10 24 
14 16 14 21 17 21 17 16 
14 19 17 16 15 14 12 17 
15 7 12 10 14 12 17 9 
15 15 12 12 11 13 14 16 
15 20 14 21 18 25 19 24 
16 7 15 7 15 9 16 9 
16 16 15 17 20 22 21 21 
16 19 20 15 15 10 11 14 
16 20 15 20 15 25 16 25 
16 27 18 27 18 25 16 25 
16 29 18 27 16 25 14 27 
16 30 21 25 17 21 12 26 
17 15 20 15 20 9 17 9 
17 22 20 22 20 21 17 21 
18 29 20 27 18 25 16 27 
18 30 18 29 16 29 16 30 
19 10 19 12 22 12 22 10 
20 8 15 13 17 15 22 10 
20 14 15 19 16 20 21 15 
20 16 21 16 21 15 20 15 
20 19 22 17 21 16 19 18 
21 20 26 20 26 16 21 16 
22 14 25 17 26 16 23 13 
22 21 23 21 23 17 22 17 
22 23 22 21 21 21 21 23 
22 24 24 22 23 21 21 23 
23 12 20 9 19 10 22 13 
23 14 23 13 22 13 22 14 
23 23 22 23 22 24 23 24 
24 18 26 20 27 19 25 17 
24 19 24 18 20 18 20 19 
24 21 27 21 27 19 24 19 
25 22 24 21 22 23 23 24 
25 27 25 22 24 22 24 27 
26 24 23 24 23 26 26 26 
7 19 9 21 11 19 9 17 
10 16 11 16 11 14 10 14 
11 28 12 27 10 25 9 26 
19 20 20 21 21 20 20 19 
19 26 22 26 22 24 19 24 
