34
9 13 11 15 12 14 10 12 
9 16 9 17 16 17 16 16 
9 18 9 19 12 19 12 18 
9 23 11 25 15 21 13 19 
10 14 12 14 12 12 10 12 
12 15 22 15 22 14 12 14 
12 20 13 20 13 19 12 19 
12 23 12 25 19 25 19 23 
13 14 12 15 15 18 16 17 
15 11 15 12 16 12 16 11 
16 8 12 12 16 16 20 12 
16 10 15 11 16 12 17 11 
17 10 16 11 21 16 22 15 
17 13 24 13 24 11 17 11 
17 22 17 17 16 17 16 22 
17 25 19 23 18 22 16 24 
18 20 16 22 19 25 21 23 
19 20 21 20 21 16 19 16 
19 22 19 20 18 20 18 22 
20 31 27 24 19 16 12 23 
21 15 22 16 23 15 22 14 
21 21 21 23 25 23 25 21 
22 13 24 11 23 10 21 12 
22 20 18 16 17 17 21 21 
22 26 24 26 24 20 22 20 
22 31 22 26 20 26 20 31 
23 9 23 10 24 10 24 9 
23 16 23 15 22 15 22 16 
25 17 23 19 24 20 26 18 
13 8 13 10 16 10 16 8 
16 14 17 13 16 12 15 13 
17 24 19 22 15 18 13 20 
18 24 18 22 17 22 17 24 
12 9 13 10 14 9 13 8 
