80
7 16 11 20 15 16 11 12 
7 19 13 19 13 16 7 16 
8 22 10 24 11 23 9 21 
9 12 10 12 10 9 9 9 
9 19 11 21 13 19 11 17 
9 20 9 21 11 21 11 20 
10 15 12 15 12 14 10 14 
10 27 12 27 12 25 10 25 
11 7 9 9 13 13 15 11 
11 11 15 11 15 10 11 10 
11 16 12 17 13 16 12 15 
11 18 9 20 12 23 14 21 
11 24 12 24 12 23 11 23 
11 26 12 27 13 26 12 25 
12 18 12 21 14 21 14 18 
14 14 13 13 12 14 13 15 
14 25 14 27 19 27 19 25 
15 12 18 12 18 11 15 11 
15 14 15 16 17 16 17 14 
15 17 15 19 16 19 16 17 
15 18 16 19 17 18 16 17 
15 26 15 19 13 19 13 26 
16 11 17 10 16 9 15 10 
16 13 15 12 14 13 15 14 
16 18 15 17 14 18 15 19 
18 14 18 17 20 17 20 14 
18 15 17 14 16 15 17 16 
18 20 18 21 19 21 19 20 
18 22 21 25 22 24 19 21 
19 12 20 11 19 10 18 11 
19 13 20 14 22 12 21 11 
19 22 20 21 19 20 18 21 
19 24 20 25 21 24 20 23 
20 16 22 18 23 17 21 15 
20 18 23 15 18 10 15 13 
20 22 20 21 19 21 19 22 
20 24 20 25 21 25 21 24 
20 26 19 25 18 26 19 27 
21 12 22 12 22 11 21 11 
21 13 21 15 23 15 23 13 
21 14 18 17 20 19 23 16 
21 18 21 20 22 20 22 18 
21 19 22 20 23 19 22 18 
22 13 23 12 22 11 21 12 
22 22 23 23 27 19 26 18 
22 23 22 22 20 22 20 23 
22 25 24 25 24 24 22 24 
23 20 27 20 27 19 23 19 
23 21 23 20 22 20 22 21 
24 12 24 11 23 11 23 12 
24 14 27 14 27 12 24 12 
24 17 25 18 27 16 26 15 
24 19 26 21 27 20 25 18 
24 21 22 23 24 25 26 23 
24 23 24 21 23 21 23 23 
25 15 26 15 26 13 25 13 
25 16 25 15 23 15 23 16 
25 21 26 21 26 18 25 18 
25 23 25 26 26 26 26 23 
26 14 25 13 24 14 25 15 
26 22 27 22 27 21 26 21 
26 24 27 23 26 22 25 23 
28 13 27 12 26 13 27 14 
5 17 7 19 12 14 10 12 
5 18 11 18 11 17 5 17 
8 11 9 12 11 10 10 9 
9 26 10 27 11 26 10 25 
13 14 14 14 14 13 13 13 
14 22 18 22 18 21 14 21 
16 24 18 22 16 20 14 22 
17 13 18 14 19 13 18 12 
18 13 19 13 19 12 18 12 
18 24 19 24 19 22 18 22 
19 18 19 19 20 19 20 18 
20 20 21 19 20 18 19 19 
22 19 21 20 22 21 23 20 
15 29 18 26 16 24 13 27 
16 26 18 26 18 24 16 24 
16 29 16 26 15 26 15 29 
17 28 15 26 14 27 16 29 
