44
5 15 9 19 14 14 10 10 
9 18 11 20 19 12 17 10 
9 21 13 21 13 19 9 19 
11 10 12 11 13 10 12 9 
11 12 11 10 10 10 10 12 
12 10 13 10 13 9 12 9 
12 20 13 21 14 20 13 19 
12 24 12 20 11 20 11 24 
13 18 17 18 17 10 13 10 
13 22 14 22 14 21 13 21 
13 23 16 26 17 25 14 22 
13 29 15 27 13 25 11 27 
14 13 16 13 16 9 14 9 
14 16 17 19 21 15 18 12 
15 25 15 27 17 27 17 25 
16 14 14 14 14 16 16 16 
16 29 18 27 13 22 11 24 
17 20 17 19 14 19 14 20 
18 18 19 18 19 12 18 12 
19 16 17 18 22 23 24 21 
19 21 24 21 24 19 19 19 
19 22 21 20 19 18 17 20 
20 15 20 20 21 20 21 15 
21 7 18 10 21 13 24 10 
21 11 21 13 22 13 22 11 
21 23 21 25 22 25 22 23 
21 27 21 25 18 25 18 27 
22 10 24 10 24 9 22 9 
22 17 24 17 24 14 22 14 
22 22 20 20 19 21 21 23 
22 29 22 26 16 26 16 29 
23 15 24 14 23 13 22 14 
23 18 24 17 23 16 22 17 
24 13 26 11 24 9 22 11 
25 11 25 16 26 16 26 11 
25 18 25 16 23 16 23 18 
26 19 25 18 24 19 25 20 
27 18 25 18 25 20 27 20 
5 17 9 21 14 16 10 12 
8 15 14 21 17 18 11 12 
8 17 8 15 5 15 5 17 
16 7 14 9 20 15 22 13 
20 26 21 27 22 26 21 25 
21 9 20 10 21 11 22 10 
