55
9 15 9 21 12 21 12 15 
10 12 11 12 11 10 10 10 
10 18 10 19 11 19 11 18 
10 20 12 22 13 21 11 19 
10 22 10 25 12 25 12 22 
10 23 12 25 14 23 12 21 
10 24 12 26 14 24 12 22 
11 17 15 17 15 12 11 12 
12 12 9 15 11 17 14 14 
12 14 15 17 20 12 17 9 
12 27 17 22 15 20 10 25 
13 18 14 18 14 14 13 14 
13 19 14 20 15 19 14 18 
14 7 11 10 17 16 20 13 
14 19 14 20 15 20 15 19 
15 21 14 22 19 27 20 26 
15 26 12 26 12 27 15 27 
16 27 21 22 20 21 15 26 
17 21 17 20 15 20 15 21 
17 23 17 22 14 22 14 23 
18 11 17 11 17 16 18 16 
18 17 18 18 27 18 27 17 
18 19 13 14 12 15 17 20 
19 13 19 20 20 20 20 13 
19 15 18 16 22 20 23 19 
19 18 21 20 25 16 23 14 
19 21 19 26 20 26 20 21 
20 27 23 27 23 26 20 26 
20 32 27 25 22 20 15 27 
21 9 21 12 24 12 24 9 
21 23 22 24 23 23 22 22 
22 7 14 7 14 10 22 10 
22 14 18 18 20 20 24 16 
22 19 23 19 23 14 22 14 
22 23 22 22 21 22 21 23 
23 13 26 16 27 15 24 12 
23 24 23 23 22 23 22 24 
24 18 25 19 27 17 26 16 
24 23 23 22 22 23 23 24 
25 10 26 11 27 10 26 9 
25 11 25 16 26 16 26 11 
25 22 25 19 23 19 23 22 
26 10 26 9 25 9 25 10 
27 23 24 23 24 25 27 25 
28 19 27 18 24 21 25 22 
16 26 16 27 19 27 19 26 
19 10 21 12 24 9 22 7 
19 32 20 32 20 27 19 27 
21 19 21 20 22 20 22 19 
22 25 23 26 24 25 23 24 
22 26 23 27 27 23 26 22 
24 10 25 11 26 10 25 9 
14 25 22 25 22 24 14 24 
17 34 19 32 12 25 10 27 
21 24 19 26 20 27 22 25 
