38
5 17 9 21 13 17 9 13 
5 26 10 26 10 17 5 17 
9 19 13 23 15 21 11 17 
9 24 11 24 11 23 9 23 
9 25 10 26 12 24 11 23 
10 12 13 15 14 14 11 11 
10 15 13 15 13 12 10 12 
11 10 18 10 18 9 11 9 
11 16 11 17 13 17 13 16 
11 21 15 21 15 18 11 18 
12 15 13 16 19 10 18 9 
12 17 11 16 10 17 11 18 
12 23 12 24 13 24 13 23 
12 25 13 24 12 23 11 24 
13 25 13 27 14 27 14 25 
15 13 19 17 22 14 18 10 
15 17 17 17 17 13 15 13 
15 24 16 25 19 22 18 21 
17 22 19 22 19 17 17 17 
18 14 19 14 19 10 18 10 
18 24 18 21 15 21 15 24 
19 16 22 16 22 14 19 14 
20 15 24 19 26 17 22 13 
20 20 20 23 27 23 27 20 
22 19 22 27 24 27 24 19 
23 20 20 23 24 27 27 24 
24 25 25 24 13 12 12 13 
24 26 27 23 18 14 15 17 
27 27 27 24 25 24 25 27 
28 12 25 9 17 17 20 20 
28 16 28 12 27 12 27 16 
11 25 12 25 12 24 11 24 
17 25 19 27 20 26 18 24 
18 15 19 16 20 15 19 14 
20 34 27 27 20 20 13 27 
10 34 20 34 20 26 10 26 
14 15 18 15 18 14 14 14 
16 22 16 25 17 25 17 22 
