216
10 29 16 35 20 31 14 25 
10 34 16 34 16 29 10 29 
11 40 14 43 17 40 14 37 
11 44 15 44 15 40 11 40 
12 32 10 34 14 38 16 36 
12 37 14 37 14 32 12 32 
14 26 15 27 16 26 15 25 
14 31 17 31 17 30 14 30 
15 13 14 14 15 15 16 14 
15 14 15 15 16 15 16 14 
15 18 26 29 28 27 17 16 
15 24 15 25 16 25 16 24 
15 26 14 26 14 27 15 27 
15 32 17 30 16 29 14 31 
15 35 15 36 16 36 16 35 
16 27 18 27 18 26 16 26 
16 28 16 27 15 27 15 28 
16 30 17 31 19 29 18 28 
16 33 18 35 19 34 17 32 
16 42 17 42 17 40 16 40 
16 45 18 43 17 42 15 44 
17 17 19 19 22 16 20 14 
17 19 16 20 21 25 22 24 
17 22 19 24 23 20 21 18 
17 24 19 26 29 16 27 14 
17 25 18 26 22 22 21 21 
17 33 16 34 17 35 18 34 
17 34 17 35 18 35 18 34 
17 39 20 42 23 39 20 36 
17 44 20 44 20 42 17 42 
17 45 17 44 16 44 16 45 
18 20 18 15 16 15 16 20 
18 42 20 44 23 41 21 39 
19 17 19 16 17 16 17 17 
19 18 19 19 21 19 21 18 
19 22 19 19 17 19 17 22 
19 23 17 23 17 24 19 24 
19 27 19 29 20 29 20 27 
19 28 20 27 19 26 18 27 
19 35 19 36 20 36 20 35 
20 15 23 15 23 14 20 14 
20 26 22 28 23 27 21 25 
20 33 20 32 17 32 17 33 
20 37 21 36 20 35 19 36 
20 38 20 37 14 37 14 38 
21 27 23 27 23 25 21 25 
21 29 22 29 22 28 21 28 
21 30 22 29 21 28 20 29 
21 32 23 34 25 32 23 30 
21 33 26 28 25 27 20 32 
21 35 23 37 24 36 22 34 
21 37 23 37 23 36 21 36 
21 40 22 41 25 38 24 37 
22 17 29 17 29 16 22 16 
22 21 22 22 26 22 26 21 
22 30 22 34 23 34 23 30 
22 35 22 34 21 34 21 35 
22 39 22 41 23 41 23 39 
23 17 26 20 29 17 26 14 
23 21 25 23 26 22 24 20 
24 13 23 14 24 15 25 14 
24 19 26 21 27 20 25 18 
24 26 26 24 25 23 23 25 
24 27 24 32 25 32 25 27 
24 33 24 35 25 35 25 33 
24 34 25 35 26 34 25 33 
24 38 25 39 26 38 25 37 
24 39 25 39 25 38 24 38 
24 41 23 41 23 42 24 42 
25 20 26 20 26 18 25 18 
25 36 24 36 24 37 25 37 
26 32 30 32 30 31 26 31 
26 39 31 39 31 38 26 38 
26 40 28 42 31 39 29 37 
26 45 27 44 24 41 23 42 
27 19 27 20 28 20 28 19 
27 25 31 25 31 21 27 21 
27 32 31 28 30 27 26 31 
27 34 28 35 31 32 30 31 
27 42 31 38 30 37 26 41 
28 21 30 23 34 19 32 17 
28 22 26 22 26 24 28 24 
28 29 26 29 26 30 28 30 
28 32 33 27 31 25 26 30 
28 33 27 33 27 34 28 34 
28 36 28 35 27 35 27 36 
28 40 30 42 34 38 32 36 
28 41 28 40 26 40 26 41 
28 44 30 44 30 42 28 42 
29 21 28 20 27 21 28 22 
29 28 29 26 26 26 26 28 
29 29 28 30 30 32 31 31 
29 33 28 32 27 33 28 34 
29 35 28 34 27 35 28 36 
29 36 28 35 27 36 28 37 
30 13 24 13 24 15 30 15 
30 16 35 16 35 15 30 15 
30 18 30 23 32 23 32 18 
30 21 32 23 33 22 31 20 
30 24 28 24 28 27 30 27 
30 25 31 26 33 24 32 23 
30 35 31 35 31 32 30 32 
30 36 30 35 29 35 29 36 
31 12 30 13 34 17 35 16 
31 15 30 16 32 18 33 17 
31 27 33 27 33 26 31 26 
31 29 31 28 29 28 29 29 
31 30 31 31 34 31 34 30 
32 22 31 21 29 23 30 24 
32 24 33 24 33 23 32 23 
32 29 31 30 33 32 34 31 
32 32 32 34 33 34 33 32 
32 35 36 39 37 38 33 34 
32 37 32 36 30 36 30 37 
33 19 34 19 34 17 33 17 
33 20 33 19 31 19 31 20 
33 33 32 34 33 35 34 34 
33 37 35 37 35 35 33 35 
33 39 33 40 34 40 34 39 
34 18 33 19 34 20 35 19 
34 22 34 21 33 21 33 22 
34 23 35 24 36 23 35 22 
34 24 34 26 35 26 35 24 
34 29 36 31 38 29 36 27 
34 41 35 40 34 39 33 40 
34 48 38 44 34 40 30 44 
35 17 35 19 38 19 38 17 
35 29 36 29 36 27 35 27 
35 34 33 32 30 35 32 37 
35 38 37 38 37 37 35 37 
35 41 35 40 34 40 34 41 
35 45 36 44 35 43 34 44 
36 20 35 21 40 26 41 25 
36 21 36 20 35 20 35 21 
36 22 35 22 35 23 36 23 
36 25 37 26 39 24 38 23 
36 32 43 32 43 31 36 31 
36 42 36 44 38 44 38 42 
36 48 36 44 34 44 34 48 
37 13 36 14 38 16 39 15 
37 23 38 23 38 20 37 20 
37 25 37 23 36 23 36 25 
37 28 43 28 43 27 37 27 
37 31 39 29 37 27 35 29 
37 39 39 39 39 38 37 38 
37 43 37 41 35 41 35 43 
38 14 36 14 36 15 38 15 
38 18 39 19 40 18 39 17 
38 21 39 20 38 19 37 20 
38 24 38 29 39 29 39 24 
38 32 41 35 43 33 40 30 
38 36 37 37 39 39 40 38 
38 37 39 38 41 36 40 35 
38 39 40 41 41 40 39 38 
38 40 37 41 38 42 39 41 
39 12 36 15 38 17 41 14 
39 16 39 17 42 17 42 16 
39 27 37 25 35 27 37 29 
39 33 40 33 40 30 39 30 
39 40 38 40 38 41 39 41 
39 44 42 44 42 43 39 43 
40 19 39 19 39 20 40 20 
40 22 41 21 40 20 39 21 
40 25 37 25 37 26 40 26 
40 34 37 34 37 35 40 35 
40 36 41 36 41 35 40 35 
40 37 40 36 38 36 38 37 
40 40 40 41 41 41 41 40 
41 13 40 14 42 16 43 15 
41 18 41 14 40 14 40 18 
41 19 41 21 43 21 43 19 
41 26 40 26 40 29 41 29 
41 34 43 34 43 33 41 33 
41 37 42 36 41 35 40 36 
41 38 41 37 40 37 40 38 
41 39 40 40 41 41 42 40 
41 46 44 43 42 41 39 44 
42 31 40 33 41 34 43 32 
42 38 41 38 41 39 42 39 
43 12 39 12 39 15 43 15 
43 43 44 43 44 36 43 36 
44 37 43 36 41 38 42 39 
45 29 43 27 41 29 43 31 
46 34 43 31 41 33 44 36 
10 43 11 44 15 40 14 39 
11 36 12 37 16 33 15 32 
12 30 14 32 16 30 14 28 
14 15 14 18 15 18 15 15 
14 42 16 44 18 42 16 40 
15 16 16 15 15 14 14 15 
16 23 15 24 16 25 17 24 
16 43 16 42 14 42 14 43 
19 14 18 15 19 16 20 15 
20 24 19 24 19 26 20 26 
20 30 21 30 21 29 20 29 
20 41 21 40 16 35 15 36 
23 19 23 20 24 20 24 19 
24 23 25 23 25 20 24 20 
24 44 27 44 27 42 24 42 
25 22 29 26 30 25 26 21 
26 33 24 35 25 36 27 34 
27 23 28 24 29 23 28 22 
30 28 31 27 28 24 27 25 
32 20 33 19 32 18 31 19 
32 45 35 45 35 43 32 43 
33 25 34 24 33 23 32 24 
34 16 35 17 36 16 35 15 
34 25 35 26 36 25 35 24 
34 50 36 48 30 42 28 44 
35 31 34 31 34 34 35 34 
36 19 35 20 36 21 37 20 
37 33 38 32 37 31 36 32 
40 42 42 44 43 43 41 41 
46 17 44 17 44 34 46 34 
39 42 40 42 40 41 39 41 
41 44 42 43 40 41 39 42 
