72
11 22 18 29 21 26 14 19 
11 24 15 24 15 22 11 22 
13 21 22 30 26 26 17 17 
14 28 14 30 22 30 22 28 
14 43 15 44 24 35 23 34 
15 27 14 28 21 35 22 34 
16 15 15 16 17 18 18 17 
16 19 16 15 14 15 14 19 
16 35 16 40 21 40 21 35 
16 38 23 31 22 30 15 37 
17 21 19 21 19 18 17 18 
17 39 20 42 24 38 21 35 
18 19 42 43 43 42 19 18 
18 25 18 29 32 29 32 25 
19 24 29 24 29 22 19 22 
19 27 19 24 15 24 15 27 
19 42 20 43 22 41 21 40 
19 43 20 43 20 42 19 42 
21 30 23 32 25 30 23 28 
22 32 22 34 23 34 23 32 
22 37 15 37 15 41 22 41 
22 44 27 44 27 43 22 43 
23 19 23 17 18 17 18 19 
23 23 32 23 32 20 23 20 
23 26 24 27 29 22 28 21 
23 30 25 30 25 28 23 28 
24 14 24 27 30 27 30 14 
24 18 23 17 22 18 23 19 
24 30 28 34 30 32 26 28 
24 41 34 41 34 38 24 38 
25 32 30 32 30 30 25 30 
26 18 29 21 33 17 30 14 
27 30 25 28 23 30 25 32 
27 37 32 32 30 30 25 35 
28 35 25 35 25 42 28 42 
29 31 28 31 28 34 29 34 
30 33 35 28 33 26 28 31 
30 44 44 44 44 39 30 39 
31 26 33 26 33 17 31 17 
31 28 31 26 26 26 26 28 
32 24 36 24 36 23 32 23 
32 30 38 30 38 29 32 29 
32 33 32 32 30 32 30 33 
33 15 31 17 36 22 38 20 
33 18 36 21 39 18 36 15 
33 28 32 29 43 40 44 39 
34 42 43 42 43 41 34 41 
35 21 36 21 36 15 35 15 
35 26 33 26 33 28 35 28 
35 35 28 42 30 44 37 37 
35 40 29 34 28 35 34 41 
35 43 42 43 42 40 35 40 
37 22 36 23 37 24 38 23 
37 26 37 24 36 24 36 26 
38 38 44 38 44 36 38 36 
39 22 41 22 41 18 39 18 
39 26 37 26 37 37 39 37 
39 39 38 38 34 42 35 43 
41 35 39 37 42 40 44 38 
42 32 36 26 32 30 38 36 
11 28 17 34 21 30 15 24 
13 34 17 34 17 21 13 21 
14 27 19 22 16 19 11 24 
15 39 16 40 17 39 16 38 
18 44 19 43 16 40 15 41 
21 23 21 26 23 26 23 23 
22 31 23 31 23 30 22 30 
23 44 25 42 24 41 22 43 
28 25 30 27 31 26 29 24 
37 21 36 21 36 22 37 22 
37 28 39 26 37 24 35 26 
12 28 14 30 21 23 19 21 
