66
10 36 14 40 21 33 17 29 
10 37 15 37 15 36 10 36 
11 19 28 36 33 31 16 14 
11 26 17 26 17 19 11 19 
14 41 20 35 16 31 10 37 
15 21 15 24 19 24 19 21 
16 18 32 18 32 14 16 14 
16 22 18 20 17 19 15 21 
16 23 15 24 17 26 18 25 
16 28 16 31 24 31 24 28 
16 43 25 43 25 37 16 37 
17 40 14 40 14 41 17 41 
18 22 24 28 25 27 19 21 
18 23 18 22 16 22 16 23 
19 33 22 36 27 31 24 28 
19 44 21 44 21 33 19 33 
21 32 16 37 18 39 23 34 
22 16 21 16 21 32 22 32 
22 38 28 38 28 36 22 36 
22 39 22 38 18 38 18 39 
22 43 18 39 17 40 21 44 
23 24 27 28 35 20 31 16 
23 40 29 40 29 34 23 34 
24 16 23 16 23 24 24 24 
25 16 18 23 19 24 26 17 
25 25 25 27 36 27 36 25 
26 21 33 21 33 17 26 17 
26 29 24 31 26 33 28 31 
27 27 22 32 28 38 33 33 
27 54 37 44 26 33 16 43 
28 28 27 28 27 31 28 31 
28 33 22 39 23 40 29 34 
28 44 37 44 37 38 28 38 
30 32 25 37 30 42 35 37 
30 41 31 40 30 39 29 40 
31 15 33 17 34 16 32 14 
31 17 24 24 25 25 32 18 
31 20 31 26 35 26 35 20 
32 39 32 41 38 41 38 39 
32 42 32 41 30 41 30 42 
33 42 34 43 38 39 37 38 
34 15 31 15 31 16 34 16 
34 27 35 28 36 27 35 26 
35 43 41 43 41 37 35 37 
36 15 31 20 36 25 41 20 
36 20 41 20 41 18 36 18 
36 29 37 30 40 27 39 26 
36 35 40 31 39 30 35 34 
37 26 37 30 39 30 39 26 
38 18 36 20 39 23 41 21 
39 17 39 23 44 23 44 17 
40 22 32 22 32 24 40 24 
40 29 40 27 36 27 36 29 
40 33 40 31 33 31 33 33 
42 20 43 20 43 19 42 19 
42 21 42 20 41 20 41 21 
43 16 41 18 42 19 44 17 
43 38 43 30 39 30 39 38 
45 22 43 20 42 21 44 23 
24 54 27 54 27 31 24 31 
26 26 17 26 17 29 26 29 
29 49 35 43 28 36 22 42 
31 49 31 40 29 40 29 49 
36 34 35 34 35 35 36 35 
40 16 43 16 43 15 40 15 
41 19 42 18 40 16 39 17 
