33
19 24 19 25 35 25 35 24 
19 28 25 34 35 24 29 18 
20 13 15 18 16 19 21 14 
20 17 15 17 15 18 20 18 
20 19 25 19 25 18 20 18 
20 20 20 19 16 19 16 20 
21 37 29 37 29 20 21 20 
23 14 20 17 26 23 29 20 
24 22 44 22 44 16 24 16 
24 27 16 35 19 38 27 30 
24 28 24 27 19 27 19 28 
25 47 32 40 29 37 22 44 
26 32 26 38 38 38 38 32 
26 39 26 38 19 38 19 39 
27 27 27 30 33 30 33 27 
27 33 27 41 44 41 44 33 
29 23 33 27 35 25 31 21 
31 23 24 16 20 20 27 27 
31 32 42 43 44 41 33 30 
32 38 38 32 33 27 27 33 
35 31 25 31 25 34 35 34 
36 40 38 38 27 27 25 29 
38 29 44 23 41 20 35 26 
40 22 42 24 44 22 42 20 
41 24 42 24 42 20 41 20 
50 32 42 24 35 31 43 39 
15 23 19 27 24 22 20 18 
20 24 24 28 29 23 25 19 
20 36 21 37 26 32 25 31 
32 44 36 44 36 40 32 40 
38 19 25 19 25 29 38 29 
15 21 19 25 20 24 16 20 
26 21 15 21 15 23 26 23 
