208
10 20 14 24 20 18 16 14 
10 23 16 23 16 20 10 20 
12 25 17 20 15 18 10 23 
12 28 14 28 14 25 12 25 
12 37 14 39 16 37 14 35 
12 40 15 40 15 37 12 37 
13 35 15 37 16 36 14 34 
13 39 14 39 14 35 13 35 
14 16 14 17 21 17 21 16 
14 27 15 28 17 26 16 25 
14 29 15 30 16 29 15 28 
14 32 15 32 15 30 14 30 
14 33 14 34 16 34 16 33 
14 38 16 40 17 39 15 37 
15 14 15 18 16 18 16 14 
15 26 15 28 17 28 17 26 
15 29 15 28 14 28 14 29 
15 34 16 33 15 32 14 33 
15 41 17 43 18 42 16 40 
16 26 18 28 19 27 17 25 
16 31 21 36 24 33 19 28 
16 35 18 37 24 31 22 29 
16 38 18 38 18 37 16 37 
16 39 16 40 17 40 17 39 
16 41 16 40 15 40 15 41 
16 43 17 44 20 41 19 40 
16 44 17 44 17 43 16 43 
17 12 15 14 19 18 21 16 
17 15 22 15 22 14 17 14 
17 30 18 30 18 28 17 28 
17 34 16 34 16 35 17 35 
17 38 16 39 17 40 18 39 
18 18 18 21 19 21 19 18 
18 22 20 24 21 23 19 21 
18 23 18 22 17 22 17 23 
18 36 21 33 20 32 17 35 
19 22 18 21 17 22 18 23 
19 25 18 25 18 27 19 27 
19 34 25 34 25 28 19 28 
19 38 19 40 20 40 20 38 
20 23 20 24 21 24 21 23 
20 26 21 25 20 24 19 25 
20 30 18 28 14 32 16 34 
20 31 20 30 18 30 18 31 
20 36 21 36 21 33 20 33 
20 37 21 38 22 37 21 36 
20 43 17 40 16 41 19 44 
20 44 23 44 23 43 20 43 
21 19 22 20 24 18 23 17 
21 22 21 21 19 21 19 22 
21 27 27 27 27 25 21 25 
21 32 20 33 23 36 24 35 
21 35 15 29 14 30 20 36 
21 37 20 38 22 40 23 39 
21 39 18 39 18 42 21 42 
21 40 24 43 26 41 23 38 
21 41 19 43 20 44 22 42 
22 18 22 20 24 20 24 18 
22 22 23 21 22 20 21 21 
22 23 23 24 25 22 24 21 
22 30 21 31 25 35 26 34 
22 36 21 36 21 37 22 37 
22 39 22 40 23 40 23 39 
23 16 23 17 25 17 25 16 
23 19 23 17 21 17 21 19 
23 22 24 22 24 21 23 21 
23 23 23 22 22 22 22 23 
23 25 26 28 27 27 24 24 
23 28 27 32 31 28 27 24 
23 33 23 35 24 35 24 33 
24 15 23 14 22 15 23 16 
24 16 25 17 27 15 26 14 
24 23 23 23 23 24 24 24 
24 32 27 32 27 31 24 31 
24 37 24 40 26 40 26 37 
24 45 25 44 24 43 23 44 
25 15 26 15 26 14 25 14 
25 21 26 21 26 20 25 20 
25 24 27 24 27 23 25 23 
25 29 27 31 28 30 26 28 
25 36 24 37 25 38 26 37 
25 39 24 40 25 41 26 40 
26 17 25 17 25 18 26 18 
26 19 25 20 26 21 27 20 
26 22 25 21 24 22 25 23 
26 24 27 25 28 24 27 23 
26 35 28 33 27 32 25 34 
26 36 26 35 25 35 25 36 
26 39 29 42 31 40 28 37 
26 46 28 44 25 41 23 43 
27 16 26 15 25 16 26 17 
27 18 29 20 31 18 29 16 
27 19 27 18 26 18 26 19 
27 21 29 21 29 20 27 20 
27 22 27 21 26 21 26 22 
27 33 27 37 28 37 28 33 
28 15 27 15 27 16 28 16 
28 19 28 23 31 23 31 19 
28 20 27 19 26 20 27 21 
28 21 27 22 28 23 29 22 
28 28 28 30 31 30 31 28 
28 34 26 36 27 37 29 35 
28 41 26 41 26 44 28 44 
29 38 32 38 32 37 29 37 
29 44 32 44 32 42 29 42 
30 16 30 15 29 15 29 16 
30 22 30 21 29 21 29 22 
30 25 29 24 25 28 26 29 
30 29 30 31 34 31 34 29 
30 38 38 30 37 29 29 37 
30 40 31 41 33 39 32 38 
30 41 31 41 31 40 30 40 
30 45 33 42 32 41 29 44 
31 16 30 16 30 18 31 18 
31 27 32 27 32 24 31 24 
31 34 34 31 33 30 30 33 
32 16 30 18 31 19 33 17 
32 20 31 19 29 21 30 22 
32 26 33 27 36 24 35 23 
32 28 33 28 33 27 32 27 
32 32 36 28 32 24 28 28 
32 39 33 40 35 38 34 37 
32 40 33 40 33 39 32 39 
33 16 33 17 38 17 38 16 
33 21 33 20 32 20 32 21 
33 24 39 30 40 29 34 23 
33 33 33 30 31 30 31 33 
34 16 39 21 40 20 35 15 
34 20 34 22 35 22 35 20 
34 21 35 20 34 19 33 20 
34 27 33 26 32 27 33 28 
34 33 36 35 38 33 36 31 
34 34 34 37 39 37 39 34 
35 14 35 15 36 15 36 14 
35 16 37 18 38 17 36 15 
35 19 34 20 36 22 37 21 
35 27 35 23 34 23 34 27 
35 29 35 30 37 30 37 29 
35 33 35 38 37 38 37 33 
35 41 37 43 41 39 39 37 
36 18 36 21 37 21 37 18 
36 23 37 22 36 21 35 22 
36 26 36 24 33 24 33 26 
36 29 37 30 40 27 39 26 
36 37 37 38 40 35 39 34 
36 39 37 40 38 39 37 38 
36 41 35 41 35 44 36 44 
37 23 37 22 36 22 36 23 
37 28 40 28 40 27 37 27 
37 39 37 40 38 40 38 39 
37 42 37 40 33 40 33 42 
37 45 38 44 37 43 36 44 
37 47 40 44 35 39 32 42 
38 12 36 14 38 16 40 14 
38 24 38 25 40 25 40 24 
38 26 38 30 39 30 39 26 
38 41 37 40 36 41 37 42 
38 43 37 43 37 44 38 44 
39 29 40 28 38 26 37 27 
39 31 39 33 40 33 40 31 
39 41 39 40 38 40 38 41 
40 22 39 21 37 23 38 24 
40 45 43 42 41 40 38 43 
40 47 40 45 37 45 37 47 
41 19 41 17 38 17 38 19 
41 27 43 27 43 24 41 24 
41 33 41 36 43 36 43 33 
41 37 39 37 39 39 41 39 
41 38 39 40 41 42 43 40 
41 41 43 39 41 37 39 39 
41 44 43 44 43 42 41 42 
42 16 40 16 40 20 42 20 
42 18 43 17 42 16 41 17 
42 25 40 25 40 26 42 26 
42 28 43 27 42 26 41 27 
42 29 42 28 40 28 40 29 
42 34 43 33 42 32 41 33 
42 35 44 33 42 31 40 33 
42 37 43 36 42 35 41 36 
43 19 42 18 41 19 42 20 
43 41 43 40 41 40 41 41 
44 28 44 27 43 27 43 28 
44 29 42 29 42 31 44 31 
44 39 44 36 43 36 43 39 
45 26 43 24 42 25 44 27 
45 28 44 27 43 28 44 29 
45 30 44 29 43 30 44 31 
10 26 12 28 17 23 15 21 
12 26 14 28 16 26 14 24 
14 41 15 42 16 41 15 40 
14 42 15 42 15 41 14 41 
19 20 21 22 25 18 23 16 
19 26 21 24 20 23 18 25 
24 41 26 39 25 38 23 40 
25 43 25 41 24 41 24 43 
25 46 26 46 26 44 25 44 
29 17 30 16 29 15 28 16 
29 41 28 40 25 43 26 44 
30 34 31 34 31 33 30 33 
33 34 34 33 31 30 30 31 
35 28 34 29 35 30 36 29 
36 27 35 27 35 28 36 28 
36 43 37 44 38 43 37 42 
38 45 40 47 43 44 41 42 
39 35 41 33 39 31 37 33 
40 34 40 35 42 35 42 34 
41 26 42 25 41 24 40 25 
28 17 29 17 29 16 28 16 
