84
8 27 15 34 21 28 14 21 
10 28 17 35 23 29 16 22 
11 36 16 41 26 31 21 26 
13 27 15 29 20 24 18 22 
13 41 14 42 22 34 21 33 
14 20 14 21 17 21 17 20 
14 26 14 29 15 29 15 26 
14 27 25 38 26 37 15 26 
14 33 14 38 21 38 21 33 
14 41 14 42 16 42 16 41 
15 31 15 34 22 34 22 31 
16 21 18 23 19 22 17 20 
16 23 18 23 18 22 16 22 
16 30 15 29 14 30 15 31 
17 14 14 17 15 18 18 15 
17 25 28 36 31 33 20 22 
18 40 18 43 19 43 19 40 
19 18 19 22 20 22 20 18 
19 21 21 19 20 18 18 20 
19 23 19 29 23 29 23 23 
20 21 21 22 23 20 22 19 
20 36 20 44 28 44 28 36 
20 41 22 39 21 38 19 40 
21 18 21 19 22 19 22 18 
21 24 21 22 20 22 20 24 
22 17 26 21 29 18 25 14 
22 22 23 23 26 20 25 19 
22 40 17 35 14 38 19 43 
22 43 26 43 26 40 22 40 
23 15 18 15 18 20 23 20 
23 21 26 21 26 20 23 20 
23 26 29 20 27 18 21 24 
23 27 24 28 27 25 26 24 
23 33 32 42 34 40 25 31 
23 35 31 35 31 33 23 33 
23 37 26 40 31 35 28 32 
24 17 24 18 27 18 27 17 
24 30 24 28 21 28 21 30 
24 40 28 44 32 40 28 36 
25 17 23 15 22 16 24 18 
25 24 25 31 26 31 26 24 
26 27 38 39 40 37 28 25 
27 20 29 20 29 18 27 18 
27 32 28 32 28 25 27 25 
28 31 27 32 34 39 35 38 
29 41 29 40 27 40 27 41 
31 17 35 21 38 18 34 14 
32 11 28 15 38 25 42 21 
32 16 32 17 40 17 40 16 
32 29 32 17 31 17 31 29 
32 39 32 40 34 40 34 39 
33 11 27 17 36 26 42 20 
33 25 23 35 29 41 39 31 
33 26 35 28 37 26 35 24 
33 32 36 32 36 26 33 26 
34 18 38 18 38 14 34 14 
34 38 38 42 41 39 37 35 
35 22 39 22 39 21 35 21 
35 31 36 32 41 27 40 26 
36 42 38 42 38 41 36 41 
37 28 37 32 42 32 42 28 
37 39 37 35 36 35 36 39 
38 38 37 39 40 42 41 41 
39 27 39 31 41 31 41 27 
39 35 42 32 41 31 38 34 
39 37 39 42 40 42 40 37 
40 15 42 17 43 16 41 14 
40 20 42 20 42 17 40 17 
40 22 40 26 42 26 42 22 
40 31 37 28 33 32 36 35 
41 38 38 38 38 39 41 39 
41 46 43 44 38 39 36 41 
42 39 41 38 38 41 39 42 
42 41 42 39 41 39 41 41 
8 41 13 41 13 27 8 27 
13 40 14 41 23 32 22 31 
14 16 14 17 22 17 22 16 
17 37 23 37 23 35 17 35 
20 45 22 43 20 41 18 43 
34 31 34 38 35 38 35 31 
38 45 42 41 36 35 32 39 
39 45 39 42 38 42 38 45 
13 17 17 21 18 20 14 16 
14 45 20 45 20 44 14 44 
