45
9 23 18 32 25 25 16 16 
9 29 32 29 32 23 9 23 
12 35 20 43 28 35 20 27 
14 38 18 42 24 36 20 32 
16 37 27 37 27 35 16 35 
17 19 20 22 22 20 19 17 
17 34 16 35 23 42 24 41 
17 43 18 44 19 43 18 42 
18 31 18 32 20 32 20 31 
18 41 24 41 24 36 18 36 
19 34 17 34 17 43 19 43 
22 42 23 42 23 21 22 21 
22 44 22 42 18 42 18 44 
23 43 35 43 35 42 23 42 
24 27 20 31 29 40 33 36 
24 34 26 34 26 27 24 27 
24 40 28 44 31 41 27 37 
25 17 23 19 28 24 30 22 
27 18 24 21 29 26 32 23 
28 36 28 40 29 40 29 36 
28 43 35 36 26 27 19 34 
31 17 25 17 25 25 31 25 
31 29 23 21 18 26 26 34 
31 37 27 37 27 41 31 41 
33 23 33 36 35 36 35 23 
34 41 35 42 37 40 36 39 
36 35 36 39 37 39 37 35 
36 37 38 39 44 33 42 31 
37 14 37 24 39 24 39 14 
37 27 28 36 35 43 44 34 
38 25 38 39 41 39 41 25 
38 40 38 39 37 39 37 40 
39 33 37 35 41 39 43 37 
39 34 44 34 44 33 39 33 
43 31 42 31 42 37 43 37 
11 27 9 29 22 42 24 40 
21 31 24 34 31 27 28 24 
21 43 22 44 23 43 22 42 
23 13 21 15 31 25 33 23 
25 18 22 21 36 35 39 32 
33 30 38 25 37 24 32 29 
37 25 31 25 31 27 37 27 
11 22 11 27 20 27 20 22 
17 13 17 19 23 19 23 13 
21 32 20 32 20 43 21 43 
