40
12 40 15 43 25 33 22 30 
14 43 15 43 15 30 14 30 
15 26 16 27 21 22 20 21 
16 22 16 27 21 27 21 22 
16 32 17 33 21 29 20 28 
19 33 18 33 18 37 19 37 
20 26 20 28 31 28 31 26 
20 31 20 28 16 28 16 31 
21 32 16 32 16 39 21 39 
22 14 22 19 43 19 43 14 
22 42 31 42 31 30 22 30 
23 32 24 33 31 26 30 25 
23 33 23 39 24 39 24 33 
23 52 33 42 24 33 14 43 
24 36 34 26 26 18 16 28 
24 44 34 44 34 39 24 39 
26 33 26 18 25 18 25 33 
27 29 27 27 21 27 21 29 
28 43 28 33 26 33 26 43 
29 22 20 31 21 32 30 23 
29 34 24 39 28 43 33 38 
30 18 21 27 30 36 39 27 
31 16 30 15 15 30 16 31 
32 24 32 27 39 27 39 24 
32 29 33 28 32 27 31 28 
32 32 27 27 17 37 22 42 
33 34 39 34 39 28 33 28 
33 36 33 38 38 38 38 36 
34 25 36 25 36 20 34 20 
35 18 35 15 30 15 30 18 
36 23 44 15 43 14 35 22 
37 22 37 18 35 18 35 22 
37 38 43 32 39 28 33 34 
38 18 35 15 33 17 36 20 
42 15 42 41 44 41 44 15 
43 29 32 29 32 32 43 32 
43 40 32 29 31 30 42 41 
21 52 23 52 23 39 21 39 
38 39 38 40 43 40 43 39 
11 42 21 52 31 42 21 32 
