183
12 16 15 19 17 17 14 14 
13 27 14 28 15 27 14 26 
13 31 14 32 16 30 15 29 
13 33 22 33 22 31 13 31 
13 38 14 39 17 36 16 35 
13 39 14 39 14 38 13 38 
14 21 17 24 18 23 15 20 
14 22 18 22 18 21 14 21 
14 27 14 28 15 28 15 27 
14 36 17 36 17 34 14 34 
14 41 17 41 17 39 14 39 
15 18 15 19 21 19 21 18 
15 21 17 23 18 22 16 20 
15 26 14 27 15 28 16 27 
15 33 14 32 13 33 14 34 
15 38 17 38 17 37 15 37 
16 25 16 27 19 27 19 25 
16 29 15 29 15 30 16 30 
16 32 20 32 20 30 16 30 
16 40 17 39 15 37 14 38 
16 43 17 42 15 40 14 41 
17 14 17 17 18 17 18 14 
17 18 20 21 21 20 18 17 
17 20 18 21 21 18 20 17 
18 24 18 23 17 23 17 24 
18 30 16 32 18 34 20 32 
18 38 21 38 21 37 18 37 
18 41 17 41 17 42 18 42 
19 23 18 24 19 25 20 24 
19 30 21 32 22 31 20 29 
19 42 19 44 20 44 20 42 
19 43 20 44 21 43 20 42 
20 16 21 17 23 15 22 14 
20 22 23 19 21 17 18 20 
20 37 21 38 23 36 22 35 
20 38 17 41 18 42 21 39 
21 21 21 20 20 20 20 21 
21 27 23 27 23 26 21 26 
21 40 18 37 17 38 20 41 
21 46 24 43 22 41 19 44 
22 19 22 21 23 21 23 19 
22 23 22 21 21 21 21 23 
22 27 23 26 22 25 21 26 
22 39 22 38 21 38 21 39 
22 43 23 43 23 41 22 41 
22 46 22 43 21 43 21 46 
23 14 23 15 24 15 24 14 
23 20 26 23 27 22 24 19 
23 24 27 24 27 22 23 22 
23 25 31 33 36 28 28 20 
23 34 25 32 24 31 22 33 
24 16 21 19 23 21 26 18 
24 23 32 15 31 14 23 22 
24 25 25 26 27 24 26 23 
24 27 27 30 28 29 25 26 
24 30 24 27 23 27 23 30 
24 32 18 38 23 43 29 37 
24 34 21 37 22 38 25 35 
24 36 24 34 23 34 23 36 
24 41 24 43 27 43 27 41 
25 13 24 14 28 18 29 17 
25 16 24 17 35 28 36 27 
25 17 25 16 24 16 24 17 
25 19 29 19 29 17 25 17 
25 23 25 26 26 26 26 23 
25 29 25 32 28 32 28 29 
25 33 22 33 22 35 25 35 
26 20 28 20 28 18 26 18 
26 24 23 27 25 29 28 26 
26 33 26 37 29 37 29 33 
26 38 24 40 27 43 29 41 
26 40 26 38 24 38 24 40 
27 14 26 15 27 16 28 15 
27 23 28 24 29 23 28 22 
27 26 28 26 28 24 27 24 
27 31 27 30 24 30 24 31 
27 32 26 33 32 39 33 38 
27 35 27 40 31 40 31 35 
27 45 28 44 27 43 26 44 
28 41 30 43 37 36 35 34 
29 28 29 29 31 29 31 28 
29 32 22 39 24 41 31 34 
29 35 33 39 35 37 31 33 
29 44 29 41 28 41 28 44 
30 16 30 14 27 14 27 16 
30 23 29 23 29 24 30 24 
30 29 31 28 30 27 29 28 
30 30 29 29 27 31 28 32 
30 33 31 33 31 30 30 30 
30 37 30 38 33 38 33 37 
30 45 30 43 27 43 27 45 
31 15 30 14 29 15 30 16 
31 18 33 18 33 17 31 17 
31 22 32 22 32 19 31 19 
31 27 32 28 33 27 32 26 
31 39 35 43 37 41 33 37 
31 43 35 43 35 40 31 40 
31 44 30 43 29 44 30 45 
32 14 31 14 31 15 32 15 
32 17 31 18 32 19 33 18 
32 18 31 19 34 22 35 21 
32 24 32 26 38 26 38 24 
32 36 36 36 36 30 32 30 
32 44 33 44 33 39 32 39 
33 19 34 19 34 18 33 18 
33 23 34 23 34 22 33 22 
33 33 37 33 37 32 33 32 
33 34 33 33 31 33 31 34 
33 35 35 35 35 34 33 34 
34 16 33 17 34 18 35 17 
34 17 36 19 37 18 35 16 
34 33 38 29 37 28 33 32 
34 40 33 39 30 42 31 43 
35 23 34 23 34 28 35 28 
35 31 33 33 35 35 37 33 
36 15 39 18 40 17 37 14 
36 21 34 23 38 27 40 25 
36 29 37 29 37 28 36 28 
36 33 39 36 40 35 37 32 
36 37 37 37 37 36 36 36 
36 41 39 38 38 37 35 40 
36 43 32 39 31 40 35 44 
36 44 36 43 35 43 35 44 
37 20 39 20 39 18 37 18 
37 21 36 21 36 27 37 27 
37 25 38 26 39 25 38 24 
37 30 38 30 38 29 37 29 
37 31 38 30 37 29 36 30 
37 35 40 35 40 33 37 33 
37 38 38 38 38 37 37 37 
37 39 38 38 37 37 36 38 
38 20 37 21 41 25 42 24 
38 36 39 36 39 30 38 30 
38 39 39 39 39 38 38 38 
38 41 38 39 37 39 37 41 
38 44 39 44 39 43 38 43 
39 17 42 20 44 18 41 15 
39 21 41 21 41 20 39 20 
39 22 41 20 39 18 37 20 
39 41 44 41 44 39 39 39 
40 22 39 22 39 25 40 25 
40 29 41 29 41 25 40 25 
40 31 41 30 40 29 39 30 
40 32 37 35 38 36 41 33 
40 37 41 38 44 35 43 34 
41 19 41 15 36 15 36 19 
41 32 41 31 40 31 40 32 
41 37 41 38 44 38 44 37 
42 22 43 21 42 20 41 21 
42 30 41 29 40 30 41 31 
42 33 42 32 41 32 41 33 
42 35 42 36 44 36 44 35 
42 39 41 40 43 42 44 41 
43 14 42 14 42 18 43 18 
43 30 43 34 44 34 44 30 
43 39 44 38 42 36 41 37 
44 21 44 18 43 18 43 21 
44 22 42 22 42 23 44 23 
44 31 43 30 41 32 42 33 
46 32 44 30 42 32 44 34 
46 38 44 36 39 41 41 43 
14 29 15 30 16 29 15 28 
15 43 16 43 16 40 15 40 
21 22 22 23 23 22 22 21 
21 44 22 43 20 41 19 42 
22 17 24 15 23 14 21 16 
22 18 24 18 24 17 22 17 
22 24 22 25 23 25 23 24 
24 22 23 21 21 23 22 24 
26 32 27 31 25 29 24 30 
31 23 31 27 33 27 33 23 
31 31 29 33 31 35 33 33 
34 24 35 23 34 22 33 23 
35 38 36 38 36 37 35 37 
35 46 38 43 36 41 33 44 
39 16 35 16 35 17 39 17 
39 32 40 33 41 32 40 31 
41 18 39 20 42 23 44 21 
42 29 41 29 41 30 42 30 
14 42 15 43 17 41 16 40 
20 26 21 27 23 25 22 24 
33 46 35 46 35 44 33 44 
18 26 18 29 20 29 20 26 
