43
6 29 20 43 30 33 16 19 
12 31 24 43 27 40 15 28 
12 35 19 35 19 31 12 31 
13 31 16 34 19 31 16 28 
14 26 14 27 31 27 31 26 
15 34 16 34 16 28 15 28 
16 43 20 43 20 34 16 34 
17 44 23 44 23 41 17 41 
18 22 18 38 27 38 27 22 
18 28 21 31 29 23 26 20 
20 38 17 41 18 42 21 39 
21 29 21 31 35 31 35 29 
23 21 20 24 31 35 34 32 
23 34 28 34 28 21 23 21 
24 16 30 22 32 20 26 14 
25 34 16 43 17 44 26 35 
25 40 27 38 23 34 21 36 
26 43 31 43 31 35 26 35 
27 20 27 14 26 14 26 20 
27 41 39 41 39 40 27 40 
28 19 27 20 28 21 29 20 
29 18 29 20 32 20 32 18 
30 27 31 26 27 22 26 23 
32 21 41 30 44 27 35 18 
34 24 37 27 42 22 39 19 
35 22 35 27 37 27 37 22 
37 32 34 32 34 34 37 34 
39 21 32 21 32 23 39 23 
39 36 43 32 41 30 37 34 
39 38 40 37 39 36 38 37 
41 18 41 17 35 17 35 18 
42 32 43 32 43 22 42 22 
43 38 43 36 39 36 39 38 
17 23 19 25 20 24 18 22 
26 15 29 18 30 17 27 14 
26 32 26 23 17 23 17 32 
26 42 27 41 20 34 19 35 
32 49 43 38 37 32 26 43 
33 29 31 27 26 32 28 34 
40 34 42 32 37 27 35 29 
31 49 32 49 32 43 31 43 
38 34 38 37 40 37 40 34 
31 33 23 41 31 49 39 41 
