81
8 21 28 41 35 34 15 14 
8 30 18 30 18 21 8 21 
13 21 21 29 26 24 18 16 
13 40 15 42 20 37 18 35 
14 20 14 31 15 31 15 20 
14 30 15 31 23 23 22 22 
14 39 14 42 15 42 15 39 
15 36 17 38 23 32 21 30 
16 22 8 30 18 40 26 32 
16 23 19 26 21 24 18 21 
17 19 19 21 24 16 22 14 
17 34 17 38 23 38 23 34 
17 43 22 43 22 41 17 41 
18 37 18 40 20 40 20 37 
19 35 26 42 32 36 25 29 
21 17 22 17 22 14 21 14 
21 23 21 24 23 24 23 23 
22 25 25 28 26 27 23 24 
23 27 23 32 26 32 26 27 
23 33 23 32 14 32 14 33 
24 19 24 24 26 24 26 19 
24 28 24 29 25 29 25 28 
24 30 24 29 21 29 21 30 
24 36 27 36 27 33 24 33 
24 43 29 38 27 36 22 41 
24 52 33 43 23 33 14 42 
25 31 28 31 28 29 25 29 
25 35 25 31 19 31 19 35 
26 41 26 42 28 42 28 41 
27 12 22 17 24 19 29 14 
27 26 27 21 19 21 19 26 
27 32 29 34 30 33 28 31 
27 38 29 38 29 36 27 36 
28 22 30 20 29 19 27 21 
28 35 29 36 30 35 29 34 
29 29 33 33 34 32 30 28 
29 31 36 31 36 29 29 29 
29 42 39 42 39 38 29 38 
30 14 29 15 34 20 35 19 
30 15 30 14 29 14 29 15 
30 22 34 22 34 20 30 20 
30 24 30 22 28 22 28 24 
30 27 28 29 40 41 42 39 
30 39 36 39 36 35 30 35 
32 20 35 17 32 14 29 17 
32 24 34 22 32 20 30 22 
32 27 32 24 30 24 30 27 
33 52 33 43 24 43 24 52 
34 26 27 26 27 32 34 32 
34 29 40 23 39 22 33 28 
34 37 29 42 31 44 36 39 
35 24 35 22 34 22 34 24 
35 39 40 34 38 32 33 37 
36 17 32 21 35 24 39 20 
36 19 36 17 35 17 35 19 
36 21 35 22 40 27 41 26 
37 18 40 18 40 17 37 17 
37 22 37 32 38 32 38 22 
37 39 42 34 34 26 29 31 
37 44 37 39 36 39 36 44 
38 37 39 38 43 34 42 33 
39 24 35 24 35 34 39 34 
40 20 40 23 44 23 44 20 
40 33 40 34 42 34 42 33 
40 35 40 41 43 41 43 35 
41 28 40 27 36 31 37 32 
42 19 36 19 36 21 42 21 
42 20 40 18 34 24 36 26 
42 23 43 22 42 21 41 22 
42 45 43 44 40 41 39 42 
43 26 43 22 41 22 41 26 
43 33 43 34 44 34 44 33 
44 44 44 41 43 41 43 44 
15 35 20 40 24 36 19 31 
18 31 15 31 15 35 18 35 
18 36 19 35 15 31 14 32 
19 36 19 35 18 35 18 36 
28 34 29 34 29 31 28 31 
34 33 33 33 33 37 34 37 
35 46 37 44 29 36 27 38 
36 28 41 28 41 26 36 26 
