52
10 29 18 37 29 26 21 18 
14 33 21 33 21 29 14 29 
14 35 22 43 32 33 24 25 
15 27 36 27 36 17 15 17 
16 19 18 19 18 16 16 16 
16 31 17 30 15 28 14 29 
17 20 19 22 20 21 18 19 
17 24 19 26 21 24 19 22 
17 26 17 30 18 30 18 26 
18 20 19 19 16 16 15 17 
18 24 18 20 17 20 17 24 
18 28 25 35 29 31 22 24 
18 35 18 37 25 37 25 35 
19 18 27 26 29 24 21 16 
19 23 35 23 35 22 19 22 
19 24 19 26 21 26 21 24 
19 28 21 26 19 24 17 26 
20 28 18 30 19 31 21 29 
20 31 20 28 19 28 19 31 
20 39 20 43 22 43 22 39 
21 19 21 18 19 18 19 19 
21 41 24 44 28 40 25 37 
24 43 22 43 22 44 24 44 
24 47 37 34 33 30 20 43 
27 19 30 19 30 16 27 16 
27 24 27 26 29 26 29 24 
29 38 34 43 43 34 38 29 
29 43 34 43 34 39 29 39 
30 24 32 26 35 23 33 21 
31 18 31 21 33 21 33 18 
31 30 27 26 18 35 22 39 
32 24 17 39 22 44 37 29 
32 31 32 26 29 26 29 31 
32 41 32 33 21 33 21 41 
34 19 36 17 35 16 33 18 
34 23 35 22 31 18 30 19 
34 38 38 34 23 19 19 23 
35 34 37 34 37 29 35 29 
35 38 34 39 35 40 36 39 
36 38 35 38 35 39 36 39 
36 40 41 40 41 39 36 39 
37 15 40 18 41 17 38 14 
37 39 36 38 35 39 36 40 
40 21 33 21 33 30 40 30 
43 29 38 29 38 34 43 34 
20 38 29 38 29 31 20 31 
23 41 35 29 32 26 20 38 
30 20 30 24 32 24 32 20 
30 44 35 39 34 38 29 43 
30 47 30 44 24 44 24 47 
31 19 30 20 31 21 32 20 
35 43 36 43 36 40 35 40 
