93
11 18 15 22 19 18 15 14 
14 15 14 19 27 19 27 15 
14 23 15 24 16 23 15 22 
14 25 16 25 16 23 14 23 
14 35 15 36 16 35 15 34 
14 37 16 37 16 35 14 35 
14 39 15 40 17 38 16 37 
15 26 16 25 15 24 14 25 
15 28 16 29 18 27 17 26 
15 43 15 40 14 40 14 43 
16 26 22 32 25 29 19 23 
16 28 16 26 15 26 15 28 
16 34 17 35 29 23 28 22 
16 40 20 36 19 35 15 39 
17 22 27 32 31 28 21 18 
17 24 17 22 15 22 15 24 
17 32 19 34 26 27 24 25 
17 34 17 35 19 35 19 34 
18 28 26 28 26 27 18 27 
18 29 18 28 16 28 16 29 
19 25 22 25 22 23 19 23 
19 38 28 38 28 35 19 35 
19 41 19 38 17 38 17 41 
20 29 20 36 25 36 25 29 
20 39 20 36 15 36 15 39 
21 16 21 18 25 18 25 16 
21 21 20 22 26 28 27 27 
21 26 21 24 17 24 17 26 
21 36 19 38 20 39 22 37 
22 40 22 37 16 37 16 40 
23 24 22 23 21 24 22 25 
23 26 40 26 40 24 23 24 
24 32 24 25 22 25 22 32 
24 42 25 41 23 39 22 40 
25 42 25 41 24 41 24 42 
26 17 25 18 29 22 30 21 
26 18 27 19 30 16 29 15 
26 25 36 35 39 32 29 22 
26 32 27 32 27 28 26 28 
26 33 28 35 29 34 27 32 
26 34 29 34 29 33 26 33 
27 23 27 27 29 27 29 23 
28 18 26 18 26 22 28 22 
28 46 43 31 40 28 25 43 
30 30 31 31 32 30 31 29 
30 32 32 32 32 30 30 30 
30 34 30 40 32 40 32 34 
31 5 19 17 29 27 41 15 
31 21 35 17 33 15 29 19 
31 33 30 32 29 33 30 34 
31 38 28 38 28 44 31 44 
31 47 35 43 32 40 28 44 
33 19 33 15 29 15 29 19 
33 28 31 28 31 29 33 29 
33 33 34 32 33 31 32 32 
34 17 34 25 35 25 35 17 
34 28 35 29 40 24 39 23 
34 31 40 31 40 28 34 28 
34 36 32 34 28 38 30 40 
34 43 35 43 35 36 34 36 
35 23 39 27 40 26 36 22 
35 32 34 31 24 41 25 42 
36 21 36 22 40 22 40 21 
36 23 36 27 39 27 39 23 
36 38 41 38 41 35 36 35 
37 16 33 20 36 23 40 19 
37 29 35 29 35 32 37 32 
38 25 36 23 34 25 36 27 
38 39 38 42 41 42 41 39 
39 17 39 19 40 19 40 17 
39 20 39 19 33 19 33 20 
39 34 37 32 31 38 33 40 
39 38 36 35 35 36 38 39 
40 40 40 33 33 33 33 40 
40 42 44 38 41 35 37 39 
41 16 41 15 37 15 37 16 
41 22 41 31 43 31 43 22 
42 32 39 32 39 34 42 34 
42 47 42 44 31 44 31 47 
11 17 11 18 19 18 19 17 
14 42 15 43 17 41 16 40 
15 29 15 34 16 34 16 29 
18 10 11 17 19 25 26 18 
19 21 21 21 21 18 19 18 
20 10 18 10 18 22 20 22 
21 46 28 46 28 44 21 44 
23 35 26 32 19 25 16 28 
28 28 24 32 26 34 30 30 
31 16 30 16 30 21 31 21 
33 32 34 32 34 31 33 31 
35 12 31 16 36 21 40 17 
36 45 40 41 38 39 34 43 
18 20 17 21 18 22 19 21 
