198
12 26 18 32 20 30 14 24 
12 27 15 30 18 27 15 24 
12 29 18 29 18 27 12 27 
12 31 14 33 17 30 15 28 
12 33 15 36 18 33 15 30 
12 36 14 36 14 33 12 33 
14 15 15 16 16 15 15 14 
14 18 16 18 16 15 14 15 
14 21 15 21 15 20 14 20 
14 28 15 28 15 24 14 24 
14 41 15 41 15 36 14 36 
15 32 15 33 18 33 18 32 
15 35 14 36 16 38 17 37 
15 40 16 41 19 38 18 37 
16 16 17 17 18 16 17 15 
16 21 15 20 14 21 15 22 
16 42 17 41 16 40 15 41 
17 19 16 18 14 20 15 21 
17 21 16 22 17 23 18 22 
17 22 17 21 16 21 16 22 
17 28 15 28 15 30 17 30 
17 35 17 37 18 37 18 35 
17 40 16 40 16 41 17 41 
18 25 18 23 17 23 17 25 
18 30 20 30 20 29 18 29 
18 39 18 40 20 40 20 39 
18 44 20 44 20 42 18 42 
19 17 19 15 17 15 17 17 
19 19 21 21 24 18 22 16 
19 22 19 24 20 24 20 22 
19 23 20 24 21 23 20 22 
19 26 20 25 19 24 18 25 
19 32 23 36 25 34 21 30 
19 34 19 36 20 36 20 34 
19 37 20 36 18 34 17 35 
19 43 20 44 21 43 20 42 
20 19 22 19 22 16 20 16 
20 26 21 27 23 25 22 24 
20 35 19 34 18 35 19 36 
21 17 21 21 32 21 32 17 
21 18 22 19 26 15 25 14 
21 24 21 27 22 27 22 24 
21 34 23 34 23 30 21 30 
21 37 21 39 22 39 22 37 
21 40 21 43 24 43 24 40 
22 22 26 22 26 19 22 19 
22 23 22 22 21 22 21 23 
22 25 25 28 30 23 27 20 
22 30 26 34 27 33 23 29 
22 33 23 34 28 29 27 28 
22 36 21 37 23 39 24 38 
23 28 22 28 22 29 23 29 
23 38 24 37 23 36 22 37 
23 40 22 39 21 40 22 41 
24 15 24 18 25 18 25 15 
24 19 25 20 26 19 25 18 
24 21 30 27 31 26 25 20 
24 29 23 28 22 29 23 30 
24 31 27 31 27 29 24 29 
24 39 24 38 23 38 23 39 
24 42 25 43 26 42 25 41 
25 13 24 14 25 15 26 14 
25 17 26 18 28 16 27 15 
25 25 29 25 29 23 25 23 
25 27 25 28 27 28 27 27 
25 35 27 37 28 36 26 34 
25 37 27 37 27 36 25 36 
25 39 27 41 29 39 27 37 
25 40 28 37 27 36 24 39 
26 13 25 13 25 14 26 14 
26 16 27 16 27 15 26 15 
26 28 27 27 26 26 25 27 
26 30 27 31 28 30 27 29 
26 35 26 34 25 34 25 35 
26 39 29 39 29 35 26 35 
26 40 26 39 25 39 25 40 
26 41 25 40 23 42 24 43 
27 21 26 22 28 24 29 23 
27 32 27 33 34 33 34 32 
27 39 29 41 33 37 31 35 
27 40 26 40 26 41 27 41 
28 20 33 25 35 23 30 18 
28 27 30 29 33 26 31 24 
28 34 29 34 29 30 28 30 
28 39 27 40 29 42 30 41 
29 14 27 16 29 18 31 16 
29 27 28 27 28 29 29 29 
29 33 28 34 29 35 30 34 
30 15 29 15 29 18 30 18 
30 22 30 23 32 23 32 22 
30 24 30 26 31 26 31 24 
30 33 29 34 30 35 31 34 
30 36 31 36 31 35 30 35 
30 37 30 36 28 36 28 37 
30 40 30 41 33 41 33 40 
30 42 30 41 29 41 29 42 
31 15 34 18 35 17 32 14 
31 22 32 23 33 22 32 21 
31 25 30 24 29 25 30 26 
31 28 31 34 32 34 32 28 
31 29 32 28 30 26 29 27 
31 31 34 34 37 31 34 28 
32 19 33 18 32 17 31 18 
32 37 32 39 33 39 33 37 
32 40 33 41 34 40 33 39 
32 42 32 44 33 44 33 42 
33 11 29 15 34 20 38 16 
33 15 33 18 34 18 34 15 
33 23 33 25 35 25 35 23 
33 30 35 30 35 26 33 26 
33 34 32 35 34 37 35 36 
33 35 33 34 32 34 32 35 
34 25 35 26 38 23 37 22 
34 30 37 33 40 30 37 27 
34 31 35 32 36 31 35 30 
34 35 38 35 38 34 34 34 
34 41 33 42 35 44 36 43 
35 18 35 22 37 22 37 18 
35 20 34 21 35 22 36 21 
35 21 34 20 32 22 33 23 
35 33 37 33 37 32 35 32 
35 35 36 36 38 34 37 33 
35 38 34 37 32 39 33 40 
35 40 35 38 34 38 34 40 
36 17 36 15 35 15 35 17 
36 19 37 18 36 17 35 18 
36 23 36 26 37 26 37 23 
36 27 36 31 37 31 37 27 
36 40 36 42 38 42 38 40 
36 41 43 34 42 33 35 40 
36 47 39 44 36 41 33 44 
37 15 42 15 42 14 37 14 
37 25 40 28 42 26 39 23 
37 34 38 35 39 34 38 33 
37 39 38 40 39 39 38 38 
37 43 39 43 39 39 37 39 
37 47 37 43 36 43 36 47 
38 13 37 14 40 17 41 16 
38 17 36 17 36 19 38 19 
38 20 38 22 39 22 39 20 
38 24 39 24 39 23 38 23 
38 27 39 28 40 27 39 26 
38 30 40 30 40 29 38 29 
38 46 33 41 32 42 37 47 
39 18 43 22 44 21 40 17 
39 19 41 21 44 18 42 16 
39 25 39 26 42 26 42 25 
39 27 39 28 40 28 40 27 
39 30 40 29 39 28 38 29 
39 32 39 34 43 34 43 32 
39 46 39 44 38 44 38 46 
40 21 40 22 41 22 41 21 
40 23 41 22 40 21 39 22 
40 36 44 36 44 31 40 31 
40 39 40 40 41 40 41 39 
41 13 38 13 38 16 41 16 
41 24 43 24 43 22 41 22 
41 26 43 28 44 27 42 25 
41 35 38 35 38 38 41 38 
42 23 43 24 44 23 43 22 
42 38 40 36 39 37 41 39 
42 39 41 38 40 39 41 40 
42 41 42 40 41 40 41 41 
42 46 44 44 41 41 39 43 
43 27 43 28 44 28 44 27 
43 39 43 38 42 38 42 39 
44 43 42 43 42 44 44 44 
45 42 43 40 42 41 44 43 
11 29 14 32 20 26 17 23 
11 31 12 31 12 29 11 29 
11 35 12 36 15 33 14 32 
15 42 16 42 16 41 15 41 
16 43 17 44 21 40 20 39 
17 43 18 44 19 43 18 42 
18 21 17 22 18 23 19 22 
19 25 19 26 20 26 20 25 
19 33 22 33 22 32 19 32 
19 41 17 41 17 43 19 43 
20 23 21 24 22 23 21 22 
21 31 19 33 20 34 22 32 
23 43 24 42 21 39 20 40 
25 42 26 42 26 41 25 41 
29 31 32 34 34 32 31 29 
29 36 30 37 31 36 30 35 
34 36 35 35 34 34 33 35 
35 28 36 27 35 26 34 27 
35 37 34 38 36 40 37 39 
36 24 35 25 36 26 37 25 
36 35 37 34 35 32 34 33 
36 37 36 36 35 36 35 37 
37 41 36 42 37 43 38 42 
38 31 39 32 40 31 39 30 
40 25 41 24 40 23 39 24 
42 21 42 23 44 23 44 21 
42 30 44 28 43 27 41 29 
16 44 17 44 17 43 16 43 
19 39 18 40 19 41 20 40 
33 36 34 36 34 35 33 35 
