200
11 30 17 36 20 33 14 27 
12 41 15 44 18 41 15 38 
13 17 15 19 18 16 16 14 
13 18 15 18 15 17 13 17 
13 22 14 23 15 22 14 21 
13 27 14 28 17 25 16 24 
13 28 14 28 14 27 13 27 
13 34 19 40 21 38 15 32 
13 41 15 43 16 42 14 40 
14 15 15 16 16 15 15 14 
14 20 16 22 17 21 15 19 
14 30 14 32 15 32 15 30 
14 35 14 37 15 37 15 35 
14 39 14 40 15 40 15 39 
15 15 16 15 16 14 15 14 
15 21 15 22 16 22 16 21 
15 33 20 38 21 37 16 32 
15 41 18 41 18 40 15 40 
16 16 15 17 17 19 18 18 
16 17 18 17 18 16 16 16 
16 26 16 32 17 32 17 26 
16 33 16 32 15 32 15 33 
16 36 20 32 19 31 15 35 
16 38 16 42 20 42 20 38 
16 40 17 39 16 38 15 39 
16 43 15 43 15 44 16 44 
17 18 15 18 15 19 17 19 
17 23 18 24 19 23 18 22 
17 24 16 24 16 25 17 25 
17 33 20 33 20 32 17 32 
18 19 16 21 19 24 21 22 
18 21 18 19 17 19 17 21 
18 23 18 24 19 24 19 23 
18 25 17 24 16 25 17 26 
18 27 17 26 14 29 15 30 
18 33 23 28 22 27 17 32 
18 43 21 40 18 37 15 40 
18 44 20 42 19 41 17 43 
19 16 20 16 20 15 19 15 
19 18 19 17 18 17 18 18 
19 22 19 21 18 21 18 22 
19 43 19 41 18 41 18 43 
20 17 19 16 18 17 19 18 
20 18 21 17 20 16 19 17 
20 26 22 28 23 27 21 25 
20 31 20 26 19 26 19 31 
20 37 21 37 21 33 20 33 
21 16 20 16 20 17 21 17 
21 20 22 21 26 17 25 16 
21 21 21 22 22 22 22 21 
21 27 21 25 18 25 18 27 
21 28 22 28 22 27 21 27 
21 32 22 33 24 31 23 30 
21 43 21 44 26 44 26 43 
22 16 23 17 24 16 23 15 
22 17 23 17 23 16 22 16 
22 18 25 21 26 20 23 17 
22 20 21 21 22 22 23 21 
22 24 25 24 25 22 22 22 
22 29 22 30 23 30 23 29 
22 36 24 38 26 36 24 34 
22 37 22 38 24 38 24 37 
22 39 26 43 28 41 24 37 
22 41 28 41 28 39 22 39 
23 20 26 20 26 17 23 17 
23 31 23 34 24 34 24 31 
23 41 26 44 29 41 26 38 
24 14 24 16 25 16 25 14 
24 22 22 24 24 26 26 24 
24 30 25 30 25 29 24 29 
24 32 25 31 24 30 23 31 
24 35 28 39 29 38 25 34 
25 19 25 21 30 21 30 19 
25 25 25 26 27 26 27 25 
25 28 29 32 30 31 26 27 
25 32 26 33 27 32 26 31 
25 35 25 34 24 34 24 35 
26 13 25 14 26 15 27 14 
26 14 26 15 27 15 27 14 
26 25 28 23 27 22 25 24 
26 28 25 29 27 31 28 30 
26 30 25 30 25 31 26 31 
26 32 27 32 27 31 26 31 
27 16 29 16 29 15 27 15 
27 20 25 22 29 26 31 24 
27 29 29 29 29 26 27 26 
27 33 27 34 31 34 31 33 
28 15 29 16 30 15 29 14 
28 17 30 19 31 18 29 16 
28 20 28 18 27 18 27 20 
28 24 28 30 31 30 31 24 
28 32 27 31 26 32 27 33 
28 33 30 35 31 34 29 32 
28 36 30 38 33 35 31 33 
28 38 28 36 26 36 26 38 
29 18 31 18 31 16 29 16 
29 35 29 38 30 38 30 35 
29 39 29 41 30 41 30 39 
29 40 30 41 31 40 30 39 
30 28 30 27 26 27 26 28 
31 20 30 21 31 22 32 21 
31 21 30 21 30 22 31 22 
31 26 32 27 34 25 33 24 
31 27 28 24 27 25 30 28 
31 28 35 32 36 31 32 27 
31 32 34 35 38 31 35 28 
31 39 34 42 39 37 36 34 
31 41 32 42 36 38 35 37 
32 22 40 30 43 27 35 19 
32 32 33 31 30 28 29 29 
32 38 32 42 33 42 33 38 
33 15 33 16 34 16 34 15 
33 19 35 21 39 17 37 15 
33 23 33 24 38 24 38 23 
33 32 33 33 35 33 35 32 
33 36 35 38 36 37 34 35 
33 43 34 43 34 42 33 42 
34 13 31 16 34 19 37 16 
34 17 33 17 33 19 34 19 
34 21 35 21 35 19 34 19 
34 22 34 21 32 21 32 22 
34 32 35 33 43 25 42 24 
34 36 34 35 33 35 33 36 
35 15 34 16 36 18 37 17 
35 16 37 16 37 15 35 15 
35 22 38 19 37 18 34 21 
35 25 35 22 34 22 34 25 
35 26 31 30 33 32 37 28 
35 34 35 37 36 37 36 34 
35 39 31 39 31 40 35 40 
36 17 36 18 37 18 37 17 
36 20 36 18 31 18 31 20 
36 21 38 21 38 20 36 20 
36 26 36 31 38 31 38 26 
36 28 41 33 43 31 38 26 
36 35 33 38 35 40 38 37 
37 22 38 23 39 22 38 21 
37 25 38 24 35 21 34 22 
37 26 40 29 42 27 39 24 
37 33 37 37 38 37 38 33 
37 38 37 37 36 37 36 38 
37 42 36 42 36 43 37 43 
38 29 40 31 44 27 42 25 
38 41 37 40 36 41 37 42 
38 45 39 44 37 42 36 43 
39 13 38 14 39 15 40 14 
39 18 44 18 44 17 39 17 
39 19 41 21 44 18 42 16 
39 25 42 25 42 24 39 24 
39 31 39 34 40 34 40 31 
39 39 41 37 39 35 37 37 
39 40 39 44 40 44 40 40 
41 13 39 13 39 15 41 15 
41 20 41 19 39 19 39 20 
41 22 43 24 44 23 42 21 
41 35 39 35 39 37 41 37 
41 47 44 44 40 40 37 43 
42 15 39 18 41 20 44 17 
42 20 41 20 41 21 42 21 
42 32 43 32 43 31 42 31 
42 33 42 32 41 32 41 33 
42 37 44 37 44 34 42 34 
42 40 42 37 41 37 41 40 
43 14 40 14 40 23 43 23 
43 28 44 28 44 27 43 27 
44 16 44 15 42 15 42 16 
44 24 44 23 43 23 43 24 
44 29 40 29 40 30 44 30 
44 39 42 37 39 40 41 42 
45 30 44 29 42 31 43 32 
45 32 45 30 44 30 44 32 
12 34 12 41 13 41 13 34 
13 35 15 33 14 32 12 34 
14 16 15 16 15 15 14 15 
14 17 15 18 16 17 15 16 
17 44 18 44 18 43 17 43 
20 19 18 21 19 22 21 20 
21 18 21 20 22 20 22 18 
21 30 21 32 22 32 22 30 
21 31 22 32 23 31 22 30 
21 36 22 37 24 35 23 34 
22 15 21 16 22 17 23 16 
24 28 25 28 25 26 24 26 
25 33 26 33 26 32 25 32 
26 22 27 22 27 20 26 20 
29 19 28 20 30 22 31 21 
30 40 31 39 30 38 29 39 
30 43 31 43 31 41 30 41 
32 16 33 17 34 16 33 15 
32 30 31 30 31 32 32 32 
32 44 33 43 32 42 31 43 
34 28 35 28 35 26 34 26 
38 39 39 39 39 37 38 37 
39 21 39 22 41 22 41 21 
40 35 42 33 41 32 39 34 
19 19 20 19 20 18 19 18 
33 29 37 33 38 32 34 28 
36 39 36 41 38 41 38 39 
30 29 30 31 33 31 33 29 
29 28 30 29 31 28 30 27 
