198
7 33 14 40 22 32 15 25 
13 37 14 38 18 34 17 33 
13 39 18 39 18 37 13 37 
13 40 14 41 18 37 17 36 
13 41 14 41 14 40 13 40 
13 42 15 44 16 43 14 41 
13 43 16 43 16 42 13 42 
14 24 19 24 19 20 14 20 
14 26 14 27 15 27 15 26 
14 29 15 30 18 27 17 26 
15 19 14 20 16 22 17 21 
15 22 16 23 19 20 18 19 
15 23 16 23 16 22 15 22 
15 29 18 29 18 27 15 27 
15 31 15 30 14 30 14 31 
15 43 16 42 14 40 13 41 
16 15 18 17 19 16 17 14 
16 16 16 17 18 17 18 16 
16 25 18 25 18 23 16 23 
16 28 15 27 14 28 15 29 
16 30 15 29 14 30 15 31 
16 31 15 30 14 31 15 32 
16 32 16 31 15 31 15 32 
16 36 17 36 17 33 16 33 
17 24 18 25 19 24 18 23 
17 30 18 29 15 26 14 27 
17 41 17 40 16 40 16 41 
17 45 23 39 22 38 16 44 
18 18 19 19 20 18 19 17 
18 30 17 30 17 31 18 31 
18 35 20 33 18 31 16 33 
19 18 20 18 20 17 19 17 
19 25 16 22 15 23 18 26 
19 26 21 26 21 25 19 25 
19 43 20 43 20 38 19 38 
19 44 20 43 17 40 16 41 
20 19 21 19 21 18 20 18 
20 20 18 22 21 25 23 23 
20 27 22 29 23 28 21 26 
20 30 20 33 26 33 26 30 
20 32 19 33 22 36 23 35 
20 36 20 33 19 33 19 36 
20 41 21 42 23 40 22 39 
21 17 23 17 23 16 21 16 
21 24 22 25 23 24 22 23 
21 28 21 34 23 34 23 28 
21 29 24 26 23 25 20 28 
21 35 21 34 18 34 18 35 
21 39 21 42 22 42 22 39 
22 12 20 14 23 17 25 15 
22 13 21 14 23 16 24 15 
22 17 21 16 20 17 21 18 
22 20 22 23 23 23 23 20 
22 21 26 25 27 24 23 20 
22 24 22 25 23 25 23 24 
22 26 22 29 24 29 24 26 
22 31 22 32 35 32 35 31 
22 44 23 44 23 43 22 43 
23 18 25 18 25 17 23 17 
23 19 24 20 26 18 25 17 
23 37 23 35 21 35 21 37 
23 41 22 42 23 43 24 42 
24 19 29 24 30 23 25 18 
24 33 23 34 26 37 27 36 
24 36 27 39 28 38 25 35 
24 39 26 39 26 37 24 37 
24 40 24 39 23 39 23 40 
25 14 25 15 29 15 29 14 
25 20 26 20 26 18 25 18 
25 28 27 30 31 26 29 24 
25 30 21 34 24 37 28 33 
25 34 25 35 30 35 30 34 
25 40 22 43 23 44 26 41 
25 41 25 43 26 43 26 41 
26 22 27 21 26 20 25 21 
26 26 29 26 29 25 26 25 
26 29 26 28 25 28 25 29 
26 42 28 40 27 39 25 41 
27 23 27 21 25 21 25 23 
27 25 25 23 24 24 26 26 
27 29 26 28 25 29 26 30 
27 33 28 33 28 30 27 30 
27 37 29 37 29 36 27 36 
27 40 27 44 28 44 28 40 
27 43 26 42 25 43 26 44 
28 11 25 14 29 18 32 15 
28 16 29 17 30 16 29 15 
28 17 29 17 29 16 28 16 
28 20 31 23 33 21 30 18 
28 22 28 20 26 20 26 22 
28 23 27 23 27 24 28 24 
28 29 28 27 27 27 27 29 
28 31 32 35 35 32 31 28 
28 36 29 37 31 35 30 34 
29 19 30 19 30 18 29 18 
29 23 33 19 32 18 28 22 
29 38 32 41 33 40 30 37 
29 46 35 40 33 38 27 44 
30 24 30 23 29 23 29 24 
30 26 31 25 30 24 29 25 
30 27 30 26 29 26 29 27 
30 30 32 30 32 27 30 27 
30 38 30 37 29 37 29 38 
30 41 30 43 31 43 31 41 
30 42 31 43 32 42 31 41 
31 37 32 37 32 35 31 35 
31 39 32 40 34 38 33 37 
32 26 34 28 37 25 35 23 
32 38 33 38 33 37 32 37 
32 45 34 43 32 41 30 43 
33 18 33 15 32 15 32 18 
33 20 35 20 35 19 33 19 
33 22 35 20 33 18 31 20 
33 29 30 26 29 27 32 30 
33 32 30 35 32 37 35 34 
33 41 33 40 32 40 32 41 
34 14 33 15 39 21 40 20 
34 21 33 21 33 22 34 22 
34 27 36 29 38 27 36 25 
34 29 34 28 33 28 33 29 
34 32 36 34 37 33 35 31 
34 36 34 38 36 38 36 36 
34 41 33 41 33 43 34 43 
34 44 35 44 35 43 34 43 
34 46 34 44 29 44 29 46 
35 25 35 23 31 23 31 25 
35 27 36 27 36 25 35 25 
35 37 36 38 37 37 36 36 
35 45 36 44 35 43 34 44 
36 18 36 21 39 21 39 18 
36 30 40 26 39 25 35 29 
36 31 40 31 40 30 36 30 
36 32 35 32 35 34 36 34 
36 45 36 44 35 44 35 45 
37 14 37 16 38 16 38 14 
37 18 38 17 37 16 36 17 
37 28 39 28 39 25 37 25 
37 35 38 35 38 34 37 34 
37 40 37 37 35 37 35 40 
37 43 39 43 39 42 37 42 
38 20 40 20 40 17 38 17 
38 29 38 27 36 27 36 29 
38 31 40 33 43 30 41 28 
38 33 40 31 38 29 36 31 
38 36 39 35 38 34 37 35 
38 38 40 38 40 36 38 36 
38 41 37 40 36 41 37 42 
38 43 37 42 35 44 36 45 
39 13 38 14 40 16 41 15 
39 29 40 30 41 29 40 28 
39 34 38 33 37 34 38 35 
39 41 36 38 34 40 37 43 
40 13 39 13 39 16 40 16 
40 15 39 16 40 17 41 16 
40 18 41 19 43 17 42 16 
40 24 32 24 32 26 40 26 
40 29 40 28 39 28 39 29 
40 37 41 38 42 37 41 36 
40 39 42 41 43 40 41 38 
40 40 42 38 40 36 38 38 
41 17 41 19 42 19 42 17 
41 18 42 19 43 18 42 17 
41 26 41 28 42 28 42 26 
41 27 42 28 43 27 42 26 
41 34 41 36 42 36 42 34 
41 37 41 38 42 38 42 37 
41 39 41 38 40 38 40 39 
42 15 41 15 41 16 42 16 
42 30 43 30 43 28 42 28 
42 32 40 34 42 36 44 34 
42 39 41 39 41 41 42 41 
42 42 44 42 44 41 42 41 
42 43 42 42 41 42 41 43 
43 24 44 24 44 18 43 18 
43 39 41 41 42 42 44 40 
43 42 42 41 41 42 42 43 
43 43 42 42 41 43 42 44 
43 44 43 43 42 43 42 44 
44 39 43 39 43 40 44 40 
45 26 43 24 41 26 43 28 
45 28 45 26 44 26 44 28 
15 18 15 19 18 19 18 18 
15 24 16 25 17 24 16 23 
19 27 19 28 20 28 20 27 
22 18 21 19 22 20 23 19 
22 19 23 19 23 18 22 18 
25 32 26 33 28 31 27 30 
28 37 26 39 27 40 29 38 
29 31 30 30 29 29 28 30 
32 13 29 16 33 20 36 17 
33 26 32 27 33 28 34 27 
39 33 39 34 40 34 40 33 
40 19 41 18 40 17 39 18 
17 29 18 30 20 28 19 27 
21 20 22 19 21 18 20 19 
32 12 22 12 22 13 32 13 
20 21 21 22 22 21 21 20 
21 21 21 20 20 20 20 21 
