144
12 29 14 31 16 29 14 27 
12 38 16 38 16 29 12 29 
13 20 15 22 19 18 17 16 
13 40 15 42 19 38 17 36 
14 23 15 24 16 23 15 22 
14 24 15 24 15 23 14 23 
14 37 16 39 17 38 15 36 
14 40 15 41 17 39 16 38 
15 30 14 30 14 31 15 31 
15 33 15 36 17 36 17 33 
15 34 23 26 22 25 14 33 
15 44 21 44 21 42 15 42 
16 19 16 20 20 20 20 19 
16 40 16 43 22 43 22 40 
17 18 19 18 19 16 17 16 
17 23 16 23 16 27 17 27 
17 29 15 31 17 33 19 31 
17 32 23 32 23 29 17 29 
18 17 15 17 15 21 18 21 
18 20 20 18 17 15 15 17 
18 22 16 20 15 21 17 23 
18 23 20 25 23 22 21 20 
18 26 15 23 14 24 17 27 
18 27 23 27 23 26 18 26 
19 20 17 18 16 19 18 21 
19 23 23 27 24 26 20 22 
19 34 20 35 23 32 22 31 
19 36 17 36 17 38 19 38 
20 15 19 16 22 19 23 18 
20 17 20 18 23 18 23 17 
20 21 18 21 18 22 20 22 
20 31 20 35 21 35 21 31 
20 37 25 37 25 36 20 36 
20 43 21 44 22 43 21 42 
21 25 21 22 20 22 20 25 
21 36 20 35 19 36 20 37 
21 48 25 44 20 39 16 43 
22 22 23 22 23 19 22 19 
22 32 24 30 23 29 21 31 
22 39 25 42 28 39 25 36 
23 16 25 16 25 14 23 14 
23 20 34 31 37 28 26 17 
23 37 21 35 20 36 22 38 
24 15 23 14 22 15 23 16 
24 19 33 19 33 15 24 15 
24 22 24 26 26 26 26 22 
24 42 27 39 25 37 22 40 
24 44 25 44 25 42 24 42 
24 48 24 44 21 44 21 48 
25 19 23 17 20 20 22 22 
25 24 27 26 29 24 27 22 
25 26 21 22 16 27 20 31 
25 33 30 28 29 27 24 32 
26 33 27 33 27 26 26 26 
26 43 27 44 29 42 28 41 
26 50 35 41 33 39 24 48 
27 23 25 25 26 26 28 24 
27 34 29 34 29 33 27 33 
27 35 27 34 22 34 22 35 
27 36 27 39 28 39 28 36 
27 42 27 44 29 44 29 42 
28 17 28 24 29 24 29 17 
28 18 24 22 28 26 32 22 
28 25 28 24 25 24 25 25 
28 28 30 28 30 26 28 26 
28 33 29 34 37 26 36 25 
28 37 30 35 29 34 27 36 
29 38 34 38 34 34 29 34 
29 39 28 39 28 41 29 41 
29 45 33 41 28 36 24 40 
30 12 23 19 26 22 33 15 
30 22 27 22 27 23 30 23 
30 39 32 37 31 36 29 38 
31 24 31 25 36 25 36 24 
31 26 28 29 35 36 38 33 
31 31 29 33 32 36 34 34 
31 35 30 35 30 36 31 36 
31 37 32 37 32 36 31 36 
32 14 32 22 35 22 35 14 
32 26 32 28 37 28 37 26 
32 38 33 37 32 36 31 37 
32 50 32 43 26 43 26 50 
33 25 36 22 33 19 30 22 
33 36 33 37 35 37 35 36 
33 40 33 39 30 39 30 40 
33 44 35 42 34 41 32 43 
33 45 33 44 29 44 29 45 
34 20 39 20 39 18 34 18 
34 29 31 29 31 31 34 31 
34 32 36 34 38 32 36 30 
34 33 38 33 38 32 34 32 
34 36 35 37 37 35 36 34 
34 37 36 39 37 38 35 36 
34 40 33 40 33 41 34 41 
34 42 35 42 35 41 34 41 
34 44 30 40 29 41 33 45 
35 18 30 23 31 24 36 19 
36 13 35 14 38 17 39 16 
36 21 35 22 43 30 44 29 
36 26 38 28 40 26 38 24 
36 32 40 28 36 24 32 28 
37 29 40 32 41 31 38 28 
37 31 37 35 41 35 41 31 
37 39 37 41 43 41 43 39 
37 43 38 42 37 41 36 42 
38 22 38 24 40 24 40 22 
38 29 38 28 37 28 37 29 
38 31 43 36 44 35 39 30 
38 44 38 42 36 42 36 44 
39 13 36 13 36 16 39 16 
39 21 42 21 42 20 39 20 
39 23 40 22 39 21 38 22 
39 27 44 27 44 23 39 23 
40 23 41 24 43 22 42 21 
40 34 41 35 43 33 42 32 
40 38 42 38 42 36 40 36 
41 26 41 24 40 24 40 26 
41 29 41 30 43 30 43 29 
41 37 40 36 39 37 40 38 
42 16 42 15 40 15 40 16 
42 18 44 16 42 14 40 16 
42 22 43 22 43 21 42 21 
42 28 40 28 40 32 42 32 
42 30 43 29 42 28 41 29 
42 33 43 33 43 32 42 32 
43 35 43 36 44 36 44 35 
43 37 44 36 43 35 42 36 
44 18 44 16 42 16 42 18 
44 38 43 37 42 38 43 39 
45 19 44 18 42 20 43 21 
46 26 42 22 40 24 44 28 
46 29 44 27 41 30 43 32 
46 33 46 29 44 29 44 33 
13 37 13 40 14 40 14 37 
14 43 15 44 16 43 15 42 
17 37 24 44 29 39 22 32 
20 38 20 39 22 39 22 38 
26 29 33 36 38 31 31 24 
27 32 26 33 27 34 28 33 
31 27 32 26 31 25 30 26 
33 21 36 21 36 19 33 19 
36 40 37 39 35 37 34 38 
37 17 40 14 39 13 36 16 
37 45 38 44 37 43 36 44 
