133
9 25 14 30 19 25 14 20 
10 27 14 31 18 27 14 23 
10 28 15 28 15 27 10 27 
12 33 14 35 16 33 14 31 
12 35 14 35 14 33 12 33 
13 37 14 38 18 34 17 33 
14 26 15 27 17 25 16 24 
14 37 16 39 17 38 15 36 
14 40 16 42 17 41 15 39 
15 30 14 30 14 31 15 31 
15 33 16 33 16 31 15 31 
15 38 14 38 14 39 15 39 
15 42 16 42 16 39 15 39 
16 13 15 14 17 16 18 15 
16 20 19 20 19 17 16 17 
16 34 16 35 18 35 18 34 
16 37 16 35 14 35 14 37 
17 14 15 14 15 16 17 16 
17 17 15 19 16 20 18 18 
17 22 17 25 19 25 19 22 
17 31 17 33 19 33 19 31 
18 19 16 21 17 22 19 20 
18 30 19 31 22 28 21 27 
18 33 16 31 14 33 16 35 
18 39 17 40 21 44 22 43 
18 41 17 41 17 42 18 42 
19 16 19 15 18 15 18 16 
19 30 22 30 22 28 19 28 
19 35 18 36 21 39 22 38 
19 36 19 35 18 35 18 36 
19 39 19 44 21 44 21 39 
20 16 19 15 18 16 19 17 
20 18 22 20 23 19 21 17 
20 19 20 18 18 18 18 19 
20 38 22 38 22 35 20 35 
20 40 20 38 17 38 17 40 
21 19 23 19 23 17 21 17 
21 22 25 26 27 24 23 20 
21 31 19 33 25 39 27 37 
21 32 24 35 26 33 23 30 
22 21 23 21 23 20 22 20 
22 23 22 25 25 25 25 23 
22 34 31 43 34 40 25 31 
22 39 23 38 20 35 19 36 
22 40 24 42 32 34 30 32 
23 34 23 30 22 30 22 34 
23 37 27 37 27 34 23 34 
23 39 23 38 22 38 22 39 
24 39 24 42 25 42 25 39 
25 16 19 22 22 25 28 19 
25 24 27 26 29 24 27 22 
25 27 24 28 28 32 29 31 
25 32 25 31 21 31 21 32 
25 36 31 42 33 40 27 34 
25 40 30 35 29 34 24 39 
26 16 25 16 25 19 26 19 
26 26 28 24 27 23 25 25 
26 27 26 26 25 26 25 27 
26 43 27 42 26 41 25 42 
27 21 25 19 23 21 25 23 
27 38 27 42 29 42 29 38 
28 23 27 23 27 24 28 24 
28 35 30 35 30 32 28 32 
28 41 29 42 31 40 30 39 
28 43 28 41 26 41 26 43 
29 13 26 16 32 22 35 19 
29 15 29 17 32 17 32 15 
29 28 29 31 33 31 33 28 
29 32 33 28 32 27 28 31 
29 43 31 43 31 42 29 42 
29 44 29 43 28 43 28 44 
30 22 30 21 27 21 27 22 
30 43 29 42 28 43 29 44 
31 23 38 30 39 29 32 22 
31 30 32 30 32 27 31 27 
31 35 31 40 33 40 33 35 
32 19 34 19 34 17 32 17 
32 21 32 22 37 22 37 21 
32 32 34 32 34 30 32 30 
32 36 37 41 38 40 33 35 
32 42 32 43 33 43 33 42 
33 18 32 17 31 18 32 19 
33 23 33 18 31 18 31 23 
33 29 34 30 38 26 37 25 
33 41 34 41 34 40 33 40 
34 13 32 15 34 17 36 15 
34 23 33 24 35 26 36 25 
34 24 34 23 33 23 33 24 
34 34 35 33 34 32 33 33 
34 36 34 34 32 34 32 36 
35 30 38 30 38 26 35 26 
35 31 33 31 33 33 35 33 
36 23 38 23 38 17 36 17 
36 30 35 31 36 32 37 31 
37 24 38 23 37 22 36 23 
37 32 37 31 36 31 36 32 
37 33 37 37 40 37 40 33 
38 24 37 24 37 25 38 25 
38 33 39 32 38 31 37 32 
38 34 38 40 41 40 41 34 
39 28 39 29 40 29 40 28 
39 35 37 37 41 41 43 39 
40 19 42 17 40 15 38 17 
40 23 40 19 39 19 39 23 
40 30 37 33 38 34 41 31 
40 31 40 30 38 30 38 31 
40 35 43 38 44 37 41 34 
40 38 30 38 30 39 40 39 
40 43 43 43 43 42 40 42 
41 21 39 19 37 21 39 23 
41 25 41 29 43 29 43 25 
42 28 41 29 42 30 43 29 
42 29 44 27 40 23 38 25 
43 41 43 40 41 40 41 41 
45 40 43 38 41 40 43 42 
12 26 10 28 15 33 17 31 
14 21 16 21 16 20 14 20 
20 22 21 22 21 19 20 19 
20 43 22 43 22 40 20 40 
21 23 23 21 22 20 20 22 
21 26 21 23 14 23 14 26 
21 41 22 40 21 39 20 40 
24 40 28 44 29 43 25 39 
27 32 28 31 22 25 21 26 
28 29 29 28 27 26 26 27 
30 28 32 30 33 29 31 27 
31 31 32 32 33 31 32 30 
37 40 40 43 43 40 40 37 
38 27 35 30 36 31 39 28 
38 41 38 40 37 40 37 41 
40 26 41 25 39 23 38 24 
42 42 43 43 44 42 43 41 
41 43 42 42 41 41 40 42 
