64
6 31 15 40 23 32 14 23 
11 21 18 28 23 23 16 16 
11 25 23 37 29 31 17 19 
11 33 14 33 14 25 11 25 
12 29 18 35 26 27 20 21 
12 31 14 33 24 23 22 21 
14 32 17 35 21 31 18 28 
14 36 19 31 16 28 11 33 
14 39 29 39 29 36 14 36 
16 24 26 24 26 16 16 16 
16 29 19 32 22 29 19 26 
16 31 16 29 12 29 12 31 
16 37 19 37 19 32 16 32 
17 20 28 20 28 19 17 19 
17 21 17 25 20 25 20 21 
17 28 17 35 18 35 18 28 
17 40 20 43 28 35 25 32 
19 18 20 18 20 17 19 17 
19 29 22 29 22 26 19 26 
19 40 21 38 18 35 16 37 
19 42 19 40 17 40 17 42 
20 35 28 35 28 25 20 25 
20 37 20 43 23 43 23 37 
21 27 26 32 27 31 22 26 
23 27 24 27 24 23 23 23 
23 28 26 31 27 30 24 27 
24 31 26 31 26 27 24 27 
25 15 16 24 17 25 26 16 
25 22 28 25 31 22 28 19 
25 23 26 24 29 21 28 20 
25 25 43 43 44 42 26 24 
25 28 23 28 23 32 25 32 
27 32 27 31 26 31 26 32 
27 35 24 38 30 44 33 41 
28 31 27 32 33 38 34 37 
29 22 25 22 25 23 29 23 
29 27 29 31 36 31 36 27 
29 42 33 42 33 41 29 41 
30 25 30 37 34 37 34 25 
30 40 42 28 41 27 29 39 
32 43 38 43 38 34 32 34 
33 20 33 38 35 38 35 20 
33 22 42 31 44 29 35 20 
34 20 37 17 36 16 33 19 
34 39 38 43 39 42 35 38 
35 30 29 36 30 37 36 31 
35 37 36 38 39 35 38 34 
36 11 30 17 33 20 39 14 
37 14 30 14 30 17 37 17 
38 44 43 44 43 43 38 43 
39 33 36 33 36 35 39 35 
40 11 36 11 36 16 40 16 
43 27 43 15 41 15 41 27 
43 38 43 42 44 42 44 38 
44 24 42 24 42 25 44 25 
49 38 42 31 36 37 43 44 
26 46 35 37 32 34 23 43 
30 43 34 39 33 38 29 42 
32 44 32 43 30 43 30 44 
33 43 30 40 29 41 32 44 
40 37 42 39 43 38 41 36 
40 38 40 37 36 37 36 38 
25 46 26 46 26 32 25 32 
23 48 25 46 19 40 17 42 
