42 3
000032003000000010200010000001000100300000
300000010002000100000000000010000100030000
300000100001230000000000000000003000000203
000011200000302002000020000020200000010000
000000000001000300002000300000000000000100
030030100000020230000000000000200330003000
002000000001000000000001000323000100000000
301001000000020000000000200000000100000000
002000000000000000002002001010000010000000
000000000003000000100000000000000100000000
010000000002000001200001300000000000030000
001300000000010002200130003000000020003000
000001001000000000000000000003003000003000
003030000100010000000100023011020000002000
100000000010103000030200003030010003001000
100000002002000000000000000000201000000000
000200320000030000000000000000000000030300
000203000101000000100000303000000000000030
000103000210000330000000000000030000000000
000000202030013000000200000020030001000000
000200000200000000000100000000000000000000
000000000100000200200000000202000100000030
033002010000000000000000020310022000000000
002300000200020003200000200030000000000000
000300000000000000000000000000200200000002
301000000030001000002100000000000010300000
000003003000000000000003000300200000000000
000000002000000020000000000000200000000000
020000000000000010301000300300003300000000
020001010030000000100000000103011000000100
000000000000000030000000000201000000000000
000000000210100000002000200200200000100000
100000202000300000001300000001001000000020
000000000000000022002000300010000000200000
000000000000000000033000000002020031003000
000020000001203000000000000010020000100000
000000002000000030100000000000000000001012
000000020000001000000300002000000003000030
000200000000000010000000010020200000000003
000030030000021020030300000200001010000010
000030000000000030000000000002000300000100
020030020200000100003100000000000310100020
