42 3
000300000003000300000000000122000203000001
000003000020000001000300000030000012000000
000000001222000100312000003000320003000010
000000010000030000000130001000000000000010
110010300000000003200000300001300000000003
020010000030020100030000000000033300000000
000000000030100000030000113200201033000002
000010001000000000010300020000000100000000
000003000000000000000323000000300300200000
010000000001300000000202000000000000000220
100102000330000000010000000000200000103000
000230000000000300000010000000000200000030
000000000000002000000000000000000000000000
020030000000000100000000000000000000000000
000030020300320000000000020000000000000300
000100020000000000000300001000000000000000
010000000000220000000000002000000020301000
200000130000000000000000201000003110000000
002000300030020300000020000200000032303300
100203000200000000020010000200000000000000
003001200000001000000000000000000000000200
300000000000001000002000000300003000020000
030010000000020000000200000200130000000000
000000000000002000000000000300000003200000
000000021322000002020120000000000000002023
003000000200000030003010200000300100000000
003000100000000000002000000000000030000003
000000000000000000000000200000000000010020
003000200000000000000120030001010010000000
000200000000000000300000100000010000000001
010000110013000002001030203020000012000000
000100020000000003000000302101000000000000
000200002000000300000020000333000000000210
000000000000010010000230001000002030300001
000000000000300200000000000000000000000000
000000102000000030000030003000020000201000
010000300020100000000000000000101000000000
000000000000010000000001000023000020013110
001000300100000100010000000000000000120000
000010000002000000221000010000001002000000
000000100000001000000000000002000030000000
000000000001021002000003000000000000000000
