42 3
300000000003000030000100001000000000000000
130020000000200001010210000000020203210001
000000030000000000100000030100030010230000
000301010000000000013201020020000000000000
100002000000000010021210000300100100230000
000030320000000202000000000000000000030321
020000000000001003030200100000000000000000
000000210203000000000010000200000003000000
000020000000301000000000000000000000002000
000010100000000002000030000000000003001000
120000003000003000000100010013000000001000
003100000300000000203000022200000000001000
010030000320000000000200000022002000000000
000003000100000000001000100023030003000000
000000000010000020000000000022103002000001
000000000000030000000002000000003013000000
200302100000000000000001000000000003003000
000003020030000000000000030000000003102000
000000000020030000000000000100020003203000
000001002000033000300030000002003000300000
000003000000010000000200000000000000100000
020200000000000000000300000000000000100002
000000000302200303020000003001000000030000
010000000003000000100200000000010010000100
020000000321000000000000200000000000003220
000010000020000000000000000000000000000010
000200000000000030230010030100001000000030
000000000000000000000000000000001002000000
300000000000000001000002000002000000300000
000000000200100030000000000021000000000000
000010000000000300030000000000200000100000
000011000000002000000000000000000000010200
000000000000200000000000000000022003000100
000010000000001000000103000100000000220000
000003003103000001000200101200000000003000
000000202000000102300000000100300000200000
200000000000000000001000000110000200000010
000200000000000300000000000300200000003000
000000000000003020300000000002000000030200
001110000300000000200000003000000003010010
020000003000001001210000003000010000000000
000200030001030000002300200012000303003000
