42 3
030000000000000020002101023020220312002000
200021000000000010001000000200000000000000
003100001000303100030002000000000030000030
002000000300000000010000000000010000200000
000000000000010000000033000000001000000000
300000000012000031120000000000000002100002
000000000000000000000100030030000000002020
030000000012000002000000000000000000000000
000000000000020000000000100003030000000221
002001000203000000000000000302330000003000
000000100010102000000020210000010300000000
000000000000010000000003000000000000000000
130000000022003000000002030000000000030000
000000000000000000200000230000000003000000
000000100000000010000000030001000002000020
000030000000000000000030001113000000000300
000001000000000010000003200010030030000000
000011200020000100000000023000000000000000
302020001023000001000000000100000000000000
300000000000000000300030000010000030020000
300000002003000000101010310103001000000000
000000000100000000020000000011000030000000
000000000000000200003000300000000000020200
000000330200200002000000200000000000001010
020000000100020200030000000020000100000300
010000000300000000000000000003000003000000
200000000000200000001000000300000000003200
000000300030000000200010031011300000000000
010000033000010000200020030000000020000000
000000003000030003001200020000000000010003
000010100000000000300000000023000000000000
002000000000100001001000013000000123303000
102000000000000000000000000001000000000000
000002300030002000000012000020200000000000
001000000200000000000203000000000020002200
030000300000100000000000002000001200000200
000000000100000002030302000000200000000000
300000002000000000030100000000000000100002
000000010000001000000020300300000000000020
001000033120000000020000000000300002200100
000010000100030000000100003320001300000002
031101000010000000000100102010000002300000
