42 3
100000002000031020000000300000000030000332
000000000000200000000001000000000100011020
000000000000002000002000000000000000032000
000000230000000023000000000000001000000100
000010020020110001000000020000000000000000
000000003202002000002003033031000010030020
100000000000002020202000000000000000001000
000000000000000000001002022000003000000030
300101103000010000002300110000000000000000
000000001000300020100010000003000300000010
000000000000003000200120000000100300000000
000100010000000001000000000000020000100000
000000300003200300000000001000000030000000
000000000002000000030030000030000000003003
000000001001030300000220000000000000010000
100000000000000300003010000210000010200003
000200000000220000000000000000020200000000
001000000000010201000020000100000030300000
020000022020001000000000000000000020000000
100000100002000000130002000100203000000000
002000030200000003300002000000000010000003
000331003002000000010010200000000202200022
020000000100000000000000031000000000003100
000000030000000020000002002100000000000000
000020030003000200000100300000230200003000
200002020200000000000030000000000000000000
000300000003001010020010000000000203000100
000010000300000000000030000000300020000100
000000000000000003000000000000010000200000
000101000030000000000000000000000000002001
020002000000000000023000300000003000000000
020002100303001000000000000000000030100300
000000000012000000020000000000000020000000
300000000100000000000000000003000002000020
000310000000030000300000000000003101000000
001003000100010000000000000030000000000013
000000000000000000000000000000000000003000
032000000000000021000000130020000000100000
000100020000010301100010300000000000213000
000000000000000003030003310101300031000000
300000000000100003000000000020012000031000
000020200000300001020200020330000100100000
