42 3
000020002000000000000002001002000000000000
200000003300000000000001000000000003000000
030000000000000200000001300000000000001000
031010001000001000000103000000000022000000
000000002302020000000000010000000000300010
020000120000000000000000000000000000200003
000000000010000000000000200000000100000320
020000022000300020012000001000100003000000
031003223100000000010030003000002000000000
000000210030202000100000000001010000000000
000000230200000020000020000000000000003000
000100010000000000120000000300100010000000
000100000002000000000000301003000000003000
000010000100300000000002020030030003000300
000000000000000000200320031000001203001000
003010000000020000030022100300000000102020
210002000002000000000000000000000000000000
000030000000000000020200000010002000330000
013300000000000000000320000000000000000000
000000000003000000000000000000000300000110
000000130000000200000100000000100000000000
000000300000200001000030000000030000001100
000000132000020000020012010002300200200030
030000000110010000000000000000000002000020
202020000000000003002000000010000000100000
000000000000100030000030300000000000000000
020020000302030303000000000011000001000000
003100000003100000000000000001000000020000
000001000003003000300000020200000000000003
000000011000030000000100300200001103000000
100000000200300000000000000200000030310000
000000300001001000000200000030000023000000
000100200000000000000000000030002000002300
003000000030000000300000000000000001100000
100100000010222000000000000000300300100000
030000002001201020030020000311020000000000
000002010001000020003000000301000000000210
000030000000033000210003000300000000003000
000000000200000000000000000200000200000000
000000100000002300000000000300010010000000
030000200000030200030002000010000001030000
003000000000110201000010000000000002000000
