42 3
010230000100002100000303210000000100000000
032002023000100013000000000000020000000000
000000001010002010100032300000000000020000
000000003000002000031000013010020000000000
000002021000003100000000000100200010200000
002030021030000000000100000000000003300030
003000000000000030300000000000000002000000
100230000100000001230001000000000000000100
220000000000003020000000000200000000000000
000002310000000000000000000000000000000000
000000001000000000000100000000000000010020
000200010000200010100000020000010000000200
000003002000000000000000000000000300000300
000000000300000300000100000210002000002003
000000003000000010000010300000000000000002
100001100200000022110030000300000300000000
000200003000000000000000032300000000230002
000000000030000320000000011200200220300130
000000000000100003030100000000003013000000
010000010100000000022000000030000200200000
000010002000100000003000003030123000000000
300000000000000000000010100000000020000000
001000000020020200001000000000100000000310
000000020000000000002000000000000030000030
020300100000003000003000001000000030200000
000030300003000000000303001020000000000003
000000003003000000002000000000000000301000
200000000000000000100000001030000010002000
130000100000000000000000000000000002001000
000000000000000000000300000300000002030023
000000000000003000020000200020100002000000
000000023000001000000000000000000300110000
000000001000000030000000000300020000000200
000000000000010000000000002000000101000000
030000101010200000000201220001000000003000
000000000000003000000100120020000100000000
030000000001330100000000012002100000000000
203000000103000000000000000000010230000000
000000002000000030000002000000020000000000
000000002100100002000002300000000010300002
000000003013200220000100002000010000030002
001100000000000300000000003002000000303003
