42 3
030000000000000000000203000000000000000013
000230000020001000000010000000221000200000
000220000103000000202023000020000000100030
000000000000002002200000000000030100000000
000000000310030003010020200000000000000000
000000000000000000000000000310100001000000
000000000200000202000200000001301000000000
300003000000003003000001000030010000000000
000000000030000000010000001002000000300030
000010330000000100000000021000003000032000
000000002000000000100000200000000000000000
100113000300000000000000020030000300030000
000000000030022000010210001001200200000010
000230100001002200000000000203000003002000
000030030000300000000200000000000000000002
000000000000000000300030100100000013200000
010000103010000000000000002002000030010020
203000001000300000000000000001010000000000
002000000100000000000010300000002000310000
000300020100000000000000300030003110000010
000010030200000000320000000000001002000000
000000000000000000030000000000020300000000
001002200000200000110003003000000010000000
200300000002030003000000000033000000000000
000000000000000000010000022000003002003000
000000000000000000000100000000000000003020
000300001003303000000000210000000010010000
300200300000000000101000000000030001003000
000000030000003000001000000000200001110000
030000000000002000030000000200000000000000
000000000000000000000002300000000100000001
301002003002100100030000000000201000202200
000000000200020103303010300000002000010000
000220000311000100002001000023000300000000
300000000022000000002010000010000000020000
000030000000000000310000300010010000000000
000000120000102000000030300001002230010002
000002000100000000200001001000100000000000
003200000000000100002000000000000002000000
000000000100020000002000022000000003002000
000000000002001000000100000000000030000030
000000000000001031000000023000000000000000
