42 3
000000030000000000000010001010000000200030
000000210000220000000020002000022000030001
000000000000000000000000320000003100000000
000020000000020000000000100000000000300302
000000000000010130302000000000000000000000
011000020000000001010000000020000000000000
000000000030300230000002000200000000100000
000000030000000030000020030000000001300030
000000203000000000003001000000300000000100
000000200010000000000200000000000000002000
000000000000000000000000001000200103000102
202002000000000031000000000000020000300000
000000000000000012000000300000000000000000
002030000002100300001000300020000000000000
000000000030000000000023000001000000202001
000100000030010000002020000000102000010000
100000020030000003000000010303011020020010
000000030100000010000000001011020200100110
000000000000000000010000030100030001000001
000001000000000002030000002000300020000200
000000320120000003001300000000000000001000
000003000100000001000012003000000010000300
000000220020300000010200000000003000300000
000020003020010200003030300020030000000002
000200002000000000002000001002000011000100
010000013200030010202000003000000000000010
000000120000000000012000000000000030000030
000000000000001000002003030000000000030002
020000000000000000303310000030000000000000
000000000001000003000000000000000030203000
301000000000000000000000010000002000001000
000000000000001000030000000000000100100003
000000100030200000000100000000000000030000
300000000000000030000000000030002100000000
000001000000000100000000200002030000000002
301002120000000100000020003003003200030020
100201300303000000000000000010200030000000
200000003000100320030000000003300000001000
300000000000000000020010000000000013002001
000000000000003001000000002000001000002010
000230000000003002000000000013000000000210
000030001000020000000000033002002012000200
