42 3
001000100000000003000000000003000020000000
000330000300002100003020000210000003000010
000003030030000200000000030000202001002010
000000030200000030000030000001000000000000
000001000000000000300000002000000000030002
000200300000000000000300300300002000000100
003020000000000202000000201200000200000000
000000000000000030000000030000000000000000
000000030000000300231000000020000000002000
320020021301001030000200300000000000010010
033100000000300000000000003010000100000002
002001000200000001000000000001000000000000
000000300020003000000002101000020000001000
000000001000000020000103010000000000000000
010000000000000300000010023032001000000000
000030000001000312000000000000000000000000
001010100010000000201200020000000100000203
002001303100000000010000000000000000000000
000200000020000002000000001000000300300011
000000000020100000001300000003000011000000
010000030000003000000000020021100002200000
000003002000100020000000010000010003020300
000100000301000320020301000000200300301000
000100003000210002203000000000100000000100
000001000300003000000000002000001000002000
000100000000000000000000300000000310030000
000000200000002000003030000000000000002000
000000000001000000000000000030000000200000
000120220000000230000010000000010000030000
000303003002000200000000030000000000100000
202000102200033000020000000000010000000000
000000030000000000000000000000000000100000
000000020100000000030030000000100010030000
000230000300000000032002000000002000000000
000000002300012000201000000000000002000000
000000100000000110000000020003003000210000
103030300000001003002010000000000000000020
020002000000200200103000300100130000000000
003000300100000000000000000000000003020000
000020002000000200000120010100020000000000
000002000000100000000000001030000020010000
000000000100000000003001000000000030000000
