42 3
021000200300000000010000000001000000200000
000010000000020001200010031020000000000000
000020000000000003000001100003000200300202
030000100000000000000000100030232000030000
120000000030000000000100300020303100000000
000300000000000000030020000000300100000000
203002000100000022000001000000000000023002
010100000000000020000001000000001000000300
000100210000000003003000100030000000000011
000001000000002000200103030000020000020000
300000000000000000300010000000200030300002
200000000002001000000000000002000000000300
002003000000000010000100000030000000020000
000001000000000000000300000000000000000030
003000100000230001002000010000010000002000
310000000000000003000003000000030000001003
000300000010000000000000002000000000021000
000002002000020000000000100000010000012000
330000001030010001011030200000000000000003
000000030000000020010002000020000000033000
000000300000020000000030000020000000001000
011310020000001031200000000000000030000000
000000002000000030000000000000130000000000
030300030000020000000000000000000000000000
000120000000100010000000000000300020000000
000020300030000010000000002200000100000000
003000300030000000000000200000000000000000
000000000001000202000000002000001200000002
020001300200000000003000000210100000000000
000003000300000000300003001030300002002230
000000100010000300200020010001000020300000
300000030200000000000000000002000000000000
200000020001010000000000000210020020000000
000000000001000000001300002000000000000000
013100100000000000030003001000000000003000
300002000000000030010000000000000000000100
030001201200003020200001300000103000300003
001001100000010003300000000000000300000000
012000000000022001002000012000002000000020
200000000000000000000000320000020000001000
000010002000001300000000010002000000200000
001000000300000000000000200003300001000300
