42 3
000003000000020000100003300300000000100000
000100000010000000000000000300102000001020
320000000202000000300000000000000022000200
000000000000000300020003000002020200001030
000000000000000200000010000000000000000000
000100210000000000000010000030000000001000
010200000003000010000000000311001020000031
000000100000000010001002000000001000100000
000000020000000001000000000000002000000000
020000030000000000030200030011001013030002
020000101000003000000001000000000000000000
000300000020002000003100000100000200000000
000002001020102000300102000000000000000020
003000030000000020030003000010300000000000
001202320030000030000030000000003000000020
000000000000000020003002000033000000002000
110300100000030000000000000000020000000000
100000000000020200000001000000000030000000
010010000000030000030003000200000000001000
001300003000000000000000310020020002000002
000000000003013000020000000301000000000320
300100000000001000000000000100200000320200
100000000030000000003002000022000000010002
000000000000002200000200003000000010030000
301000000000002000000200000200000000000100
000001003300000000302000000033000001200100
002000001000000000000001000000000010000300
000030030000000030010000200000000000000000
001000203020010000000000030100000020000000
200201000000000010001033000000000002001000
000000300010000000003001000000303000000000
000000000000030100030000000230000310001000
030000002000002000000010000000000000200000
003000000100200000000000120000300000200000
002003000000300000100001000003001100000000
100000000201000300200003100100030001300300
300003000000001110020002300121000000203000
000000000000000000030300000000000000000000
000000000000000200000030000000003000002002
000000000020000000200000002003000000001000
000000000000001000000000000020001010020000
000000000030012002022000000000023001300000
