42 3
000003300000103102000000000000020000010000
000202000000000000100002030102000000000000
000002003003000000000000010000000000000000
030002030000020030000000002000311002000003
001002011300100002010000000021000000201100
000300030000000030000000000000000030000000
000030310310010200000000000020000003000100
001000000000000000000110000000000002002000
021000000001001000000010000003003000100000
000000001000030000000000000000000300000000
000000000000001002003000030100000000000001
202000000000000000000000303000000103010000
000000020000000000000020000000003002000000
000000000003000030021000000300000000000000
001000120000000000000000000000000000101230
030020100000000220000000000010100000000300
002000212030003300300000000002030300320010
000000012001000000002300100300000030000000
000000000203000000030000001000000000000000
000000200200010020020010000010030000203000
030000100000000000303000220020010300000010
003000000022000000000000000133000000000000
000000000003000020000000000000100000000030
002000001000000120000000010030000030000000
000000000000030000000100000110002010000200
000000021110002000000200001000030000000300
000000000002000020000000020020000000003000
000302020000010300000000000000201000000001
000020000000010000102003200000000000001000
000100000000003000300120000203000200200000
000030003000200000001000000000000000010003
000001000000000000000030100001000020011020
000000000000020000000100002000000020000003
300030000000000000230000000000000100000003
000000000000001000101012000000200000010003
000030200203000000203001002000020000000000
000000003200000033000000000000000000000000
000000000000020000000000210000000000021020
030020030000001000000301100033000000000000
000000000030000101000000200102000000200000
003000200000230020300000000000000000000000
013300020000000000000000000000000310000302
