42 3
000000020000300000020200000000000000023000
032000000310030302000320002000103000030000
000200000000200200100000030000000001020000
000200000000000030002000000000100300030001
032000000303201000000000302000000100200000
000000100001000000001001000021000000000000
000000000000002000000000300010030010000003
300000000000000003000000000000000000033000
022000000031000001302300000000000001000000
000001200000000000000020000000000300300000
100000000000001020000300000001000000001300
000000220000023000000100000001020010003130
000000000030000300000001000110000000000010
000000000000023102002200100000200002020020
000300000000100000300010200000000000000000
022000002002000000003001000001000003300100
100010100301000000000001000010130020300000
000000000030000000010020000000001000030000
000000000000010000000320200000020000000102
000030000000000000003000000000310200000000
300000003000001200001000000000000000000000
000000000000001000020000000000012000000300
000000000100003000003000000331010030002000
300000300000000000000000030000000000031003
002000200000000030000103000000000000000013
302000000302000000000010030200130000000000
000000020000000000020100101000000000000000
010000000000000001000300002100000000001000
000210100003000000020020000000000000120002
000020000000000020030000022000000000000000
000000000000000100100000000000000100000000
000000000000010000000010003000000300000002
000003200000000000000200000000200011003000
000000000000000000000000030000003030000000
010000000002000302000000030000000003100000
000000020020100213000000000030010000100000
000022320300200000000000000010100012010202
000003031000010000000000002130000000200000
002000000001000200100203000002000000000000
100000203210000000000001000000000000020002
000000000003000000002000000003000000000030
000000000302000010000100030000120000000330
