42 3
020302000000002000300001000300000000000110
000000000000001000000000000021003000000000
000201000200000010031000030001300001300003
020000102031000000000000000220000010000000
200000000000001000200000000001030002000000
000020000001200000200000000000000000000010
000200000210000000310000000000010003010000
030020000300000000300000000000010000000000
030000000330000000100000000030000000030010
000000000000102200000000000110000000000300
300000100100000000000000000000200000000030
000202230000000200300000100003100000000300
000100001000300000000000000000300021000000
000010003003000000000000000000000000100210
000030020000030002100003023000000000001010
001000000100000003302000000000000000030003
100000100000000000200000000001002000100000
000002000000030000000001300020000130000000
020000010000023300010020000000000300023000
020000000100000001010000031000002000000000
030002000000000000000300000000003000200000
301000000200000000320000303000000100000010
010000000000000000000000210030000000000200
000000000000100000000000000000020000222001
000000000003000000100030300000000001000000
200002120000100003000100001000002020000000
000000300000000001100020000000000000000000
003010000000000200000002000003000003003030
030000021000020000000002102002202200010000
030000000000000200100000000000100000002000
020000000002000000000013030000100000000000
000000000000000000000000000011000000000100
001001001000000000030230010000000000030200
200000000030121000303030300000001000000000
203020003010020000100300000000003000000000
200000000000000000010000000002000000300000
000000003000000001000003000020000000230000
000000002000030032000001100002000003003200
200030003002000000000000002000000000000003
002000200000010000030200000123000002300000
200000000300000003000001000021000000102000
000000000022001000030000000000000003000001
