42 3
000002000000000300000300020000100000000003
003001000030020000000011000200000200000000
000000020000000000000000010000002002000000
000001001000001330003000000000000002000000
030210000000030020002000000002000000000000
200000330000002002000010010000000000000000
000200000000000002000020300000000000000000
030000000000000000000000012000000000000200
010000200000001020003200000000010033000100
000000001310000000000020000000000010001000
001001000000000000020000000031000100000101
000220110200000000200030000000011000001000
000003000001000000000000000300300000030000
000000001000000200003000230300100000201000
000001100200003003000002303020000000000000
001000000000000000320030000000000000000000
000000000000000003002200000000000000000003
010230000000000000030200003000300000001030
000000000000000001001100020010000000230000
300100000000000100010010001000000000000000
000000000000000003200000001200000000010020
100001000000000000000100200000003000000000
000000000100000000100000000000030000000001
300123000100103300200002000000000030000100
002000201002000210300000030220103000000000
000330200000000000002000000000000000300000
200320010021200000003000200000030010000000
000230000000000011200030000000000100001000
300000000000200000000300000200320002032120
000000000000000000030000000000200000000000
003200000001030000000000000112010210000103
000000000000000020000003000000000002010000
030000002330000020000030001003030010000000
000000020300000003000300000020000000200020
000300000003003100000001000000200001000000
033000300000000300001000100200000000101000
002000000000300000200000000020020000000000
001030003020300000000011000000010000000000
030130022001002000000200000000000000000003
100003000030000030000000000000000001030000
000000003200000000000002000000000000001200
000003020000000002003000011010000000002000
