42 3
000003030000000003000000000000000030000000
000000000200020000200000100001001000003003
000000000000000000001000020100000020100000
010000010000103000000000000222000000000003
100112003320000100000000000320000200000001
001000000000200000300000020000000002020000
100000100000200000001000000030000103010001
000100000000201200001300000000000100030001
030110010300020000030000200020300300200010
000010001000000000000020030000000220001000
000000030000010330010000003100000001000000
000000300020000000000010000001020010000000
000000000300000000000000303020000000010030
302000000003000000000000030000000000000003
000210003222020000000000200000020000000000
000001000020000000002330000320020000300000
002010000000300000000000000200200000000000
000000000100002100000000002010000001000000
000200000000000010000010000000020002000000
000300000100000000001000200002300003001003
000000000000000000030000000010000000000020
010000001000000002010000000000030000000000
000003000100001000222000200000000002000030
000300000000000000001020203000100030000000
002002000000000010301000000110000000000000
000010000000010003000002000003000000000000
001000000010002030313000000000030000000001
300000000032000003002000100030000000000010
000100000000000033000000033000310000000000
000012002000200000000000000002030003000000
000000222023000000210000000003030020000000
000000000303003100000020000000002010010000
020000002000001000000002000000000000000000
000000011000000000000000100000003000300030
000100000003300002000000000002200000010000
200200000330000000003000000000000000030200
000000000000300000000000200000000200200300
002000103010000003000000003030000000000100
000000003303000000030001100003000000020200
000010010000000010200000000000000000002010
100300000000020003100100020000000000002000
000000000010030000000000200300100000000200
