42 3
000000003300000000012020001000200001300000
010000000000000000000200000000000300031000
000020200010100000000002000000000000000200
002000000000000020000000000000000000003300
000000000020100101000010000000002200100310
200000000000002300130000001000000000000000
000000003000000000000100100000000020000000
000000000003030020331033000000002030023030
020030000000000000000010100000000000000102
000000000000100000002300000000000000000320
010100000000000000003100100000020100212000
000000000000002000000120020000000000000000
000020300000000000000130300000000001301000
000302000000000000000100011000020000000000
010000012003030000000100300000000000000000
003102020000000300000030300000000000002020
300010100000020020201000100000010000100000
000000000000020000010300002030002020000000
000001000000100000000100000003000000001003
000030000030000000000001200000000100000101
000000300000200000002100200301003000000000
000000000000000020000000000002000000200000
003010310000300000000000230030000000000000
002300000013110300000000000000000200010000
000001010000000000000000000300003000000000
200003002000001000000200000000000000000000
030000000200020010000000003000000020000000
000020002101000000000030000000000000002002
300011000000100000201010300000001000000000
000000010000000002000000000001100000000000
000002320300000100300000000000002002000000
000001002000000000000000100200000030000000
200000000000000000000000000000002002021010
300220000000000000000000000000030000000000
003300000002000001002000001000000000100000
000000003000030000300001000020220030000030
000032000033000000001000020000000000033003
002100323000000000000003031003300000000020
011002030000000000300000322000020020000000
000033300000000000000000210100003000000200
000020000000000000303020100100031000000001
000000302000002000310003000101000000200000
