37
6 26 11 31 16 26 11 21 
6 31 11 31 11 26 6 26 
13 17 13 16 11 16 11 17 
14 17 13 17 13 20 14 20 
14 27 14 32 23 32 23 27 
16 20 16 22 17 22 17 20 
16 31 22 31 22 26 16 26 
17 25 18 25 18 22 17 22 
20 28 21 29 23 27 22 26 
21 23 24 20 23 19 20 22 
21 30 21 29 17 29 17 30 
23 20 21 20 21 23 23 23 
24 12 16 20 18 22 26 14 
24 23 21 20 14 27 17 30 
25 14 25 23 26 23 26 14 
26 33 33 33 33 31 26 31 
27 39 33 33 23 23 17 29 
28 11 28 14 30 14 30 11 
28 25 27 24 21 30 22 31 
28 35 34 29 32 27 26 33 
29 10 28 11 29 12 30 11 
29 20 29 12 24 12 24 20 
29 27 32 27 32 20 29 20 
30 24 30 17 27 17 27 24 
31 30 35 30 35 16 31 16 
32 29 34 29 34 27 32 27 
33 32 34 31 32 29 31 30 
34 23 25 14 17 22 26 31 
10 21 13 24 17 20 14 17 
11 36 16 31 11 26 6 31 
13 39 27 39 27 24 13 24 
16 36 16 31 11 31 11 36 
18 15 13 20 18 25 23 20 
19 35 28 35 28 25 19 25 
8 34 13 39 16 36 11 31 
10 18 10 21 11 21 11 18 
13 21 14 20 11 17 10 18 
