81
4 26 12 34 19 27 11 19 
4 27 13 27 13 26 4 26 
7 20 13 26 20 19 14 13 
8 31 11 34 14 31 11 28 
8 34 11 34 11 31 8 31 
10 16 11 17 12 16 11 15 
10 21 19 30 29 20 20 11 
11 22 11 25 19 25 19 22 
11 37 14 34 11 31 8 34 
12 13 14 13 14 12 12 12 
12 21 12 16 10 16 10 21 
12 33 12 34 14 34 14 33 
12 37 12 34 11 34 11 37 
13 13 14 14 15 13 14 12 
14 17 14 19 17 19 17 17 
14 23 16 21 14 19 12 21 
14 27 13 28 14 29 15 28 
14 28 18 24 17 23 13 27 
15 14 15 13 14 13 14 14 
15 27 14 27 14 28 15 28 
16 15 20 15 20 13 16 13 
16 18 17 19 18 18 17 17 
16 19 19 22 22 19 19 16 
17 11 17 12 20 12 20 11 
17 30 14 33 15 34 18 31 
18 23 18 24 23 24 23 23 
18 29 14 29 14 31 18 31 
19 13 23 17 24 16 20 12 
19 14 19 16 24 16 24 14 
19 28 19 30 22 30 22 28 
20 20 22 20 22 19 20 19 
20 26 23 23 22 22 19 25 
20 27 20 26 19 26 19 27 
21 14 23 12 22 11 20 13 
21 16 22 15 21 14 20 15 
22 13 28 13 28 11 22 11 
22 23 19 26 20 27 23 24 
23 15 23 17 25 17 25 15 
23 21 26 18 25 17 22 20 
23 25 22 26 27 31 28 30 
23 28 24 27 19 22 18 23 
23 31 27 31 27 28 23 28 
24 18 26 18 26 16 24 16 
24 20 22 20 22 22 24 22 
24 23 28 23 28 22 24 22 
24 32 22 32 22 33 24 33 
25 32 20 27 19 28 24 33 
26 25 26 24 23 24 23 25 
26 26 22 30 23 31 27 27 
26 30 26 34 28 34 28 30 
27 13 25 15 26 16 28 14 
27 14 29 16 30 15 28 13 
28 15 30 15 30 14 28 14 
28 26 30 24 28 22 26 24 
28 31 31 34 34 31 31 28 
28 32 27 31 25 33 26 34 
29 17 29 20 31 20 31 17 
29 22 29 29 35 29 35 22 
30 21 30 24 34 24 34 21 
30 25 28 23 26 25 28 27 
30 28 31 28 31 25 30 25 
30 37 34 33 32 31 28 35 
31 13 30 14 31 15 32 14 
31 14 32 14 32 13 31 13 
31 18 34 21 35 20 32 17 
31 24 32 23 30 21 29 22 
31 31 31 34 32 34 32 31 
31 35 31 34 28 34 28 35 
32 28 29 31 32 34 35 31 
32 30 30 28 29 29 31 31 
34 15 32 13 31 14 33 16 
34 28 34 25 32 25 32 28 
34 30 34 31 35 31 35 30 
38 24 35 21 31 25 34 28 
18 11 17 12 19 14 20 13 
23 33 24 32 23 31 22 32 
27 26 27 27 28 27 28 26 
28 17 30 19 31 18 29 16 
31 30 32 30 32 28 31 28 
30 31 31 30 28 27 27 28 
29 37 30 37 30 31 29 31 
