130
7 24 12 29 19 22 14 17 
7 25 11 25 11 24 7 24 
9 18 12 21 14 19 11 16 
9 29 11 31 18 24 16 22 
9 30 11 32 14 29 12 27 
9 31 11 31 11 30 9 30 
10 18 13 21 16 18 13 15 
10 24 11 25 13 23 12 22 
11 15 13 17 15 15 13 13 
11 20 15 20 15 16 11 16 
11 33 11 34 17 34 17 33 
12 13 12 15 13 15 13 13 
12 17 12 21 13 21 13 17 
12 23 11 24 13 26 14 25 
12 26 12 27 13 27 13 26 
12 32 14 32 14 29 12 29 
13 22 12 22 12 23 13 23 
14 11 12 13 15 16 17 14 
14 13 18 13 18 11 14 11 
14 24 18 24 18 19 14 19 
14 34 15 35 17 33 16 32 
15 23 16 23 16 22 15 22 
15 25 13 27 15 29 17 27 
16 14 17 14 17 12 16 12 
16 17 18 19 21 16 19 14 
16 21 15 22 16 23 17 22 
16 25 21 25 21 23 16 23 
16 29 16 25 15 25 15 29 
16 30 16 32 18 32 18 30 
16 35 17 34 12 29 11 30 
17 13 18 14 20 12 19 11 
17 16 17 22 19 22 19 16 
17 29 18 30 19 29 18 28 
18 27 18 28 23 28 23 27 
18 31 19 32 20 31 19 30 
18 34 19 34 19 32 18 32 
18 35 18 34 17 34 17 35 
19 10 18 11 19 12 20 11 
19 13 18 13 18 14 19 14 
19 20 20 21 21 20 20 19 
19 23 20 24 21 23 20 22 
19 24 19 29 20 29 20 24 
19 27 21 29 23 27 21 25 
19 36 20 35 19 34 18 35 
20 10 19 10 19 11 20 11 
20 16 20 19 21 19 21 16 
20 20 20 21 21 21 21 20 
20 33 20 35 21 35 21 33 
21 13 20 14 21 15 22 14 
21 17 22 16 21 15 20 16 
21 22 19 24 23 28 25 26 
21 26 21 29 25 29 25 26 
21 31 21 29 20 29 20 31 
21 34 22 33 21 32 20 33 
22 12 22 14 23 14 23 12 
22 18 24 20 26 18 24 16 
22 19 22 20 24 20 24 19 
22 31 21 31 21 32 22 32 
22 35 24 35 24 33 22 33 
23 18 24 19 25 18 24 17 
23 21 21 21 21 22 23 22 
23 32 24 33 28 29 27 28 
24 24 26 26 27 25 25 23 
24 28 21 31 22 32 25 29 
24 32 24 28 23 28 23 32 
25 13 25 18 26 18 26 13 
25 24 23 22 18 27 20 29 
26 8 22 12 29 19 33 15 
26 10 25 11 28 14 29 13 
26 11 23 14 27 18 30 15 
26 19 27 19 27 18 26 18 
26 20 30 24 31 23 27 19 
26 21 26 20 24 20 24 21 
26 28 27 28 27 27 26 27 
26 37 31 32 29 30 24 35 
27 20 29 20 29 19 27 19 
27 21 26 21 26 25 27 25 
28 19 27 18 26 19 27 20 
28 26 27 27 31 31 32 30 
28 27 30 27 30 26 28 26 
28 34 29 35 31 33 30 32 
29 16 24 16 24 17 29 17 
29 23 30 23 30 20 29 20 
29 26 30 27 31 26 30 25 
29 28 29 30 31 30 31 28 
30 10 26 10 26 11 30 11 
30 12 30 15 33 15 33 12 
30 17 31 18 32 17 31 16 
30 29 31 28 30 27 29 28 
30 31 30 32 31 32 31 31 
31 12 32 13 33 12 32 11 
31 24 31 23 30 23 30 24 
31 25 31 26 32 26 32 25 
31 27 32 26 31 25 30 26 
32 14 35 14 35 13 32 13 
32 16 32 17 33 17 33 16 
32 21 30 23 31 24 33 22 
32 27 33 27 33 26 32 26 
32 33 32 32 31 32 31 33 
33 24 35 22 31 18 29 20 
33 28 34 27 33 26 32 27 
33 29 32 29 32 30 33 30 
33 33 34 33 34 32 33 32 
33 34 34 33 33 32 32 33 
34 28 34 27 33 27 33 28 
34 29 33 28 32 29 33 30 
34 34 35 33 34 32 33 33 
35 24 35 22 33 22 33 24 
35 29 35 28 34 28 34 29 
35 34 35 33 34 33 34 34 
10 13 12 15 14 13 12 11 
10 32 11 33 12 32 11 31 
12 33 14 35 18 31 16 29 
13 19 15 21 20 16 18 14 
13 31 14 32 16 30 15 29 
14 14 14 17 16 17 16 14 
15 13 16 14 17 13 16 12 
15 32 15 35 16 35 16 32 
16 20 15 20 15 21 16 21 
20 18 21 19 22 18 21 17 
21 18 22 19 23 18 22 17 
22 22 23 21 22 20 21 21 
23 17 22 17 22 18 23 18 
24 23 24 24 25 24 25 23 
25 27 26 28 27 27 26 26 
25 34 28 34 28 29 25 29 
27 24 26 25 28 27 29 26 
32 28 33 29 34 28 33 27 
9 13 9 18 10 18 10 13 
10 33 11 34 12 33 11 32 
