128
8 17 11 20 14 17 11 14 
8 20 11 20 11 17 8 17 
8 28 11 31 19 23 16 20 
9 20 15 26 18 23 12 17 
9 22 11 24 13 22 11 20 
9 30 12 33 15 30 12 27 
10 16 11 17 14 14 13 13 
10 22 13 19 11 17 8 20 
10 24 13 27 17 23 14 20 
10 26 11 26 11 24 10 24 
11 11 11 12 12 12 12 11 
11 21 14 21 14 20 11 20 
11 28 15 28 15 26 11 26 
11 34 12 34 12 33 11 33 
12 14 12 17 14 17 14 14 
12 22 12 27 13 27 13 22 
12 29 13 30 15 28 14 27 
12 31 14 33 15 32 13 30 
13 11 13 13 16 13 16 11 
13 12 12 11 11 12 12 13 
13 15 13 19 15 19 15 15 
13 32 15 32 15 30 13 30 
13 33 15 35 22 28 20 26 
13 34 12 33 11 34 12 35 
13 35 13 34 12 34 12 35 
14 10 13 11 17 15 18 14 
14 23 17 26 18 25 15 22 
14 24 14 27 26 27 26 24 
15 14 18 14 18 12 15 12 
15 20 16 20 16 19 15 19 
15 21 15 22 20 22 20 21 
16 30 16 32 19 32 19 30 
16 34 16 32 15 32 15 34 
16 38 19 35 16 32 13 35 
17 12 16 11 15 12 16 13 
17 16 16 17 20 21 21 20 
17 17 17 16 16 16 16 17 
17 20 25 12 24 11 16 19 
17 25 18 25 18 23 17 23 
17 33 22 33 22 28 17 28 
18 16 17 15 16 16 17 17 
18 18 20 18 20 16 18 16 
18 19 17 19 17 20 18 20 
18 31 20 31 20 29 18 29 
19 19 18 18 17 19 18 20 
19 20 21 20 21 19 19 19 
19 28 18 29 19 30 20 29 
19 34 16 34 16 35 19 35 
20 25 24 29 26 27 22 23 
20 32 20 35 21 35 21 32 
20 33 21 32 20 31 19 32 
21 15 22 16 23 15 22 14 
21 23 22 22 21 21 20 22 
21 25 21 23 20 23 20 25 
21 34 20 33 19 34 20 35 
22 12 22 14 25 14 25 12 
22 17 25 17 25 16 22 16 
22 31 24 33 25 32 23 30 
23 13 26 16 28 14 25 11 
23 17 22 16 20 18 21 19 
23 18 22 19 24 21 25 20 
23 26 24 26 24 23 23 23 
24 15 25 14 22 11 21 12 
24 22 25 22 25 21 24 21 
24 30 26 32 27 31 25 29 
24 32 24 33 25 33 25 32 
24 34 25 33 24 32 23 33 
25 18 28 21 29 20 26 17 
25 19 25 18 23 18 23 19 
25 23 26 22 25 21 24 22 
25 24 26 23 25 22 24 23 
25 25 27 27 28 26 26 24 
25 26 24 26 24 29 25 29 
25 31 26 31 26 29 25 29 
26 13 26 15 29 15 29 13 
27 14 27 17 28 17 28 14 
27 18 26 18 26 21 27 21 
27 26 28 26 28 21 27 21 
27 30 27 31 29 31 29 30 
27 32 27 31 26 31 26 32 
27 33 28 34 30 32 29 31 
28 19 32 19 32 17 28 17 
28 20 28 19 25 19 25 20 
28 22 32 26 33 25 29 21 
28 23 30 25 34 21 32 19 
28 31 27 30 26 31 27 32 
29 10 26 13 27 14 30 11 
29 16 27 14 26 15 28 17 
29 19 27 17 26 18 28 20 
29 27 30 27 30 25 29 25 
29 33 29 32 27 32 27 33 
29 38 32 35 29 32 26 35 
30 12 31 12 31 11 30 11 
30 16 30 15 29 15 29 16 
30 30 33 27 32 26 29 29 
31 13 30 12 29 13 30 14 
31 14 31 13 30 13 30 14 
31 15 30 14 29 15 30 16 
31 28 34 25 33 24 30 27 
32 13 31 12 30 13 31 14 
32 15 31 15 31 16 32 16 
32 32 30 32 30 35 32 35 
33 20 33 23 35 23 35 20 
33 26 34 26 34 25 33 25 
33 30 33 27 30 27 30 30 
34 11 33 11 33 13 34 13 
34 38 34 33 29 33 29 38 
35 14 34 13 32 15 33 16 
36 19 33 16 32 17 35 20 
39 29 33 23 29 27 35 33 
8 29 11 29 11 28 8 28 
12 10 11 11 12 12 13 11 
12 32 11 33 12 34 13 33 
15 38 16 38 16 35 15 35 
19 25 19 26 20 26 20 25 
21 13 21 15 23 15 23 13 
22 24 24 26 25 25 23 23 
23 29 23 30 24 30 24 29 
23 34 24 34 24 33 23 33 
24 18 23 19 24 20 25 19 
25 36 26 35 24 33 23 34 
26 33 26 35 27 35 27 33 
27 29 29 29 29 27 27 27 
29 36 30 35 27 32 26 33 
31 32 33 30 31 28 29 30 
11 32 12 32 12 31 11 31 
20 24 21 25 22 24 21 23 
21 33 24 30 23 29 20 32 
