133
10 13 13 16 15 14 12 11 
10 14 13 17 14 16 11 13 
10 20 14 24 15 23 11 19 
10 21 13 24 19 18 16 15 
11 14 11 13 10 13 10 14 
11 17 13 17 13 16 11 16 
11 26 11 27 12 27 12 26 
12 17 19 24 20 23 13 16 
12 30 12 31 17 31 17 30 
13 21 13 24 14 24 14 21 
13 22 11 24 16 29 18 27 
13 27 14 28 15 27 14 26 
13 29 16 32 17 31 14 28 
13 35 15 33 14 32 12 34 
14 18 18 22 19 21 15 17 
14 25 13 24 11 26 12 27 
14 31 15 32 17 30 16 29 
14 33 15 33 15 32 14 32 
15 13 16 14 17 13 16 12 
15 15 16 15 16 14 15 14 
15 19 11 19 11 23 15 23 
15 24 16 24 16 23 15 23 
15 25 15 24 14 24 14 25 
15 29 15 27 13 27 13 29 
16 13 17 13 17 12 16 12 
16 16 18 16 18 15 16 15 
16 17 17 18 19 16 18 15 
17 14 18 13 17 12 16 13 
17 15 16 14 15 15 16 16 
17 17 18 18 19 17 18 16 
17 22 18 22 18 18 17 18 
17 24 16 24 16 29 17 29 
18 12 19 12 19 11 18 11 
18 14 18 13 17 13 17 14 
18 17 19 17 19 16 18 16 
18 24 18 25 19 25 19 24 
18 29 19 30 20 29 19 28 
18 30 18 32 19 32 19 30 
18 34 19 33 18 32 17 33 
18 35 18 34 13 34 13 35 
19 13 22 16 23 15 20 12 
19 19 22 19 22 18 19 18 
19 20 19 21 20 21 20 20 
19 23 18 22 17 23 18 24 
19 26 14 26 14 28 19 28 
20 13 20 12 19 12 19 13 
20 19 19 20 20 21 21 20 
20 22 22 22 22 21 20 21 
20 25 19 24 18 25 19 26 
20 27 18 27 18 29 20 29 
20 30 21 31 22 30 21 29 
21 17 22 18 23 17 22 16 
21 23 19 25 23 29 25 27 
21 27 21 28 23 28 23 27 
21 30 21 29 20 29 20 30 
21 32 19 32 19 33 21 33 
21 34 22 34 22 33 21 33 
22 25 30 17 29 16 21 24 
22 27 21 26 20 27 21 28 
22 29 22 30 23 30 23 29 
22 31 22 30 21 30 21 31 
22 32 21 33 22 34 23 33 
23 10 20 13 22 15 25 12 
23 16 22 16 22 17 23 17 
23 19 24 20 25 19 24 18 
23 20 22 21 27 26 28 25 
23 23 23 20 21 20 21 23 
23 31 25 33 28 30 26 28 
23 32 22 31 21 32 22 33 
23 35 25 35 25 33 23 33 
24 13 24 14 26 14 26 13 
24 21 28 21 28 20 24 20 
24 24 29 29 33 25 28 20 
24 26 24 24 21 24 21 26 
24 27 25 27 25 26 24 26 
24 29 25 28 24 27 23 28 
24 34 25 35 26 34 25 33 
25 9 22 12 24 14 27 11 
25 10 23 10 23 12 25 12 
25 15 25 19 31 19 31 15 
25 21 24 20 22 22 23 23 
25 31 26 31 26 28 25 28 
25 32 26 31 24 29 23 30 
26 17 31 22 32 21 27 16 
26 22 27 22 27 17 26 17 
26 25 26 22 22 22 22 25 
26 29 28 31 29 30 27 28 
28 13 29 14 30 13 29 12 
28 14 28 16 29 16 29 14 
28 18 33 23 35 21 30 16 
28 22 28 25 31 25 31 22 
28 29 28 30 29 30 29 29 
28 32 35 32 35 31 28 31 
28 34 32 30 29 27 25 31 
28 35 28 34 26 34 26 35 
29 17 30 17 30 16 29 16 
29 21 29 27 32 27 32 21 
29 24 32 27 34 25 31 22 
29 31 32 34 33 33 30 30 
29 33 29 35 33 35 33 33 
30 28 30 30 32 30 32 28 
30 33 28 31 26 33 28 35 
31 13 30 14 31 15 32 14 
31 14 31 13 30 13 30 14 
31 29 33 29 33 25 31 25 
32 15 35 15 35 14 32 14 
32 17 33 18 34 17 33 16 
33 12 31 14 32 15 34 13 
33 17 33 18 34 18 34 17 
33 21 33 23 35 23 35 21 
34 20 35 20 35 18 34 18 
34 26 32 28 33 29 35 27 
34 30 35 30 35 27 34 27 
34 34 34 30 32 30 32 34 
34 36 35 35 34 34 33 35 
35 12 35 11 33 11 33 12 
36 14 33 11 32 12 35 15 
36 16 35 15 33 17 34 18 
10 28 12 30 13 29 11 27 
11 30 12 31 18 25 17 24 
11 32 13 34 14 33 12 31 
15 16 15 17 16 17 16 16 
15 21 16 22 19 19 18 18 
16 33 18 35 21 32 19 30 
17 32 16 32 16 33 17 33 
19 22 19 23 20 23 20 22 
21 16 22 17 23 16 22 15 
21 21 23 19 22 18 20 20 
27 15 28 14 27 13 26 14 
28 11 27 11 27 13 28 13 
36 15 35 15 35 16 36 16 
26 16 27 17 28 16 27 15 
34 15 35 16 36 15 35 14 
