97
5 17 11 23 17 17 11 11 
9 19 14 24 17 21 12 16 
10 17 11 18 16 13 15 12 
11 20 15 20 15 18 11 18 
11 24 13 26 14 25 12 23 
11 25 14 25 14 24 11 24 
11 26 11 28 13 28 13 26 
12 12 12 16 15 16 15 12 
12 24 15 27 18 24 15 21 
12 27 13 28 14 27 13 26 
12 31 14 31 14 27 12 27 
14 19 15 20 16 19 15 18 
15 17 17 17 17 16 15 16 
15 30 16 30 16 28 15 28 
15 33 17 35 19 33 17 31 
16 15 17 15 17 13 16 13 
16 17 17 16 16 15 15 16 
16 31 19 28 18 27 15 30 
16 35 19 32 15 28 12 31 
17 11 16 11 16 12 17 12 
17 22 17 21 15 21 15 22 
17 27 18 27 18 24 17 24 
17 30 16 30 16 31 17 31 
18 11 17 12 21 16 22 15 
18 12 17 11 16 12 17 13 
18 16 18 17 21 17 21 16 
18 20 18 18 17 18 17 20 
18 28 19 28 19 27 18 27 
18 31 17 31 17 35 18 35 
19 21 22 18 21 17 18 20 
19 22 23 18 21 16 17 20 
19 24 21 26 24 23 22 21 
19 26 21 24 19 22 17 24 
19 34 21 34 21 33 19 33 
19 36 20 35 19 34 18 35 
20 12 20 11 18 11 18 12 
20 21 20 35 22 35 22 21 
20 28 21 29 24 26 23 25 
20 32 21 33 24 30 23 29 
21 13 24 16 25 15 22 12 
21 21 28 28 31 25 24 18 
21 22 19 22 19 24 21 24 
21 25 19 25 19 26 21 26 
22 13 22 15 25 15 25 13 
22 17 21 17 21 18 22 18 
23 12 23 14 26 14 26 12 
23 17 23 18 24 18 24 17 
23 26 21 26 21 29 23 29 
23 30 24 30 24 29 23 29 
24 13 23 12 22 13 23 14 
24 32 27 35 30 32 27 29 
25 16 27 18 29 16 27 14 
25 26 25 23 24 23 24 26 
25 28 25 29 27 29 27 28 
26 15 27 15 27 14 26 14 
26 16 26 15 25 15 25 16 
26 23 26 24 28 24 28 23 
26 25 25 26 27 28 28 27 
26 30 24 30 24 32 26 32 
27 17 25 17 25 18 27 18 
27 19 21 25 25 29 31 23 
27 25 33 31 34 30 28 24 
27 32 27 34 29 34 29 32 
28 14 27 13 26 14 27 15 
28 16 27 15 26 16 27 17 
28 25 26 23 23 26 25 28 
28 29 27 28 21 34 22 35 
28 31 25 28 24 29 27 32 
29 14 28 14 28 16 29 16 
29 19 27 17 23 21 25 23 
30 14 35 14 35 13 30 13 
30 18 30 32 35 32 35 18 
31 14 30 13 29 14 30 15 
31 24 28 24 28 25 31 25 
31 26 31 31 32 31 32 26 
31 28 29 30 33 34 35 32 
32 34 33 34 33 31 32 31 
34 14 35 13 33 11 32 12 
7 16 11 20 15 16 11 12 
7 22 11 26 15 22 11 18 
10 24 11 25 12 24 11 23 
10 27 11 28 12 27 11 26 
12 22 12 16 7 16 7 22 
12 29 14 31 15 30 13 28 
15 23 15 22 12 22 12 23 
16 8 13 11 17 15 20 12 
17 29 18 28 17 27 16 28 
20 13 21 13 21 12 20 12 
20 27 23 30 24 29 21 26 
23 24 23 25 26 25 26 24 
27 27 28 27 28 25 27 25 
27 31 28 31 28 29 27 29 
29 18 27 18 27 19 29 19 
29 35 30 34 27 31 26 32 
30 35 30 34 29 34 29 35 
33 32 32 31 29 34 30 35 
5 24 10 24 10 17 5 17 
