46
7 23 15 31 22 24 14 16 
9 20 15 26 18 23 12 17 
13 17 14 17 14 16 13 16 
13 20 13 22 21 22 21 20 
13 24 16 24 16 23 13 23 
14 23 21 16 20 15 13 22 
15 11 15 13 27 13 27 11 
17 21 19 23 22 20 20 18 
18 11 13 16 14 17 19 12 
18 12 18 23 19 23 19 12 
18 31 18 26 15 26 15 31 
19 25 18 26 20 28 21 27 
21 34 31 24 28 21 18 31 
22 12 22 15 28 15 28 12 
22 18 22 15 20 15 20 18 
22 29 22 24 16 24 16 29 
23 18 22 18 22 20 23 20 
25 22 26 21 24 19 23 20 
25 27 25 22 21 22 21 27 
25 31 25 34 34 34 34 31 
26 12 27 13 28 12 27 11 
26 17 17 17 17 21 26 21 
26 26 28 26 28 21 26 21 
27 14 25 16 26 17 28 15 
27 27 34 34 35 33 28 26 
29 13 27 13 27 14 29 14 
30 19 30 15 28 15 28 19 
30 26 35 21 27 13 22 18 
31 21 22 12 17 17 26 26 
31 23 34 23 34 21 31 21 
31 33 35 33 35 32 31 32 
31 36 35 32 34 31 30 35 
33 22 34 23 35 22 34 21 
34 30 30 26 27 29 31 33 
9 17 16 24 22 18 15 11 
12 20 12 17 9 17 9 20 
12 34 19 34 19 25 12 25 
23 29 25 31 27 29 25 27 
25 29 27 29 27 27 25 27 
25 37 29 33 25 29 21 33 
28 35 30 35 30 26 28 26 
29 36 31 36 31 33 29 33 
31 30 34 30 34 24 31 24 
21 37 25 37 25 34 21 34 
25 26 22 29 28 35 31 32 
18 40 21 37 15 31 12 34 
