115
9 18 11 20 16 15 14 13 
9 22 12 25 14 23 11 20 
9 23 12 26 14 24 11 21 
9 25 12 25 12 23 9 23 
9 31 12 34 18 28 15 25 
10 28 16 34 18 32 12 26 
11 34 12 34 12 26 11 26 
12 14 11 15 15 19 16 18 
13 13 14 13 14 12 13 12 
13 15 13 16 16 16 16 15 
13 20 11 22 12 23 14 21 
13 21 13 20 11 20 11 21 
13 23 14 23 14 21 13 21 
13 27 13 29 16 29 16 27 
13 32 15 34 16 33 14 31 
14 17 11 17 11 19 14 19 
14 28 14 31 18 31 18 28 
15 15 16 16 20 12 19 11 
15 21 15 25 16 25 16 21 
15 30 16 29 12 25 11 26 
15 32 13 32 13 34 15 34 
16 11 15 12 17 14 18 13 
16 13 18 13 18 11 16 11 
16 19 17 19 17 18 16 18 
17 12 17 14 20 14 20 12 
17 24 16 25 20 29 21 28 
17 28 22 23 21 22 16 27 
18 16 22 20 24 18 20 14 
18 19 19 18 18 17 17 18 
18 24 18 19 17 19 17 24 
18 25 18 26 21 26 21 25 
19 10 18 11 21 14 22 13 
19 29 16 29 16 33 19 33 
20 15 25 20 26 19 21 14 
20 16 18 16 18 17 20 17 
20 22 17 19 15 21 18 24 
20 24 15 19 13 21 18 26 
20 30 30 30 30 29 20 29 
21 15 21 14 20 14 20 15 
21 17 20 17 20 20 21 20 
21 24 21 22 20 22 20 24 
21 29 20 28 19 29 20 30 
21 32 21 31 18 31 18 32 
22 11 22 13 28 13 28 11 
22 21 22 20 21 20 21 21 
22 22 23 21 22 20 21 21 
22 32 26 28 25 27 21 31 
23 20 26 17 23 14 20 17 
23 22 23 21 22 21 22 22 
23 23 23 25 25 25 25 23 
24 9 22 11 25 14 27 12 
24 16 26 18 28 16 26 14 
24 17 24 18 26 18 26 17 
24 20 25 21 27 19 26 18 
24 21 23 20 22 21 23 22 
24 22 25 23 26 22 25 21 
24 23 21 26 27 32 30 29 
24 26 25 25 24 24 23 25 
24 28 24 26 21 26 21 28 
24 32 27 32 27 31 24 31 
24 37 26 35 20 29 18 31 
25 12 25 14 26 14 26 12 
25 15 25 14 23 14 23 15 
25 22 25 21 24 21 24 22 
25 32 33 24 32 23 24 31 
26 16 28 16 28 14 26 14 
26 23 30 23 30 22 26 22 
26 24 27 25 30 22 29 21 
26 25 27 25 27 24 26 24 
26 26 26 28 32 28 32 26 
27 11 26 12 28 14 29 13 
27 18 26 18 26 19 27 19 
27 33 28 33 28 32 27 32 
28 19 25 22 26 23 29 20 
28 26 27 25 26 26 27 27 
28 30 27 31 28 32 29 31 
29 19 29 16 28 16 28 19 
29 25 27 25 27 27 29 27 
29 33 29 34 34 34 34 33 
30 17 32 17 32 14 30 14 
30 24 32 24 32 23 30 23 
30 26 31 25 30 24 29 25 
31 10 28 13 32 17 35 14 
31 15 32 14 31 13 30 14 
31 17 28 14 26 16 29 19 
31 18 34 21 35 20 32 17 
31 29 32 28 30 26 29 27 
32 19 32 21 33 21 33 19 
32 30 34 30 34 28 32 28 
33 31 35 31 35 26 33 26 
33 33 34 34 35 33 34 32 
34 13 34 14 35 14 35 13 
34 24 34 21 33 21 33 24 
34 25 33 26 34 27 35 26 
34 31 33 32 34 33 35 32 
35 28 34 27 28 33 29 34 
36 26 34 24 32 26 34 28 
7 23 9 25 13 21 11 19 
9 21 9 22 11 22 11 21 
17 20 19 22 20 21 18 19 
22 18 24 16 23 15 21 17 
22 37 24 37 24 32 22 32 
23 18 23 20 24 20 24 18 
26 33 26 35 27 35 27 33 
27 34 28 33 27 32 26 33 
28 34 29 33 28 32 27 33 
29 10 29 13 31 13 31 10 
29 32 33 32 33 31 29 31 
31 27 34 27 34 25 31 25 
31 31 32 30 31 29 30 30 
35 16 29 10 28 11 34 17 
15 20 16 21 17 20 16 19 
16 20 16 19 15 19 15 20 
19 13 19 18 22 18 22 13 
21 36 22 37 26 33 25 32 
