36
10 28 15 33 24 24 19 19 
11 19 11 20 19 20 19 19 
12 22 20 14 19 13 11 21 
13 30 21 22 19 20 11 28 
14 23 22 15 19 12 11 20 
15 17 18 17 18 12 15 12 
15 26 15 29 29 29 29 26 
17 30 18 31 26 23 25 22 
18 22 21 22 21 17 18 17 
19 32 26 32 26 23 19 23 
21 18 20 19 22 21 23 20 
21 33 25 33 25 22 21 22 
22 27 28 27 28 21 22 21 
23 13 23 12 19 12 19 13 
23 19 29 13 27 11 21 17 
23 24 24 24 24 20 23 20 
23 31 25 33 26 32 24 30 
24 34 24 30 17 30 17 34 
26 34 27 34 27 33 26 33 
27 28 34 28 34 25 27 25 
29 19 29 13 23 13 23 19 
29 20 28 21 33 26 34 25 
29 32 32 35 35 32 32 29 
32 32 32 29 29 29 29 32 
34 19 29 19 29 20 34 20 
38 26 35 23 29 29 32 32 
9 21 21 33 23 31 11 19 
10 21 10 28 11 28 11 21 
16 22 16 31 18 31 18 22 
16 33 17 34 19 32 18 31 
20 24 24 20 23 19 19 23 
20 31 23 31 23 24 20 24 
25 35 26 34 25 33 24 34 
28 31 26 33 27 34 29 32 
35 16 30 11 15 26 20 31 
15 31 15 33 16 33 16 31 
