125
9 19 13 23 15 21 11 17 
10 28 11 29 14 26 13 25 
10 29 11 29 11 28 10 28 
11 19 14 19 14 17 11 17 
11 27 14 27 14 26 11 26 
11 32 13 32 13 29 11 29 
12 15 12 13 11 13 11 15 
12 31 13 32 15 30 14 29 
12 34 13 35 18 30 17 29 
13 13 11 15 16 20 18 18 
13 15 15 17 17 15 15 13 
13 16 14 17 19 12 18 11 
13 18 14 19 15 18 14 17 
13 21 13 23 15 23 15 21 
13 34 12 34 12 35 13 35 
14 12 18 12 18 11 14 11 
14 20 16 20 16 19 14 19 
14 28 15 28 15 27 14 27 
15 15 15 13 13 13 13 15 
15 16 15 17 18 17 18 16 
15 20 16 21 17 20 16 19 
15 26 17 24 13 20 11 22 
15 29 15 30 17 30 17 29 
15 32 17 34 19 32 17 30 
16 18 18 20 20 18 18 16 
16 23 15 23 15 26 16 26 
16 27 15 26 14 27 15 28 
16 28 15 27 14 28 15 29 
17 18 17 20 18 20 18 18 
17 22 21 22 21 21 17 21 
17 25 18 25 18 24 17 24 
17 27 18 26 17 25 16 26 
17 28 17 27 16 27 16 28 
18 21 17 22 19 24 20 23 
18 33 18 34 20 34 20 33 
19 6 14 11 22 19 27 14 
19 23 18 24 20 26 21 25 
19 26 20 25 19 24 18 25 
19 27 18 28 20 30 21 29 
19 31 22 31 22 27 19 27 
20 15 20 16 28 16 28 15 
20 19 22 19 22 18 20 18 
20 24 20 23 19 23 19 24 
20 28 18 28 18 30 20 30 
20 35 22 35 22 34 20 34 
21 11 21 14 23 14 23 11 
21 15 18 12 17 13 20 16 
21 16 24 19 26 17 23 14 
21 24 20 24 20 25 21 25 
21 28 26 28 26 25 21 25 
21 32 24 32 24 30 21 30 
21 33 22 34 24 32 23 31 
22 12 24 14 25 13 23 11 
22 25 24 27 25 26 23 24 
22 28 24 30 26 28 24 26 
22 33 23 34 26 31 25 30 
23 19 24 19 24 14 23 14 
23 20 23 19 22 19 22 20 
23 22 23 24 24 24 24 22 
23 23 24 22 23 21 22 22 
23 33 23 31 22 31 22 33 
24 16 22 18 23 19 25 17 
24 33 23 33 23 34 24 34 
25 18 26 18 26 17 25 17 
25 25 30 20 29 19 24 24 
25 27 25 26 24 26 24 27 
25 28 24 27 21 30 22 31 
25 31 25 33 26 33 26 31 
26 13 25 13 25 14 26 14 
27 19 29 17 28 16 26 18 
27 22 29 22 29 19 27 19 
27 25 28 26 29 25 28 24 
27 26 30 23 29 22 26 25 
27 29 31 33 33 31 29 27 
28 25 27 25 27 26 28 26 
29 9 26 12 28 14 31 11 
29 15 30 15 30 11 29 11 
29 16 28 16 28 17 29 17 
29 24 29 25 32 25 32 24 
29 26 27 28 32 33 34 31 
29 29 29 35 30 35 30 29 
30 14 29 15 30 16 31 15 
30 21 30 20 23 20 23 21 
30 26 31 26 31 23 30 23 
30 27 30 26 29 26 29 27 
31 13 31 15 33 15 33 13 
31 16 31 15 30 15 30 16 
31 20 32 19 29 16 28 17 
31 28 33 28 33 27 31 27 
31 35 32 35 32 33 31 33 
31 39 35 35 29 29 25 33 
32 14 33 15 34 14 33 13 
32 16 31 16 31 19 32 19 
32 27 33 26 32 25 31 26 
32 37 34 35 32 33 30 35 
33 17 34 17 34 15 33 15 
33 21 35 19 33 17 31 19 
33 22 31 20 30 21 32 23 
33 25 32 24 30 26 31 27 
33 35 34 35 34 31 33 31 
33 37 33 35 32 35 32 37 
34 18 35 18 35 17 34 17 
34 26 34 25 33 25 33 26 
35 23 35 19 32 19 32 23 
35 27 34 26 33 27 34 28 
9 22 11 22 11 19 9 19 
9 30 11 32 12 31 10 29 
10 33 12 35 13 34 11 32 
12 16 13 16 13 15 12 15 
15 31 15 32 19 32 19 31 
18 32 20 34 21 33 19 31 
19 18 21 16 20 15 18 17 
19 25 19 26 20 26 20 25 
19 30 21 28 19 26 17 28 
20 21 21 22 23 20 22 19 
21 34 22 33 21 32 20 33 
21 36 22 35 21 34 20 35 
22 6 19 6 19 12 22 12 
25 20 23 22 25 24 27 22 
26 29 27 29 27 28 26 28 
30 22 33 22 33 21 30 21 
30 39 31 39 31 35 30 35 
31 37 33 35 31 33 29 35 
32 22 34 24 35 23 33 21 
31 21 30 22 31 23 32 22 
