67
8 15 11 18 15 14 12 11 
11 24 13 24 13 19 11 19 
11 28 17 28 17 26 11 26 
12 14 13 14 13 11 12 11 
12 20 24 32 25 31 13 19 
12 31 12 32 14 32 14 31 
13 13 18 18 19 17 14 12 
13 26 11 28 14 31 16 29 
14 14 14 19 15 19 15 14 
14 29 16 27 13 24 11 26 
14 34 24 34 24 32 14 32 
15 33 17 31 16 30 14 32 
16 34 15 33 14 34 15 35 
17 27 20 24 15 19 12 22 
18 19 23 19 23 18 18 18 
18 26 21 26 21 23 18 23 
18 29 16 29 16 30 18 30 
19 14 14 19 18 23 23 18 
19 15 19 16 26 16 26 15 
19 18 18 19 34 35 35 34 
19 24 17 26 19 28 21 26 
19 25 19 24 13 24 13 25 
19 31 19 28 17 28 17 31 
20 17 25 12 24 11 19 16 
21 17 23 19 26 16 24 14 
21 19 19 21 21 23 23 21 
21 28 22 29 27 24 26 23 
21 37 24 34 17 27 14 30 
22 10 20 12 27 19 29 17 
22 35 22 33 15 33 15 35 
23 22 27 22 27 21 23 21 
23 24 23 30 27 30 27 24 
23 32 19 28 18 29 22 33 
24 12 20 12 20 14 24 14 
24 26 21 26 21 28 24 28 
25 13 27 13 27 12 25 12 
25 20 31 14 30 13 24 19 
25 28 25 31 28 31 28 28 
25 32 27 30 25 28 23 30 
26 30 28 28 26 26 24 28 
27 14 24 14 24 19 27 19 
27 20 34 20 34 19 27 19 
28 20 27 21 30 24 31 23 
28 40 33 35 24 26 19 31 
29 16 29 17 30 17 30 16 
29 23 29 22 27 22 27 23 
29 24 29 35 30 35 30 24 
29 32 28 31 27 32 28 33 
31 15 28 12 27 13 30 16 
31 22 31 23 34 23 34 22 
32 15 32 14 31 14 31 15 
32 19 30 17 27 20 29 22 
32 25 32 26 33 26 33 25 
33 15 32 15 32 16 33 16 
33 17 34 16 33 15 32 16 
33 18 34 17 33 16 32 17 
33 22 31 24 32 25 34 23 
33 27 34 27 34 26 33 26 
33 31 33 35 34 35 34 31 
34 18 34 17 33 17 33 18 
36 14 34 12 33 13 35 15 
9 18 14 23 18 19 13 14 
25 33 26 34 33 27 32 26 
25 40 28 40 28 33 25 33 
29 20 27 22 29 24 31 22 
23 38 25 40 30 35 28 33 
21 40 23 38 14 29 12 31 
