66
7 18 11 22 16 17 12 13 
7 22 11 22 11 18 7 18 
9 17 17 25 19 23 11 15 
9 19 13 23 18 18 14 14 
11 23 13 23 13 22 11 22 
11 26 21 26 21 24 11 24 
12 19 18 19 18 18 12 18 
13 17 13 13 12 13 12 17 
13 18 12 17 11 18 12 19 
13 35 19 35 19 23 13 23 
14 17 14 27 16 27 16 17 
14 29 16 31 18 29 16 27 
14 30 15 31 16 30 15 29 
15 28 15 29 18 29 18 28 
15 30 15 29 14 29 14 30 
16 19 21 24 29 16 24 11 
16 25 13 22 11 24 14 27 
16 32 18 34 33 19 31 17 
17 20 26 20 26 15 17 15 
17 22 17 25 22 25 22 22 
17 31 16 31 16 32 17 32 
18 14 23 19 25 17 20 12 
18 33 18 34 23 34 23 33 
19 12 18 12 18 14 19 14 
19 30 17 32 18 33 20 31 
19 31 23 35 28 30 24 26 
20 25 21 26 22 25 21 24 
22 21 28 27 31 24 25 18 
22 28 25 28 25 25 22 25 
23 13 23 19 27 19 27 13 
24 35 31 28 30 27 23 34 
25 24 31 24 31 18 25 18 
25 33 28 33 28 30 25 30 
26 24 25 25 29 29 30 28 
27 17 30 20 33 17 30 14 
27 26 24 26 24 35 27 35 
28 19 29 20 31 18 30 17 
28 26 32 26 32 25 28 25 
28 28 30 28 30 27 28 27 
29 17 29 20 30 20 30 17 
30 16 27 13 26 14 29 17 
30 21 35 21 35 20 30 20 
30 32 31 32 31 28 30 28 
30 36 32 34 30 32 28 34 
31 12 31 17 33 17 33 12 
31 14 32 15 34 13 33 12 
31 30 28 27 25 30 28 33 
32 24 34 22 29 17 27 19 
32 33 28 33 28 34 32 34 
33 23 33 19 28 19 28 23 
33 27 34 26 33 25 32 26 
33 34 34 33 33 32 32 33 
37 28 30 21 28 23 35 30 
9 28 12 28 12 19 9 19 
10 30 12 32 14 30 12 28 
12 31 14 29 11 26 9 28 
12 34 13 35 16 32 15 31 
15 13 17 15 18 14 16 12 
15 32 15 31 12 31 12 32 
16 33 17 32 16 31 15 32 
17 36 30 36 30 32 17 32 
23 14 18 19 23 24 28 19 
29 14 29 16 30 16 30 14 
29 36 32 33 31 32 28 35 
37 18 31 12 29 14 35 20 
15 33 16 33 16 32 15 32 
