61
9 19 11 21 14 18 12 16 
9 20 11 22 13 20 11 18 
9 31 13 31 13 20 9 20 
11 33 13 31 11 29 9 31 
11 34 18 34 18 33 11 33 
12 13 11 13 11 16 12 16 
14 21 14 18 11 18 11 21 
14 22 17 25 20 22 17 19 
14 31 18 31 18 23 14 23 
14 35 14 31 13 31 13 35 
15 20 17 20 17 19 15 19 
15 21 14 21 14 22 15 22 
15 30 20 30 20 22 15 22 
16 16 20 12 19 11 15 15 
16 21 15 20 14 21 15 22 
16 24 16 28 21 28 21 24 
16 26 20 30 21 29 17 25 
17 16 18 16 18 11 17 11 
17 34 18 33 15 30 14 31 
19 14 19 18 23 18 23 14 
20 11 20 12 23 12 23 11 
20 24 16 28 23 35 27 31 
20 29 21 28 15 22 14 23 
20 32 20 33 30 33 30 32 
21 13 24 16 26 14 23 11 
21 16 19 14 17 16 19 18 
21 19 24 22 27 19 24 16 
21 30 23 30 23 29 21 29 
22 16 22 22 24 22 24 16 
23 22 19 18 17 20 21 24 
23 24 26 27 32 21 29 18 
23 27 25 27 25 24 23 24 
24 12 30 12 30 11 24 11 
24 19 31 12 30 11 23 18 
24 30 26 28 25 27 23 29 
25 28 26 28 26 27 25 27 
27 16 30 16 30 15 27 15 
27 28 26 28 26 29 27 29 
28 16 27 15 21 21 22 22 
28 26 29 27 34 22 33 21 
28 30 30 28 29 27 27 29 
28 35 28 30 24 30 24 35 
29 23 34 28 35 27 30 22 
29 32 30 33 35 28 34 27 
30 14 31 14 31 12 30 12 
30 27 34 27 34 22 30 22 
31 13 30 12 29 13 30 14 
31 16 32 15 31 14 30 15 
32 19 27 19 27 21 32 21 
32 34 33 34 33 21 32 21 
34 33 35 33 35 28 34 28 
36 30 34 28 30 32 32 34 
18 19 21 19 21 16 18 16 
18 22 21 19 18 16 15 19 
19 32 21 30 20 29 18 31 
22 19 18 23 26 31 30 27 
24 31 26 29 25 28 23 30 
26 22 28 24 29 23 27 21 
28 27 27 28 33 34 34 33 
29 26 28 26 28 27 29 27 
29 28 30 28 30 27 29 27 
