115
8 18 14 24 19 19 13 13 
9 31 11 33 14 30 12 28 
9 33 11 33 11 31 9 31 
10 25 11 26 12 25 11 24 
10 28 12 28 12 25 10 25 
10 31 12 33 15 30 13 28 
11 18 11 20 17 20 17 18 
11 22 11 24 14 24 14 22 
11 34 11 35 13 35 13 34 
12 21 13 21 13 13 12 13 
12 35 13 34 12 33 11 34 
13 18 11 20 12 21 14 19 
13 27 14 28 16 26 15 25 
13 30 14 30 14 28 13 28 
13 33 11 31 9 33 11 35 
14 15 14 19 19 19 19 15 
14 21 17 18 14 15 11 18 
14 25 15 25 15 24 14 24 
15 29 15 30 17 30 17 29 
15 32 15 30 14 30 14 32 
16 12 19 15 20 14 17 11 
16 16 16 14 11 14 11 16 
16 18 20 22 23 19 19 15 
16 22 20 22 20 21 16 21 
16 27 16 26 13 26 13 27 
16 30 17 29 16 28 15 29 
17 12 17 16 23 16 23 12 
17 22 15 24 18 27 20 25 
17 27 16 27 16 28 17 28 
17 31 17 32 26 32 26 31 
17 34 17 32 16 32 16 34 
18 24 19 25 21 23 20 22 
18 26 17 27 20 30 21 29 
18 33 18 35 21 35 21 33 
19 14 20 15 23 12 22 11 
19 20 21 20 21 19 19 19 
19 29 20 29 20 25 19 25 
19 30 20 29 18 27 17 28 
19 34 18 33 17 34 18 35 
20 11 19 11 19 14 20 14 
20 19 19 20 20 21 21 20 
20 34 20 30 19 30 19 34 
21 22 21 23 22 23 22 22 
21 24 21 25 29 25 29 24 
21 28 21 29 24 29 24 28 
22 34 21 33 20 34 21 35 
22 35 23 35 23 34 22 34 
23 15 24 16 26 14 25 13 
23 17 29 23 30 22 24 16 
23 22 22 23 26 27 27 26 
23 26 27 26 27 22 23 22 
23 27 23 26 18 26 18 27 
23 29 26 32 27 31 24 28 
23 36 24 35 23 34 22 35 
24 17 29 17 29 16 24 16 
24 19 24 17 23 17 23 19 
24 33 26 35 28 33 26 31 
24 36 24 35 23 35 23 36 
25 14 26 14 26 13 25 13 
25 19 24 19 24 21 25 21 
25 20 24 19 23 20 24 21 
25 29 24 29 24 33 25 33 
25 30 27 28 26 27 24 29 
26 15 25 14 23 16 24 17 
26 18 26 19 33 19 33 18 
26 24 29 27 33 23 30 20 
26 33 26 35 28 35 28 33 
26 34 25 33 23 35 24 36 
27 20 30 17 29 16 26 19 
27 30 27 31 28 31 28 30 
28 11 27 11 27 13 28 13 
28 14 33 19 35 17 30 12 
28 15 28 14 26 14 26 15 
28 24 29 25 30 24 29 23 
28 32 30 32 30 31 28 31 
28 34 29 35 31 33 30 32 
29 12 28 13 33 18 34 17 
29 20 30 20 30 17 29 17 
29 26 32 26 32 25 29 25 
29 29 30 30 31 29 30 28 
29 33 31 33 31 29 29 29 
30 11 30 12 31 12 31 11 
30 27 30 28 34 28 34 27 
30 33 28 31 26 33 28 35 
31 7 27 11 31 15 35 11 
31 17 34 17 34 15 31 15 
31 22 29 20 27 22 29 24 
31 24 29 26 30 27 32 25 
31 27 33 29 34 28 32 26 
31 30 32 31 33 30 32 29 
31 35 33 35 33 33 31 33 
32 11 31 12 34 15 35 14 
32 23 33 23 33 20 32 20 
33 14 35 14 35 11 33 11 
33 26 32 26 32 29 33 29 
33 31 34 30 33 29 32 30 
33 37 35 35 33 33 31 35 
34 25 34 23 33 23 33 25 
34 29 33 29 33 30 34 30 
34 37 34 35 33 35 33 37 
35 26 34 25 33 26 34 27 
12 30 12 33 13 33 13 30 
15 14 17 16 19 14 17 12 
15 26 16 27 21 22 20 21 
15 28 13 30 15 32 17 30 
15 31 16 32 17 31 16 30 
20 18 23 15 19 11 16 14 
24 22 21 25 23 27 26 24 
27 27 29 27 29 26 27 26 
28 28 27 29 28 30 29 29 
28 29 28 28 27 28 27 29 
29 28 28 29 30 31 31 30 
31 20 30 20 30 22 31 22 
36 21 33 18 31 20 34 23 
14 27 15 26 14 25 13 26 
