72
8 18 12 22 19 15 15 11 
8 22 12 22 12 18 8 18 
8 28 11 31 15 27 12 24 
10 14 14 18 17 15 13 11 
10 15 16 21 18 19 12 13 
10 33 13 33 13 15 10 15 
11 17 11 19 18 19 18 17 
11 27 11 31 15 31 15 27 
12 14 19 14 19 13 12 13 
12 25 14 25 14 24 12 24 
13 12 15 12 15 11 13 11 
13 19 15 21 16 20 14 18 
13 27 16 24 11 19 8 22 
14 29 21 29 21 25 14 25 
15 15 17 15 17 12 15 12 
15 20 15 21 16 21 16 20 
15 22 23 30 24 29 16 21 
15 23 15 22 12 22 12 23 
16 31 17 32 18 31 17 30 
16 33 16 31 15 31 15 33 
18 11 17 12 19 14 20 13 
18 28 14 24 11 27 15 31 
18 33 17 32 16 33 17 34 
19 19 15 15 14 16 18 20 
19 20 19 19 18 19 18 20 
19 27 21 29 23 27 21 25 
19 31 20 32 22 30 21 29 
19 33 19 31 18 31 18 33 
20 16 14 16 14 18 20 18 
20 19 24 23 27 20 23 16 
20 23 24 23 24 19 20 19 
20 30 17 30 17 32 20 32 
21 17 28 24 30 22 23 15 
22 13 22 15 23 15 23 13 
22 21 27 21 27 20 22 20 
22 24 22 21 16 21 16 24 
22 27 22 30 23 30 23 27 
23 12 22 13 30 21 31 20 
23 17 23 16 21 16 21 17 
23 32 29 32 29 30 23 30 
23 41 31 33 23 25 15 33 
24 25 26 27 33 20 31 18 
24 26 24 25 23 25 23 26 
25 23 26 24 28 22 27 21 
25 27 25 31 26 31 26 27 
26 22 26 24 28 24 28 22 
26 32 34 24 33 23 25 31 
27 32 29 30 28 29 26 31 
28 16 28 18 31 18 31 16 
28 26 24 26 24 29 28 29 
29 34 33 34 33 32 29 32 
30 16 28 18 30 20 32 18 
31 21 31 20 30 20 30 21 
31 23 33 23 33 21 31 21 
31 41 31 33 23 33 23 41 
32 22 32 27 35 27 35 22 
33 28 34 28 34 24 33 24 
34 15 35 14 32 11 31 12 
34 20 34 15 33 15 33 20 
34 22 35 21 34 20 33 21 
35 30 35 29 30 29 30 30 
36 28 35 27 34 28 35 29 
12 35 16 31 14 29 10 33 
14 35 14 29 12 29 12 35 
17 8 13 12 18 17 22 13 
19 17 20 18 21 17 20 16 
21 22 20 23 23 26 24 25 
23 21 28 16 27 15 22 20 
31 30 33 28 32 27 30 29 
31 34 33 32 31 30 29 32 
32 20 31 21 32 22 33 21 
10 31 14 35 16 33 12 29 
