53
12 26 15 29 22 22 19 19 
13 32 20 32 20 31 13 31 
14 18 21 18 21 12 14 12 
14 22 16 20 14 18 12 20 
14 25 14 29 15 29 15 25 
14 26 18 30 19 29 15 25 
15 30 18 30 18 29 15 29 
16 19 16 20 19 20 19 19 
17 24 13 28 14 29 18 25 
17 36 19 34 15 30 13 32 
18 16 22 16 22 13 18 13 
19 27 19 29 24 29 24 27 
20 20 20 25 26 25 26 20 
21 19 25 19 25 18 21 18 
21 26 32 15 31 14 20 25 
22 11 21 12 22 13 23 12 
22 21 25 24 28 21 25 18 
23 17 25 19 26 18 24 16 
23 26 24 27 26 25 25 24 
23 28 21 26 18 29 20 31 
23 32 29 32 29 28 23 28 
24 21 24 16 22 16 22 21 
24 31 26 33 32 27 30 25 
24 35 26 35 26 33 24 33 
25 21 25 23 28 23 28 21 
25 34 26 35 27 34 26 33 
26 34 32 28 25 21 19 27 
27 31 27 29 24 29 24 31 
29 18 29 19 30 19 30 18 
30 27 32 27 32 25 30 25 
31 15 32 15 32 14 31 14 
31 20 35 16 34 15 30 19 
31 30 32 29 30 27 29 28 
31 33 31 32 29 32 29 33 
32 21 31 20 28 23 29 24 
34 18 34 15 32 15 32 18 
34 28 34 27 32 27 32 28 
34 33 31 30 29 32 32 35 
35 17 32 14 31 15 34 18 
35 26 35 17 23 17 23 26 
35 28 34 28 34 33 35 33 
36 27 35 26 34 27 35 28 
38 30 28 20 25 23 35 33 
14 21 14 22 22 22 22 21 
17 23 17 24 25 24 25 23 
20 18 21 19 23 17 22 16 
23 34 24 35 25 34 24 33 
25 31 29 35 31 33 27 29 
28 15 28 20 31 20 31 15 
32 26 27 31 29 33 34 28 
38 20 31 20 31 30 38 30 
20 34 23 34 23 32 20 32 
18 36 20 34 15 29 13 31 
