71
7 11 13 17 15 15 9 9 
7 14 13 14 13 11 7 11 
8 15 10 13 9 12 7 14 
8 18 12 22 13 21 9 17 
8 20 10 22 13 19 11 17 
8 21 13 21 13 20 8 20 
8 24 10 26 12 24 10 22 
9 13 10 13 10 12 9 12 
9 15 9 17 10 17 10 15 
9 24 10 24 10 22 9 22 
10 18 11 18 11 17 10 17 
10 19 11 18 10 17 9 18 
10 25 12 27 17 22 15 20 
10 28 15 28 15 26 10 26 
11 13 13 11 12 10 10 12 
11 14 10 15 12 17 13 16 
11 20 10 19 8 21 9 22 
11 24 11 27 12 27 12 24 
12 13 18 13 18 10 12 10 
12 16 12 17 13 17 13 16 
12 30 13 29 11 27 10 28 
13 22 15 22 15 21 13 21 
14 12 14 15 15 15 15 12 
14 20 15 20 15 19 14 19 
15 14 16 15 18 13 17 12 
15 18 17 16 16 15 14 17 
15 24 16 24 16 22 15 22 
16 16 19 19 21 17 18 14 
16 18 20 22 22 20 18 16 
16 19 19 19 19 18 16 18 
16 21 17 21 17 20 16 20 
16 27 21 27 21 24 16 24 
16 29 16 28 15 28 15 29 
17 14 17 16 18 16 18 14 
17 27 18 28 23 23 22 22 
17 28 16 27 15 28 16 29 
18 22 20 22 20 17 18 17 
18 26 18 22 17 22 17 26 
19 20 22 20 22 19 19 19 
19 25 19 29 22 29 22 25 
20 16 21 16 21 15 20 15 
20 20 19 19 17 21 18 22 
21 20 22 19 20 17 19 18 
22 11 23 10 22 9 21 10 
22 31 26 27 21 22 17 26 
23 12 26 15 28 13 25 10 
23 13 23 12 20 12 20 13 
23 14 28 14 28 13 23 13 
23 26 21 28 22 29 24 27 
24 11 25 11 25 10 24 10 
24 12 27 15 28 14 25 11 
24 19 26 17 23 14 21 16 
24 21 28 21 28 19 24 19 
24 25 24 27 26 27 26 25 
25 19 27 17 23 13 21 15 
25 22 24 21 21 24 22 25 
26 11 26 15 27 15 27 11 
26 16 21 16 21 17 26 17 
28 17 29 17 29 16 28 16 
28 23 23 23 23 26 28 26 
28 28 29 28 29 26 28 26 
31 26 28 23 26 25 29 28 
8 17 8 18 9 18 9 17 
8 25 9 26 10 25 9 24 
9 19 10 19 10 18 9 18 
9 25 9 24 8 24 8 25 
14 9 14 11 22 11 22 9 
14 13 13 14 14 15 15 14 
15 16 16 16 16 15 15 15 
21 14 23 12 22 11 20 13 
25 20 22 20 22 22 25 22 
