80
8 22 10 24 11 23 9 21 
8 26 9 27 11 25 10 24 
9 16 10 17 11 16 10 15 
9 20 10 21 13 18 12 17 
9 24 10 25 11 24 10 23 
9 25 10 25 10 24 9 24 
9 28 10 28 10 27 9 27 
10 14 10 15 11 15 11 14 
10 22 10 21 9 21 9 22 
11 10 10 11 13 14 14 13 
11 19 10 20 19 29 20 28 
11 21 11 23 16 23 16 21 
12 13 12 15 14 15 14 13 
12 16 12 15 11 15 11 16 
12 20 12 17 10 17 10 20 
13 12 13 14 18 14 18 12 
13 16 14 15 13 14 12 15 
14 10 10 14 11 15 15 11 
14 16 16 18 20 14 18 12 
14 18 14 16 13 16 13 18 
14 20 12 20 12 26 14 26 
14 28 17 28 17 26 14 26 
15 10 15 11 16 11 16 10 
15 27 18 24 17 23 14 26 
16 12 12 16 14 18 18 14 
16 22 18 20 16 18 14 20 
16 24 17 24 17 23 16 23 
16 25 16 24 11 24 11 25 
17 14 21 10 20 9 16 13 
17 15 16 15 16 18 17 18 
17 16 18 15 17 14 16 15 
17 20 18 20 18 18 17 18 
17 29 19 29 19 28 17 28 
17 34 23 28 16 21 10 27 
18 25 17 24 16 25 17 26 
19 7 17 9 22 14 24 12 
19 13 20 13 20 9 19 9 
19 17 18 18 22 22 23 21 
19 24 24 24 24 17 19 17 
19 25 19 24 18 24 18 25 
20 15 20 14 18 14 18 15 
20 23 22 25 27 20 25 18 
21 11 21 12 22 12 22 11 
21 17 25 21 26 20 22 16 
21 22 21 25 22 25 22 22 
21 23 19 25 22 28 24 26 
22 13 24 13 24 12 22 12 
22 19 21 18 20 19 21 20 
23 12 22 13 23 14 24 13 
23 15 26 15 26 14 23 14 
23 18 23 21 25 21 25 18 
23 25 22 25 22 28 23 28 
24 10 23 9 21 11 22 12 
24 15 23 16 24 17 25 16 
24 16 26 14 25 13 23 15 
26 10 25 11 28 14 29 13 
26 11 27 12 28 11 27 10 
26 13 26 11 25 11 25 13 
26 18 28 18 28 17 26 17 
26 21 26 25 27 25 27 21 
27 9 27 10 29 10 29 9 
27 18 28 17 27 16 26 17 
28 24 24 24 24 26 28 26 
29 18 28 18 28 20 29 20 
29 21 28 20 27 21 28 22 
29 25 28 24 27 25 28 26 
9 19 11 19 11 16 9 16 
12 9 12 10 14 10 14 9 
12 30 14 28 12 26 10 28 
13 20 16 23 20 19 17 16 
19 30 29 20 27 18 17 28 
20 16 20 19 22 19 22 16 
21 14 22 13 21 12 20 13 
22 17 23 16 21 14 20 15 
24 30 24 29 19 29 19 30 
8 18 9 19 12 16 11 15 
8 30 12 30 12 26 8 26 
21 13 21 14 22 14 22 13 
7 29 8 30 10 28 9 27 
7 34 17 34 17 29 7 29 
