27
8 19 13 24 16 21 11 16 
8 22 22 22 22 19 8 19 
9 21 9 28 12 28 12 21 
11 27 12 28 16 24 15 23 
13 15 13 14 12 14 12 15 
13 21 13 24 16 24 16 21 
14 21 17 24 20 21 17 18 
15 14 15 23 23 23 23 14 
15 27 9 21 8 22 14 28 
16 11 16 18 17 18 17 11 
16 12 15 11 12 14 13 15 
16 30 23 23 22 22 15 29 
17 21 20 21 20 18 17 18 
17 30 17 24 16 24 16 30 
18 9 16 11 21 16 23 14 
18 20 23 25 25 23 20 18 
18 29 18 27 15 27 15 29 
23 19 27 15 24 12 20 16 
24 20 25 20 25 12 24 12 
25 25 25 23 23 23 23 25 
26 21 25 20 18 27 19 28 
32 17 28 13 22 19 26 23 
32 21 32 17 26 17 26 21 
7 22 10 25 14 21 11 18 
10 18 13 21 16 18 13 15 
11 25 11 18 10 18 10 25 
12 25 17 30 18 29 13 24 
