82
7 26 9 28 13 24 11 22 
7 27 12 27 12 26 7 26 
9 23 9 28 11 28 11 23 
10 8 9 9 12 12 13 11 
10 18 10 20 11 20 11 18 
11 11 11 15 13 15 13 11 
11 13 13 15 14 14 12 12 
11 21 12 21 12 20 11 20 
11 29 15 29 15 28 11 28 
12 14 14 14 14 12 12 12 
12 17 13 18 15 16 14 15 
12 19 16 19 16 17 12 17 
12 30 18 24 17 23 11 29 
13 16 13 18 15 18 15 16 
13 17 22 26 25 23 16 14 
13 20 12 19 11 20 12 21 
13 21 17 17 16 16 12 20 
13 26 18 26 18 24 13 24 
14 24 11 21 9 23 12 26 
14 27 15 28 19 24 18 23 
14 30 14 27 12 27 12 30 
15 11 16 12 18 10 17 9 
15 22 17 22 17 18 15 18 
16 9 15 10 18 13 19 12 
16 13 16 14 18 14 18 13 
16 15 16 14 14 14 14 15 
16 20 13 20 13 21 16 21 
16 23 17 22 16 21 15 22 
16 28 18 26 13 21 11 23 
17 10 18 10 18 9 17 9 
17 11 17 10 15 10 15 11 
17 16 19 14 18 13 16 15 
17 28 17 23 16 23 16 28 
18 16 19 16 19 14 18 14 
18 17 18 16 17 16 17 17 
18 18 18 23 21 23 21 18 
19 20 20 19 18 17 17 18 
19 22 21 24 22 23 20 21 
19 27 21 27 21 24 19 24 
20 12 22 12 22 11 20 11 
20 16 24 16 24 13 20 13 
20 17 21 18 25 14 24 13 
20 26 19 27 20 28 21 27 
21 17 25 17 25 14 21 14 
22 10 23 11 24 10 23 9 
22 14 20 16 21 17 23 15 
22 22 22 23 25 23 25 22 
22 24 24 26 28 22 26 20 
22 25 20 25 20 26 22 26 
22 27 24 27 24 26 22 26 
23 12 22 11 20 13 21 14 
23 26 24 25 23 24 22 25 
23 28 24 27 23 26 22 27 
23 29 25 27 24 26 22 28 
24 11 25 12 26 11 25 10 
24 12 24 11 23 11 23 12 
24 19 28 15 27 14 23 18 
24 21 24 25 29 25 29 21 
25 11 26 11 26 10 25 10 
26 19 24 21 25 22 27 20 
26 24 25 24 25 27 26 27 
27 11 26 11 26 14 27 14 
27 13 25 11 24 12 26 14 
27 15 26 14 24 16 25 17 
27 16 28 16 28 15 27 15 
27 19 26 19 26 20 27 20 
28 29 28 28 23 28 23 29 
30 12 28 10 27 11 29 13 
34 22 28 16 22 22 28 28 
10 22 11 22 11 21 10 21 
11 27 14 30 15 29 12 26 
12 18 13 17 11 15 10 16 
13 28 14 27 13 26 12 27 
17 19 21 23 22 22 18 18 
18 28 20 28 20 26 18 26 
19 17 20 17 20 16 19 16 
19 30 22 27 20 25 17 28 
21 28 22 28 22 27 21 27 
23 13 24 12 23 11 22 12 
34 16 28 16 28 22 34 22 
32 14 27 19 29 21 34 16 
32 13 29 13 29 14 32 14 
