61
3 16 9 22 15 16 9 10 
3 19 9 19 9 16 3 16 
4 18 3 19 13 29 14 28 
9 12 12 12 12 10 9 10 
9 15 11 17 14 14 12 12 
9 18 14 23 15 22 10 17 
9 20 11 22 14 19 12 17 
9 27 9 28 14 28 14 27 
10 12 12 14 14 12 12 10 
10 22 11 22 11 17 10 17 
11 10 9 12 12 15 14 13 
11 21 13 19 11 17 9 19 
11 23 14 23 14 22 11 22 
12 13 14 13 14 12 12 12 
12 22 11 21 10 22 11 23 
13 14 13 19 14 19 14 14 
13 20 13 19 9 19 9 20 
13 24 14 25 15 24 14 23 
13 26 14 27 15 26 14 25 
14 18 16 20 19 17 17 15 
14 24 14 25 15 25 15 24 
15 27 15 29 21 29 21 27 
16 15 17 15 17 14 16 14 
16 17 16 15 12 15 12 17 
16 18 16 20 20 20 20 18 
16 24 21 29 25 25 20 20 
16 25 15 25 15 26 16 26 
17 19 22 19 22 15 17 15 
17 31 21 27 19 25 15 29 
18 13 17 14 22 19 23 18 
19 5 14 10 18 14 23 9 
19 9 19 11 22 11 22 9 
19 14 18 14 18 17 19 17 
19 21 19 25 20 25 20 21 
19 26 22 29 23 28 20 25 
21 22 23 20 22 19 20 21 
22 28 22 29 23 29 23 28 
23 14 25 14 25 9 23 9 
23 23 23 22 21 22 21 23 
24 15 25 16 26 15 25 14 
24 18 23 18 23 20 24 20 
24 19 27 22 28 21 25 18 
24 24 25 24 25 23 24 23 
24 31 24 24 17 24 17 31 
25 15 20 10 19 11 24 16 
26 14 25 14 25 15 26 15 
26 16 29 16 29 15 26 15 
26 18 26 16 25 16 25 18 
26 24 25 24 25 25 26 25 
27 20 24 20 24 22 27 22 
28 23 27 22 25 24 26 25 
28 24 24 20 21 23 25 27 
29 13 29 11 28 11 28 13 
29 23 28 23 28 24 29 24 
31 21 26 16 24 18 29 23 
7 26 9 28 13 24 11 22 
7 29 13 29 13 26 7 26 
8 26 9 27 12 24 11 23 
14 26 15 27 16 26 15 25 
18 27 19 26 17 24 16 25 
21 14 22 15 23 14 22 13 
