41
6 17 9 20 17 12 14 9 
8 21 9 22 10 21 9 20 
8 22 9 22 9 21 8 21 
9 12 9 20 17 20 17 12 
9 15 12 18 14 16 11 13 
9 23 10 22 9 21 8 22 
10 14 10 17 25 17 25 14 
10 15 18 23 22 19 14 11 
10 23 10 22 9 22 9 23 
10 24 12 26 14 24 12 22 
11 10 10 11 15 16 16 15 
11 11 11 10 10 10 10 11 
11 19 11 22 12 22 12 19 
11 23 10 23 10 24 11 24 
12 11 12 16 14 16 14 11 
12 23 11 22 10 23 11 24 
12 28 13 28 13 26 12 26 
13 23 13 22 12 22 12 23 
14 23 15 24 18 21 17 20 
15 19 15 24 16 24 16 19 
16 16 21 21 25 17 20 12 
16 29 27 29 27 27 16 27 
17 21 27 11 25 9 15 19 
17 23 18 23 18 21 17 21 
17 25 18 24 17 23 16 24 
19 12 23 16 25 14 21 10 
19 22 20 22 20 12 19 12 
19 24 16 27 17 28 20 25 
20 28 20 25 17 25 17 28 
21 16 21 15 16 15 16 16 
23 21 23 16 21 16 21 21 
23 22 21 24 25 28 27 26 
24 22 24 21 23 21 23 22 
25 22 26 21 25 20 24 21 
25 27 26 26 21 21 20 22 
26 28 27 29 28 28 27 27 
27 21 26 21 26 26 27 26 
28 23 29 23 29 9 28 9 
6 15 13 22 16 19 9 12 
13 24 14 24 14 23 13 23 
19 23 18 23 18 24 19 24 
