68
9 11 9 12 12 12 12 11 
9 27 10 28 12 26 11 25 
9 28 9 29 10 29 10 28 
10 11 9 12 12 15 13 14 
10 12 9 13 11 15 12 14 
10 20 10 22 13 22 13 20 
11 14 11 15 12 15 12 14 
11 17 16 22 17 21 12 16 
11 18 12 19 14 17 13 16 
12 17 12 19 14 19 14 17 
12 24 12 26 16 26 16 24 
13 15 12 15 12 16 13 16 
13 23 11 21 10 22 12 24 
14 10 13 10 13 14 14 14 
14 16 15 15 14 14 13 15 
14 23 19 28 20 27 15 22 
14 24 16 26 18 24 16 22 
15 12 18 15 19 14 16 11 
15 18 18 18 18 15 15 15 
15 21 15 18 11 18 11 21 
16 21 15 21 15 22 16 22 
16 27 16 28 19 28 19 27 
17 10 21 10 21 9 17 9 
17 20 15 18 14 19 16 21 
17 22 19 24 21 22 19 20 
17 26 21 26 21 22 17 22 
18 11 16 11 16 12 18 12 
18 20 19 20 19 19 18 19 
18 21 18 24 19 24 19 21 
19 11 25 17 27 15 21 9 
19 15 21 17 27 11 25 9 
20 13 20 11 19 11 19 13 
20 14 19 14 19 15 20 15 
20 17 21 17 21 15 20 15 
20 20 19 19 18 20 19 21 
20 29 22 29 22 27 20 27 
21 12 22 11 21 10 20 11 
21 14 22 13 21 12 20 13 
21 16 22 15 21 14 20 15 
22 19 23 18 21 16 20 17 
22 24 19 21 16 24 19 27 
22 25 21 26 22 27 23 26 
23 12 21 12 21 14 23 14 
23 22 24 22 24 19 23 19 
23 24 23 22 22 22 22 24 
24 16 24 17 25 17 25 16 
24 20 23 19 21 21 22 22 
26 20 26 25 27 25 27 20 
27 13 22 13 22 15 27 15 
28 14 23 14 23 18 28 18 
28 19 25 16 24 17 27 20 
28 29 28 25 27 25 27 29 
29 23 26 20 24 22 27 25 
30 12 29 11 27 13 28 14 
32 25 27 20 23 24 28 29 
8 10 9 11 10 10 9 9 
11 26 14 23 13 22 10 25 
12 27 11 26 9 28 10 29 
14 13 15 12 13 10 12 11 
14 22 13 22 13 23 14 23 
16 10 18 12 19 11 17 9 
17 16 19 18 20 17 18 15 
20 24 20 25 22 25 22 24 
20 33 28 25 22 19 14 27 
10 26 11 26 11 25 10 25 
10 33 20 33 20 29 10 29 
11 27 12 27 12 26 11 26 
17 14 14 14 14 16 17 16 
