58
7 21 9 23 11 21 9 19 
9 18 11 18 11 15 9 15 
9 21 11 21 11 20 9 20 
9 24 14 29 17 26 12 21 
9 27 10 27 10 24 9 24 
10 9 10 10 18 10 18 9 
10 16 11 15 10 14 9 15 
10 26 9 27 10 28 11 27 
11 23 10 24 15 29 16 28 
11 25 12 25 12 23 11 23 
11 28 11 27 10 27 10 28 
12 15 15 15 15 14 12 14 
12 16 21 25 25 21 16 12 
12 26 17 26 17 25 12 25 
13 6 10 9 15 14 18 11 
13 12 13 11 9 11 9 12 
13 13 10 10 9 11 12 14 
13 24 18 19 17 18 12 23 
13 26 12 25 10 27 11 28 
14 17 12 15 9 18 11 20 
15 18 15 16 12 16 12 18 
15 21 14 22 17 25 18 24 
15 22 14 22 14 29 15 29 
16 13 16 12 13 12 13 13 
16 15 22 15 22 13 16 13 
17 17 17 18 20 18 20 17 
17 21 17 18 15 18 15 21 
17 22 20 25 24 21 21 18 
18 20 24 26 26 24 20 18 
18 23 13 23 13 24 18 24 
18 26 19 26 19 25 18 25 
18 29 18 26 17 26 17 29 
19 16 20 17 22 15 21 14 
19 19 19 16 18 16 18 19 
19 21 17 21 17 22 19 22 
19 27 23 27 23 26 19 26 
20 26 19 25 18 26 19 27 
20 31 27 24 25 22 18 29 
21 16 26 16 26 14 21 14 
21 20 21 18 20 18 20 20 
22 25 22 28 28 28 28 25 
24 19 24 21 25 21 25 19 
24 28 25 27 24 26 23 27 
27 22 27 24 28 24 28 22 
28 15 25 12 24 13 27 16 
7 19 9 21 12 18 10 16 
7 23 9 23 9 21 7 21 
14 15 15 16 16 15 15 14 
16 14 15 15 17 17 18 16 
17 16 15 18 19 22 21 20 
26 17 24 19 27 22 29 20 
27 17 27 16 26 16 26 17 
30 20 27 17 25 19 28 22 
30 25 30 20 29 20 29 25 
7 18 7 19 9 19 9 18 
9 16 7 18 9 20 11 18 
26 29 30 25 27 22 23 26 
27 29 27 24 26 24 26 29 
