63
3 19 9 25 15 19 9 13 
7 18 17 28 22 23 12 13 
7 22 9 22 9 18 7 18 
9 26 10 26 10 25 9 25 
10 17 13 20 14 19 11 16 
10 20 13 20 13 19 10 19 
11 29 13 29 13 25 11 25 
12 12 13 12 13 10 12 10 
12 16 13 16 13 13 12 13 
13 17 17 17 17 16 13 16 
13 18 13 17 10 17 10 18 
13 22 24 22 24 20 13 20 
13 23 15 25 19 21 17 19 
13 27 15 29 16 28 14 26 
14 9 13 10 18 15 19 14 
14 10 12 12 13 13 15 11 
14 12 20 12 20 10 14 10 
14 15 14 19 15 19 15 15 
14 24 14 26 20 26 20 24 
15 22 20 27 21 26 16 21 
16 15 16 21 18 21 18 15 
16 19 13 16 10 19 13 22 
17 18 20 18 20 17 17 17 
17 21 20 24 23 21 20 18 
18 9 15 9 15 11 18 11 
18 16 22 12 20 10 16 14 
18 27 18 28 20 28 20 27 
19 13 22 16 23 15 20 12 
19 18 20 17 18 15 17 16 
19 19 19 21 23 21 23 19 
19 22 26 15 25 14 18 21 
20 7 18 9 21 12 23 10 
20 13 20 16 22 16 22 13 
21 14 22 13 21 12 20 13 
21 25 21 26 23 26 23 25 
22 9 21 9 21 12 22 12 
22 25 23 26 24 25 23 24 
22 28 23 27 21 25 20 26 
22 29 24 27 23 26 21 28 
23 16 26 16 26 15 23 15 
24 26 23 26 23 27 24 27 
25 11 24 12 27 15 28 14 
25 12 24 12 24 14 25 14 
25 18 28 18 28 14 25 14 
25 22 24 23 26 25 27 24 
25 23 25 22 24 22 24 23 
25 27 28 27 28 23 25 23 
26 10 23 10 23 13 26 13 
26 22 25 21 24 22 25 23 
26 24 26 25 27 25 27 24 
27 17 26 16 23 19 24 20 
27 28 27 29 29 29 29 28 
28 22 26 24 27 25 29 23 
28 29 29 28 28 27 27 28 
6 21 7 22 10 19 9 18 
6 23 9 26 10 25 7 22 
8 22 11 25 13 23 10 20 
9 23 13 23 13 22 9 22 
12 28 13 27 11 25 10 26 
12 30 13 29 12 28 11 29 
16 13 16 14 19 14 19 13 
16 30 16 28 12 28 12 30 
21 29 22 29 22 28 21 28 
