93
7 13 12 18 14 16 9 11 
7 14 14 21 17 18 10 11 
7 15 10 15 10 14 7 14 
8 17 10 19 12 17 10 15 
8 25 9 25 9 17 8 17 
9 26 12 23 11 22 8 25 
9 27 11 29 12 28 10 26 
10 13 11 14 14 11 13 10 
10 17 10 18 12 18 12 17 
10 22 11 22 11 19 10 19 
10 25 9 25 9 26 10 26 
11 9 10 9 10 10 11 10 
11 13 11 11 10 11 10 13 
11 24 13 24 13 22 11 22 
12 11 13 11 13 10 12 10 
12 12 13 11 12 10 11 11 
12 16 14 16 14 12 12 12 
12 20 13 19 12 18 11 19 
12 24 14 22 12 20 10 22 
12 25 11 25 11 28 12 28 
12 29 14 27 13 26 11 28 
13 28 12 28 12 29 13 29 
14 9 14 10 18 10 18 9 
14 17 18 17 18 16 14 16 
14 19 20 25 21 24 15 18 
14 23 15 22 14 21 13 22 
14 25 15 24 14 23 13 24 
15 8 14 9 17 12 18 11 
15 13 15 14 16 14 16 13 
15 20 15 18 12 18 12 20 
15 21 14 21 14 22 15 22 
15 25 16 26 18 24 17 23 
15 31 18 28 16 26 13 29 
16 12 15 11 14 12 15 13 
16 21 16 23 17 23 17 21 
16 24 16 26 17 26 17 24 
16 28 12 24 11 25 15 29 
17 15 18 15 18 14 17 14 
17 16 18 15 17 14 16 15 
17 17 18 18 19 17 18 16 
17 28 18 28 18 26 17 26 
18 23 18 24 21 24 21 23 
19 13 18 14 20 16 21 15 
19 18 19 17 18 17 18 18 
19 26 17 24 15 26 17 28 
20 9 20 11 21 11 21 9 
20 12 27 19 28 18 21 11 
20 18 20 20 21 20 21 18 
21 8 20 9 24 13 25 12 
21 13 21 15 24 15 24 13 
21 22 22 21 21 20 20 21 
21 30 25 26 21 22 17 26 
22 17 22 18 24 18 24 17 
22 19 22 21 25 21 25 19 
22 22 25 19 24 18 21 21 
22 26 23 26 23 22 22 22 
23 7 21 9 26 14 28 12 
23 18 22 17 21 18 22 19 
23 23 25 25 27 23 25 21 
23 28 25 28 25 26 23 26 
23 31 26 28 21 23 18 26 
24 7 20 11 24 15 28 11 
25 11 25 12 28 12 28 11 
25 16 25 12 20 12 20 16 
25 18 27 18 27 16 25 16 
25 22 26 23 27 22 26 21 
25 24 21 24 21 25 25 25 
25 29 26 29 26 28 25 28 
26 17 25 16 24 17 25 18 
26 22 26 21 25 21 25 22 
26 27 25 28 26 29 27 28 
28 14 26 14 26 17 28 17 
28 19 28 18 27 18 27 19 
28 27 27 27 27 28 28 28 
29 18 28 17 27 18 28 19 
29 26 26 23 25 24 28 27 
29 27 28 26 27 27 28 28 
10 8 9 9 10 10 11 9 
11 15 9 17 10 18 12 16 
13 16 14 17 16 15 15 14 
13 17 13 19 14 19 14 17 
13 31 15 31 15 29 13 29 
14 24 14 25 15 25 15 24 
15 15 15 14 11 14 11 15 
15 28 16 28 16 26 15 26 
16 16 17 15 16 14 15 15 
18 31 23 31 23 28 18 28 
20 22 21 22 21 21 20 21 
20 30 21 30 21 25 20 25 
20 33 25 28 23 26 18 31 
23 9 24 9 24 7 23 7 
29 19 28 19 28 26 29 26 
19 21 20 22 21 21 20 20 
