32
8 17 14 23 18 19 12 13 
8 20 10 22 11 21 9 19 
9 16 9 19 18 19 18 16 
9 23 10 24 11 23 10 22 
9 24 10 24 10 23 9 23 
10 15 10 21 11 21 11 15 
10 28 15 23 14 22 9 27 
11 22 11 23 14 23 14 22 
11 24 10 24 10 28 11 28 
12 11 12 13 13 13 13 11 
12 12 13 13 14 12 13 11 
12 14 11 15 17 21 18 20 
12 23 11 22 10 23 11 24 
14 11 14 12 16 12 16 11 
15 21 15 23 17 23 17 21 
16 15 16 28 29 28 29 15 
17 17 18 16 15 13 14 14 
17 20 17 17 8 17 8 20 
17 25 21 25 21 24 17 24 
19 20 19 26 26 26 26 20 
20 12 26 18 28 16 22 10 
20 23 22 23 22 12 20 12 
20 25 18 23 17 24 19 26 
21 14 21 22 25 22 25 14 
23 23 22 23 22 25 23 25 
23 24 22 23 21 24 22 25 
24 28 26 26 23 23 21 25 
27 16 25 14 19 20 21 22 
28 12 27 12 27 16 28 16 
6 17 10 21 16 15 12 11 
8 25 11 28 12 27 9 24 
26 10 15 21 17 23 28 12 
