51
7 22 12 27 14 25 9 20 
8 14 12 18 16 14 12 10 
8 15 10 15 10 14 8 14 
9 12 16 12 16 9 9 9 
9 16 13 20 14 19 10 15 
9 28 13 28 13 20 9 20 
10 18 12 18 12 15 10 15 
11 12 10 13 12 15 13 14 
12 13 12 10 10 10 10 13 
12 14 13 14 13 13 12 13 
14 14 17 17 19 15 16 12 
14 21 20 27 25 22 19 16 
14 29 17 26 16 25 13 28 
15 18 15 24 20 24 20 18 
16 16 19 16 19 15 16 15 
16 17 14 15 13 16 15 18 
16 21 16 25 19 25 19 21 
16 29 16 25 14 25 14 29 
17 19 19 21 24 16 22 14 
17 21 20 24 22 22 19 19 
17 23 17 26 23 26 23 23 
18 17 17 17 17 19 18 19 
18 30 24 24 23 23 17 29 
19 12 16 12 16 14 19 14 
19 24 21 22 18 19 16 21 
19 27 20 27 20 25 19 25 
20 19 21 20 27 14 26 13 
20 28 26 28 26 27 20 27 
20 33 24 29 20 25 16 29 
21 21 27 21 27 20 21 20 
22 12 25 15 26 14 23 11 
22 13 22 14 26 14 26 13 
23 9 23 11 27 11 27 9 
23 14 22 15 26 19 27 18 
24 15 22 15 22 16 24 16 
25 16 27 16 27 15 25 15 
25 23 27 21 22 16 20 18 
27 19 27 18 26 18 26 19 
27 23 27 22 25 22 25 23 
7 14 8 15 10 13 9 12 
9 11 12 14 13 13 10 10 
13 15 14 15 14 14 13 14 
13 17 16 17 16 16 13 16 
13 33 20 33 20 28 13 28 
14 13 16 15 19 12 17 10 
14 22 17 19 13 15 10 18 
24 26 26 28 29 25 27 23 
27 17 26 18 27 19 28 18 
7 21 7 22 14 22 14 21 
23 29 24 29 24 26 23 26 
24 28 20 24 19 25 23 29 
