60
9 13 10 13 10 12 9 12 
9 15 10 16 11 15 10 14 
10 15 11 15 11 14 10 14 
10 17 10 20 12 20 12 17 
11 11 12 11 12 10 11 10 
11 18 12 17 11 16 10 17 
11 21 12 20 11 19 10 20 
12 21 14 21 14 20 12 20 
13 10 18 10 18 9 13 9 
13 12 12 11 10 13 11 14 
13 13 11 11 10 12 12 14 
13 15 11 15 11 16 13 16 
13 20 12 21 13 22 14 21 
14 12 13 12 13 13 14 13 
14 22 18 26 23 21 19 17 
14 24 14 22 13 22 13 24 
15 11 13 9 12 10 14 12 
15 12 14 13 16 15 17 14 
15 14 15 17 17 17 17 14 
16 12 16 15 18 15 18 12 
17 28 22 28 22 23 17 23 
18 14 16 12 13 15 15 17 
18 17 19 17 19 15 18 15 
18 21 18 26 20 26 20 21 
19 8 18 9 19 10 20 9 
19 9 19 10 20 10 20 9 
19 11 20 10 19 9 18 10 
19 19 21 17 19 15 17 17 
20 17 23 20 26 17 23 14 
20 19 20 17 19 17 19 19 
21 14 21 17 23 17 23 14 
22 17 20 15 18 17 20 19 
22 25 23 26 28 21 27 20 
23 18 20 21 22 23 25 20 
23 19 23 20 25 20 25 19 
23 23 26 26 27 25 24 22 
24 16 19 11 18 12 23 17 
25 15 28 18 29 17 26 14 
25 22 24 22 24 29 25 29 
26 12 25 12 25 14 26 14 
26 18 26 17 23 17 23 18 
26 21 28 21 28 18 26 18 
26 23 26 21 23 21 23 23 
29 26 29 23 26 23 26 26 
30 22 26 18 25 19 29 23 
9 16 10 16 10 15 9 15 
11 27 12 27 12 21 11 21 
13 32 17 28 13 24 9 28 
16 31 22 25 18 21 12 27 
17 20 18 20 18 17 17 17 
18 11 19 11 19 10 18 10 
20 20 17 23 20 26 23 23 
22 13 19 10 18 11 21 14 
8 24 11 27 14 24 11 21 
8 32 13 32 13 24 8 24 
15 18 17 20 20 17 18 15 
15 19 15 18 11 18 11 19 
19 27 19 19 15 19 15 27 
21 29 22 28 20 26 19 27 
5 29 8 32 17 23 14 20 
