23
9 13 11 13 11 10 9 10 
12 9 12 12 20 12 20 9 
12 27 14 29 27 16 25 14 
13 18 13 21 19 21 19 18 
13 28 13 21 11 21 11 28 
14 16 11 13 9 15 12 18 
16 8 12 12 16 16 20 12 
16 18 15 19 18 22 19 21 
17 31 19 29 11 21 9 23 
19 8 16 8 16 10 19 10 
19 12 13 18 23 28 29 22 
19 16 12 9 11 10 18 17 
21 23 21 28 23 28 23 23 
22 13 11 13 11 20 22 20 
23 12 20 9 19 10 22 13 
23 30 28 25 26 23 21 28 
24 14 25 14 25 10 24 10 
25 16 27 16 27 14 25 14 
29 17 18 17 18 22 29 22 
29 24 28 24 28 25 29 25 
7 15 13 21 15 19 9 13 
7 23 9 23 9 15 7 15 
14 10 14 16 16 16 16 10 
