36
9 18 9 19 10 19 10 18 
10 17 11 17 11 12 10 12 
11 19 17 19 17 18 11 18 
11 21 12 22 13 21 12 20 
11 29 13 29 13 21 11 21 
12 15 10 17 11 18 13 16 
12 18 11 17 10 18 11 19 
13 9 13 16 18 16 18 9 
13 25 14 26 16 24 15 23 
14 22 14 20 12 20 12 22 
15 8 11 12 17 18 21 14 
15 21 19 25 21 23 17 19 
15 22 15 23 21 23 21 22 
16 25 17 26 21 22 20 21 
17 25 17 26 19 26 19 25 
18 15 25 22 29 18 22 11 
20 16 20 19 24 19 24 16 
20 20 20 19 17 19 17 20 
21 10 21 14 26 14 26 10 
21 24 17 20 15 22 19 26 
22 10 20 12 24 16 26 14 
22 22 26 18 24 16 20 20 
22 24 22 23 21 23 21 24 
22 25 22 28 23 28 23 25 
23 26 26 23 25 22 22 25 
24 23 26 23 26 19 24 19 
24 28 23 28 23 29 24 29 
25 15 25 11 22 11 22 15 
25 25 27 25 27 22 25 22 
28 24 20 16 19 17 27 25 
29 14 26 14 26 18 29 18 
32 17 29 14 24 19 27 22 
14 23 15 22 11 18 10 19 
15 26 15 23 14 23 14 26 
23 27 22 28 23 29 24 28 
13 24 15 26 16 25 14 23 
