82
7 14 9 16 12 13 10 11 
7 19 10 19 10 14 7 14 
7 24 9 26 12 23 10 21 
7 26 9 26 9 24 7 24 
8 17 10 19 11 18 9 16 
8 26 9 27 14 22 13 21 
9 15 9 16 11 16 11 15 
9 17 11 19 13 17 11 15 
10 29 12 27 9 24 7 26 
11 13 14 16 15 15 12 12 
11 21 10 22 14 26 15 25 
11 22 11 21 10 21 10 22 
12 18 17 18 17 13 12 13 
12 19 12 18 11 18 11 19 
12 22 12 23 14 23 14 22 
12 24 12 25 15 25 15 24 
12 26 9 26 9 27 12 27 
12 28 15 28 15 27 12 27 
12 32 15 29 12 26 9 29 
13 11 13 17 19 17 19 11 
13 16 16 19 17 18 14 15 
13 18 12 19 16 23 17 22 
14 10 13 11 16 14 17 13 
14 14 16 14 16 10 14 10 
14 27 15 28 17 26 16 25 
15 14 19 18 21 16 17 12 
15 16 15 19 16 19 16 16 
15 17 17 19 18 18 16 16 
15 20 15 23 16 23 16 20 
16 15 21 15 21 14 16 14 
16 24 16 25 17 25 17 24 
16 28 18 26 17 25 15 27 
16 29 16 28 15 28 15 29 
17 9 16 10 18 12 19 11 
17 21 19 23 24 18 22 16 
18 9 18 12 20 12 20 9 
18 20 18 23 19 23 19 20 
18 27 19 27 19 26 18 26 
19 19 19 18 18 18 18 19 
19 22 18 23 20 25 21 24 
20 19 19 20 20 21 21 20 
20 20 21 20 21 19 20 19 
20 24 20 25 21 25 21 24 
20 27 19 26 18 27 19 28 
20 28 20 27 19 27 19 28 
21 12 23 14 25 12 23 10 
21 13 21 12 20 12 20 13 
21 21 24 21 24 20 21 20 
22 15 21 15 21 16 22 16 
22 19 24 21 26 19 24 17 
22 26 21 25 19 27 20 28 
22 28 23 28 23 27 22 27 
22 29 23 28 22 27 21 28 
23 9 20 12 21 13 24 10 
23 11 23 14 26 14 26 11 
23 16 24 15 23 14 22 15 
23 19 23 16 22 16 22 19 
23 29 24 28 23 27 22 28 
24 16 26 16 26 15 24 15 
24 24 25 24 25 21 24 21 
24 29 24 28 23 28 23 29 
25 8 24 9 26 11 27 10 
25 22 27 24 28 23 26 21 
26 9 24 9 24 10 26 10 
26 23 28 23 28 21 26 21 
27 14 28 14 28 13 27 13 
27 15 28 14 27 13 26 14 
27 17 24 20 25 21 28 18 
27 18 27 17 24 17 24 18 
27 25 27 24 25 24 25 25 
28 17 29 16 27 14 26 15 
29 19 29 16 26 16 26 19 
30 19 28 17 27 18 29 20 
30 20 29 19 24 24 25 25 
30 26 28 24 27 25 29 27 
8 16 8 17 9 17 9 16 
17 10 20 13 21 12 18 9 
21 29 22 29 22 28 21 28 
29 26 30 26 30 20 29 20 
6 18 7 19 9 17 8 16 
24 27 26 29 29 26 27 24 
24 26 24 27 29 27 29 26 
