79
7 20 9 22 11 20 9 18 
7 26 11 26 11 20 7 20 
8 24 12 28 14 26 10 22 
9 14 13 14 13 12 9 12 
9 17 9 18 13 18 13 17 
9 25 10 25 10 22 9 22 
10 10 17 10 17 9 10 9 
11 8 10 9 13 12 14 11 
11 12 10 11 9 12 10 13 
11 15 9 17 11 19 13 17 
11 24 10 25 11 26 12 25 
11 27 9 27 9 29 11 29 
12 19 13 20 14 19 13 18 
12 21 14 23 15 22 13 20 
12 22 14 24 16 22 14 20 
13 15 16 18 18 16 15 13 
13 19 13 20 14 20 14 19 
13 24 13 26 14 26 14 24 
13 28 13 26 12 26 12 28 
14 12 16 12 16 11 14 11 
14 14 13 14 13 15 14 15 
14 21 14 23 19 23 19 21 
14 28 19 28 19 27 14 27 
15 11 16 12 18 10 17 9 
15 16 16 17 22 11 21 10 
15 18 15 22 16 22 16 18 
15 25 15 22 12 22 12 25 
16 14 20 14 20 12 16 12 
16 16 16 17 18 17 18 16 
16 19 17 18 16 17 15 18 
16 27 17 26 14 23 13 24 
17 11 18 11 18 10 17 10 
17 12 16 11 13 14 14 15 
17 19 22 19 22 18 17 18 
17 20 17 26 18 26 18 20 
17 23 19 25 21 23 19 21 
18 9 17 10 18 11 19 10 
18 14 22 18 24 16 20 12 
18 21 21 24 22 23 19 20 
18 32 23 27 19 23 14 28 
19 16 18 17 21 20 22 19 
19 24 21 24 21 23 19 23 
19 29 20 29 20 28 19 28 
19 30 20 29 19 28 18 29 
20 9 20 10 21 10 21 9 
20 11 20 10 19 10 19 11 
20 27 23 27 23 26 20 26 
21 13 22 13 22 11 21 11 
21 16 19 16 19 20 21 20 
21 21 25 21 25 20 21 20 
21 27 20 26 19 27 20 28 
22 8 21 9 24 12 25 11 
22 15 21 16 25 20 26 19 
24 11 24 12 25 12 25 11 
24 15 24 13 22 13 22 15 
24 22 26 24 27 23 25 21 
24 24 24 26 25 26 25 24 
25 18 25 19 26 19 26 18 
25 22 29 22 29 21 25 21 
26 16 26 15 24 15 24 16 
26 25 27 24 26 23 25 24 
26 26 25 26 25 27 26 27 
27 19 26 19 26 23 27 23 
27 21 24 24 26 26 29 23 
27 25 27 24 26 24 26 25 
27 26 26 25 25 26 26 27 
29 11 28 11 28 20 29 20 
33 16 28 11 24 15 29 20 
10 16 15 16 15 13 10 13 
11 32 18 32 18 29 11 29 
12 15 11 15 11 19 12 19 
12 27 13 28 14 27 13 26 
13 34 18 29 16 27 11 32 
14 10 13 11 14 12 15 11 
14 34 14 28 13 28 13 34 
23 12 24 13 25 12 24 11 
26 14 29 11 28 10 25 13 
26 20 27 19 26 18 25 19 
11 16 12 15 10 13 9 14 
