40
7 23 10 26 19 17 16 14 
10 15 20 15 20 12 10 12 
10 25 10 26 14 26 14 25 
12 9 12 11 20 11 20 9 
12 20 13 20 13 14 12 14 
12 24 12 29 13 29 13 24 
13 18 15 20 20 15 18 13 
13 19 20 12 18 10 11 17 
14 21 16 23 17 22 15 20 
15 12 12 9 10 11 13 14 
15 22 15 20 13 20 13 22 
17 10 17 13 18 13 18 10 
17 14 17 13 16 13 16 14 
17 25 17 22 15 22 15 25 
18 14 17 14 17 20 18 20 
18 22 26 22 26 20 18 20 
18 24 13 19 12 20 17 25 
18 28 21 28 21 24 18 24 
19 30 21 28 16 23 14 25 
20 16 21 17 23 15 22 14 
20 22 23 19 21 17 18 20 
20 30 25 25 24 24 19 29 
21 23 24 23 24 17 21 17 
23 10 22 9 20 11 21 12 
23 16 23 15 20 15 20 16 
23 22 21 24 22 25 24 23 
23 28 29 22 24 17 18 23 
25 24 25 23 24 23 24 24 
26 19 26 16 23 16 23 19 
26 25 26 24 25 24 25 25 
27 22 29 22 29 11 27 11 
27 23 26 22 25 23 26 24 
7 21 9 23 12 20 10 18 
9 21 7 21 7 23 9 23 
12 21 13 22 14 21 13 20 
13 30 19 30 19 29 13 29 
17 29 18 28 15 25 14 26 
20 24 21 23 20 22 19 23 
23 24 23 28 24 28 24 24 
26 23 27 23 27 22 26 22 
