71
7 25 10 28 14 24 11 21 
7 28 9 28 9 25 7 25 
8 13 11 16 14 13 11 10 
8 18 9 18 9 13 8 13 
9 24 12 24 12 18 9 18 
10 16 8 18 10 20 12 18 
10 19 12 17 11 16 9 18 
10 21 11 21 11 20 10 20 
10 29 11 28 10 27 9 28 
11 11 11 12 17 12 17 11 
11 19 11 16 10 16 10 19 
11 23 9 25 10 26 12 24 
11 27 10 27 10 28 11 28 
12 23 13 24 16 21 15 20 
13 9 13 10 14 10 14 9 
13 11 16 14 17 13 14 10 
13 14 13 16 16 16 16 14 
13 17 13 21 16 21 16 17 
13 22 13 24 14 24 14 22 
14 15 17 15 17 13 14 13 
15 15 16 16 17 15 16 14 
15 16 18 13 17 12 14 15 
15 19 14 20 18 24 19 23 
15 24 15 25 18 25 18 24 
16 23 16 26 19 26 19 23 
16 31 23 24 16 17 9 24 
17 16 20 19 23 16 20 13 
17 19 18 20 20 18 19 17 
17 20 17 19 15 19 15 20 
17 21 18 21 18 20 17 20 
17 25 16 26 19 29 20 28 
17 26 18 25 16 23 15 24 
18 10 18 12 22 12 22 10 
18 18 20 18 20 14 18 14 
19 9 19 13 20 13 20 9 
19 11 18 10 17 11 18 12 
19 15 20 14 19 13 18 14 
19 16 19 15 17 15 17 16 
20 17 24 13 23 12 19 16 
20 20 20 22 25 22 25 20 
20 25 20 28 23 28 23 25 
21 18 20 18 20 19 21 19 
21 21 28 21 28 19 21 19 
22 15 22 16 23 16 23 15 
22 18 22 24 23 24 23 18 
22 20 21 19 20 20 21 21 
22 27 23 28 25 26 24 25 
23 9 23 12 24 12 24 9 
23 10 27 14 28 13 24 9 
23 19 27 23 29 21 25 17 
23 20 25 22 28 19 26 17 
23 23 21 21 20 22 22 24 
24 14 27 14 27 13 24 13 
24 16 24 17 25 17 25 16 
24 27 26 27 26 25 24 25 
25 7 23 9 27 13 29 11 
25 15 24 14 23 15 24 16 
25 23 27 23 27 22 25 22 
25 24 26 25 28 23 27 22 
25 27 27 25 25 23 23 25 
26 7 25 7 25 15 26 15 
26 19 24 17 23 18 25 20 
26 29 26 28 23 28 23 29 
28 25 28 23 27 23 27 25 
5 26 7 28 12 23 10 21 
9 29 10 29 10 28 9 28 
21 28 22 27 20 25 19 26 
24 24 25 24 25 23 24 23 
24 30 26 28 25 27 23 29 
5 21 5 26 10 26 10 21 
22 30 24 30 24 27 22 27 
