39
4 23 9 28 15 22 10 17 
9 19 12 22 16 18 13 15 
9 23 9 28 15 28 15 23 
10 19 10 24 16 24 16 19 
10 23 15 18 14 17 9 22 
11 15 11 25 13 25 13 15 
12 20 15 23 21 17 18 14 
12 24 11 25 12 26 13 25 
12 29 16 29 16 26 12 26 
13 27 23 27 23 25 13 25 
15 16 16 17 22 11 21 10 
15 17 15 18 16 18 16 17 
17 20 19 20 19 13 17 13 
17 22 17 23 20 23 20 22 
18 19 19 20 22 17 21 16 
18 24 20 26 22 24 20 22 
20 18 23 18 23 15 20 15 
21 11 21 13 22 13 22 11 
21 19 18 19 18 24 21 24 
21 22 20 23 21 24 22 23 
22 10 21 11 25 15 26 14 
22 16 21 16 21 17 22 17 
24 15 24 17 25 17 25 15 
24 16 25 17 26 16 25 15 
24 21 24 24 27 24 27 21 
24 25 26 23 25 22 23 24 
25 21 23 23 24 24 26 22 
25 23 26 23 26 22 25 22 
25 27 26 26 24 24 23 25 
25 29 25 27 23 27 23 29 
26 13 24 11 22 13 24 15 
27 14 27 13 26 13 26 14 
29 14 27 14 27 15 29 15 
9 20 9 22 12 22 12 20 
16 21 17 20 16 19 15 20 
17 7 15 9 19 13 21 11 
17 25 18 24 17 23 16 24 
21 7 17 7 17 10 21 10 
21 15 22 16 23 15 22 14 
