74
8 12 13 17 15 15 10 10 
8 20 9 21 12 18 11 17 
8 21 9 21 9 20 8 20 
8 22 14 28 15 27 9 21 
9 17 9 18 11 18 11 17 
9 26 9 27 11 27 11 26 
11 12 12 13 13 12 12 11 
11 20 19 12 17 10 9 18 
11 22 13 20 11 18 9 20 
11 24 14 27 17 24 14 21 
11 28 14 28 14 27 11 27 
12 15 12 18 14 18 14 15 
12 17 14 15 12 13 10 15 
12 20 12 18 11 18 11 20 
12 24 12 22 11 22 11 24 
14 10 13 10 13 12 14 12 
15 13 15 11 12 11 12 13 
15 19 12 22 19 29 22 26 
15 21 16 22 19 19 18 18 
15 23 16 24 17 23 16 22 
16 12 15 11 14 12 15 13 
16 15 16 22 17 22 17 15 
16 21 17 22 19 20 18 19 
16 23 16 24 17 24 17 23 
16 29 19 29 19 28 16 28 
17 25 22 25 22 24 17 24 
17 29 22 24 21 23 16 28 
18 12 18 18 19 18 19 12 
18 20 19 20 19 19 18 19 
18 25 17 26 19 28 20 27 
19 17 25 23 27 21 21 15 
19 21 20 22 21 21 20 20 
20 9 20 10 22 10 22 9 
20 11 20 12 23 12 23 11 
20 19 20 20 24 20 24 19 
20 21 20 20 19 20 19 21 
20 23 21 23 21 22 20 22 
21 12 23 10 22 9 20 11 
21 13 23 11 22 10 20 12 
21 14 21 15 23 15 23 14 
21 24 22 25 24 23 23 22 
22 7 20 9 23 12 25 10 
22 17 21 16 19 18 20 19 
22 22 23 22 23 18 22 18 
24 21 27 21 27 20 24 20 
24 22 23 22 23 23 24 23 
24 24 25 24 25 23 24 23 
24 27 22 25 21 26 23 28 
24 29 24 28 23 28 23 29 
25 16 27 16 27 10 25 10 
25 18 26 19 28 17 27 16 
25 22 27 20 26 19 24 21 
25 25 22 25 22 26 25 26 
26 24 25 23 24 24 25 25 
26 25 29 22 28 21 25 24 
27 22 28 22 28 21 27 21 
27 26 27 28 28 28 28 26 
28 11 28 17 29 17 29 11 
28 13 26 11 23 14 25 16 
28 14 26 12 23 15 25 17 
28 16 26 14 22 18 24 20 
28 18 28 17 25 17 25 18 
29 10 28 9 27 10 28 11 
6 23 9 26 11 24 8 21 
8 24 11 27 15 23 12 20 
10 12 11 12 11 10 10 10 
14 23 15 23 15 21 14 21 
14 29 17 26 14 23 11 26 
15 18 14 18 14 19 15 19 
19 22 20 23 21 22 20 21 
24 17 23 18 24 19 25 18 
26 27 27 26 26 25 25 26 
8 15 10 15 10 12 8 12 
25 30 27 28 26 27 24 29 
