90
9 13 11 15 12 14 10 12 
10 8 9 9 14 14 15 13 
10 13 13 16 15 14 12 11 
10 19 11 19 11 15 10 15 
10 25 11 26 12 25 11 24 
11 17 15 21 18 18 14 14 
11 21 15 21 15 20 11 20 
11 22 11 21 10 21 10 22 
11 23 10 23 10 24 11 24 
11 25 10 25 10 26 11 26 
11 27 12 28 16 24 15 23 
11 28 12 29 16 25 15 24 
11 29 12 29 12 28 11 28 
12 10 12 11 15 11 15 10 
12 16 13 16 13 14 12 14 
12 17 15 20 16 19 13 16 
12 21 11 20 10 21 11 22 
12 22 11 21 10 22 11 23 
12 24 11 25 14 28 15 27 
13 19 13 22 16 22 16 19 
13 24 13 22 12 22 12 24 
13 27 15 27 15 24 13 24 
14 13 14 14 15 14 15 13 
15 28 16 28 16 27 15 27 
16 21 15 20 13 22 14 23 
17 12 18 12 18 9 17 9 
17 13 18 12 16 10 15 11 
17 17 21 17 21 13 17 13 
17 19 18 19 18 18 17 18 
17 20 19 22 20 21 18 19 
17 23 22 18 21 17 16 22 
17 24 20 27 22 25 19 22 
17 25 17 26 20 26 20 25 
17 28 18 27 17 26 16 27 
17 29 17 28 16 28 16 29 
18 23 17 23 17 24 18 24 
18 29 20 29 20 27 18 27 
18 30 21 27 20 26 17 29 
19 10 22 10 22 9 19 9 
19 15 19 10 16 10 16 15 
19 18 19 22 22 22 22 18 
19 28 20 29 21 28 20 27 
20 22 21 23 22 22 21 21 
21 5 17 9 21 13 25 9 
21 8 19 10 20 11 22 9 
21 11 23 13 24 12 22 10 
21 20 23 20 23 17 21 17 
22 13 23 13 23 10 22 10 
22 16 23 17 26 14 25 13 
22 17 25 20 26 19 23 16 
22 19 23 20 26 17 25 16 
22 27 23 27 23 25 22 25 
22 28 22 27 21 27 21 28 
23 14 25 14 25 13 23 13 
23 23 28 28 29 27 24 22 
24 23 24 25 29 25 29 23 
24 30 25 29 23 27 22 28 
25 10 26 10 26 9 25 9 
25 17 25 19 26 19 26 17 
25 22 28 22 28 20 25 20 
25 26 24 25 22 27 23 28 
25 28 25 29 27 29 27 28 
26 11 25 10 22 13 23 14 
26 13 25 14 28 17 29 16 
26 16 26 14 25 14 25 16 
26 22 23 25 25 27 28 24 
26 25 27 24 25 22 24 23 
26 26 25 26 25 27 26 27 
26 29 27 28 26 27 25 28 
27 27 28 27 28 24 27 24 
29 19 26 16 25 17 28 20 
29 28 29 27 28 27 28 28 
8 17 10 19 12 17 10 15 
9 12 9 13 10 13 10 12 
9 25 10 26 11 25 10 24 
10 5 10 8 21 8 21 5 
14 29 15 29 15 28 14 28 
15 30 16 29 15 28 14 29 
16 11 17 12 19 10 18 9 
16 30 16 29 15 29 15 30 
17 30 18 30 18 29 17 29 
18 17 22 13 20 11 16 15 
20 17 19 18 21 20 22 19 
20 20 20 21 21 21 21 20 
22 14 22 16 23 16 23 14 
23 21 21 21 21 23 23 23 
26 12 26 13 27 13 27 12 
8 13 8 17 9 17 9 13 
9 14 10 13 9 12 8 13 
20 16 22 14 21 13 19 15 
