68
7 13 10 16 12 14 9 11 
8 19 11 22 14 19 11 16 
8 27 12 27 12 19 8 19 
9 24 9 26 13 26 13 24 
10 13 11 14 14 11 13 10 
10 14 10 16 11 16 11 14 
11 11 14 11 14 9 11 9 
11 24 10 25 12 27 13 26 
12 12 10 14 12 16 14 14 
12 23 13 24 14 23 13 22 
13 12 13 16 15 16 15 12 
14 15 14 14 12 14 12 15 
14 17 15 16 14 15 13 16 
14 21 14 23 17 23 17 21 
15 18 15 22 16 22 16 18 
15 19 14 20 16 22 17 21 
15 23 16 24 17 23 16 22 
15 24 15 27 16 27 16 24 
16 9 16 10 19 10 19 9 
16 23 20 19 19 18 15 22 
16 29 18 29 18 27 16 27 
17 11 18 12 20 10 19 9 
17 12 18 13 20 11 19 10 
17 13 18 13 18 12 17 12 
17 17 17 19 20 19 20 17 
17 28 18 27 17 26 16 27 
17 30 18 29 17 28 16 29 
18 14 19 13 18 12 17 13 
18 18 17 17 16 18 17 19 
18 26 18 23 17 23 17 26 
19 6 16 9 21 14 24 11 
19 11 20 11 20 10 19 10 
19 14 19 13 18 13 18 14 
20 15 22 17 23 16 21 14 
20 22 23 22 23 21 20 21 
20 28 20 29 23 29 23 28 
21 13 24 16 25 15 22 12 
21 18 21 14 19 14 19 18 
21 19 23 21 25 19 23 17 
21 27 19 25 18 26 20 28 
22 16 22 17 23 17 23 16 
22 18 21 18 21 19 22 19 
22 23 24 25 25 24 23 22 
22 28 23 29 26 26 25 25 
22 31 26 27 24 25 20 29 
23 18 22 17 21 18 22 19 
24 15 24 11 20 11 20 15 
24 24 24 25 25 25 25 24 
25 16 25 15 24 15 24 16 
25 22 28 22 28 19 25 19 
25 30 29 26 27 24 23 28 
26 13 24 15 25 16 27 14 
26 14 27 14 27 13 26 13 
26 24 27 24 27 21 26 21 
27 15 28 14 27 13 26 14 
28 26 29 26 29 22 28 22 
28 27 28 26 26 26 26 27 
29 18 29 17 23 17 23 18 
30 24 28 22 26 24 28 26 
8 25 9 26 10 25 9 24 
12 24 15 27 20 22 17 19 
13 28 17 28 17 26 13 26 
16 15 17 16 19 14 18 13 
16 17 16 15 14 15 14 17 
18 33 23 28 18 23 13 28 
19 22 20 21 16 17 15 18 
20 25 20 22 19 22 19 25 
20 33 20 29 18 29 18 33 
