39
8 15 13 20 18 15 13 10 
8 17 12 17 12 15 8 15 
9 10 9 12 13 12 13 10 
10 22 10 23 13 23 13 22 
11 19 12 20 16 16 15 15 
11 24 10 23 9 24 10 25 
11 27 13 27 13 24 11 24 
13 17 12 17 12 20 13 20 
14 15 15 16 19 12 18 11 
14 16 15 16 15 15 14 15 
15 19 19 23 21 21 17 17 
15 25 15 27 20 27 20 25 
16 13 16 16 20 16 20 13 
16 19 16 16 15 16 15 19 
17 25 12 20 10 22 15 27 
17 30 20 27 19 26 16 29 
18 7 13 12 22 21 27 16 
18 17 18 20 22 20 22 17 
19 13 18 14 20 16 21 15 
20 7 18 7 18 10 20 10 
20 36 27 29 18 20 11 27 
21 14 18 14 18 15 21 15 
21 23 23 23 23 22 21 22 
21 26 21 23 19 23 19 26 
22 13 21 12 20 13 21 14 
22 18 20 16 13 23 15 25 
22 22 23 23 26 20 25 19 
22 23 24 25 25 24 23 22 
22 27 23 26 22 25 21 26 
22 36 22 27 20 27 20 36 
24 16 24 25 27 25 27 16 
24 34 15 25 13 27 22 36 
25 21 26 21 26 20 25 20 
28 28 27 28 27 29 28 29 
7 12 12 17 14 15 9 10 
7 24 9 24 9 12 7 12 
9 18 13 22 16 19 12 15 
10 21 7 24 10 27 13 24 
19 24 20 25 22 23 21 22 
