50
7 15 11 19 18 12 14 8 
8 9 8 12 11 12 11 9 
8 13 9 14 11 12 10 11 
8 25 8 26 17 26 17 25 
9 11 9 14 10 14 10 11 
9 21 9 24 12 24 12 21 
9 27 12 24 11 23 8 26 
10 10 12 12 13 11 11 9 
10 15 12 15 12 14 10 14 
10 17 12 19 14 17 12 15 
10 22 12 20 11 19 9 21 
10 25 13 22 12 21 9 24 
11 13 9 11 8 12 10 14 
11 20 12 20 12 19 11 19 
12 7 11 8 14 11 15 10 
12 13 12 12 11 12 11 13 
12 16 17 16 17 15 12 15 
13 8 13 11 14 11 14 8 
13 20 16 20 16 19 13 19 
14 12 18 12 18 11 14 11 
15 17 17 15 14 12 12 14 
15 18 13 20 14 21 16 19 
16 21 18 19 12 13 10 15 
16 22 18 20 15 17 13 19 
17 24 18 25 21 22 20 21 
18 17 23 17 23 12 18 12 
18 18 14 14 12 16 16 20 
18 21 18 20 16 20 16 21 
18 27 19 26 18 25 17 26 
19 18 24 18 24 10 19 10 
19 19 19 18 18 18 18 19 
19 23 19 26 22 26 22 23 
20 15 18 17 19 18 21 16 
20 16 20 20 21 20 21 16 
20 19 21 20 26 15 25 14 
20 25 20 21 18 21 18 25 
20 28 22 26 19 23 17 25 
21 19 22 20 24 18 23 17 
21 21 22 21 22 20 21 20 
25 11 22 11 22 14 25 14 
26 10 25 9 24 10 25 11 
26 18 22 14 20 16 24 20 
26 20 26 18 24 18 24 20 
7 17 10 17 10 15 7 15 
9 19 12 16 10 14 7 17 
14 18 15 18 15 17 14 17 
14 22 16 22 16 21 14 21 
20 13 20 15 26 15 26 13 
20 18 19 19 20 20 21 19 
21 12 19 10 18 11 20 13 
