40
7 16 9 18 12 15 10 13 
7 20 9 22 10 21 8 19 
8 18 8 19 9 19 9 18 
10 18 11 18 11 13 10 13 
10 19 9 19 9 21 10 21 
10 20 11 19 10 18 9 19 
12 19 15 22 16 21 13 18 
13 11 16 11 16 8 13 8 
13 22 13 26 14 26 14 22 
14 11 21 18 24 15 17 8 
14 12 13 11 11 13 12 14 
14 15 16 15 16 12 14 12 
14 19 14 15 12 15 12 19 
14 25 12 23 11 24 13 26 
15 25 10 20 9 21 14 26 
16 17 17 18 23 12 22 11 
16 23 16 22 15 22 15 23 
17 10 17 11 22 11 22 10 
17 20 21 20 21 18 17 18 
18 13 16 15 21 20 23 18 
18 14 19 13 17 11 16 12 
18 17 16 17 16 21 18 21 
18 26 18 23 16 23 16 26 
19 8 18 8 18 13 19 13 
19 25 16 22 15 23 18 26 
20 9 25 9 25 8 20 8 
21 21 24 24 25 23 22 20 
22 21 22 20 21 20 21 21 
22 23 22 24 24 24 24 23 
22 27 25 24 24 23 21 26 
23 13 25 13 25 12 23 12 
11 20 12 19 11 18 10 19 
12 13 12 14 18 14 18 13 
12 20 12 19 11 19 11 20 
13 19 12 20 14 22 15 21 
14 7 13 8 16 11 17 10 
18 27 22 23 17 18 13 22 
19 24 22 21 21 20 18 23 
20 25 20 24 19 24 19 25 
21 27 21 26 18 26 18 27 
