47
3 19 8 24 13 19 8 14 
3 20 9 20 9 19 3 19 
5 15 9 19 13 15 9 11 
5 22 8 25 14 19 11 16 
8 21 8 24 13 24 13 21 
9 12 11 12 11 11 9 11 
10 9 15 9 15 8 10 8 
10 17 13 17 13 15 10 15 
10 22 20 22 20 20 10 20 
11 10 10 9 8 11 9 12 
12 12 20 20 23 17 15 9 
12 13 16 9 15 8 11 12 
14 10 14 15 17 15 17 10 
14 17 13 17 13 19 14 19 
14 18 19 23 20 22 15 17 
15 14 14 15 18 19 19 18 
15 18 19 14 18 13 14 17 
16 2 10 8 16 14 22 8 
16 12 16 14 19 14 19 12 
16 17 16 14 15 14 15 17 
16 18 16 23 19 23 19 18 
17 16 19 16 19 15 17 15 
17 25 18 26 20 24 19 23 
18 9 22 9 22 8 18 8 
18 11 19 10 18 9 17 10 
18 14 19 15 21 13 20 12 
18 21 18 26 21 26 21 21 
20 13 21 13 21 12 20 12 
20 25 21 26 24 23 23 22 
20 31 25 26 18 19 13 24 
21 28 23 26 18 21 16 23 
23 8 22 9 25 12 26 11 
23 11 26 11 26 8 23 8 
23 20 24 19 20 15 19 16 
23 24 23 22 20 22 20 24 
23 28 23 26 21 26 21 28 
26 12 25 12 25 15 26 15 
5 14 5 15 8 15 8 14 
9 13 10 14 12 12 11 11 
11 13 12 13 12 12 11 12 
16 11 18 11 18 9 16 9 
16 24 15 25 16 26 17 25 
17 24 17 25 20 25 20 24 
20 11 19 12 20 13 21 12 
9 16 11 16 11 13 9 13 
14 23 14 24 16 24 16 23 
4 21 9 16 8 15 3 20 
