42
4 16 8 20 16 12 12 8 
4 22 9 22 9 16 4 16 
8 10 8 15 9 15 9 10 
9 9 8 10 11 13 12 12 
9 24 9 26 11 26 11 24 
10 9 9 10 17 18 18 17 
10 14 9 15 16 22 17 21 
10 15 9 16 10 17 11 16 
10 21 14 21 14 17 10 17 
10 25 9 24 8 25 9 26 
11 9 11 13 17 13 17 9 
12 23 10 21 9 22 11 24 
13 13 17 17 21 13 17 9 
13 25 14 24 12 22 11 23 
13 26 15 26 15 25 13 25 
14 12 14 8 12 8 12 12 
14 22 16 22 16 21 14 21 
14 23 14 22 12 22 12 23 
14 25 15 26 17 24 16 23 
15 8 15 12 16 12 16 8 
15 18 17 18 17 17 15 17 
16 19 23 26 24 25 17 18 
16 24 16 23 14 23 14 24 
17 16 20 16 20 13 17 13 
17 19 14 22 16 24 19 21 
17 27 18 26 16 24 15 25 
18 12 17 13 20 16 21 15 
18 21 18 26 19 26 19 21 
19 24 22 21 19 18 16 21 
20 21 22 21 22 17 20 17 
20 26 22 26 22 24 20 24 
21 14 10 14 10 15 21 15 
21 23 22 24 24 22 23 21 
21 25 22 26 23 25 22 24 
23 19 23 18 19 18 19 19 
23 22 23 25 24 25 24 22 
8 21 8 25 10 25 10 21 
11 20 14 23 16 21 13 18 
13 20 14 21 16 19 15 18 
15 20 15 18 13 18 13 20 
16 27 17 27 17 24 16 24 
19 25 20 26 21 25 20 24 
