52
4 16 9 21 16 14 11 9 
5 21 10 26 14 22 9 17 
5 24 9 24 9 21 5 21 
6 12 8 14 10 12 8 10 
6 21 9 24 13 20 10 17 
7 14 8 15 9 14 8 13 
7 15 8 15 8 14 7 14 
7 25 8 26 11 23 10 22 
7 26 8 26 8 25 7 25 
8 12 8 13 10 13 10 12 
9 16 16 16 16 14 9 14 
11 10 14 13 16 11 13 8 
11 13 14 13 14 10 11 10 
11 17 11 13 10 13 10 17 
11 22 14 22 14 17 11 17 
12 12 11 13 15 17 16 16 
12 24 12 23 11 23 11 24 
13 16 14 17 18 13 17 12 
14 25 18 21 16 19 12 23 
15 21 16 21 16 19 15 19 
16 8 14 10 16 12 18 10 
16 23 18 23 18 21 16 21 
17 11 16 11 16 12 17 12 
17 19 18 20 24 14 23 13 
17 22 14 22 14 25 17 25 
18 8 16 8 16 10 18 10 
19 13 20 13 20 11 19 11 
20 14 23 14 23 13 20 13 
20 17 20 21 24 21 24 17 
21 8 21 10 22 10 22 8 
21 12 20 13 22 15 23 14 
21 13 24 10 22 8 19 11 
21 22 19 24 21 26 23 24 
21 23 18 23 18 26 21 26 
22 19 24 17 22 15 20 17 
22 26 24 24 17 17 15 19 
23 8 21 10 22 11 24 9 
23 20 19 20 19 24 23 24 
24 13 24 14 26 14 26 13 
25 10 25 9 24 9 24 10 
25 14 26 13 25 12 24 13 
4 17 9 17 9 16 4 16 
6 23 5 24 7 26 8 25 
13 19 15 21 17 19 15 17 
16 6 14 8 16 10 18 8 
18 12 21 12 21 10 18 10 
20 22 17 25 18 26 21 23 
22 18 17 18 17 19 22 19 
17 13 18 13 18 12 17 12 
18 14 19 13 18 12 17 13 
19 14 19 13 18 13 18 14 
15 13 15 17 17 17 17 13 
