60
6 22 10 26 18 18 14 14 
8 18 17 18 17 16 8 16 
9 16 14 21 17 18 12 13 
9 22 9 26 10 26 10 22 
10 23 8 25 9 26 11 24 
11 15 18 22 19 21 12 14 
11 21 11 23 14 23 14 21 
11 25 13 25 13 24 11 24 
12 17 14 17 14 14 12 14 
12 22 11 21 10 22 11 23 
13 10 13 9 9 9 9 10 
13 16 14 17 16 15 15 14 
13 18 17 22 18 21 14 17 
13 21 14 20 9 15 8 16 
13 22 14 23 15 22 14 21 
14 9 14 11 16 11 16 9 
15 10 14 9 13 10 14 11 
15 12 15 10 13 10 13 12 
15 13 15 14 17 14 17 13 
15 25 17 25 17 22 15 22 
16 12 17 13 18 12 17 11 
16 14 17 15 18 14 17 13 
17 8 16 9 18 11 19 10 
17 10 17 11 18 11 18 10 
17 12 17 11 16 11 16 12 
17 21 18 21 18 18 17 18 
18 16 26 16 26 15 18 15 
19 12 17 14 18 15 20 13 
19 14 19 12 18 12 18 14 
19 16 18 15 17 16 18 17 
19 19 19 21 20 21 20 19 
19 23 19 22 18 22 18 23 
20 26 22 24 21 23 19 25 
20 28 22 26 19 23 17 25 
21 9 19 9 19 10 21 10 
21 13 21 23 22 23 22 13 
21 24 22 23 20 21 19 22 
21 26 22 26 22 24 21 24 
21 28 21 26 20 26 20 28 
22 12 19 9 18 10 21 13 
22 17 23 18 26 15 25 14 
22 19 24 21 25 20 23 18 
23 9 22 10 25 13 26 12 
23 24 24 24 24 21 23 21 
25 9 25 8 23 8 23 9 
25 10 22 10 22 12 25 12 
25 23 24 24 25 25 26 24 
25 24 26 24 26 23 25 23 
26 13 26 12 25 12 25 13 
26 18 21 13 18 16 23 21 
27 24 26 23 25 24 26 25 
27 25 27 24 26 24 26 25 
8 21 9 22 13 18 12 17 
12 10 15 13 16 12 13 9 
14 13 15 12 14 11 13 12 
23 12 25 10 23 8 21 10 
24 25 25 25 25 24 24 24 
26 17 23 17 23 18 26 18 
12 11 12 13 14 13 14 11 
22 27 24 25 23 24 21 26 
