71
7 16 8 17 10 15 9 14 
7 18 8 19 9 18 8 17 
8 10 9 10 9 9 8 9 
8 16 8 17 10 17 10 16 
8 20 10 20 10 19 8 19 
8 22 9 23 10 22 9 21 
8 23 9 23 9 22 8 22 
9 15 10 15 10 14 9 14 
9 17 10 16 9 15 8 16 
9 25 13 25 13 23 9 23 
10 7 8 9 9 10 11 8 
10 10 9 10 9 12 10 12 
10 24 9 23 8 24 9 25 
11 11 14 11 14 9 11 9 
11 14 12 15 15 12 14 11 
11 15 11 16 12 16 12 15 
11 17 13 19 14 18 12 16 
11 19 15 23 22 16 18 12 
11 20 10 19 8 21 9 22 
11 22 11 20 10 20 10 22 
12 10 11 9 10 10 11 11 
12 18 9 18 9 21 12 21 
12 23 13 22 12 21 11 22 
12 29 15 26 12 23 9 26 
13 8 12 8 12 10 13 10 
13 15 13 19 16 19 16 15 
13 27 14 26 13 25 12 26 
14 16 17 16 17 14 14 14 
14 22 18 22 18 21 14 21 
14 23 14 26 15 26 15 23 
14 29 14 26 12 26 12 29 
15 8 14 9 16 11 17 10 
15 9 10 14 11 15 16 10 
15 18 16 19 18 17 17 16 
15 20 11 16 10 17 14 21 
15 28 9 22 8 23 14 29 
16 12 18 12 18 11 16 11 
17 12 20 15 21 14 18 11 
17 17 19 15 16 12 14 14 
17 18 17 17 15 17 15 18 
17 22 16 23 17 24 18 23 
18 9 18 8 15 8 15 9 
19 18 21 18 21 16 19 16 
19 20 23 24 25 22 21 18 
19 21 18 22 20 24 21 23 
19 22 23 22 23 21 19 21 
19 23 19 22 18 22 18 23 
20 10 19 10 19 15 20 15 
20 17 21 16 20 15 19 16 
20 20 22 20 22 17 20 17 
21 10 21 14 22 14 22 10 
21 11 22 10 21 9 20 10 
21 24 21 23 20 23 20 24 
22 9 24 11 25 10 23 8 
22 21 20 23 21 24 23 22 
22 28 22 26 15 26 15 28 
23 11 23 19 24 19 24 11 
23 16 22 17 24 19 25 18 
23 23 25 23 25 22 23 22 
24 16 22 14 18 18 20 20 
24 20 23 19 22 20 23 21 
25 8 25 10 26 10 26 8 
29 23 26 20 23 23 26 26 
5 22 8 25 11 22 8 19 
8 18 10 20 11 19 9 17 
9 11 10 10 9 9 8 10 
12 9 13 10 14 9 13 8 
14 20 15 20 15 18 14 18 
15 21 18 18 17 17 14 20 
18 20 19 20 19 18 18 18 
7 17 7 18 8 18 8 17 
