53
4 14 8 18 12 14 8 10 
6 10 12 16 14 14 8 8 
6 15 8 15 8 10 6 10 
6 20 8 22 10 20 8 18 
8 23 8 25 9 25 9 23 
9 15 8 15 8 16 9 16 
9 24 8 25 9 26 10 25 
10 26 10 25 9 25 9 26 
11 12 21 22 22 21 12 11 
11 14 9 16 10 17 12 15 
11 15 12 15 12 14 11 14 
11 17 10 17 10 19 11 19 
11 20 16 25 23 18 18 13 
11 27 18 20 17 19 10 26 
12 10 12 11 14 11 14 10 
12 18 14 20 16 18 14 16 
12 19 16 19 16 18 12 18 
12 20 12 19 11 19 11 20 
12 22 13 21 12 20 11 21 
13 27 13 21 11 21 11 27 
14 15 12 15 12 16 14 16 
14 22 14 20 12 20 12 22 
15 14 15 11 14 11 14 14 
16 9 14 11 19 16 21 14 
16 13 18 13 18 9 16 9 
16 20 16 25 18 25 18 20 
16 21 17 22 25 14 24 13 
16 23 18 25 19 24 17 22 
17 9 15 11 20 16 22 14 
17 14 17 19 21 19 21 14 
18 12 19 13 22 10 21 9 
18 17 19 17 19 16 18 16 
19 3 12 10 18 16 25 9 
19 10 21 10 21 9 19 9 
19 12 19 13 24 13 24 12 
19 22 19 23 20 23 20 22 
20 20 22 20 22 18 20 18 
21 17 20 18 21 19 22 18 
22 17 24 17 24 14 22 14 
22 22 22 21 21 21 21 22 
23 21 22 20 21 21 22 22 
23 25 24 25 24 23 23 23 
23 26 24 25 21 22 20 23 
25 19 25 18 23 18 23 19 
6 19 6 20 10 20 10 19 
7 22 8 23 11 20 10 19 
10 18 11 17 9 15 8 16 
19 21 20 22 21 21 20 20 
19 25 20 26 23 23 22 22 
20 25 20 26 23 26 23 25 
22 26 23 25 20 22 19 23 
5 18 6 19 9 16 8 15 
7 18 7 22 8 22 8 18 
