22
2 19 8 25 14 19 8 13 
2 25 8 25 8 19 2 19 
4 27 10 21 8 19 2 25 
8 10 8 13 17 13 17 10 
9 19 14 19 14 18 9 18 
12 14 14 12 10 8 8 10 
12 16 15 16 15 14 12 14 
14 9 14 12 18 12 18 9 
15 15 13 17 14 18 16 16 
16 9 17 10 18 9 17 8 
17 18 18 18 18 13 17 13 
18 24 20 24 20 18 18 18 
19 4 14 9 18 13 23 8 
19 17 20 18 25 13 24 12 
19 23 20 24 22 22 21 21 
20 15 18 13 15 16 17 18 
21 10 21 21 26 21 26 10 
24 17 17 24 18 25 25 18 
24 23 24 17 19 17 19 23 
10 20 13 17 12 16 9 19 
13 19 18 24 19 23 14 18 
17 25 18 25 18 24 17 24 
