70
6 12 13 19 15 17 8 10 
6 17 9 17 9 12 6 12 
7 16 6 17 8 19 9 18 
7 19 8 19 8 16 7 16 
8 13 10 13 10 10 8 10 
8 20 10 18 9 17 7 19 
8 23 9 24 15 18 14 17 
9 14 10 13 9 12 8 13 
9 20 9 24 10 24 10 20 
10 17 9 17 9 18 10 18 
10 26 16 26 16 24 10 24 
11 14 11 15 17 15 17 14 
11 23 13 23 13 19 11 19 
11 28 19 20 17 18 9 26 
12 8 11 8 11 11 12 11 
12 20 15 23 16 22 13 19 
12 22 16 22 16 20 12 20 
12 24 13 23 12 22 11 23 
13 6 11 8 14 11 16 9 
13 9 12 8 10 10 11 11 
14 13 14 17 15 17 15 13 
14 14 16 16 17 15 15 13 
15 8 13 8 13 9 15 9 
15 12 14 11 13 12 14 13 
15 16 16 17 18 15 17 14 
15 26 18 23 12 17 9 20 
16 5 13 8 17 12 20 9 
16 10 15 9 10 14 11 15 
16 18 16 17 15 17 15 18 
17 16 18 16 18 15 17 15 
17 20 18 20 18 18 17 18 
18 22 18 23 23 23 23 22 
18 24 20 26 23 23 21 21 
19 9 19 12 20 12 20 9 
19 13 18 13 18 14 19 14 
19 16 21 18 22 17 20 15 
19 17 19 20 22 20 22 17 
19 18 17 20 21 24 23 22 
20 13 19 12 18 13 19 14 
20 20 18 18 16 20 18 22 
20 25 20 26 22 26 22 25 
20 28 22 26 18 22 16 24 
21 7 19 9 21 11 23 9 
21 10 22 11 24 9 23 8 
21 13 21 12 20 12 20 13 
21 26 22 25 21 24 20 25 
22 10 21 10 21 11 22 11 
22 12 22 14 23 14 23 12 
22 13 23 14 24 13 23 12 
22 16 22 14 19 14 19 16 
23 13 22 12 21 13 22 14 
23 15 25 15 25 14 23 14 
23 18 21 18 21 21 23 21 
23 19 22 20 23 21 24 20 
24 8 23 8 23 9 24 9 
24 14 25 15 26 14 25 13 
24 16 23 15 22 16 23 17 
24 22 26 22 26 21 24 21 
24 24 23 24 23 26 24 26 
25 12 25 13 26 13 26 12 
26 17 26 16 24 16 24 17 
27 20 24 17 23 18 26 21 
7 21 10 24 11 23 8 20 
8 28 11 28 11 23 8 23 
11 21 12 20 11 19 10 20 
15 10 16 10 16 9 15 9 
19 28 20 28 20 26 19 26 
20 14 21 13 20 12 19 13 
21 15 20 14 18 16 19 17 
13 10 13 12 15 12 15 10 
