34
8 19 8 22 9 22 9 19 
8 20 12 24 13 23 9 19 
8 25 8 26 12 26 12 25 
9 23 13 23 13 22 9 22 
9 24 9 23 8 23 8 24 
10 23 9 22 8 23 9 24 
11 18 11 12 8 12 8 18 
11 27 12 26 9 23 8 24 
13 12 12 11 11 12 12 13 
13 18 15 20 23 12 21 10 
14 18 14 12 13 12 13 18 
15 11 15 12 16 12 16 11 
15 13 16 12 15 11 14 12 
15 17 15 20 16 20 16 17 
15 21 19 25 20 24 16 20 
16 24 20 24 20 20 16 20 
19 8 18 8 18 25 19 25 
19 10 11 18 18 25 26 17 
19 11 16 14 22 20 25 17 
20 9 24 9 24 8 20 8 
21 25 22 25 22 20 21 20 
22 6 20 8 22 10 24 8 
23 14 23 12 16 12 16 14 
25 15 25 17 26 17 26 15 
25 23 13 23 13 26 25 26 
28 17 26 15 21 20 23 22 
28 22 28 17 26 17 26 22 
33 18 24 9 16 17 25 26 
9 11 8 12 14 18 15 17 
9 13 12 13 12 11 9 11 
10 20 10 21 15 21 15 20 
11 16 8 19 10 21 13 18 
21 6 21 10 22 10 22 6 
22 7 21 6 19 8 20 9 
