32
6 17 13 24 15 22 8 15 
7 10 10 13 11 12 8 9 
7 11 12 11 12 10 7 10 
8 23 8 26 9 26 9 23 
10 17 10 19 22 19 22 17 
10 22 9 23 12 26 13 25 
11 7 7 11 19 23 23 19 
11 11 12 12 13 11 12 10 
12 16 12 12 11 12 11 16 
12 20 12 26 14 26 14 20 
13 9 13 11 22 11 22 9 
13 16 17 20 21 16 17 12 
14 19 22 11 19 8 11 16 
15 13 20 18 23 15 18 10 
15 16 15 22 21 22 21 16 
16 7 12 11 13 12 17 8 
16 22 18 20 16 18 14 20 
17 10 18 10 18 8 17 8 
17 23 18 23 18 20 17 20 
18 25 19 26 22 23 21 22 
19 25 19 23 18 23 18 25 
20 7 16 7 16 18 20 18 
20 11 22 9 21 8 19 10 
21 10 21 8 19 8 19 10 
21 20 25 24 26 23 22 19 
22 15 23 15 23 11 22 11 
22 22 21 22 21 23 22 23 
22 24 23 24 23 23 22 23 
23 18 25 18 25 15 23 15 
25 14 22 17 23 18 26 15 
25 21 24 20 22 22 23 23 
16 28 19 25 17 23 14 26 
