56
6 19 9 22 12 19 9 16 
7 13 8 14 10 12 9 11 
8 12 10 12 10 10 8 10 
9 13 9 16 12 16 12 13 
9 21 10 22 12 20 11 19 
10 19 10 22 11 22 11 19 
11 9 16 9 16 8 11 8 
12 8 11 9 15 13 16 12 
12 21 12 20 9 20 9 21 
12 24 15 24 15 21 12 21 
12 26 12 24 11 24 11 26 
13 17 14 18 20 12 19 11 
13 22 15 24 19 20 17 18 
13 25 16 22 15 21 12 24 
14 15 15 14 13 12 12 13 
14 16 14 18 17 18 17 16 
14 22 13 22 13 25 14 25 
15 10 15 13 18 13 18 10 
15 15 22 15 22 14 15 14 
15 16 14 15 12 17 13 18 
15 25 18 25 18 24 15 24 
16 17 16 12 13 12 13 17 
16 26 22 26 22 22 16 22 
17 14 20 17 21 16 18 13 
17 23 15 25 16 26 18 24 
17 24 18 25 19 24 18 23 
18 17 18 23 20 23 20 17 
19 17 22 14 21 13 18 16 
19 19 19 18 17 18 17 19 
20 11 21 11 21 10 20 10 
20 16 21 16 21 13 20 13 
20 21 24 25 26 23 22 19 
21 12 24 12 24 11 21 11 
21 14 20 13 17 16 18 17 
21 19 22 19 22 16 21 16 
21 20 21 19 19 19 19 20 
22 11 21 10 20 11 21 12 
23 9 22 8 20 10 21 11 
23 14 22 15 24 17 25 16 
23 16 25 16 25 15 23 15 
24 16 21 19 22 20 25 17 
24 23 26 23 26 22 24 22 
25 19 22 16 19 19 22 22 
25 20 25 19 22 19 22 20 
26 25 24 25 24 26 26 26 
12 18 13 18 13 17 12 17 
12 23 13 22 12 21 11 22 
13 26 14 25 12 23 11 24 
19 12 20 12 20 11 19 11 
23 8 22 8 22 9 23 9 
24 19 20 23 21 24 25 20 
25 10 23 8 22 9 24 11 
11 17 12 18 13 17 12 16 
18 11 19 12 20 11 19 10 
7 15 10 18 11 17 8 14 
17 12 18 11 16 9 15 10 
