33
6 20 10 24 19 15 15 11 
7 10 16 19 17 18 8 9 
7 11 11 11 11 10 7 10 
7 14 17 24 21 20 11 10 
7 22 8 23 11 20 10 19 
8 19 8 23 10 23 10 19 
9 9 7 11 9 13 11 11 
9 20 9 21 11 21 11 20 
11 9 16 9 16 8 11 8 
11 17 16 22 18 20 13 15 
11 22 10 23 13 26 14 25 
12 15 12 26 13 26 13 15 
12 20 11 21 16 26 17 25 
13 11 15 11 15 10 13 10 
14 6 11 9 13 11 16 8 
14 20 17 20 17 18 14 18 
14 22 11 22 11 25 14 25 
15 19 16 19 16 11 15 11 
16 23 16 26 26 26 26 23 
17 10 16 9 15 10 16 11 
17 14 20 17 26 11 23 8 
17 22 17 24 21 24 21 22 
18 19 18 20 21 20 21 19 
20 9 17 9 17 10 20 10 
20 20 21 19 13 11 12 12 
20 23 21 22 18 19 17 20 
22 18 23 18 23 8 22 8 
22 23 24 25 26 23 24 21 
23 21 23 25 24 25 24 21 
25 12 25 9 21 9 21 12 
8 13 9 13 9 9 8 9 
19 26 21 24 20 23 18 25 
7 13 7 14 8 14 8 13 
