57
1 17 8 24 15 17 8 10 
1 21 8 21 8 17 1 17 
7 13 9 15 10 14 8 12 
7 16 8 17 12 13 11 12 
7 17 9 19 11 17 9 15 
8 11 8 12 11 12 11 11 
9 21 14 21 14 19 9 19 
9 24 9 21 8 21 8 24 
11 19 15 23 16 22 12 18 
12 15 9 15 9 18 12 18 
12 24 9 24 9 25 12 25 
13 14 13 16 16 16 16 14 
13 20 14 21 15 20 14 19 
13 24 12 25 13 26 14 25 
14 10 17 13 18 12 15 9 
14 15 13 14 12 15 13 16 
14 24 14 25 17 25 17 24 
15 8 14 9 19 14 20 13 
15 10 15 9 14 9 14 10 
15 12 11 12 11 17 15 17 
15 18 15 20 17 20 17 18 
16 18 22 24 23 23 17 17 
16 19 17 18 16 17 15 18 
16 24 17 25 18 24 17 23 
17 15 18 14 17 13 16 14 
17 16 16 16 16 17 17 17 
18 10 20 12 22 10 20 8 
18 11 18 12 20 12 20 11 
18 16 19 16 19 14 18 14 
18 25 19 25 19 24 18 24 
19 17 23 13 22 12 18 16 
19 26 20 25 19 24 18 25 
20 15 20 13 17 13 17 15 
20 26 20 25 19 25 19 26 
21 21 21 24 22 24 22 21 
22 15 20 15 20 18 22 18 
23 17 23 16 19 16 19 17 
23 20 17 20 17 23 23 23 
24 10 22 10 22 12 24 12 
24 19 20 15 19 16 23 20 
24 20 25 19 23 17 22 18 
25 12 24 12 24 19 25 19 
25 23 23 23 23 24 25 24 
26 13 25 12 22 15 23 16 
26 23 23 20 22 21 25 24 
29 18 26 15 20 21 23 24 
10 20 9 21 12 24 13 23 
10 23 13 23 13 20 10 20 
11 18 8 21 10 23 13 20 
11 26 12 25 10 23 9 24 
15 25 16 24 15 23 14 24 
16 25 17 26 18 25 17 24 
19 27 20 26 19 25 18 26 
23 11 24 12 25 11 24 10 
23 15 26 15 26 13 23 13 
23 21 25 23 26 22 24 20 
18 27 19 27 19 26 18 26 
