53
8 14 10 16 12 14 10 12 
8 20 9 20 9 16 8 16 
8 21 9 22 10 21 9 20 
8 22 9 22 9 21 8 21 
9 9 9 11 15 11 15 9 
9 18 13 22 14 21 10 17 
10 8 10 12 13 12 13 8 
10 13 10 12 8 12 8 13 
10 18 10 21 14 21 14 18 
11 19 10 18 8 20 9 21 
12 11 10 13 11 14 13 12 
12 19 12 14 11 14 11 19 
12 25 12 22 9 22 9 25 
13 4 8 9 13 14 18 9 
13 21 12 22 16 26 17 25 
13 24 15 26 19 22 17 20 
14 13 10 13 10 16 14 16 
15 12 13 12 13 14 15 14 
15 15 14 16 20 22 21 21 
15 19 15 26 16 26 16 19 
16 20 22 14 21 13 15 19 
17 9 15 11 17 13 19 11 
17 11 18 11 18 9 17 9 
17 12 17 13 21 13 21 12 
17 15 22 20 23 19 18 14 
17 17 17 16 14 16 14 17 
17 18 17 20 19 20 19 18 
17 30 23 24 19 20 13 26 
18 17 19 18 22 15 21 14 
19 9 19 11 26 11 26 9 
19 14 17 12 15 14 17 16 
19 17 19 14 18 14 18 17 
19 23 20 23 20 22 19 22 
20 25 23 25 23 24 20 24 
20 30 20 25 17 25 17 30 
21 7 19 9 22 12 24 10 
21 15 22 15 22 14 21 14 
21 23 20 22 19 23 20 24 
21 26 26 26 26 23 21 23 
22 11 21 12 22 13 23 12 
22 19 22 20 23 20 23 19 
22 21 25 24 26 23 23 20 
23 13 23 12 22 12 22 13 
23 15 23 18 26 18 26 15 
23 22 23 21 22 21 22 22 
23 23 24 22 23 21 22 22 
25 11 23 13 24 14 26 12 
25 20 25 21 26 21 26 20 
27 17 24 14 23 15 26 18 
27 18 25 16 23 18 25 20 
15 16 14 17 16 19 17 18 
17 7 15 9 17 11 19 9 
17 14 15 14 15 15 17 15 
