57
6 12 9 15 11 13 8 10 
6 13 11 13 11 12 6 12 
7 19 12 24 14 22 9 17 
8 8 8 10 14 10 14 8 
8 17 8 25 9 25 9 17 
9 14 9 15 12 15 12 14 
9 18 10 17 9 16 8 17 
9 27 10 26 9 25 8 26 
10 25 9 25 9 26 10 26 
11 5 8 8 11 11 14 8 
11 16 11 18 16 18 16 16 
11 21 14 24 16 22 13 19 
12 22 12 24 14 24 14 22 
13 13 13 19 14 19 14 13 
14 16 16 18 18 16 16 14 
14 17 16 15 14 13 12 15 
14 18 16 20 18 18 16 16 
14 21 15 22 16 21 15 20 
15 5 11 5 11 11 15 11 
15 9 14 10 15 11 16 10 
15 21 15 22 16 22 16 21 
16 4 15 5 20 10 21 9 
16 12 16 11 15 11 15 12 
17 4 16 4 16 10 17 10 
17 13 19 15 20 14 18 12 
17 18 16 18 16 20 17 20 
18 13 19 12 17 10 16 11 
18 14 18 15 19 15 19 14 
18 19 22 23 23 22 19 18 
19 13 19 12 18 12 18 13 
19 16 18 16 18 18 19 18 
19 21 22 18 21 17 18 20 
19 22 23 22 23 21 19 21 
20 15 19 14 18 15 19 16 
21 10 20 10 20 14 21 14 
22 15 22 18 23 18 23 15 
23 17 24 18 25 17 24 16 
23 19 25 21 26 20 24 18 
23 20 23 19 18 19 18 20 
23 28 26 25 24 23 21 26 
24 8 24 10 25 10 25 8 
24 21 24 23 25 23 25 21 
24 22 25 23 26 22 25 21 
24 28 24 23 23 23 23 28 
25 26 26 26 26 25 25 25 
26 11 25 10 21 14 22 15 
7 22 10 25 14 21 11 18 
8 19 15 26 16 25 9 18 
8 27 9 27 9 26 8 26 
10 13 9 14 11 16 12 15 
12 18 14 16 12 14 10 16 
14 12 15 13 16 12 15 11 
16 19 17 20 18 19 17 18 
16 23 19 23 19 22 16 22 
22 22 23 23 24 22 23 21 
23 27 24 28 26 26 25 25 
7 26 8 27 9 26 8 25 
