21
9 20 14 20 14 19 9 19 
10 26 23 13 21 11 8 24 
11 16 9 18 12 21 14 19 
14 16 18 12 17 11 13 15 
15 13 15 25 18 25 18 13 
16 11 18 13 20 11 18 9 
16 15 24 23 26 21 18 13 
17 10 17 11 20 11 20 10 
17 15 17 11 16 11 16 15 
18 24 19 25 20 24 19 23 
19 14 19 23 21 23 21 14 
20 8 18 8 18 9 20 9 
20 18 22 18 22 13 20 13 
21 8 20 9 23 12 24 11 
21 12 20 13 21 14 22 13 
23 11 21 11 21 12 23 12 
23 15 23 16 26 16 26 15 
24 24 24 23 21 23 21 24 
25 12 23 12 23 13 25 13 
25 14 23 16 24 17 26 15 
21 13 23 15 25 13 23 11 
