61 240
41 35
15 39
21 43
19 39
25 17
45 18
36 22
23 17
26 22
31 35
30 37
16 19
19 35
20 20
24 19
39 44
37 33
41 17
38 40
37 22
41 43
20 25
26 45
35 35
43 42
22 20
15 42
44 23
42 44
24 28
41 29
29 32
43 38
44 31
31 41
15 45
42 45
33 20
42 28
45 35
28 38
25 42
38 23
33 17
16 26
42 17
26 29
28 33
29 27
27 15
40 20
42 42
27 23
21 40
34 22
41 45
38 15
19 26
37 37
31 28
16 36
31 19
44 22
39 31
25 34
20 33
24 37
45 42
17 23
15 15
31 27
29 24
23 29
40 22
35 18
29 33
32 28
28 42
19 34
23 45
25 30
15 29
42 38
20 38
28 30
23 28
38 16
38 25
30 22
28 24
42 33
25 36
30 45
43 21
19 18
33 43
38 36
36 42
18 20
36 25
36 41
23 38
27 32
22 23
15 40
41 44
21 38
28 25
30 26
39 29
39 43
25 41
41 16
29 20
32 19
27 28
20 40
42 19
24 23
25 37
31 44
38 20
38 32
27 40
40 33
24 21
20 31
33 16
31 26
22 42
44 33
26 41
32 44
25 28
22 26
41 39
15 41
42 37
17 16
18 25
35 15
35 42
26 44
17 15
44 21
31 23
19 29
19 16
20 28
28 20
21 15
39 19
32 33
16 29
36 30
19 40
15 22
39 37
33 40
35 19
31 21
31 20
24 32
19 45
44 35
15 34
34 40
15 17
36 27
25 20
24 33
45 38
37 23
30 17
44 16
39 26
31 43
20 27
43 18
35 44
29 28
21 19
37 34
23 33
17 18
45 21
33 37
32 27
24 22
28 21
30 27
24 29
36 17
34 29
25 25
23 32
44 38
18 32
42 23
40 30
37 43
44 19
45 37
17 17
42 43
34 41
36 24
30 19
42 41
27 20
45 36
22 16
20 39
32 36
40 39
30 31
42 20
43 23
16 40
25 40
44 24
32 45
22 21
17 25
33 33
41 21
21 17
41 37
37 42
44 40
18 41
43 33
28 31
34 37
18 23
29 19
23 43
31 37
33 42
27 36
