61 291
27 36
15 28
33 32
21 39
33 20
37 22
16 26
28 39
27 21
42 40
40 17
17 36
39 37
36 15
18 19
44 38
24 24
36 45
16 16
20 40
17 42
45 36
22 34
45 21
28 34
32 37
22 26
15 39
44 20
28 16
29 45
40 22
37 26
31 42
28 28
15 22
16 18
31 33
29 16
15 44
38 39
34 41
40 35
22 23
17 41
31 31
36 36
21 41
37 21
25 29
25 45
19 41
24 33
24 42
41 42
22 43
31 22
28 38
28 23
23 36
20 17
15 24
34 45
26 23
25 35
19 30
15 18
44 31
25 36
39 21
44 17
30 29
17 34
22 29
34 15
32 44
26 41
27 19
40 30
40 15
27 40
35 36
19 21
35 20
23 30
28 35
34 29
40 36
16 39
15 34
43 35
18 34
19 24
21 44
45 23
30 15
26 38
35 37
40 41
23 26
24 35
23 24
27 37
23 42
30 17
21 16
17 43
15 38
28 18
33 33
40 31
25 34
43 45
32 35
15 16
36 18
21 38
43 34
25 40
43 15
31 35
20 15
23 29
30 36
39 19
28 19
43 38
32 38
35 35
42 26
43 17
23 17
20 23
32 16
16 22
22 16
21 25
16 25
17 32
25 22
24 23
34 20
20 20
42 20
27 41
43 32
25 30
16 24
31 38
45 16
42 33
16 44
36 43
41 15
24 21
34 17
39 42
28 27
16 40
43 24
28 17
18 45
31 17
17 23
44 34
42 42
26 31
25 32
43 43
38 33
31 34
19 44
29 31
28 32
40 27
27 27
18 24
21 31
38 16
28 31
29 23
21 29
41 27
19 23
30 20
22 20
40 20
25 27
21 40
27 34
42 16
40 40
32 40
15 29
34 23
32 18
27 17
26 18
40 43
45 41
29 40
32 33
24 31
22 42
20 37
31 18
21 37
19 17
42 36
26 26
23 33
37 32
23 27
38 41
26 20
37 29
32 21
25 31
36 22
16 29
22 22
17 21
35 39
21 17
20 41
45 39
39 18
23 25
36 33
45 27
26 40
40 21
32 29
39 25
31 39
33 23
15 40
23 37
23 22
19 29
33 31
28 25
22 39
32 22
24 30
24 45
35 27
25 33
37 18
45 17
39 24
19 38
45 24
42 38
19 39
42 25
34 34
41 32
42 29
27 18
22 28
34 18
44 33
35 38
33 34
36 34
24 16
30 44
41 43
23 41
43 30
28 41
45 19
22 38
18 42
21 27
28 40
29 34
18 16
16 41
24 22
43 40
20 45
19 22
31 27
42 17
32 23
35 17
25 20
21 24
42 27
