61 278
22 39
24 35
38 16
23 35
38 28
35 43
30 37
18 43
36 45
35 20
29 24
26 15
39 23
28 34
31 23
29 25
26 43
44 45
22 17
38 18
28 16
26 36
23 20
27 37
19 28
38 35
25 37
38 23
35 40
37 42
32 19
17 18
17 42
21 32
31 19
26 26
35 37
26 39
40 45
43 31
15 23
45 20
21 42
24 19
19 38
21 44
41 25
29 44
35 21
22 45
17 29
22 19
45 30
20 22
19 34
19 24
40 18
36 23
42 36
39 38
18 40
42 21
44 42
35 23
38 32
24 27
28 30
40 28
20 33
29 22
40 38
16 15
45 37
45 23
19 37
34 39
31 34
17 38
16 44
42 35
38 37
20 20
23 40
19 17
43 43
31 37
18 24
16 39
31 15
34 23
40 25
29 16
31 43
21 37
33 35
35 28
17 41
20 37
42 19
25 38
39 22
44 41
36 43
23 43
32 32
26 24
33 42
18 35
28 17
37 43
29 42
34 15
16 33
18 38
36 21
24 42
43 24
33 32
21 17
40 36
20 42
45 28
42 38
24 33
22 29
15 27
24 45
22 28
29 21
28 38
31 33
32 17
35 19
42 15
23 22
23 38
15 34
38 20
43 33
29 40
30 41
30 15
28 36
23 33
27 39
27 29
37 29
28 31
32 29
32 33
27 30
35 17
22 21
30 42
15 21
39 39
37 45
27 25
19 25
15 25
33 43
37 38
27 38
19 40
45 45
32 23
32 42
19 42
23 27
29 17
44 39
44 31
28 44
29 15
31 26
22 34
22 44
30 23
19 39
41 28
32 24
32 16
45 29
15 44
38 25
35 36
39 41
26 20
41 39
21 20
42 23
32 43
29 19
17 22
26 23
35 38
21 24
16 41
18 23
38 44
38 21
15 22
34 30
29 29
20 18
33 36
40 39
43 18
22 27
36 24
33 16
30 27
34 22
23 21
26 16
18 31
45 39
43 32
38 31
29 31
33 34
36 44
24 39
26 40
18 39
19 19
32 34
27 28
25 22
25 21
24 40
19 31
24 36
19 43
26 45
19 26
22 37
27 31
40 43
27 27
21 34
45 24
43 44
41 32
31 29
33 29
35 18
24 20
18 34
20 36
19 20
30 22
44 32
18 17
16 31
22 30
17 20
37 37
35 22
42 45
38 29
45 36
44 43
27 33
33 27
34 16
18 19
24 22
33 17
27 41
24 37
31 25
45 27
42 27
16 23
30 16
45 17
18 44
