61 250
17 16
35 40
16 24
18 22
35 34
17 41
20 30
30 45
42 17
23 34
28 38
37 23
21 28
18 18
19 17
17 39
24 39
24 27
29 27
35 38
39 41
34 23
20 19
34 18
41 18
41 27
44 25
25 40
28 16
31 43
21 38
38 26
34 22
43 44
18 23
45 32
19 24
40 18
37 21
37 26
33 45
17 20
40 15
40 23
34 38
27 26
33 27
39 44
36 43
32 18
16 29
18 16
15 28
26 28
40 39
45 29
43 41
32 42
25 41
26 41
19 26
44 18
45 24
31 36
17 28
19 23
43 39
31 38
26 31
27 21
39 27
45 35
22 16
32 32
45 44
33 43
22 42
18 38
23 23
16 44
41 36
20 35
43 22
29 24
23 44
32 30
16 32
41 33
42 42
19 43
24 21
17 43
18 17
15 16
45 37
20 39
32 27
18 43
26 23
20 44
40 42
19 15
36 39
16 28
20 34
35 28
15 33
39 32
28 26
36 30
20 25
37 17
39 18
17 40
27 45
25 38
17 31
23 18
29 16
23 28
16 17
35 43
24 23
33 34
40 20
32 26
37 32
33 18
36 26
45 17
22 44
36 29
38 22
43 20
37 39
37 36
15 35
40 21
29 33
33 40
43 28
38 17
16 33
43 21
15 19
32 43
35 44
21 23
44 20
34 19
40 22
42 15
37 18
39 31
39 21
34 15
30 27
33 15
23 45
21 26
38 40
35 45
17 38
16 45
38 23
42 18
39 16
37 28
40 30
25 21
42 23
37 22
31 33
42 24
16 18
30 42
38 21
19 18
28 43
25 15
28 45
36 36
36 42
37 20
34 37
38 33
27 35
29 37
42 38
28 27
29 15
17 26
34 16
18 33
26 35
42 45
31 23
45 39
18 19
17 27
25 30
42 44
24 35
41 41
44 38
33 22
25 34
39 43
16 21
24 40
35 39
25 45
37 25
38 18
33 37
25 23
23 30
37 16
40 33
44 28
23 22
32 39
39 15
21 36
44 36
25 22
17 34
30 39
40 36
24 24
23 29
27 40
38 37
45 28
22 40
27 38
39 28
45 18
45 34
33 38
17 32
24 28
17 42
19 41
22 41
18 45
18 42
35 19
15 18
23 27
