48
15 19 15 24 21 24 21 19 
16 41 19 41 19 38 16 38 
17 17 17 20 22 20 22 17 
17 37 18 37 18 36 17 36 
17 39 19 41 24 36 22 34 
17 42 20 39 19 38 16 41 
18 21 20 23 24 19 22 17 
18 23 18 28 20 28 20 23 
18 34 23 29 22 28 17 33 
19 28 28 37 30 35 21 26 
20 20 21 19 18 16 17 17 
20 26 19 25 17 27 18 28 
20 29 22 29 22 28 20 28 
20 34 20 39 22 39 22 34 
20 42 20 39 17 39 17 42 
21 15 14 22 20 28 27 21 
21 31 27 31 27 26 21 26 
21 38 22 39 27 34 26 33 
24 27 28 27 28 23 24 23 
24 30 24 27 17 27 17 30 
24 41 33 41 33 36 24 36 
26 29 26 33 34 33 34 29 
27 19 31 15 30 14 26 18 
27 24 24 21 21 24 24 27 
29 12 24 17 31 24 36 19 
29 25 38 25 38 20 29 20 
29 42 36 42 36 39 29 39 
30 25 28 27 32 31 34 29 
30 31 30 35 32 35 32 31 
30 33 32 35 34 33 32 31 
30 38 33 41 34 40 31 37 
30 42 37 35 33 31 26 38 
31 27 28 27 28 37 31 37 
31 36 32 37 33 36 32 35 
33 23 31 23 31 24 33 24 
33 25 31 23 29 25 31 27 
34 38 39 38 39 33 34 33 
35 22 33 24 36 27 38 25 
36 21 36 19 27 19 27 21 
37 37 37 35 32 35 32 37 
37 42 42 42 42 37 37 37 
38 41 42 37 40 35 36 39 
39 21 36 21 36 27 39 27 
14 23 15 24 18 21 17 20 
14 27 17 30 19 28 16 25 
21 33 21 38 26 38 26 33 
24 31 26 29 24 27 22 29 
30 40 34 40 34 38 30 38 
