31
11 18 27 34 30 31 14 15 
11 32 14 35 17 32 14 29 
11 38 17 38 17 32 11 32 
13 36 16 39 17 38 14 35 
14 27 14 29 17 29 17 27 
14 28 19 33 22 30 17 25 
14 42 18 42 18 35 14 35 
15 22 15 26 41 26 41 22 
15 30 22 30 22 28 15 28 
15 33 15 37 19 37 19 33 
16 27 15 26 14 27 15 28 
18 38 19 37 15 33 14 34 
21 16 24 16 24 14 21 14 
25 20 21 16 20 17 24 21 
25 32 25 30 22 30 22 32 
25 33 27 35 28 34 26 32 
25 38 41 22 36 17 20 33 
26 16 24 16 24 21 26 21 
26 19 38 31 40 29 28 17 
26 31 30 31 30 21 26 21 
26 33 26 32 25 32 25 33 
27 27 27 34 28 34 28 27 
29 28 28 27 25 30 26 31 
30 34 28 34 28 41 30 41 
35 16 35 17 36 17 36 16 
35 38 41 32 30 21 24 27 
37 20 25 20 25 23 37 23 
37 37 27 27 22 32 32 42 
40 32 41 32 41 29 40 29 
20 38 25 38 25 33 20 33 
36 21 41 26 42 25 37 20 
