177
9 32 14 37 19 32 14 27 
11 25 14 28 18 24 15 21 
11 26 15 26 15 25 11 25 
13 16 15 18 16 17 14 15 
13 20 14 20 14 16 13 16 
13 24 15 26 17 24 15 22 
13 31 15 33 18 30 16 28 
13 40 15 42 17 40 15 38 
14 14 14 15 15 15 15 14 
14 18 16 20 17 19 15 17 
14 22 15 22 15 21 14 21 
14 24 15 25 25 15 24 14 
14 31 16 31 16 28 14 28 
14 32 14 33 15 33 15 32 
14 40 15 41 17 39 16 38 
15 30 14 31 15 32 16 31 
15 40 15 41 17 41 17 40 
16 15 15 15 15 17 16 17 
16 19 15 18 13 20 14 21 
16 23 19 23 19 20 16 20 
16 32 19 32 19 31 16 31 
16 33 15 33 15 38 16 38 
17 15 17 19 18 19 18 15 
17 22 15 22 15 24 17 24 
17 26 18 26 18 24 17 24 
17 30 17 26 15 26 15 30 
17 37 18 37 18 30 17 30 
17 38 18 39 19 38 18 37 
18 38 17 38 17 39 18 39 
18 42 18 41 17 41 17 42 
19 15 24 15 24 14 19 14 
19 18 20 19 22 17 21 16 
19 24 20 24 20 23 19 23 
19 27 21 25 20 24 18 26 
19 28 21 26 19 24 17 26 
19 30 22 33 24 31 21 28 
19 34 24 39 25 38 20 33 
19 41 18 40 17 41 18 42 
19 42 22 39 21 38 18 41 
20 14 19 15 23 19 24 18 
20 28 19 27 18 28 19 29 
20 29 20 28 19 28 19 29 
20 34 22 34 22 33 20 33 
20 35 20 34 19 34 19 35 
20 38 20 36 19 36 19 38 
20 40 22 38 20 36 18 38 
21 19 23 19 23 16 21 16 
21 22 21 25 22 25 22 22 
21 27 22 27 22 26 21 26 
21 30 26 30 26 28 21 28 
21 39 22 39 22 38 21 38 
22 21 20 19 19 20 21 22 
22 40 23 40 23 39 22 39 
22 42 23 42 23 41 22 41 
23 24 21 22 20 23 22 25 
23 27 20 30 23 33 26 30 
23 28 26 25 25 24 22 27 
23 34 23 35 25 35 25 34 
24 20 22 22 23 23 25 21 
24 21 25 21 25 20 24 20 
24 32 26 32 26 31 24 31 
24 33 25 34 27 32 26 31 
24 34 25 35 27 33 26 32 
24 38 24 39 25 39 25 38 
24 40 25 39 24 38 23 39 
24 41 25 40 24 39 23 40 
25 16 31 16 31 15 25 15 
25 22 28 22 28 21 25 21 
25 23 23 23 23 24 25 24 
25 25 26 25 26 24 25 24 
25 27 26 28 29 25 28 24 
25 41 25 40 24 40 24 41 
26 15 25 14 24 15 25 16 
26 20 28 22 33 17 31 15 
26 21 25 22 28 25 29 24 
26 27 28 27 28 25 26 25 
26 33 27 33 27 32 26 32 
27 34 28 35 30 33 29 32 
27 38 28 39 31 36 30 35 
28 29 30 31 31 30 29 28 
28 33 28 35 30 35 30 33 
28 36 29 37 32 34 31 33 
28 38 31 38 31 36 28 36 
29 20 32 17 31 16 28 19 
29 22 28 22 28 24 29 24 
29 30 29 31 30 31 30 30 
29 34 32 34 32 32 29 32 
29 40 32 40 32 37 29 37 
29 45 32 42 28 38 25 41 
30 23 31 22 30 21 29 22 
30 24 33 24 33 23 30 23 
30 25 30 24 29 24 29 25 
30 29 30 27 28 27 28 29 
31 19 32 19 32 17 31 17 
31 20 31 22 33 22 33 20 
31 28 34 25 33 24 30 27 
31 31 31 33 37 33 37 31 
32 21 34 21 34 19 32 19 
32 28 33 29 37 25 36 24 
32 29 32 28 31 28 31 29 
32 30 31 29 30 30 31 31 
32 45 32 42 29 42 29 45 
33 12 31 14 35 18 37 16 
33 18 32 19 33 20 34 19 
33 28 36 25 33 22 30 25 
33 30 33 29 32 29 32 30 
33 35 35 35 35 32 33 32 
33 36 32 37 34 39 35 38 
34 24 36 24 36 21 34 21 
34 29 33 28 32 29 33 30 
34 36 37 39 38 38 35 35 
35 12 33 12 33 15 35 15 
35 16 37 16 37 15 35 15 
35 17 33 17 33 18 35 18 
35 21 31 17 29 19 33 23 
35 25 35 28 36 28 36 25 
35 29 37 31 38 30 36 28 
36 27 35 28 38 31 39 30 
36 36 36 37 39 37 39 36 
36 41 40 41 40 40 36 40 
37 17 40 17 40 16 37 16 
37 24 39 24 39 21 37 21 
37 32 38 33 39 32 38 31 
37 38 37 39 38 39 38 38 
37 40 39 42 40 41 38 39 
38 19 40 17 37 14 35 16 
38 23 41 23 41 22 38 22 
38 25 39 24 38 23 37 24 
38 26 38 30 39 30 39 26 
38 27 39 26 38 25 37 26 
38 35 36 37 37 38 39 36 
38 36 39 37 41 35 40 34 
39 13 38 14 40 16 41 15 
39 27 42 24 41 23 38 26 
39 34 40 34 40 32 39 32 
39 39 39 42 42 42 42 39 
40 21 41 22 42 21 41 20 
41 14 40 15 41 16 42 15 
41 19 40 18 38 20 39 21 
41 21 42 21 42 20 41 20 
41 25 42 25 42 24 41 24 
41 33 38 33 38 35 41 35 
41 39 40 38 39 39 40 40 
42 14 41 14 41 15 42 15 
42 28 40 28 40 30 42 30 
42 35 41 35 41 37 42 37 
43 21 42 20 41 21 42 22 
43 22 43 21 42 21 42 22 
43 31 42 30 40 32 41 33 
44 23 43 22 41 24 42 25 
44 34 40 30 37 33 41 37 
44 38 44 34 40 34 40 38 
45 39 44 38 41 41 42 42 
13 15 14 16 15 15 14 14 
13 22 13 24 14 24 14 22 
13 37 13 40 14 40 14 37 
15 34 16 33 15 32 14 33 
16 21 17 22 19 20 18 19 
20 39 18 39 18 40 20 40 
21 41 22 42 23 41 22 40 
21 42 21 41 19 41 19 42 
22 43 23 42 22 41 21 42 
23 18 25 20 27 18 25 16 
23 32 23 33 24 33 24 32 
24 24 25 25 26 24 25 23 
27 39 28 39 28 38 27 38 
27 42 29 40 28 39 26 41 
28 20 29 20 29 19 28 19 
30 43 32 45 36 41 34 39 
33 25 34 25 34 24 33 24 
33 39 34 39 34 36 33 36 
34 18 37 21 38 20 35 17 
34 28 34 29 35 29 35 28 
36 20 38 20 38 19 36 19 
21 43 22 43 22 42 21 42 
22 24 23 25 24 24 23 23 
32 24 33 25 34 24 33 23 
