187
9 32 14 37 19 32 14 27 
9 36 14 36 14 32 9 32 
12 19 14 21 19 16 17 14 
12 20 17 20 17 19 12 19 
13 19 15 21 17 19 15 17 
13 23 17 27 19 25 15 21 
13 33 15 33 15 23 13 23 
13 38 15 40 16 39 14 37 
13 39 15 41 18 38 16 36 
14 18 14 21 15 21 15 18 
14 26 14 27 17 27 17 26 
14 34 15 33 14 32 13 33 
14 39 16 39 16 37 14 37 
15 15 17 17 18 16 16 14 
15 16 15 15 14 15 14 16 
15 22 17 22 17 21 15 21 
15 36 16 36 16 33 15 33 
16 17 15 18 17 20 18 19 
16 25 17 26 18 25 17 24 
16 28 17 29 18 28 17 27 
16 31 17 32 19 30 18 29 
16 32 17 32 17 31 16 31 
17 23 20 23 20 22 17 22 
17 28 18 28 18 27 17 27 
17 33 19 33 19 32 17 32 
18 17 18 19 20 19 20 17 
18 23 21 20 20 19 17 22 
18 30 17 31 19 33 20 32 
18 35 19 34 17 32 16 33 
18 37 20 37 20 36 18 36 
18 39 20 37 18 35 16 37 
18 40 15 40 15 41 18 41 
19 14 19 16 20 16 20 14 
19 21 20 22 21 21 20 20 
19 24 19 25 23 25 23 24 
19 35 22 35 22 34 19 34 
19 37 20 36 19 35 18 36 
19 38 18 38 18 39 19 39 
20 21 21 21 21 20 20 20 
20 29 19 29 19 30 20 30 
20 40 21 39 20 38 19 39 
21 12 19 14 21 16 23 14 
21 17 25 17 25 16 21 16 
21 22 22 23 23 22 22 21 
21 29 23 27 17 21 15 23 
21 31 22 30 21 29 20 30 
21 32 20 33 22 35 23 34 
21 33 21 32 20 32 20 33 
21 40 22 40 22 39 21 39 
22 12 21 12 21 14 22 14 
22 17 23 18 25 16 24 15 
22 20 24 22 25 21 23 19 
22 22 22 21 21 21 21 22 
22 24 23 25 25 23 24 22 
22 29 28 23 27 22 21 28 
22 31 23 32 24 31 23 30 
22 32 21 33 22 34 23 33 
22 33 23 33 23 32 22 32 
23 15 22 14 20 16 21 17 
23 23 23 22 22 22 22 23 
23 31 23 30 22 30 22 31 
23 35 24 36 25 35 24 34 
23 37 20 37 20 38 23 38 
24 11 21 14 25 18 28 15 
24 14 23 14 23 15 24 15 
24 21 24 22 25 22 25 21 
24 26 25 27 26 26 25 25 
24 33 23 33 23 34 24 34 
24 37 26 37 26 36 24 36 
24 38 22 40 23 41 25 39 
24 41 25 40 23 38 22 39 
25 19 25 18 23 18 23 19 
25 29 25 27 23 27 23 29 
25 30 24 30 24 31 25 31 
25 32 28 32 28 31 25 31 
25 38 29 42 30 41 26 37 
26 18 27 19 31 15 30 14 
26 19 27 19 27 18 26 18 
26 20 26 19 25 19 25 20 
26 28 26 26 24 26 24 28 
26 29 26 34 27 34 27 29 
26 30 27 29 26 28 25 29 
26 31 25 32 27 34 28 33 
26 40 27 41 29 39 28 38 
27 20 26 19 25 20 26 21 
27 21 31 25 36 20 32 16 
27 26 30 26 30 25 27 25 
27 33 25 31 24 32 26 34 
27 38 28 38 28 36 27 36 
27 39 27 38 25 38 25 39 
27 40 26 40 26 41 27 41 
28 21 35 28 39 24 32 17 
28 22 28 21 27 21 27 22 
28 27 30 25 29 24 27 26 
28 30 32 34 33 33 29 29 
28 41 30 41 30 38 28 38 
29 15 30 15 30 14 29 14 
29 21 29 24 33 24 33 21 
29 27 30 28 31 27 30 26 
29 28 29 29 30 29 30 28 
29 32 31 34 34 31 32 29 
29 33 28 33 28 34 29 34 
29 35 31 35 31 34 29 34 
30 16 31 16 31 15 30 15 
30 17 31 16 30 15 29 16 
30 18 32 18 32 17 30 17 
30 20 29 21 31 23 32 22 
30 21 31 22 33 20 32 19 
30 30 32 30 32 29 30 29 
30 34 29 33 28 34 29 35 
30 36 31 37 32 36 31 35 
31 20 31 22 32 22 32 20 
31 26 29 28 30 29 32 27 
31 36 32 36 32 35 31 35 
31 38 32 39 34 37 33 36 
31 39 31 41 32 41 32 39 
32 25 32 27 35 27 35 25 
32 28 33 29 35 27 34 26 
32 31 34 31 34 30 32 30 
32 33 32 34 33 34 33 33 
32 37 31 37 31 38 32 38 
33 17 33 20 36 20 36 17 
33 26 33 29 34 29 34 26 
33 31 34 32 35 31 34 30 
33 39 33 42 36 42 36 39 
34 16 36 16 36 14 34 14 
34 34 35 35 38 32 37 31 
34 35 34 37 35 37 35 35 
34 36 32 38 33 39 35 37 
34 39 32 41 33 42 35 40 
34 41 35 41 35 40 34 40 
35 18 38 21 39 20 36 17 
35 19 35 18 32 18 32 19 
35 22 33 24 37 28 39 26 
35 24 39 24 39 23 35 23 
35 34 35 32 34 32 34 34 
35 36 36 35 35 34 34 35 
35 38 36 38 36 37 35 37 
36 22 39 22 39 20 36 20 
36 25 39 22 38 21 35 24 
36 26 39 26 39 25 36 25 
36 29 35 28 34 29 35 30 
36 30 36 29 35 29 35 30 
36 31 37 31 37 30 36 30 
36 32 36 35 37 35 37 32 
36 33 37 32 36 31 35 32 
36 36 38 38 39 37 37 35 
37 27 35 27 35 28 37 28 
37 37 39 37 39 35 37 35 
37 38 36 37 35 38 36 39 
37 39 35 41 36 42 38 40 
38 16 41 19 42 18 39 15 
38 20 37 21 39 23 40 22 
38 24 39 25 40 24 39 23 
38 30 39 31 41 29 40 28 
38 31 38 32 39 32 39 31 
38 39 38 38 37 38 37 39 
39 19 41 19 41 15 39 15 
40 18 42 18 42 17 40 17 
40 26 39 25 37 27 38 28 
40 27 37 30 38 31 41 28 
40 29 41 29 41 28 40 28 
40 31 39 32 41 34 42 33 
13 42 14 42 14 39 13 39 
16 16 15 16 15 17 16 17 
16 27 17 28 18 27 17 26 
16 29 17 29 17 28 16 28 
17 30 18 30 18 29 17 29 
20 27 19 28 20 29 21 28 
22 19 24 21 25 20 23 18 
22 28 21 28 21 29 22 29 
23 20 23 19 22 19 22 20 
24 18 25 19 26 18 25 17 
27 30 29 28 28 27 26 29 
28 16 29 16 29 15 28 15 
28 24 28 27 29 27 29 24 
29 37 30 36 29 35 28 36 
29 38 31 36 29 34 27 36 
30 19 27 19 27 20 30 20 
30 27 31 27 31 26 30 26 
31 28 32 28 32 27 31 27 
32 42 34 40 33 39 31 41 
34 20 33 21 35 23 36 22 
36 18 38 16 36 14 34 16 
37 23 35 25 36 26 38 24 
39 27 40 27 40 26 39 26 
26 24 27 25 28 24 27 23 
