45
7 31 14 38 24 28 17 21 
10 24 15 29 19 25 14 20 
10 37 26 37 26 24 10 24 
13 34 10 37 15 42 18 39 
14 23 27 23 27 20 14 20 
14 39 18 39 18 38 14 38 
15 41 15 42 18 42 18 41 
16 29 15 29 15 32 16 32 
17 17 17 21 21 21 21 17 
17 22 17 25 19 25 19 22 
17 28 16 29 17 30 18 29 
17 33 15 35 18 38 20 36 
20 18 26 24 27 23 21 17 
20 25 19 25 19 36 20 36 
21 10 16 15 28 27 33 22 
21 34 17 30 15 32 19 36 
21 38 27 38 27 34 21 34 
22 15 22 22 33 22 33 15 
22 45 25 42 21 38 18 41 
24 10 17 17 21 21 28 14 
24 30 24 28 17 28 17 30 
25 19 22 22 34 34 37 31 
25 27 25 19 24 19 24 27 
26 29 32 35 34 33 28 27 
28 16 28 27 41 27 41 16 
28 39 31 36 30 35 27 38 
30 33 30 34 34 34 34 33 
30 36 31 36 31 35 30 35 
32 19 32 35 36 35 36 19 
32 39 33 39 33 38 32 38 
33 26 40 26 40 22 33 22 
33 37 31 35 30 36 32 38 
36 38 42 32 31 21 25 27 
37 34 39 32 33 26 31 28 
39 45 39 32 22 32 22 45 
40 32 42 32 42 26 40 26 
40 39 41 38 37 34 36 35 
41 25 40 26 41 27 42 26 
41 37 36 37 36 38 41 38 
46 38 40 32 33 39 39 45 
19 28 27 20 22 15 14 23 
25 39 28 39 28 27 25 27 
27 14 19 22 24 27 32 19 
28 38 30 36 24 30 22 32 
36 40 40 40 40 39 36 39 
