165
13 30 19 36 21 34 15 28 
13 40 15 42 17 40 15 38 
13 42 15 42 15 40 13 40 
14 21 16 23 17 22 15 20 
14 22 17 22 17 21 14 21 
14 35 16 37 19 34 17 32 
14 39 19 39 19 36 14 36 
15 17 17 19 18 18 16 16 
15 33 16 34 18 32 17 31 
15 35 14 36 18 40 19 39 
16 14 16 16 21 16 21 14 
16 17 16 16 15 16 15 17 
16 24 15 24 15 28 16 28 
16 30 18 30 18 28 16 28 
16 41 20 41 20 37 16 37 
17 20 20 20 20 19 17 19 
17 26 18 27 19 26 18 25 
17 29 16 28 15 29 16 30 
17 42 18 42 18 40 17 40 
18 16 20 18 21 17 19 15 
18 22 17 22 17 25 18 25 
18 26 19 26 19 25 18 25 
18 31 17 31 17 32 18 32 
18 35 22 35 22 32 18 32 
18 38 18 35 15 35 15 38 
19 18 20 18 20 15 19 15 
19 19 17 21 18 22 20 20 
19 23 18 22 16 24 17 25 
19 27 18 26 17 27 18 28 
19 28 23 28 23 27 19 27 
19 35 20 36 23 33 22 32 
19 40 20 41 26 35 25 34 
20 17 19 18 20 19 21 18 
20 21 21 22 25 18 24 17 
20 25 21 25 21 22 20 22 
20 30 20 31 23 31 23 30 
20 34 20 31 19 31 19 34 
21 20 20 20 20 21 21 21 
21 23 19 25 30 36 32 34 
21 31 24 28 23 27 20 30 
21 36 21 34 20 34 20 36 
21 38 24 38 24 36 21 36 
22 15 21 14 20 15 21 16 
22 18 22 20 24 20 24 18 
22 27 25 24 23 22 20 25 
22 29 23 30 24 29 23 28 
22 37 25 37 25 35 22 35 
22 42 25 39 24 38 21 41 
23 14 23 16 24 16 24 14 
23 15 24 16 25 15 24 14 
23 17 23 16 21 16 21 17 
23 19 24 18 23 17 22 18 
23 21 24 20 23 19 22 20 
23 29 24 29 24 28 23 28 
23 34 22 35 25 38 26 37 
23 39 19 39 19 40 23 40 
24 21 23 21 23 22 24 22 
24 24 27 27 29 25 26 22 
24 31 26 31 26 29 24 29 
24 33 24 31 23 31 23 33 
24 39 25 39 25 38 24 38 
25 20 28 20 28 18 25 18 
25 22 26 22 26 21 25 21 
25 27 27 27 27 24 25 24 
26 15 27 16 28 15 27 14 
26 34 26 35 32 35 32 34 
26 36 25 35 24 36 25 37 
27 17 27 16 24 16 24 17 
27 20 28 21 30 19 29 18 
27 22 30 25 31 24 28 21 
27 26 28 27 29 26 28 25 
27 30 29 28 28 27 26 29 
27 32 26 33 30 37 31 36 
27 35 29 33 28 32 26 34 
27 38 30 41 31 40 28 37 
27 40 31 40 31 39 27 39 
28 22 28 21 27 21 27 22 
28 23 28 25 29 25 29 23 
28 28 28 32 29 32 29 28 
28 33 28 37 29 37 29 33 
29 17 29 18 32 18 32 17 
29 21 28 20 27 21 28 22 
29 27 28 28 35 35 36 34 
30 7 23 14 31 22 38 15 
30 18 32 16 31 15 29 17 
30 22 30 24 31 24 31 22 
30 26 29 26 29 27 30 27 
30 31 36 31 36 27 30 27 
31 20 33 22 34 21 32 19 
31 23 30 22 29 23 30 24 
31 27 32 28 35 25 34 24 
31 32 30 31 29 32 30 33 
31 33 30 33 30 36 31 36 
31 38 33 38 33 36 31 36 
32 25 32 28 35 28 35 25 
32 38 30 36 29 37 31 39 
32 44 34 42 31 39 29 41 
33 19 37 19 37 17 33 17 
33 21 34 22 37 19 36 18 
33 24 34 24 34 22 33 22 
33 30 35 28 32 25 30 27 
33 40 33 42 34 42 34 40 
34 16 35 15 34 14 33 15 
34 18 33 17 32 18 33 19 
34 23 35 24 36 23 35 22 
34 37 33 38 34 39 35 38 
34 38 34 39 35 39 35 38 
34 43 37 40 36 39 33 42 
35 30 33 30 33 35 35 35 
36 14 34 14 34 16 36 16 
36 20 41 20 41 18 36 18 
36 28 40 32 42 30 38 26 
36 38 36 39 37 39 37 38 
36 40 37 39 36 38 35 39 
36 42 37 42 37 40 36 40 
36 43 37 42 34 39 33 40 
37 28 35 30 36 31 38 29 
37 30 37 32 39 32 39 30 
38 14 38 15 40 15 40 14 
38 18 41 15 40 14 37 17 
38 25 38 26 39 26 39 25 
38 33 39 32 38 31 37 32 
38 42 41 42 41 33 38 33 
39 16 38 17 40 19 41 18 
39 21 39 19 37 19 37 21 
39 22 35 22 35 24 39 24 
39 27 38 27 38 29 39 29 
39 28 40 27 39 26 38 27 
39 33 40 34 41 33 40 32 
40 16 41 16 41 15 40 15 
40 24 42 22 39 19 37 21 
40 25 41 25 41 24 40 24 
40 26 41 25 40 24 39 25 
40 35 42 35 42 34 40 34 
41 22 42 22 42 20 41 20 
41 27 40 27 40 30 41 30 
41 32 42 32 42 30 41 30 
42 28 41 27 39 29 40 30 
42 37 40 35 37 38 39 40 
43 22 41 20 39 22 41 24 
43 28 43 22 42 22 42 28 
44 27 41 24 40 25 43 28 
13 18 14 19 16 17 15 16 
13 34 16 34 16 30 13 30 
19 29 18 30 19 31 20 30 
23 23 21 25 22 26 24 24 
24 32 28 28 27 27 23 31 
26 14 25 14 25 15 26 15 
26 19 25 20 26 21 27 20 
26 23 27 22 26 21 25 22 
26 41 27 40 25 38 24 39 
27 23 27 22 26 22 26 23 
28 16 27 17 28 18 29 17 
28 41 28 37 26 37 26 41 
29 16 29 15 28 15 28 16 
30 43 33 40 31 38 28 41 
31 19 30 19 30 20 31 20 
32 21 33 21 33 19 32 19 
32 22 33 21 31 19 30 20 
34 15 32 17 39 24 41 22 
12 33 13 34 19 28 18 27 
29 43 30 43 30 41 29 41 
30 44 34 40 33 39 29 43 
32 43 30 43 30 44 32 44 
12 29 12 33 15 33 15 29 
