82
9 21 23 35 28 30 14 16 
9 32 16 39 21 34 14 27 
13 21 18 26 20 24 15 19 
13 32 13 21 9 21 9 32 
14 15 14 16 15 16 15 15 
14 23 17 26 24 19 21 16 
14 31 23 31 23 29 14 29 
15 26 16 26 16 19 15 19 
16 15 15 14 14 15 15 16 
16 16 17 15 16 14 15 15 
16 28 17 28 17 26 16 26 
17 14 16 14 16 15 17 15 
17 34 16 34 16 39 17 39 
17 41 24 41 24 39 17 39 
18 24 18 26 20 26 20 24 
18 28 17 28 17 33 18 33 
18 34 18 36 21 36 21 34 
19 12 17 14 28 25 30 23 
19 30 19 42 28 42 28 30 
19 41 18 40 17 41 18 42 
20 25 18 23 15 26 17 28 
20 29 24 33 26 31 22 27 
20 34 23 37 26 34 23 31 
20 37 21 36 18 33 17 34 
21 19 24 19 24 16 21 16 
21 37 23 37 23 36 21 36 
22 14 19 14 19 27 22 27 
22 22 26 26 29 23 25 19 
22 28 17 33 18 34 23 29 
23 34 26 34 26 31 23 31 
24 30 27 33 42 18 39 15 
24 32 24 33 27 33 27 32 
25 41 27 39 23 35 21 37 
26 20 30 20 30 18 26 18 
27 23 30 26 33 23 30 20 
27 26 29 26 29 23 27 23 
27 34 36 34 36 33 27 33 
27 35 32 40 35 37 30 32 
27 41 27 39 25 39 25 41 
28 27 29 26 28 25 27 26 
28 28 28 27 22 27 22 28 
28 41 29 42 37 34 36 33 
29 29 30 29 30 26 29 26 
29 40 29 42 32 42 32 40 
30 28 33 31 39 25 36 22 
30 31 33 31 33 29 30 29 
30 35 33 32 30 29 27 32 
32 22 30 22 30 23 32 23 
32 26 33 26 33 23 32 23 
33 35 33 32 30 32 30 35 
33 40 36 37 30 31 27 34 
33 41 32 40 31 41 32 42 
34 16 26 16 26 17 34 17 
34 25 33 26 34 27 35 26 
35 17 34 16 31 19 32 20 
35 25 37 25 37 24 35 24 
35 27 37 25 32 20 30 22 
36 18 36 22 42 22 42 18 
36 25 37 24 36 23 35 24 
36 36 37 36 37 34 36 34 
37 31 36 32 38 34 39 33 
37 32 37 31 36 31 36 32 
37 40 41 40 41 36 37 36 
37 41 37 40 33 40 33 41 
38 25 39 25 39 15 38 15 
38 32 40 32 40 31 38 31 
40 33 37 36 38 37 41 34 
40 37 40 34 38 34 38 37 
42 27 42 26 35 26 35 27 
16 33 19 30 17 28 14 31 
17 27 18 28 19 27 18 26 
19 17 21 19 24 16 22 14 
26 35 27 35 27 34 26 34 
29 27 28 28 29 29 30 28 
34 20 35 20 35 17 34 17 
34 37 35 37 35 27 34 27 
37 30 36 31 37 32 38 31 
38 30 38 25 37 25 37 30 
44 28 42 26 38 30 40 32 
25 36 26 35 24 33 23 34 
31 36 31 19 25 19 25 36 
25 42 31 36 30 35 24 41 
