62
9 28 18 37 23 32 14 23 
12 32 20 40 23 37 15 29 
13 16 14 17 15 16 14 15 
13 29 15 29 15 16 13 16 
14 25 17 28 25 20 22 17 
14 28 17 28 17 25 14 25 
14 29 16 31 23 24 21 22 
15 25 16 26 17 25 16 24 
15 31 16 31 16 29 15 29 
16 40 20 40 20 31 16 31 
17 22 21 22 21 21 17 21 
17 24 17 22 16 22 16 24 
17 30 20 30 20 28 17 28 
18 17 18 15 14 15 14 17 
18 32 18 37 23 37 23 32 
18 38 15 38 15 39 18 39 
19 25 19 29 26 29 26 25 
20 24 17 21 16 22 19 25 
21 29 20 28 19 29 20 30 
21 36 21 42 29 42 29 36 
23 39 25 39 25 37 23 37 
24 18 24 24 35 24 35 18 
24 38 23 39 24 40 25 39 
24 39 21 36 18 39 21 42 
25 15 27 15 27 14 25 14 
26 31 27 31 27 29 26 29 
27 17 37 17 37 15 27 15 
27 21 24 18 21 21 24 24 
27 38 31 38 31 31 27 31 
28 14 27 15 41 29 42 28 
29 20 34 25 35 24 30 19 
29 40 31 38 29 36 27 38 
30 25 26 29 29 32 33 28 
30 29 26 25 20 31 24 35 
30 38 31 39 35 35 34 34 
32 31 32 41 38 41 38 31 
33 23 33 14 28 14 28 23 
34 19 30 19 30 25 34 25 
34 29 34 34 41 34 41 29 
36 16 37 17 38 16 37 15 
36 32 37 33 39 31 38 30 
37 30 38 30 38 27 37 27 
37 32 40 35 41 34 38 31 
38 14 38 16 40 16 40 14 
39 18 39 17 37 17 37 18 
39 37 39 36 36 36 36 37 
39 38 31 38 31 39 39 39 
40 18 41 17 40 16 39 17 
40 24 35 24 35 35 40 35 
40 25 41 24 35 18 34 19 
42 23 33 23 33 28 42 28 
21 23 27 29 33 23 27 17 
25 32 29 32 29 20 25 20 
26 21 27 21 27 17 26 17 
27 35 25 37 28 40 30 38 
28 35 29 34 26 31 25 32 
34 16 36 16 36 14 34 14 
35 16 33 14 26 21 28 23 
35 34 37 32 34 29 32 31 
36 30 36 32 37 32 37 30 
39 22 40 22 40 18 39 18 
25 25 31 31 40 22 34 16 
