34
13 38 15 40 19 36 17 34 
17 41 19 41 19 36 17 36 
18 24 18 28 23 28 23 24 
18 30 21 33 27 27 24 24 
18 33 18 30 16 30 16 33 
20 23 25 23 25 18 20 18 
20 40 34 40 34 37 20 37 
21 17 21 15 18 15 18 17 
21 36 26 31 23 28 18 33 
21 40 30 31 26 27 17 36 
22 20 20 18 16 22 18 24 
23 33 21 33 21 36 23 36 
23 40 24 39 21 36 20 37 
23 43 37 29 34 26 20 40 
24 15 28 15 28 14 24 14 
24 19 22 17 18 21 20 23 
24 25 23 24 15 32 16 33 
24 27 24 31 26 31 26 27 
24 32 24 31 15 31 15 32 
27 22 27 27 39 27 39 22 
27 37 31 41 33 39 29 35 
28 24 31 21 24 14 21 17 
28 25 28 24 24 24 24 25 
28 32 24 32 24 39 28 39 
29 26 29 35 34 35 34 26 
31 24 30 23 28 25 29 26 
35 29 37 29 37 18 35 18 
35 36 35 35 34 35 34 36 
36 21 31 21 31 24 36 24 
38 20 38 17 22 17 22 20 
39 40 35 36 34 37 38 41 
41 22 42 21 38 17 37 18 
42 34 38 34 38 41 42 41 
21 35 23 33 18 28 16 30 
