168
13 21 14 22 15 21 14 20 
13 26 15 26 15 21 13 21 
13 29 14 30 17 27 16 26 
13 34 15 36 17 34 15 32 
13 38 14 39 16 37 15 36 
14 19 14 20 15 20 15 19 
14 29 19 29 19 24 14 24 
14 31 14 34 17 34 17 31 
14 32 15 33 17 31 16 30 
14 37 14 39 15 39 15 37 
15 30 16 30 16 26 15 26 
16 18 17 19 20 16 19 15 
16 31 19 34 20 33 17 30 
16 36 17 35 15 33 14 34 
16 40 19 37 18 36 15 39 
17 18 17 19 25 19 25 18 
17 21 20 24 21 23 18 20 
17 28 21 24 19 22 15 26 
17 36 21 40 23 38 19 34 
17 37 17 36 16 36 16 37 
17 39 19 39 19 37 17 37 
17 40 17 39 16 39 16 40 
18 13 17 14 25 22 26 21 
18 26 18 28 24 28 24 26 
18 30 18 28 17 28 17 30 
18 31 19 31 19 30 18 30 
18 34 18 36 19 36 19 34 
19 25 18 26 27 35 28 34 
19 28 21 30 22 29 20 27 
19 32 15 32 15 33 19 33 
19 35 21 37 23 35 21 33 
20 20 20 21 22 21 22 20 
20 23 20 24 21 24 21 23 
20 30 19 29 18 30 19 31 
20 31 21 31 21 30 20 30 
20 35 21 35 21 33 20 33 
20 37 20 38 21 38 21 37 
20 41 21 42 22 41 21 40 
21 14 17 18 20 21 24 17 
21 36 23 36 23 35 21 35 
21 39 23 39 23 38 21 38 
21 41 21 42 22 42 22 41 
22 16 23 17 25 15 24 14 
22 22 25 19 23 17 20 20 
22 25 28 31 31 28 25 22 
22 30 22 33 23 33 23 30 
22 32 23 33 26 30 25 29 
22 38 21 37 20 38 21 39 
23 14 23 17 24 17 24 14 
23 22 22 22 22 25 23 25 
23 32 21 30 20 31 22 33 
23 34 27 38 28 37 24 33 
24 24 25 24 25 22 24 22 
24 34 28 34 28 33 24 33 
24 38 23 39 26 42 27 41 
25 16 27 16 27 15 25 15 
25 25 24 24 23 25 24 26 
25 28 24 28 24 29 25 29 
25 31 27 31 27 29 25 29 
25 32 29 36 33 32 29 28 
25 38 29 34 28 33 24 37 
25 39 25 38 24 38 24 39 
26 16 27 17 28 16 27 15 
26 17 25 18 28 21 29 20 
26 22 26 24 29 24 29 22 
26 25 29 22 28 21 25 24 
26 39 26 41 27 41 27 39 
27 18 27 17 26 17 26 18 
28 17 33 22 34 21 29 16 
28 19 28 18 27 18 27 19 
28 20 26 20 26 21 28 21 
28 22 26 20 24 22 26 24 
28 32 30 32 30 31 28 31 
28 36 29 36 29 34 28 34 
28 41 29 40 27 38 26 39 
29 15 29 16 30 16 30 15 
29 17 29 16 28 16 28 17 
29 19 30 18 29 17 28 18 
29 26 29 28 31 28 31 26 
29 27 33 31 36 28 32 24 
29 37 28 37 28 40 29 40 
29 38 30 39 33 36 32 35 
29 42 32 42 32 40 29 40 
30 20 32 20 32 18 30 18 
30 21 30 23 31 23 31 21 
30 27 32 27 32 24 30 24 
30 34 28 36 29 37 31 35 
30 38 29 37 27 39 28 40 
31 19 30 20 31 21 32 20 
31 27 27 31 28 32 32 28 
31 31 30 32 36 38 37 37 
31 32 33 32 33 31 31 31 
31 34 31 32 30 32 30 34 
31 39 32 40 34 38 33 37 
32 25 30 23 29 24 31 26 
32 30 36 30 36 28 32 28 
32 33 32 35 34 35 34 33 
32 39 32 35 31 35 31 39 
33 17 31 15 30 16 32 18 
33 18 34 18 34 17 33 17 
33 20 33 21 34 21 34 20 
33 34 34 35 35 34 34 33 
33 40 33 42 36 42 36 40 
34 22 33 23 36 26 37 25 
34 23 34 22 33 22 33 23 
34 36 38 36 38 35 34 35 
34 37 34 38 36 38 36 37 
35 16 34 17 40 23 41 22 
35 17 34 18 38 22 39 21 
35 18 35 22 38 22 38 18 
35 26 38 23 33 18 30 21 
35 27 34 27 34 31 35 31 
35 28 34 27 30 31 31 32 
35 30 34 31 38 35 39 34 
35 38 34 37 32 39 33 40 
35 41 36 42 37 41 36 40 
35 44 38 41 36 39 33 42 
36 16 38 18 40 16 38 14 
36 17 36 16 35 16 35 17 
36 23 35 22 34 23 35 24 
36 24 35 24 35 26 36 26 
36 34 38 36 41 33 39 31 
37 31 39 31 39 30 37 30 
37 33 37 31 35 31 35 33 
37 34 37 37 39 37 39 34 
37 39 39 41 41 39 39 37 
37 42 38 42 38 41 37 41 
38 15 39 16 40 15 39 14 
38 25 39 25 39 23 38 23 
38 27 39 28 40 27 39 26 
38 30 37 29 36 30 37 31 
38 39 40 37 38 35 36 37 
39 15 39 14 38 14 38 15 
39 18 39 21 41 21 41 18 
39 27 39 28 40 28 40 27 
40 17 41 17 41 16 40 16 
40 19 41 18 40 17 39 18 
40 22 39 23 41 25 42 24 
40 26 39 27 40 28 41 27 
40 29 39 30 40 31 41 30 
40 34 40 35 42 35 42 34 
40 39 41 39 41 37 40 37 
41 23 40 23 40 25 41 25 
41 29 41 28 40 28 40 29 
42 29 41 29 41 30 42 30 
10 25 14 29 19 24 15 20 
13 17 15 19 16 18 14 16 
13 30 14 31 15 30 14 29 
13 41 20 41 20 38 13 38 
14 18 16 18 16 16 14 16 
18 41 21 38 20 37 17 40 
19 40 21 40 21 39 19 39 
19 42 19 40 17 40 17 42 
21 29 22 29 22 25 21 25 
25 27 26 27 26 25 25 25 
25 40 26 39 25 38 24 39 
26 38 28 36 27 35 25 37 
27 25 25 27 27 29 29 27 
28 44 35 44 35 41 28 41 
29 21 30 20 29 19 28 20 
31 17 29 17 29 19 31 19 
36 19 40 19 40 17 36 17 
36 27 38 27 38 26 36 26 
37 38 36 38 36 39 37 39 
38 37 40 39 42 37 40 35 
18 43 19 42 18 41 17 42 
23 27 24 28 25 27 24 26 
26 35 26 38 27 38 27 35 
