46
15 37 20 42 25 37 20 32 
16 41 24 41 24 31 16 31 
17 19 17 22 20 22 20 19 
17 20 25 28 29 24 21 16 
17 34 18 33 16 31 15 32 
17 35 17 34 15 34 15 35 
17 36 17 38 20 38 20 36 
17 40 17 42 20 42 20 40 
18 41 17 40 16 41 17 42 
19 27 21 27 21 16 19 16 
19 35 20 36 27 29 26 28 
20 26 20 32 29 32 29 26 
20 28 21 27 20 26 19 27 
21 18 20 19 25 24 26 23 
21 36 25 40 38 27 34 23 
21 38 21 40 25 40 25 38 
21 42 25 38 21 34 17 38 
22 24 25 24 25 15 22 15 
25 30 25 37 37 37 37 30 
26 24 29 24 29 23 26 23 
26 25 26 24 25 24 25 25 
27 13 25 15 32 22 34 20 
27 33 20 40 22 42 29 35 
27 34 31 38 33 36 29 32 
27 36 27 34 21 34 21 36 
29 30 33 34 37 30 33 26 
29 40 39 40 39 35 29 35 
30 12 20 22 22 24 32 14 
31 12 30 12 30 19 31 19 
31 26 31 27 33 27 33 26 
31 36 31 38 33 38 33 36 
32 18 39 18 39 14 32 14 
32 30 26 24 25 25 31 31 
32 43 34 41 31 38 29 40 
34 22 34 23 40 23 40 22 
35 23 34 22 30 26 31 27 
35 36 33 34 31 36 33 38 
38 34 38 27 33 27 33 34 
40 17 40 15 37 15 37 17 
41 35 41 23 40 23 40 35 
16 23 24 31 25 30 17 22 
18 29 18 33 27 33 27 29 
27 45 38 34 31 27 20 38 
29 45 29 40 27 40 27 45 
33 14 31 12 16 27 18 29 
34 26 33 27 41 35 42 34 
