73
5 33 14 42 30 26 21 17 
5 36 16 36 16 33 5 33 
10 41 23 28 18 23 5 36 
10 42 14 42 14 41 10 41 
15 18 15 28 23 28 23 18 
15 29 15 28 14 28 14 29 
15 35 23 35 23 30 15 30 
16 17 15 18 17 20 18 19 
16 19 16 23 18 23 18 19 
16 29 15 28 14 29 15 30 
16 48 22 42 16 36 10 42 
17 36 16 36 16 38 17 38 
18 32 28 22 25 19 15 29 
19 26 20 27 25 22 24 21 
19 27 30 38 33 35 22 24 
19 28 22 31 23 30 20 27 
19 36 27 28 24 25 16 33 
20 26 19 26 19 27 20 27 
20 45 23 42 17 36 14 39 
21 16 16 16 16 17 21 17 
21 31 22 32 34 20 33 19 
21 32 22 32 22 31 21 31 
21 34 21 32 18 32 18 34 
21 42 23 40 19 36 17 38 
22 10 16 16 24 24 30 18 
22 21 24 21 24 19 22 19 
22 25 24 25 24 24 22 24 
22 34 21 34 21 42 22 42 
22 36 24 38 25 37 23 35 
23 20 24 19 23 18 22 19 
24 28 24 37 25 37 25 28 
25 17 25 19 28 19 28 17 
26 31 27 32 30 29 29 28 
26 38 30 38 30 31 26 31 
27 24 27 28 29 28 29 24 
28 23 27 22 26 23 27 24 
29 29 30 30 35 25 34 24 
29 30 30 30 30 29 29 29 
29 38 32 41 35 38 32 35 
30 23 29 24 31 26 32 25 
30 25 30 26 31 26 31 25 
31 16 30 17 34 21 35 20 
31 19 33 19 33 16 31 16 
31 22 31 19 28 19 28 22 
32 20 34 20 34 15 32 15 
32 29 30 31 36 37 38 35 
32 37 33 37 33 35 32 35 
32 38 36 42 37 41 33 37 
33 14 32 15 33 16 34 15 
33 28 38 28 38 19 33 19 
33 42 36 42 36 37 33 37 
34 22 40 22 40 21 34 21 
35 18 35 17 30 17 30 18 
35 29 35 25 32 25 32 29 
35 41 35 38 32 38 32 41 
36 35 38 35 38 30 36 30 
37 20 37 18 35 18 35 20 
37 27 35 29 36 30 38 28 
38 17 40 17 40 16 38 16 
39 18 38 17 37 18 38 19 
39 22 40 21 38 19 37 20 
41 21 36 16 35 17 40 22 
41 36 41 35 38 35 38 36 
42 18 41 18 41 21 42 21 
42 29 42 25 41 25 41 29 
23 46 32 37 27 32 18 41 
27 23 28 23 28 22 27 22 
28 39 29 38 22 31 21 32 
29 20 31 22 35 18 33 16 
31 24 34 24 34 22 31 22 
33 46 33 42 23 42 23 46 
36 24 42 18 40 16 34 22 
36 31 42 25 39 22 33 28 
