102
12 30 15 33 21 27 18 24 
13 15 16 18 17 17 14 14 
13 30 18 35 22 31 17 26 
14 22 15 23 18 20 17 19 
14 25 15 26 16 25 15 24 
14 32 14 35 18 35 18 32 
15 20 15 23 18 23 18 20 
15 25 16 25 16 24 15 24 
15 30 17 30 17 26 15 26 
16 21 22 21 22 18 16 18 
16 33 15 33 15 34 16 34 
17 12 15 14 18 17 20 15 
17 15 17 17 18 17 18 15 
17 38 18 37 15 34 14 35 
18 38 20 38 20 37 18 37 
18 39 18 38 17 38 17 39 
19 18 18 17 15 20 16 21 
19 23 18 23 18 24 19 24 
19 30 20 30 20 24 19 24 
19 33 19 30 17 30 17 33 
19 35 17 33 16 34 18 36 
19 36 19 35 18 35 18 36 
20 14 20 15 21 15 21 14 
20 16 21 15 20 14 19 15 
20 31 23 28 22 27 19 30 
20 36 28 36 28 34 20 34 
20 41 25 41 25 38 20 38 
21 20 18 23 19 24 22 21 
21 29 16 24 15 25 20 30 
21 30 20 30 20 31 21 31 
22 23 27 28 33 22 28 17 
22 28 22 31 23 31 23 28 
22 32 20 34 21 35 23 33 
22 35 24 37 31 30 29 28 
22 39 20 37 18 39 20 41 
22 42 24 40 20 36 18 38 
23 19 26 16 25 15 22 18 
23 24 24 24 24 19 23 19 
23 25 34 36 35 35 24 24 
23 27 22 28 28 34 29 33 
24 20 23 19 19 23 20 24 
24 28 27 28 27 24 24 24 
25 19 31 19 31 15 25 15 
25 22 27 24 28 23 26 21 
25 23 28 23 28 22 25 22 
25 34 31 40 32 39 26 33 
26 17 28 17 28 16 26 16 
26 20 30 20 30 18 26 18 
26 31 23 31 23 33 26 33 
26 35 26 40 31 40 31 35 
27 19 26 18 25 19 26 20 
27 33 29 33 29 28 27 28 
28 26 34 26 34 23 28 23 
28 37 34 37 34 36 28 36 
29 19 30 20 31 19 30 18 
29 21 30 22 31 21 30 20 
29 27 29 25 23 25 23 27 
29 38 30 38 30 33 29 33 
30 21 30 22 31 22 31 21 
30 26 29 25 28 26 29 27 
30 39 22 39 22 42 30 42 
31 12 26 17 30 21 35 16 
31 16 30 17 36 23 37 22 
31 29 40 29 40 25 31 25 
31 34 40 25 39 24 30 33 
31 41 36 41 36 40 31 40 
31 45 36 40 31 35 26 40 
32 17 32 20 41 20 41 17 
32 24 32 38 39 38 39 24 
33 15 33 16 35 16 35 15 
33 21 38 26 41 23 36 18 
33 25 30 28 31 29 34 26 
33 33 38 33 38 28 33 28 
33 36 34 37 38 33 37 32 
34 34 34 30 31 30 31 34 
35 26 38 26 38 16 35 16 
35 34 35 35 38 35 38 34 
36 17 31 22 35 26 40 21 
37 21 33 21 33 22 37 22 
37 33 41 29 38 26 34 30 
37 36 34 39 36 41 39 38 
38 44 40 42 38 40 36 42 
39 15 39 16 41 16 41 15 
39 34 38 35 41 38 42 37 
39 40 41 40 41 38 39 38 
39 44 39 40 38 40 38 44 
40 16 41 17 42 16 41 15 
40 33 41 33 41 29 40 29 
40 39 41 40 42 39 41 38 
40 41 36 41 36 42 40 42 
47 22 41 16 34 23 40 29 
47 32 47 22 37 22 37 32 
12 15 12 30 13 30 13 15 
16 41 18 39 17 38 15 40 
19 16 20 16 20 15 19 15 
21 23 21 27 22 27 22 23 
21 32 21 35 22 35 22 32 
25 45 31 45 31 41 25 41 
29 23 31 25 32 24 30 22 
29 49 36 42 32 38 25 45 
39 17 40 16 39 15 38 16 
40 37 34 37 34 39 40 39 
