152
10 22 14 26 22 18 18 14 
10 23 15 23 15 22 10 22 
11 20 15 24 18 21 14 17 
11 22 10 23 18 31 19 30 
11 25 17 31 22 26 16 20 
11 31 16 36 20 32 15 27 
11 34 17 34 17 31 11 31 
12 34 20 42 22 40 14 32 
13 32 11 34 17 40 19 38 
13 38 14 38 14 32 13 32 
14 20 14 21 16 21 16 20 
14 35 15 36 17 34 16 33 
15 20 14 21 15 22 16 21 
15 26 15 24 14 24 14 26 
15 32 20 32 20 27 15 27 
15 33 15 36 16 36 16 33 
15 39 17 41 21 37 19 35 
15 40 15 41 17 41 17 40 
16 15 15 14 14 15 15 16 
16 17 16 15 14 15 14 17 
16 37 15 36 13 38 14 39 
17 42 18 42 18 41 17 41 
18 15 21 15 21 14 18 14 
18 20 16 18 14 20 16 22 
18 22 18 21 16 21 16 22 
18 28 26 28 26 23 18 23 
18 34 18 35 19 35 19 34 
19 27 15 23 14 24 18 28 
19 29 19 30 22 30 22 29 
19 37 19 36 16 36 16 37 
20 17 20 19 23 19 23 17 
20 35 19 34 18 35 19 36 
20 38 20 37 19 37 19 38 
21 20 24 20 24 15 21 15 
21 23 24 26 27 23 24 20 
21 28 24 25 23 24 20 27 
21 30 23 32 24 31 22 29 
21 34 23 36 24 35 22 33 
21 35 21 34 20 34 20 35 
21 40 20 40 20 42 21 42 
22 17 26 21 28 19 24 15 
22 21 27 16 26 15 21 20 
22 25 22 26 24 26 24 25 
22 34 21 33 20 34 21 35 
22 45 27 40 23 36 18 41 
23 27 25 29 26 28 24 26 
23 35 24 35 24 32 23 32 
23 38 23 39 27 39 27 38 
23 40 23 41 27 41 27 40 
24 16 22 14 21 15 23 17 
24 29 27 26 22 21 19 24 
24 30 23 31 24 32 25 31 
24 34 26 36 27 35 25 33 
25 22 26 23 27 22 26 21 
25 27 24 27 24 29 25 29 
25 30 24 30 24 31 25 31 
25 32 26 33 27 32 26 31 
25 36 26 36 26 33 25 33 
25 37 27 39 28 38 26 36 
25 39 27 41 30 38 28 36 
25 40 27 38 25 36 23 38 
26 14 26 15 29 15 29 14 
26 19 26 21 27 21 27 19 
26 30 27 30 27 29 26 29 
26 32 26 31 25 31 25 32 
27 31 28 31 28 30 27 30 
28 14 25 17 26 18 29 15 
28 25 30 23 29 22 27 24 
28 26 29 26 29 25 28 25 
28 27 28 26 27 26 27 27 
28 28 29 27 28 26 27 27 
28 32 27 31 26 32 27 33 
28 35 28 33 27 33 27 35 
28 37 31 37 31 36 28 36 
29 16 29 18 34 18 34 16 
29 21 27 21 27 22 29 22 
29 28 29 27 28 27 28 28 
29 31 28 31 28 32 29 32 
30 24 30 23 27 23 27 24 
30 27 29 26 28 27 29 28 
30 29 29 28 27 30 28 31 
30 30 29 29 28 30 29 31 
30 35 36 35 36 30 30 30 
31 14 31 20 33 20 33 14 
31 19 34 22 37 19 34 16 
31 27 31 24 30 24 30 27 
31 34 29 32 28 33 30 35 
31 38 31 42 33 42 33 38 
31 40 33 42 35 40 33 38 
32 15 31 14 29 16 30 17 
32 19 30 17 29 18 31 20 
32 24 32 25 36 25 36 24 
32 33 32 40 34 40 34 33 
33 16 38 21 40 19 35 14 
33 28 34 28 34 22 33 22 
33 29 34 28 32 26 31 27 
33 32 35 32 35 29 33 29 
33 34 34 33 33 32 32 33 
33 36 40 36 40 34 33 34 
34 21 33 20 32 21 33 22 
34 23 33 22 31 24 32 25 
34 26 36 24 34 22 32 24 
34 29 37 32 39 30 36 27 
35 15 41 15 41 14 35 14 
35 19 35 15 32 15 32 19 
35 24 32 27 33 28 36 25 
35 33 37 33 37 32 35 32 
36 28 38 28 38 27 36 27 
36 47 41 42 36 37 31 42 
37 16 37 19 40 19 40 16 
37 17 35 19 39 23 41 21 
37 23 37 26 39 26 39 23 
37 29 39 31 40 30 38 28 
37 37 36 37 36 42 37 42 
38 17 38 21 39 21 39 17 
38 25 37 26 38 27 39 26 
39 25 41 23 39 21 37 23 
39 39 37 37 34 40 36 42 
40 26 39 26 39 30 40 30 
40 33 42 31 38 27 36 29 
41 22 41 21 39 21 39 22 
41 37 41 28 38 28 38 37 
42 30 40 30 40 31 42 31 
42 33 40 31 36 35 38 37 
42 34 39 31 37 33 40 36 
42 41 41 41 41 42 42 42 
10 27 15 32 20 27 15 22 
13 39 14 40 15 39 14 38 
13 40 14 40 14 39 13 39 
14 41 15 40 14 39 13 40 
16 41 17 42 18 41 17 40 
18 19 20 17 18 15 16 17 
20 20 20 19 18 19 18 20 
21 36 23 36 23 35 21 35 
22 39 23 38 21 36 20 37 
22 41 23 40 22 39 21 40 
23 37 25 37 25 36 23 36 
23 45 23 41 22 41 22 45 
24 11 21 14 26 19 29 16 
29 17 27 19 29 21 31 19 
29 23 30 24 35 19 34 18 
29 38 31 36 30 35 28 37 
30 28 29 28 29 29 30 29 
33 47 36 47 36 42 33 42 
39 33 40 33 40 31 39 31 
43 31 42 30 39 33 40 34 
43 33 43 31 42 31 42 33 
25 23 27 25 29 23 27 21 
29 35 29 38 30 38 30 35 
29 51 33 47 27 41 23 45 
30 36 36 30 35 29 29 35 
28 51 29 51 29 38 28 38 
