44
8 32 14 38 32 20 26 14 
8 36 17 36 17 32 8 32 
11 26 17 32 24 25 18 19 
14 28 14 31 19 31 19 28 
15 17 15 23 16 23 16 17 
16 39 16 42 20 42 20 39 
17 37 21 37 21 36 17 36 
18 30 20 30 20 19 18 19 
19 22 23 22 23 14 19 14 
19 26 23 22 20 19 16 23 
19 29 18 30 19 31 20 30 
20 31 31 31 31 30 20 30 
20 33 21 34 26 29 25 28 
20 36 15 41 16 42 21 37 
21 39 37 39 37 37 21 37 
21 42 34 42 34 40 21 40 
22 29 20 31 23 34 25 32 
23 18 22 19 25 22 26 21 
23 28 25 28 25 22 23 22 
24 19 22 19 22 25 24 25 
24 27 27 24 25 22 22 25 
24 32 34 42 37 39 27 29 
24 35 25 35 25 32 24 32 
25 36 24 35 20 39 21 40 
26 24 27 24 27 21 26 21 
26 34 27 34 27 29 26 29 
28 34 34 40 37 37 31 31 
30 33 32 33 32 20 30 20 
31 25 24 25 24 27 31 27 
36 20 36 32 40 32 40 20 
37 21 37 22 41 22 41 21 
37 27 30 20 26 24 33 31 
38 36 38 35 25 35 25 36 
39 38 31 30 27 34 35 42 
40 38 41 38 41 32 40 32 
42 26 37 21 31 27 36 32 
44 35 41 32 38 35 41 38 
16 25 19 28 22 25 19 22 
19 25 19 23 16 23 16 25 
19 33 20 33 20 31 19 31 
21 28 21 34 23 34 23 28 
22 26 22 25 19 25 19 26 
24 18 19 23 22 26 27 21 
11 33 20 42 28 34 19 25 
