88
9 22 15 28 22 21 16 15 
12 35 16 39 19 36 15 32 
14 26 18 26 18 20 14 20 
14 28 16 30 17 29 15 27 
14 30 15 30 15 28 14 28 
14 34 15 35 16 34 15 33 
14 39 16 39 16 34 14 34 
15 23 19 23 19 21 15 21 
16 23 19 26 22 23 19 20 
16 24 19 21 18 20 15 23 
16 31 19 34 23 30 20 27 
18 18 17 17 14 20 15 21 
18 34 19 34 19 26 18 26 
19 15 19 20 22 20 22 15 
19 25 22 25 22 23 19 23 
19 27 20 26 19 25 18 26 
19 38 22 38 22 36 19 36 
19 40 19 41 22 41 22 40 
20 28 22 28 22 27 20 27 
21 10 17 14 21 18 25 14 
21 17 21 14 17 14 17 17 
21 31 27 37 31 33 25 27 
21 32 15 32 15 33 21 33 
21 37 22 38 23 37 22 36 
21 40 22 41 32 31 31 30 
21 46 26 41 19 34 14 39 
22 29 39 29 39 28 22 28 
23 14 22 15 30 23 31 22 
23 15 25 15 25 14 23 14 
23 16 23 20 24 20 24 16 
23 21 23 20 22 20 22 21 
23 24 16 24 16 30 23 30 
23 26 24 25 23 24 22 25 
23 33 21 33 21 37 23 37 
24 14 23 15 24 16 25 15 
24 22 24 25 31 25 31 22 
24 30 27 33 30 30 27 27 
25 21 24 20 23 21 24 22 
25 37 27 37 27 33 25 33 
26 20 31 25 33 23 28 18 
26 23 26 41 28 41 28 23 
27 23 31 27 36 22 32 18 
27 24 25 24 25 27 27 27 
27 31 22 26 20 28 25 33 
28 17 21 17 21 18 28 18 
28 25 29 24 28 23 27 24 
29 14 23 20 26 23 32 17 
30 27 30 30 31 30 31 27 
30 35 30 30 24 30 24 35 
30 41 34 41 34 35 30 35 
31 34 23 26 22 27 30 35 
32 45 38 39 34 35 28 41 
33 16 30 16 30 23 33 23 
33 33 33 30 31 30 31 33 
34 17 35 18 36 17 35 16 
34 18 34 17 32 17 32 18 
35 17 35 18 36 18 36 17 
35 19 40 24 41 23 36 18 
36 19 35 19 35 22 36 22 
37 22 40 25 42 23 39 20 
37 24 37 25 40 25 40 24 
37 36 37 39 38 39 38 36 
38 18 34 22 37 25 41 21 
38 20 39 20 39 18 38 18 
39 41 40 41 40 29 39 29 
40 26 33 33 35 35 42 28 
40 42 42 40 41 39 39 41 
41 15 25 15 25 21 41 21 
41 20 39 18 35 22 37 24 
41 22 41 23 42 23 42 22 
41 28 41 39 42 39 42 28 
42 26 40 24 37 27 39 29 
12 33 12 35 15 35 15 33 
15 31 16 31 16 30 15 30 
19 31 21 33 24 30 22 28 
19 33 16 30 15 31 18 34 
21 13 19 15 21 17 23 15 
21 21 22 22 23 21 22 20 
21 22 22 22 22 21 21 21 
25 46 30 41 24 35 19 40 
26 25 27 24 26 23 25 24 
35 20 36 19 35 18 34 19 
40 27 39 28 40 29 41 28 
42 25 40 25 40 26 42 26 
23 46 25 46 25 37 23 37 
37 26 37 27 40 27 40 26 
34 23 30 27 33 30 37 26 
35 23 35 22 34 22 34 23 
