148
13 26 20 33 21 32 14 25 
13 30 16 33 17 32 14 29 
13 36 14 37 17 34 16 33 
14 16 14 22 17 22 17 16 
14 19 15 20 16 19 15 18 
14 21 16 23 17 22 15 20 
14 24 14 25 16 25 16 24 
14 34 14 37 17 37 17 34 
14 40 14 42 16 42 16 40 
15 16 16 17 17 16 16 15 
15 17 17 15 16 14 14 16 
15 19 16 19 16 18 15 18 
15 35 17 37 20 34 18 32 
16 22 14 24 16 26 18 24 
16 30 16 26 13 26 13 30 
16 41 17 42 18 41 17 40 
16 44 18 42 16 40 14 42 
17 17 16 18 18 20 19 19 
17 20 14 23 16 25 19 22 
17 30 17 32 18 32 18 30 
17 38 19 38 19 37 17 37 
17 41 17 42 18 42 18 41 
17 44 17 42 16 42 16 44 
18 16 21 19 23 17 20 14 
18 19 20 21 21 20 19 18 
18 26 23 21 21 19 16 24 
18 29 22 29 22 27 18 27 
18 34 20 34 20 33 18 33 
18 35 20 37 22 35 20 33 
18 37 17 38 18 39 19 38 
19 16 22 19 24 17 21 14 
19 20 19 19 18 19 18 20 
19 21 19 22 20 22 20 21 
19 24 18 25 21 28 22 27 
19 25 21 25 21 24 19 24 
19 26 19 25 18 25 18 26 
19 28 19 31 21 31 21 28 
19 39 20 40 21 39 20 38 
20 15 20 14 17 14 17 15 
20 35 24 31 22 29 18 33 
20 39 20 40 21 40 21 39 
20 41 21 40 20 39 19 40 
21 17 21 19 22 19 22 17 
21 21 20 22 25 27 26 26 
21 23 22 23 22 21 21 21 
22 26 26 22 25 21 21 25 
22 32 25 35 30 30 27 27 
22 33 22 35 25 35 25 33 
22 37 22 35 20 35 20 37 
22 38 22 39 25 39 25 38 
23 18 24 18 24 17 23 17 
23 22 25 22 25 21 23 21 
23 27 22 26 18 30 19 31 
23 40 25 38 24 37 22 39 
24 38 25 39 26 38 25 37 
24 42 26 42 26 41 24 41 
25 13 21 17 24 20 28 16 
25 18 22 21 23 22 26 19 
25 20 25 18 24 18 24 20 
25 23 26 23 26 22 25 22 
25 26 25 23 22 23 22 26 
25 28 25 27 23 27 23 28 
25 36 25 37 28 37 28 36 
25 40 29 40 29 39 25 39 
25 42 26 41 25 40 24 41 
26 15 30 19 31 18 27 14 
26 18 26 19 30 19 30 18 
26 25 23 22 22 23 25 26 
26 35 28 37 29 36 27 34 
27 24 29 26 31 24 29 22 
27 43 30 40 29 39 26 42 
28 21 27 21 27 22 28 22 
28 25 26 25 26 26 28 26 
28 30 25 27 22 30 25 33 
28 32 28 30 22 30 22 32 
28 33 30 35 31 34 29 32 
29 31 29 32 32 32 32 31 
29 33 29 32 28 32 28 33 
29 35 34 40 37 37 32 32 
30 26 30 22 29 22 29 26 
30 27 30 30 32 30 32 27 
30 33 29 33 29 35 30 35 
30 36 30 37 32 37 32 36 
30 39 31 38 30 37 29 38 
31 19 30 18 27 21 28 22 
31 20 32 21 35 18 34 17 
31 22 31 24 37 24 37 22 
31 28 35 32 36 31 32 27 
31 29 32 30 34 28 33 27 
31 30 32 31 36 27 35 26 
31 42 32 41 30 39 29 40 
32 16 38 22 39 21 33 15 
32 33 35 33 35 32 32 32 
32 38 31 38 31 41 32 41 
32 45 37 40 34 37 29 42 
33 16 33 19 36 19 36 16 
33 20 33 19 31 19 31 20 
33 26 33 27 35 27 35 26 
33 30 33 31 36 31 36 30 
33 34 35 36 37 34 35 32 
33 35 34 36 36 34 35 33 
34 22 35 23 42 16 41 15 
34 24 39 29 40 28 35 23 
34 26 35 27 39 23 38 22 
34 29 39 29 39 28 34 28 
34 39 35 40 37 38 36 37 
34 45 34 41 32 41 32 45 
35 20 33 20 33 23 35 23 
35 37 35 36 34 36 34 37 
35 38 35 40 37 40 37 38 
36 17 38 19 39 18 37 16 
36 21 36 23 39 23 39 21 
36 25 39 28 40 27 37 24 
36 32 39 35 41 33 38 30 
36 33 41 33 41 32 36 32 
36 35 36 34 33 34 33 35 
36 43 37 42 35 40 34 41 
37 14 37 16 38 16 38 14 
37 20 36 19 35 20 36 21 
37 35 37 37 38 37 38 35 
37 36 38 37 39 36 38 35 
38 17 42 17 42 16 38 16 
38 23 40 25 42 23 40 21 
38 29 40 31 41 30 39 28 
38 33 39 34 41 32 40 31 
38 42 38 40 37 40 37 42 
39 25 42 22 36 16 33 19 
39 27 39 25 36 25 36 27 
40 18 40 14 39 14 39 18 
40 34 39 34 39 35 40 35 
40 36 41 36 41 35 40 35 
40 38 40 36 39 36 39 38 
40 42 42 40 41 39 39 41 
41 38 40 38 40 39 41 39 
10 24 16 30 21 25 15 19 
13 29 18 34 21 31 16 26 
18 18 19 18 19 16 18 16 
18 40 19 39 17 37 16 38 
19 41 20 41 20 40 19 40 
25 29 31 29 31 28 25 28 
27 20 26 21 27 22 28 21 
30 32 29 33 32 36 33 35 
30 41 30 42 31 42 31 41 
31 27 34 24 33 23 30 26 
34 44 38 40 35 37 31 41 
35 22 36 23 37 22 36 21 
40 37 39 38 40 39 41 38 
17 39 17 40 18 40 18 39 
