96
13 25 16 28 18 26 15 23 
13 31 19 37 21 35 15 29 
13 32 15 34 17 32 15 30 
13 36 16 39 18 37 15 34 
14 21 14 23 15 23 15 21 
14 24 14 29 15 29 15 24 
14 32 13 32 13 36 14 36 
16 19 18 21 19 20 17 18 
16 38 23 31 21 29 14 36 
17 20 19 20 19 18 17 18 
17 22 15 24 21 30 23 28 
17 23 20 23 20 22 17 22 
18 22 21 19 20 18 17 21 
18 28 18 31 23 31 23 28 
18 32 18 33 20 33 20 32 
18 38 19 38 19 37 18 37 
18 39 18 38 16 38 16 39 
19 29 15 29 15 30 19 30 
19 35 21 35 21 30 19 30 
19 40 23 40 23 38 19 38 
20 15 20 16 26 16 26 15 
20 17 20 18 21 18 21 17 
20 19 21 18 20 17 19 18 
20 29 21 29 21 23 20 23 
20 35 22 37 26 33 24 31 
20 39 19 38 18 39 19 40 
21 32 19 30 18 31 20 33 
22 19 22 18 21 18 21 19 
22 25 33 25 33 24 22 24 
22 26 19 29 29 39 32 36 
22 33 26 33 26 26 22 26 
23 22 30 15 29 14 22 21 
23 24 21 22 20 23 22 25 
23 37 24 37 24 31 23 31 
23 41 19 37 18 38 22 42 
24 23 27 26 30 23 27 20 
24 24 26 26 35 17 33 15 
24 36 30 30 26 26 20 32 
24 38 25 39 28 36 27 35 
24 42 35 42 35 38 24 38 
25 16 22 19 26 23 29 20 
25 28 28 31 30 29 27 26 
25 34 25 39 29 39 29 34 
25 41 25 40 23 40 23 41 
26 35 26 40 27 40 27 35 
26 39 24 37 23 38 25 40 
27 19 35 19 35 17 27 17 
27 29 30 29 30 28 27 28 
28 20 27 20 27 26 28 26 
28 33 31 33 31 31 28 31 
30 37 31 36 29 34 28 35 
30 39 40 39 40 37 30 37 
30 44 38 36 34 32 26 40 
31 20 31 14 29 14 29 20 
31 23 28 26 30 28 33 25 
31 35 28 35 28 36 31 36 
32 16 32 15 30 15 30 16 
32 19 35 22 38 19 35 16 
32 35 42 25 41 24 31 34 
32 45 35 42 30 37 27 40 
33 28 31 30 40 39 42 37 
33 30 33 29 31 29 31 30 
33 35 35 35 35 31 33 31 
33 36 33 35 32 35 32 36 
34 24 34 27 35 27 35 24 
34 33 31 33 31 34 34 34 
34 36 35 35 34 34 33 35 
35 26 34 27 39 32 40 31 
36 10 30 16 36 22 42 16 
36 18 39 18 39 14 36 14 
36 19 35 19 35 22 36 22 
36 26 36 32 38 32 38 26 
36 30 38 32 39 31 37 29 
37 23 37 25 42 25 42 23 
37 27 38 26 37 25 36 26 
38 15 38 19 40 19 40 15 
38 34 34 34 34 36 38 36 
39 16 40 15 39 14 38 15 
39 23 40 22 36 18 35 19 
39 28 39 31 40 31 40 28 
39 29 36 32 38 34 41 31 
40 29 33 36 35 38 42 31 
41 22 41 19 40 19 40 22 
41 29 41 31 42 31 42 29 
24 40 25 41 26 40 25 39 
26 18 21 23 22 24 27 19 
27 14 26 15 31 20 32 19 
29 44 30 44 30 39 29 39 
30 18 30 16 26 16 26 18 
31 45 32 45 32 36 31 36 
34 28 33 29 35 31 36 30 
35 25 37 23 36 22 34 24 
35 29 37 29 37 27 35 27 
24 18 24 23 26 23 26 18 
33 27 33 28 34 28 34 27 
34 26 35 27 36 26 35 25 
