39 99
11 9
20 21
27 12
22 25
27 20
11 13
12 12
26 23
18 10
22 14
25 15
22 20
17 18
16 18
27 11
18 12
14 9
25 14
24 12
20 22
28 18
23 21
14 15
17 22
24 24
24 18
26 19
12 25
12 19
12 14
28 23
24 27
29 26
15 10
12 27
23 26
29 14
21 24
20 25
25 27
27 22
12 20
9 15
17 25
26 12
10 22
29 24
28 25
16 29
14 13
28 21
24 14
22 10
11 28
18 18
14 17
24 28
29 13
22 9
10 28
17 14
15 27
18 27
18 20
22 26
9 29
29 11
14 25
27 19
14 19
9 9
28 16
15 12
25 24
21 14
19 10
12 18
15 21
22 11
20 17
24 15
15 18
28 20
14 26
25 23
21 15
22 22
21 12
14 29
14 24
9 21
14 23
26 20
13 17
10 16
13 14
25 18
20 14
18 21
