39 97
24 12
16 17
18 26
12 10
14 18
12 21
15 27
21 18
21 16
15 14
29 16
16 18
29 17
17 16
29 25
14 14
15 15
19 28
23 18
11 13
23 12
29 11
22 11
28 14
13 11
26 23
24 28
9 28
24 11
23 21
26 13
22 19
26 29
16 14
27 22
13 17
28 10
28 22
24 20
24 24
21 13
15 10
12 11
20 14
18 11
16 11
25 25
16 9
15 11
19 13
11 19
11 23
20 17
22 24
18 16
28 28
27 18
25 22
21 11
29 20
23 19
19 29
25 26
26 19
26 22
19 11
29 19
18 13
22 13
27 16
16 22
19 9
28 20
10 21
21 9
14 26
9 19
12 24
11 20
18 19
23 20
10 12
10 24
13 18
17 10
16 15
12 20
19 24
23 23
27 10
21 27
24 27
10 18
10 17
9 11
10 28
19 17
