39 98
21 26
16 13
25 10
14 26
22 24
28 12
17 26
26 26
18 17
12 9
27 27
16 21
17 13
28 13
19 23
26 28
10 22
21 17
20 19
18 10
15 9
25 20
9 22
16 15
22 20
27 12
19 28
19 26
12 25
16 28
11 24
22 17
15 24
26 13
19 16
12 26
29 14
18 13
29 22
19 22
10 16
21 12
13 12
28 15
9 24
17 19
15 13
10 17
17 24
22 11
21 10
14 13
26 22
29 21
29 27
15 20
17 29
12 13
12 21
18 21
10 13
13 23
13 16
21 22
16 23
23 12
29 26
22 12
18 24
17 12
13 17
10 27
25 16
18 20
17 28
12 29
21 19
16 16
26 21
23 28
9 25
19 15
15 19
20 13
12 20
19 27
18 14
22 27
24 13
10 25
27 9
23 13
18 12
25 23
13 25
11 29
27 24
15 22
