39 96
27 28
17 10
28 23
14 17
25 20
29 14
15 21
11 10
24 20
19 10
12 13
15 28
29 18
10 13
18 20
27 15
17 28
29 21
16 12
21 19
28 24
23 14
14 27
12 17
11 12
14 11
20 25
9 24
19 22
19 17
17 27
17 17
17 9
12 14
19 29
22 22
12 28
19 15
9 14
27 9
15 9
20 16
23 21
19 18
12 9
16 21
21 14
10 25
9 22
13 22
12 25
22 28
10 14
26 10
29 22
22 14
23 26
28 19
25 22
18 22
23 10
19 11
14 23
13 20
26 15
23 15
16 17
20 12
24 18
27 29
23 9
27 14
9 18
26 22
18 19
20 28
13 24
22 15
18 15
18 28
11 9
13 16
18 23
19 27
22 26
23 23
21 28
14 15
22 9
26 24
10 16
28 20
13 13
12 23
22 27
21 16
