36
5 15 7 17 9 15 7 13 
6 11 10 15 11 14 7 10 
6 14 11 14 11 11 6 11 
6 19 7 20 11 16 10 15 
6 22 13 22 13 19 6 19 
7 18 7 20 11 20 11 18 
8 13 8 15 9 15 9 13 
11 19 12 20 13 19 12 18 
11 23 12 23 12 20 11 20 
12 13 15 16 16 15 13 12 
13 13 16 16 20 12 17 9 
13 15 13 13 12 13 12 15 
13 18 11 20 13 22 15 20 
13 23 16 23 16 22 13 22 
14 9 17 9 17 8 14 8 
15 14 11 14 11 16 15 16 
15 22 16 23 19 20 18 19 
16 12 20 12 20 11 16 11 
16 20 19 20 19 16 16 16 
17 18 17 21 22 21 22 18 
18 5 14 9 16 11 20 7 
18 17 18 19 20 19 20 17 
18 20 21 17 16 12 13 15 
18 23 19 23 19 22 18 22 
18 24 19 23 18 22 17 23 
19 18 20 17 19 16 18 17 
20 8 20 9 22 9 22 8 
21 18 20 19 22 21 23 20 
23 14 21 14 21 17 23 17 
25 11 22 8 13 17 16 20 
25 12 22 9 20 11 23 14 
11 15 13 13 11 11 9 13 
12 17 12 18 13 18 13 17 
15 21 16 22 17 21 16 20 
16 21 16 20 15 20 15 21 
17 24 18 24 18 23 17 23 
