29
5 15 8 18 12 14 9 11 
9 12 17 12 17 11 9 11 
9 17 8 17 8 18 9 18 
10 19 10 22 11 22 11 19 
10 21 11 22 13 20 12 19 
11 7 11 14 12 14 12 7 
11 16 10 15 8 17 9 18 
12 16 17 11 14 8 9 13 
13 21 13 22 15 22 15 21 
14 14 12 14 12 16 14 16 
14 15 10 19 13 22 17 18 
15 4 12 7 17 12 20 9 
15 27 23 19 18 14 10 22 
16 18 14 16 11 19 13 21 
18 8 20 10 21 9 19 7 
18 9 18 10 20 10 20 9 
18 16 19 16 19 14 18 14 
19 19 19 21 22 21 22 19 
19 27 19 22 15 22 15 27 
20 11 20 13 22 13 22 11 
20 12 23 9 21 7 18 10 
20 17 23 14 22 13 19 16 
21 6 18 9 20 11 23 8 
21 8 21 9 23 9 23 8 
23 6 21 6 21 7 23 7 
17 20 19 22 22 19 20 17 
16 20 17 20 17 18 16 18 
11 17 15 21 16 20 12 16 
12 17 12 16 11 16 11 17 
