61
7 10 8 10 8 9 7 9 
7 16 7 19 12 19 12 16 
8 11 9 10 8 9 7 10 
8 12 11 12 11 11 8 11 
8 15 10 17 13 14 11 12 
8 16 9 17 14 12 13 11 
8 20 10 18 9 17 7 19 
9 12 8 13 10 15 11 14 
9 13 12 16 14 14 11 11 
9 15 9 17 10 17 10 15 
9 21 9 23 10 23 10 21 
10 22 14 18 13 17 9 21 
11 9 12 10 14 8 13 7 
11 18 12 19 14 17 13 16 
12 7 12 10 13 10 13 7 
12 23 19 23 19 19 12 19 
13 12 14 12 14 11 13 11 
13 18 14 18 14 17 13 17 
14 13 14 14 17 14 17 13 
14 16 14 14 13 14 13 16 
14 23 22 15 21 14 13 22 
15 4 12 7 16 11 19 8 
15 8 13 10 14 11 16 9 
15 9 15 11 16 11 16 9 
15 12 14 11 13 12 14 13 
15 17 16 16 15 15 14 16 
15 21 17 21 17 17 15 17 
16 4 15 4 15 7 16 7 
16 15 16 16 17 16 17 15 
17 3 16 4 21 9 22 8 
17 9 21 13 22 12 18 8 
18 10 19 10 19 8 18 8 
18 14 17 15 20 18 21 17 
18 15 17 14 16 15 17 16 
18 20 19 19 17 17 16 18 
20 8 20 9 21 9 21 8 
20 22 18 20 17 21 19 23 
21 10 22 9 21 8 20 9 
21 15 21 14 18 14 18 15 
21 18 20 18 20 21 21 21 
22 10 22 9 21 9 21 10 
22 17 22 15 21 15 21 17 
23 12 23 10 22 10 22 12 
23 17 22 17 22 23 23 23 
25 15 23 13 21 15 23 17 
7 21 8 22 9 21 8 20 
7 22 8 22 8 21 7 21 
9 24 10 23 8 21 7 22 
10 19 11 18 10 17 9 18 
11 6 9 8 10 9 12 7 
11 17 10 17 10 18 11 18 
11 20 10 21 12 23 13 22 
13 20 13 18 11 18 11 20 
14 7 14 8 15 8 15 7 
17 22 20 22 20 21 17 21 
19 13 21 13 21 10 19 10 
10 6 10 9 11 9 11 6 
11 7 10 6 7 9 8 10 
18 12 19 13 22 10 21 9 
16 10 15 11 17 13 18 12 
16 12 18 12 18 11 16 11 
