59
7 12 9 14 10 13 8 11 
7 20 7 21 10 21 10 20 
8 9 9 10 10 9 9 8 
8 15 12 19 13 18 9 14 
8 22 9 22 9 19 8 19 
9 7 9 8 10 8 10 7 
9 12 9 10 7 10 7 12 
10 6 9 7 10 8 11 7 
10 11 10 9 8 9 8 11 
10 15 10 18 12 18 12 15 
10 23 11 22 10 21 9 22 
11 9 11 12 13 12 13 9 
11 14 11 12 9 12 9 14 
11 19 10 18 9 19 10 20 
11 20 12 20 12 19 11 19 
12 8 11 9 12 10 13 9 
12 16 13 17 15 15 14 14 
13 4 10 7 15 12 18 9 
13 14 14 14 14 12 13 12 
13 19 14 18 13 17 12 18 
13 21 15 23 17 21 15 19 
14 13 15 14 16 13 15 12 
14 15 15 15 15 14 14 14 
14 17 13 17 13 18 14 18 
14 21 14 19 13 19 13 21 
15 8 14 7 10 11 11 12 
15 10 15 8 12 8 12 10 
15 11 14 12 16 14 17 13 
15 21 15 23 16 23 16 21 
15 22 16 23 17 22 16 21 
16 15 16 18 17 18 17 15 
17 14 16 15 19 18 20 17 
17 19 19 19 19 18 17 18 
18 10 18 11 19 11 19 10 
18 12 18 11 15 11 15 12 
18 13 17 13 17 14 18 14 
18 22 18 21 17 21 17 22 
19 9 18 10 19 11 20 10 
20 11 19 10 18 11 19 12 
20 12 20 11 19 11 19 12 
20 16 22 14 20 12 18 14 
20 18 21 18 21 17 20 17 
20 20 21 19 20 18 19 19 
23 23 23 22 18 22 18 23 
6 9 7 10 8 9 7 8 
11 21 11 22 13 22 13 21 
12 13 11 14 12 15 13 14 
12 22 13 21 12 20 11 21 
14 23 15 22 14 21 13 22 
15 16 16 15 15 14 14 15 
16 19 17 18 15 16 14 17 
18 8 18 9 19 9 19 8 
21 25 23 23 20 20 18 22 
9 23 11 21 10 20 8 22 
10 22 9 22 9 23 10 23 
12 11 10 11 10 13 12 13 
15 18 15 19 16 19 16 18 
19 25 21 25 21 19 19 19 
21 23 17 19 15 21 19 25 
