49
3 17 7 21 11 17 7 13 
7 14 7 20 9 20 9 14 
7 17 11 21 15 17 11 13 
7 23 8 23 8 21 7 21 
8 8 8 7 7 7 7 8 
8 13 7 14 8 15 9 14 
8 19 7 20 8 21 9 20 
9 6 8 7 11 10 12 9 
9 10 9 11 11 11 11 10 
10 11 12 13 13 12 11 10 
10 15 11 16 13 14 12 13 
10 17 10 21 11 21 11 17 
11 5 8 8 11 11 14 8 
11 12 13 12 13 11 11 11 
11 15 16 20 21 15 16 10 
12 7 12 9 16 9 16 7 
12 15 12 19 19 19 19 15 
12 20 12 22 16 22 16 20 
13 18 11 16 10 17 12 19 
14 9 15 10 16 9 15 8 
15 21 15 18 13 18 13 21 
16 11 14 13 17 16 19 14 
16 14 16 16 17 16 17 14 
16 17 16 16 15 16 15 17 
16 19 17 18 16 17 15 18 
16 21 17 22 18 21 17 20 
16 23 17 23 17 22 16 22 
17 7 13 11 16 14 20 10 
17 8 20 11 21 10 18 7 
17 21 16 20 15 21 16 22 
17 24 18 23 17 22 16 23 
18 8 18 7 17 7 17 8 
18 10 18 11 20 11 20 10 
18 20 17 20 17 21 18 21 
18 24 18 23 17 23 17 24 
19 20 19 22 21 22 21 20 
20 18 19 19 22 22 23 21 
20 21 21 20 20 19 19 20 
20 23 23 23 23 21 20 21 
21 11 20 11 20 15 21 15 
22 10 22 11 23 11 23 10 
22 12 23 11 22 10 21 11 
26 17 20 11 17 14 23 20 
7 12 7 13 8 13 8 12 
10 13 10 15 11 15 11 13 
14 25 16 23 12 19 10 21 
15 11 16 11 16 10 15 10 
20 16 17 16 17 18 20 18 
5 10 7 12 9 10 7 8 
