23
9 11 13 15 15 13 11 9 
10 17 11 18 12 17 11 16 
10 20 12 20 12 17 10 17 
11 8 11 9 12 9 12 8 
11 19 10 20 11 21 12 20 
13 7 12 8 14 10 15 9 
13 16 13 15 11 15 11 16 
14 9 14 10 15 10 15 9 
14 11 14 10 9 10 9 11 
14 22 16 22 16 16 14 16 
15 8 14 9 15 10 16 9 
15 11 15 13 20 13 20 11 
15 21 16 22 18 20 17 19 
16 10 21 10 21 9 16 9 
17 6 16 7 20 11 21 10 
17 18 11 18 11 19 17 19 
17 23 17 20 12 20 12 23 
4 15 12 23 17 18 9 10 
10 14 11 15 15 11 14 10 
11 14 14 11 12 9 9 12 
16 6 16 7 17 7 17 6 
10 9 10 14 11 14 11 9 
10 7 9 8 10 9 11 8 
