50
4 12 7 15 11 11 8 8 
4 16 9 16 9 12 4 12 
4 20 7 23 10 20 7 17 
4 23 7 23 7 20 4 20 
6 25 9 22 7 20 4 23 
8 7 8 8 9 8 9 7 
8 12 4 16 10 22 14 18 
8 15 10 13 9 12 7 14 
8 17 8 15 7 15 7 17 
9 6 8 7 9 8 10 7 
9 20 9 22 10 22 10 20 
10 8 10 11 11 11 11 8 
11 10 12 11 14 9 13 8 
11 12 12 13 13 12 12 11 
11 14 15 18 16 17 12 13 
11 18 9 16 8 17 10 19 
11 19 11 18 10 18 10 19 
12 10 13 9 11 7 10 8 
12 12 12 11 11 11 11 12 
12 18 14 18 14 13 12 13 
12 23 13 22 10 19 9 20 
13 13 17 9 16 8 12 12 
13 17 16 17 16 15 13 15 
14 8 13 8 13 9 14 9 
14 20 15 20 15 18 14 18 
15 7 15 10 18 10 18 7 
15 16 17 16 17 13 15 13 
15 21 18 18 17 17 14 20 
16 9 17 9 17 8 16 8 
16 11 14 13 16 15 18 13 
16 19 18 21 23 16 21 14 
17 15 20 12 18 10 15 13 
17 19 17 17 16 17 16 19 
18 11 21 11 21 10 18 10 
18 20 15 20 15 21 18 21 
19 10 17 8 16 9 18 11 
19 18 23 14 21 12 17 16 
19 24 20 23 18 21 17 22 
20 5 18 7 21 10 23 8 
20 14 21 14 21 12 20 12 
21 16 23 16 23 14 21 14 
21 19 17 19 17 22 21 22 
22 8 22 11 23 11 23 8 
8 9 10 11 11 10 9 8 
11 17 10 18 11 19 12 18 
12 22 10 22 10 23 12 23 
14 6 13 7 14 8 15 7 
14 11 16 11 16 9 14 9 
14 19 15 20 16 19 15 18 
19 13 18 13 18 18 19 18 
