31
5 13 11 19 13 17 7 11 
5 17 13 17 13 13 5 13 
5 18 8 21 15 14 12 11 
7 8 8 8 8 7 7 7 
7 10 7 11 9 11 9 10 
7 20 7 21 8 21 8 20 
8 16 10 16 10 8 8 8 
8 22 14 22 14 21 8 21 
9 7 8 8 9 9 10 8 
9 21 8 20 7 21 8 22 
10 9 8 7 7 8 9 10 
11 11 13 13 14 12 12 10 
11 18 11 11 9 11 9 18 
12 14 12 19 15 19 15 14 
13 11 13 10 12 10 12 11 
13 18 20 18 20 17 13 17 
13 21 14 22 16 20 15 19 
13 24 14 23 9 18 8 19 
15 8 13 10 16 13 18 11 
15 18 20 23 22 21 17 16 
15 22 14 22 14 23 15 23 
16 11 16 13 17 13 17 11 
16 19 15 19 15 20 16 20 
16 21 15 20 14 21 15 22 
16 24 20 20 19 19 15 23 
17 21 17 22 22 22 22 21 
19 9 18 8 16 10 17 11 
21 16 21 13 17 13 17 16 
7 13 10 16 12 14 9 11 
12 22 13 21 11 19 10 20 
19 14 18 15 20 17 21 16 
