40
6 11 11 16 14 13 9 8 
7 18 9 20 13 16 11 14 
8 12 9 12 9 10 8 10 
8 14 8 16 11 16 11 14 
8 17 7 17 7 18 8 18 
9 17 14 12 13 11 8 16 
9 21 12 21 12 20 9 20 
10 9 15 9 15 7 10 7 
10 12 10 13 14 13 14 12 
10 20 11 19 9 17 8 18 
10 24 11 23 9 21 8 22 
11 22 8 22 8 23 11 23 
12 9 9 12 10 13 13 10 
12 22 12 23 18 23 18 22 
13 5 8 10 10 12 15 7 
13 8 13 10 16 10 16 8 
13 19 13 16 11 16 11 19 
13 22 12 21 11 22 12 23 
14 27 18 23 11 16 7 20 
15 13 14 13 14 15 15 15 
15 17 10 12 8 14 13 19 
16 11 18 11 18 10 16 10 
16 16 17 15 16 14 15 15 
16 21 22 21 22 16 16 16 
17 9 17 15 23 15 23 9 
17 11 22 16 23 15 18 10 
17 17 17 15 15 15 15 17 
18 12 21 12 21 11 18 11 
18 16 17 17 18 18 19 17 
18 17 18 18 19 18 19 17 
19 9 20 8 19 7 18 8 
19 19 23 19 23 18 19 18 
21 8 20 8 20 10 21 10 
21 16 19 18 21 20 23 18 
21 23 21 20 19 20 19 23 
22 8 20 10 21 11 23 9 
22 18 18 22 19 23 23 19 
23 16 18 11 14 15 19 20 
13 14 16 14 16 11 13 11 
17 7 16 8 17 9 18 8 
