57
5 19 7 21 12 16 10 14 
5 22 13 22 13 19 5 19 
6 10 9 13 11 11 8 8 
6 11 9 11 9 10 6 10 
6 14 9 17 12 14 9 11 
6 17 7 18 8 17 7 16 
7 17 7 18 8 18 8 17 
7 19 9 21 10 20 8 18 
8 9 6 11 7 12 9 10 
8 12 8 13 9 13 9 12 
8 21 7 21 7 23 8 23 
9 16 9 17 12 17 12 16 
10 9 13 9 13 7 10 7 
10 23 14 19 12 17 8 21 
12 8 13 9 14 8 13 7 
12 12 12 11 11 11 11 12 
13 10 11 8 10 9 12 11 
13 12 12 12 12 14 13 14 
13 13 14 12 13 11 12 12 
14 11 18 15 19 14 15 10 
14 18 16 18 16 17 14 17 
14 29 20 23 14 17 8 23 
15 11 15 13 20 13 20 11 
15 22 17 22 17 21 15 21 
16 20 14 18 13 19 15 21 
16 23 16 20 10 20 10 23 
17 9 15 9 15 10 17 10 
17 11 19 9 17 7 15 9 
17 16 19 18 20 17 18 15 
17 24 18 23 17 22 16 23 
18 14 18 15 19 15 19 14 
18 18 18 23 19 23 19 18 
20 12 17 9 15 11 18 14 
20 14 23 14 23 13 20 13 
20 15 19 15 19 17 20 17 
20 16 21 15 20 14 19 15 
20 20 22 22 23 21 21 19 
21 10 21 15 22 15 22 10 
21 12 20 13 22 15 23 14 
21 17 21 18 23 18 23 17 
21 24 21 22 17 22 17 24 
22 16 23 16 23 15 22 15 
22 17 21 18 22 19 23 18 
22 18 23 17 22 16 21 17 
22 21 22 22 23 22 23 21 
22 23 23 22 22 21 21 22 
12 13 13 12 12 11 11 12 
14 10 13 10 13 11 14 11 
14 14 18 18 19 17 15 13 
14 15 16 17 17 16 15 14 
15 15 15 14 14 14 14 15 
15 17 16 18 19 15 18 14 
17 8 20 11 21 10 18 7 
18 8 18 7 17 7 17 8 
10 17 13 14 12 13 9 16 
10 27 15 22 10 17 5 22 
8 27 10 27 10 23 8 23 
