43
7 11 7 13 8 13 8 11 
7 12 8 13 9 12 8 11 
7 15 7 18 8 18 8 15 
7 19 11 23 12 22 8 18 
8 16 10 18 12 16 10 14 
9 8 9 10 12 10 12 8 
9 14 10 14 10 12 9 12 
9 16 11 18 13 16 11 14 
9 23 11 23 11 22 9 22 
10 7 9 8 12 11 13 10 
11 16 11 18 12 18 12 16 
12 4 9 7 12 10 15 7 
12 12 13 13 14 12 13 11 
12 20 17 20 17 18 12 18 
12 21 12 22 15 22 15 21 
12 26 15 23 12 20 9 23 
13 8 15 8 15 7 13 7 
13 9 13 10 16 10 16 9 
13 12 17 16 20 13 16 9 
13 14 13 13 11 13 11 14 
13 19 15 17 14 16 12 18 
13 22 12 21 11 22 12 23 
14 11 13 11 13 12 14 12 
14 14 13 14 13 16 14 16 
15 13 14 14 18 18 19 17 
15 15 19 15 19 13 15 13 
15 20 17 18 13 14 11 16 
15 26 15 23 12 23 12 26 
16 5 13 8 16 11 19 8 
16 20 19 23 21 21 18 18 
18 14 19 13 16 10 15 11 
18 25 20 23 17 20 15 22 
19 11 19 10 16 10 16 11 
19 19 19 23 20 23 20 19 
20 18 21 18 21 13 20 13 
21 17 20 18 21 19 22 18 
21 20 22 19 21 18 20 19 
22 20 22 19 21 19 21 20 
4 12 7 15 10 12 7 9 
6 17 7 18 9 16 8 15 
13 17 13 19 15 19 15 17 
14 20 15 21 16 20 15 19 
17 21 21 21 21 20 17 20 
