25
7 14 10 14 10 7 7 7 
7 19 9 21 15 15 13 13 
7 21 9 21 9 19 7 19 
10 15 10 18 13 18 13 15 
11 13 11 20 12 20 12 13 
11 17 10 18 12 20 13 19 
12 16 13 15 11 13 10 14 
12 17 14 15 12 13 10 15 
13 7 13 13 17 13 17 7 
15 12 14 12 14 15 15 15 
15 20 23 12 21 10 13 18 
15 22 19 18 11 10 7 14 
16 19 16 18 13 18 13 19 
17 17 23 17 23 15 17 15 
18 13 21 13 21 10 18 10 
18 21 20 23 23 20 21 18 
19 9 18 10 21 13 22 12 
19 13 16 10 14 12 17 15 
19 19 23 15 21 13 17 17 
20 11 8 11 8 23 20 23 
21 19 21 18 19 18 19 19 
22 11 22 12 23 12 23 11 
23 22 23 20 15 20 15 22 
10 19 11 20 13 18 12 17 
18 19 18 21 19 21 19 19 
