37
3 19 7 23 11 19 7 15 
4 15 9 20 13 16 8 11 
4 23 7 23 7 15 4 15 
7 14 8 15 13 10 12 9 
7 26 12 21 9 18 4 23 
8 10 8 11 13 11 13 10 
8 16 9 16 9 15 8 15 
8 18 8 20 9 20 9 18 
9 22 10 21 9 20 8 21 
10 9 10 14 12 14 12 9 
10 16 11 15 10 14 9 15 
10 20 10 21 12 21 12 20 
11 13 11 15 16 15 16 13 
13 19 12 20 13 21 14 20 
14 9 19 14 20 13 15 8 
14 12 13 11 11 13 12 14 
14 17 14 20 15 20 15 17 
15 9 14 9 14 12 15 12 
15 18 17 16 16 15 14 17 
16 10 17 11 20 8 19 7 
16 18 23 11 22 10 15 17 
16 26 16 23 7 23 7 26 
17 13 17 16 20 16 20 13 
17 19 17 16 13 16 13 19 
18 18 20 20 22 18 20 16 
18 20 18 23 20 23 20 20 
19 8 20 8 20 7 19 7 
20 9 19 8 15 12 16 13 
20 11 22 11 22 10 20 10 
20 18 22 18 22 16 20 16 
23 13 23 11 22 11 22 13 
23 18 22 18 22 23 23 23 
23 21 20 18 18 20 21 23 
16 12 17 13 18 12 17 11 
18 10 16 10 16 12 18 12 
18 15 16 15 16 18 18 18 
20 15 15 20 18 23 23 18 
