56
4 13 7 16 13 10 10 7 
4 16 7 16 7 13 4 13 
5 17 8 14 7 13 4 16 
5 19 7 21 11 17 9 15 
5 22 8 22 8 19 5 19 
9 8 9 15 10 15 10 8 
9 17 11 19 13 17 11 15 
9 18 10 19 17 12 16 11 
10 11 12 13 15 10 13 8 
10 17 11 17 11 15 10 15 
10 18 10 17 9 17 9 18 
10 21 11 21 11 19 10 19 
10 22 10 21 9 21 9 22 
11 14 16 19 17 18 12 13 
11 23 12 22 11 21 10 22 
12 10 12 13 13 13 13 10 
12 14 12 13 11 13 11 14 
12 20 12 22 14 22 14 20 
13 5 10 8 12 10 15 7 
13 21 14 22 15 21 14 20 
13 23 13 21 11 21 11 23 
14 9 15 9 15 7 14 7 
14 14 13 13 12 14 13 15 
14 18 17 18 17 16 14 16 
15 6 14 7 16 9 17 8 
15 12 15 19 16 19 16 12 
15 13 20 18 21 17 16 12 
16 5 13 5 13 8 16 8 
16 10 16 9 15 9 15 10 
17 9 16 8 15 9 16 10 
17 11 17 12 21 12 21 11 
18 8 17 8 17 9 18 9 
18 12 21 9 20 8 17 11 
18 17 22 13 21 12 17 16 
18 18 18 22 19 22 19 18 
18 19 20 21 21 20 19 18 
19 6 18 7 19 8 20 7 
19 7 19 8 20 8 20 7 
19 19 22 22 23 21 20 18 
19 21 18 22 19 23 20 22 
20 12 14 18 15 19 21 13 
20 17 20 18 21 18 21 17 
21 16 22 16 22 13 21 13 
21 22 20 21 19 22 20 23 
21 23 21 22 20 22 20 23 
22 17 21 16 20 17 21 18 
22 19 22 21 23 21 23 19 
23 17 23 16 22 16 22 17 
24 18 23 17 22 18 23 19 
6 17 8 19 9 18 7 16 
7 12 10 15 11 14 8 11 
7 20 9 22 10 21 8 19 
9 23 10 22 9 21 8 22 
18 15 13 15 13 17 18 17 
7 11 7 12 8 12 8 11 
8 23 9 23 9 22 8 22 
