31
5 12 12 19 14 17 7 10 
5 18 7 18 7 12 5 12 
6 15 8 17 13 12 11 10 
7 11 10 14 12 12 9 9 
9 8 9 9 12 9 12 8 
9 10 9 9 7 9 7 10 
9 13 9 15 20 15 20 13 
9 21 10 22 12 20 11 19 
11 12 11 19 12 19 12 12 
12 11 21 11 21 9 12 9 
13 17 14 17 14 12 13 12 
14 6 12 8 16 12 18 10 
14 19 12 19 12 20 14 20 
14 22 18 22 18 20 14 20 
14 24 15 23 14 22 13 23 
15 7 11 7 11 10 15 10 
15 14 15 23 17 23 17 14 
15 19 14 20 17 23 18 22 
16 21 16 18 9 18 9 21 
17 15 21 11 18 8 14 12 
18 13 17 14 19 16 20 15 
20 21 21 21 21 15 20 15 
22 15 20 13 14 19 16 21 
24 18 21 15 18 18 21 21 
9 14 11 12 9 10 7 12 
10 23 14 19 9 14 5 18 
12 18 13 17 10 14 9 15 
13 22 10 22 10 23 13 23 
17 26 23 20 19 16 13 22 
18 26 18 23 17 23 17 26 
12 23 13 22 9 18 8 19 
