26
7 17 7 22 13 22 13 17 
8 12 13 17 14 16 9 11 
8 13 13 8 12 7 7 12 
9 20 11 20 11 11 9 11 
9 23 9 20 8 20 8 23 
10 21 9 20 7 22 8 23 
12 4 8 8 11 11 15 7 
12 19 11 20 13 22 14 21 
12 21 14 21 14 19 12 19 
13 10 13 8 8 8 8 10 
13 14 20 14 20 10 13 10 
14 7 14 16 15 16 15 7 
14 14 16 16 19 13 17 11 
15 19 16 19 16 16 15 16 
15 29 22 22 16 16 9 23 
16 5 14 7 21 14 23 12 
18 19 23 19 23 16 18 16 
18 29 18 22 15 22 15 29 
19 12 8 12 8 13 19 13 
21 5 18 8 20 10 23 7 
21 12 21 14 23 14 23 12 
21 19 18 16 15 19 18 22 
5 17 8 20 14 14 11 11 
10 4 10 7 12 7 12 4 
16 17 18 19 23 14 21 12 
13 18 14 19 16 17 15 16 
