57
4 11 10 17 13 14 7 8 
4 13 11 13 11 11 4 11 
5 16 7 18 13 12 11 10 
5 23 8 23 8 16 5 16 
7 14 7 18 9 18 9 14 
7 15 8 16 11 13 10 12 
7 25 9 23 7 21 5 23 
9 20 9 21 14 21 14 20 
10 8 10 10 11 10 11 8 
11 9 10 10 11 11 12 10 
11 15 19 15 19 13 11 13 
11 17 9 19 12 22 14 20 
12 14 13 14 13 12 12 12 
12 17 11 17 11 22 12 22 
13 16 14 16 14 14 13 14 
13 17 11 15 7 19 9 21 
13 20 14 21 15 20 14 19 
14 13 18 17 21 14 17 10 
14 15 13 16 16 19 17 18 
14 17 18 17 18 16 14 16 
14 18 9 18 9 19 14 19 
15 9 12 12 14 14 17 11 
15 10 15 9 12 9 12 10 
15 12 15 11 14 11 14 12 
15 19 15 20 16 20 16 19 
16 14 14 16 16 18 18 16 
16 23 18 21 17 20 15 22 
17 19 16 18 15 19 16 20 
17 22 17 20 16 20 16 22 
18 7 18 8 20 8 20 7 
18 9 20 11 22 9 20 7 
18 10 18 9 17 9 17 10 
18 20 19 21 22 18 21 17 
18 22 19 22 19 21 18 21 
19 7 18 8 19 9 20 8 
19 14 22 11 18 7 15 10 
20 9 20 11 22 11 22 9 
20 21 20 23 22 23 22 21 
21 13 22 12 19 9 18 10 
21 20 21 17 18 17 18 20 
21 22 22 21 21 20 20 21 
21 24 22 23 21 22 20 23 
22 19 22 18 17 18 17 19 
23 7 22 7 22 8 23 8 
23 11 22 11 22 12 23 12 
25 16 20 11 17 14 22 19 
10 13 9 14 12 17 13 16 
11 18 9 20 11 22 13 20 
13 8 12 9 14 11 15 10 
15 23 16 23 16 22 15 22 
16 11 16 14 17 14 17 11 
19 24 21 24 21 22 19 22 
25 14 21 14 21 16 25 16 
18 23 19 24 20 23 19 22 
17 23 18 23 18 22 17 22 
16 24 17 23 16 22 15 23 
17 24 17 23 16 23 16 24 
