49
6 8 9 11 10 10 7 7 
6 11 8 13 11 10 9 8 
6 15 9 15 9 11 6 11 
6 20 7 21 12 16 11 15 
7 14 10 17 11 16 8 13 
7 20 7 21 10 21 10 20 
8 8 8 7 7 7 7 8 
8 10 8 13 10 13 10 10 
9 16 11 16 11 15 9 15 
9 18 8 17 7 18 8 19 
9 22 10 21 8 19 7 20 
10 19 10 17 8 17 8 19 
10 22 12 22 12 21 10 21 
11 8 11 10 16 10 16 8 
11 12 10 13 15 18 16 17 
11 14 15 14 15 12 11 12 
11 19 12 19 12 16 11 16 
11 21 12 22 14 20 13 19 
13 6 11 8 15 12 17 10 
13 16 13 17 16 17 16 16 
13 18 13 19 15 19 15 18 
14 18 16 16 15 15 13 17 
14 23 17 20 15 18 12 21 
15 5 13 7 16 10 18 8 
15 11 16 12 17 11 16 10 
15 20 13 18 12 19 14 21 
15 23 15 21 14 21 14 23 
16 11 17 11 17 10 16 10 
16 13 15 12 14 13 15 14 
16 18 16 20 17 20 17 18 
17 19 16 18 15 19 16 20 
18 12 19 12 19 10 18 10 
18 13 18 15 19 15 19 13 
18 14 19 15 20 14 19 13 
18 22 16 20 15 21 17 23 
19 20 23 16 21 14 17 18 
20 10 20 14 21 14 21 10 
20 16 20 17 23 17 23 16 
20 20 22 18 20 16 18 18 
20 21 18 21 18 22 20 22 
20 24 21 23 20 22 19 23 
21 12 18 15 20 17 23 14 
21 18 22 18 22 14 21 14 
23 24 23 22 20 22 20 24 
24 10 22 8 20 10 22 12 
7 16 7 18 9 18 9 16 
9 21 10 22 11 21 10 20 
18 20 19 20 19 18 18 18 
19 22 20 21 19 20 18 21 
