41
7 7 7 9 9 9 9 7 
7 12 7 17 15 17 15 12 
8 8 7 9 8 10 9 9 
8 20 9 21 14 16 13 15 
9 10 13 14 14 13 10 9 
10 7 10 9 11 9 11 7 
10 10 10 9 9 9 9 10 
10 16 9 16 9 21 10 21 
11 5 9 7 11 9 13 7 
11 19 11 23 13 23 13 19 
12 13 13 13 13 7 12 7 
12 18 12 20 19 20 19 18 
12 22 15 22 15 21 12 21 
12 24 13 23 12 22 11 23 
13 26 19 20 13 14 7 20 
14 5 12 7 15 10 17 8 
14 12 11 9 10 10 13 13 
14 14 14 13 13 13 13 14 
14 19 16 19 16 16 14 16 
14 22 15 21 13 19 12 20 
16 7 15 7 15 10 16 10 
16 18 17 17 16 16 15 17 
17 9 19 9 19 8 17 8 
17 13 17 17 18 17 18 13 
17 20 19 18 18 17 16 19 
17 26 17 23 13 23 13 26 
18 9 19 10 20 9 19 8 
18 10 18 11 19 11 19 10 
18 12 19 11 18 10 17 11 
18 14 19 13 18 12 17 13 
18 16 19 17 21 15 20 14 
19 16 19 17 23 17 23 16 
19 24 14 19 12 21 17 26 
20 15 20 18 21 18 21 15 
20 17 21 18 23 16 22 15 
20 24 20 20 19 20 19 24 
21 7 19 9 20 10 22 8 
11 11 17 11 17 9 11 9 
14 8 16 10 17 9 15 7 
17 12 18 12 18 11 17 11 
17 14 19 16 20 15 18 13 
