40
10 26 14 30 16 28 12 24 
11 19 13 21 15 19 13 17 
12 20 28 20 28 16 12 16 
12 23 16 23 16 22 12 22 
12 25 12 26 19 26 19 25 
13 12 13 17 18 17 18 12 
13 24 19 18 18 17 12 23 
13 26 16 29 19 26 16 23 
14 29 16 29 16 28 14 28 
15 14 23 14 23 13 15 13 
15 33 16 32 14 30 13 31 
18 18 19 19 24 14 23 13 
18 19 18 18 15 18 15 19 
18 21 13 21 13 24 18 24 
18 29 16 29 16 32 18 32 
20 25 24 25 24 23 20 23 
21 21 19 19 16 22 18 24 
21 26 24 23 23 22 20 25 
21 32 24 29 21 26 18 29 
21 36 22 35 16 29 15 30 
22 18 19 18 19 19 22 19 
22 22 22 35 23 35 23 22 
23 29 26 26 22 22 19 25 
24 9 15 18 18 21 27 12 
24 26 24 29 25 29 25 26 
24 35 28 35 28 34 24 34 
25 16 23 14 20 17 22 19 
25 33 13 21 12 22 24 34 
26 23 26 24 33 24 33 23 
26 32 25 32 25 33 26 33 
26 37 28 35 26 33 24 35 
27 24 26 23 24 25 25 26 
29 32 31 34 35 30 33 28 
31 19 34 16 31 13 28 16 
33 19 33 13 31 13 31 19 
13 15 24 26 26 24 15 13 
14 33 15 33 15 30 14 30 
18 36 21 36 21 32 18 32 
20 34 18 32 16 34 18 36 
30 34 31 34 31 19 30 19 
