37
11 14 14 17 15 16 12 13 
11 29 17 29 17 14 11 14 
13 16 13 17 14 17 14 16 
15 23 16 23 16 16 15 16 
15 25 15 31 18 31 18 25 
15 32 15 34 20 34 20 32 
16 27 19 30 21 28 18 25 
16 33 15 32 14 33 15 34 
17 21 18 20 14 16 13 17 
17 33 22 33 22 29 17 29 
18 35 25 35 25 31 18 31 
19 31 17 29 15 31 17 33 
19 36 22 33 21 32 18 35 
21 20 21 28 23 28 23 20 
21 22 25 26 27 24 23 20 
21 39 25 35 15 25 11 29 
22 34 29 34 29 33 22 33 
23 29 20 32 22 34 25 31 
23 30 24 29 23 28 22 29 
23 31 15 23 12 26 20 34 
24 19 24 23 27 23 27 19 
24 27 24 23 16 23 16 27 
24 28 23 28 23 29 24 29 
25 27 24 28 27 31 28 30 
25 28 26 27 25 26 24 27 
26 16 26 22 29 22 29 16 
26 26 25 26 25 27 26 27 
26 35 26 36 30 36 30 35 
28 19 25 16 21 20 24 23 
28 23 35 23 35 19 28 19 
28 24 28 23 27 23 27 24 
33 22 29 22 29 28 33 28 
34 27 29 22 28 23 33 28 
37 18 36 17 32 21 33 22 
37 33 28 24 26 26 35 35 
14 27 14 33 16 33 16 27 
16 36 17 36 17 33 16 33 
