129
9 22 12 25 16 21 13 18 
10 18 12 20 18 14 16 12 
10 23 13 23 13 18 10 18 
10 27 13 30 15 28 12 25 
11 27 12 28 14 26 13 25 
12 19 12 20 16 20 16 19 
12 21 21 30 28 23 19 14 
13 24 12 24 12 25 13 25 
13 26 13 30 14 30 14 26 
13 32 15 34 17 32 15 30 
13 34 14 34 14 32 13 32 
15 15 17 17 18 16 16 14 
15 18 18 18 18 16 15 16 
15 26 16 27 18 25 17 24 
15 27 15 28 16 28 16 27 
15 29 16 30 17 29 16 28 
15 31 15 32 17 32 17 31 
16 18 17 19 18 18 17 17 
16 22 20 22 20 21 16 21 
16 23 16 24 17 24 17 23 
16 29 15 29 15 30 16 30 
16 32 17 31 16 30 15 31 
16 34 17 35 20 32 19 31 
16 36 17 36 17 35 16 35 
17 14 17 12 16 12 16 14 
17 15 17 17 23 17 23 15 
17 21 16 20 15 21 16 22 
18 12 18 14 19 14 19 12 
18 17 19 18 23 14 22 13 
18 23 19 23 19 18 18 18 
18 24 19 25 20 24 19 23 
18 26 19 27 20 26 19 25 
18 29 18 30 21 30 21 29 
19 24 19 25 20 25 20 24 
19 26 19 25 18 25 18 26 
19 34 18 33 16 35 17 36 
20 19 22 21 27 16 25 14 
20 20 20 19 17 19 17 20 
20 31 20 32 23 32 23 31 
20 33 22 35 25 32 23 30 
21 14 22 14 22 13 21 13 
21 19 21 21 22 21 22 19 
21 24 23 22 22 21 20 23 
21 25 22 25 22 24 21 24 
21 26 21 25 20 25 20 26 
21 34 21 35 22 35 22 34 
22 20 24 22 30 16 28 14 
22 26 25 29 27 27 24 24 
22 33 23 32 21 30 20 31 
22 36 24 36 24 35 22 35 
23 12 23 14 24 14 24 12 
23 13 24 14 25 13 24 12 
23 23 21 21 20 22 22 24 
23 27 23 29 25 29 25 27 
23 34 28 34 28 33 23 33 
23 35 22 34 21 35 22 36 
24 15 25 15 25 14 24 14 
24 16 28 20 29 19 25 15 
24 23 24 22 23 22 23 23 
24 25 26 23 22 19 20 21 
24 26 24 25 22 25 22 26 
25 17 25 16 24 16 24 17 
25 22 29 22 29 19 25 19 
25 31 27 29 25 27 23 29 
26 13 28 13 28 12 26 12 
26 20 26 23 28 23 28 20 
26 24 26 23 24 23 24 24 
26 29 25 29 25 31 26 31 
26 34 28 32 25 29 23 31 
26 36 28 34 25 31 23 33 
26 37 32 31 30 29 24 35 
27 14 28 15 29 14 28 13 
27 15 27 16 28 16 28 15 
27 20 29 22 35 16 33 14 
27 31 30 31 30 29 27 29 
28 24 30 26 32 24 30 22 
28 26 28 28 30 28 30 26 
28 27 24 23 22 25 26 29 
28 29 26 31 28 33 30 31 
29 13 28 13 28 14 29 14 
29 23 28 23 28 24 29 24 
29 27 30 28 31 27 30 26 
29 31 32 34 34 32 31 29 
30 12 30 16 32 16 32 12 
30 21 30 22 33 22 33 21 
30 27 31 26 29 24 28 25 
30 32 32 32 32 31 30 31 
31 19 33 21 36 18 34 16 
31 20 31 19 30 19 30 20 
31 34 33 36 36 33 34 31 
32 14 30 12 29 13 31 15 
32 22 30 20 26 24 28 26 
32 25 34 25 34 24 32 24 
32 33 34 33 34 32 32 32 
33 16 34 16 34 14 33 14 
33 27 31 27 31 29 33 29 
33 31 34 31 34 29 33 29 
33 35 26 35 26 36 33 36 
34 18 35 18 35 16 34 16 
34 21 35 22 36 21 35 20 
34 27 35 28 36 27 35 26 
35 23 35 22 33 22 33 23 
35 27 36 27 36 26 35 26 
35 30 36 29 35 28 34 29 
36 16 34 14 32 16 34 18 
36 20 36 18 35 18 35 20 
36 28 35 28 35 29 36 29 
36 36 36 33 34 33 34 36 
37 25 35 23 34 24 36 26 
37 27 36 26 35 27 36 28 
11 32 13 34 15 32 13 30 
13 31 14 32 15 31 14 30 
15 14 15 15 16 15 16 14 
15 37 16 36 14 34 13 35 
16 13 15 14 16 15 17 14 
17 18 18 17 16 15 15 16 
17 25 18 24 17 23 16 24 
17 28 18 29 20 27 19 26 
18 19 17 18 16 19 17 20 
18 32 18 33 20 33 20 32 
19 22 18 23 19 24 20 23 
19 32 20 31 18 29 17 30 
22 16 23 17 24 16 23 15 
24 37 26 37 26 36 24 36 
26 25 28 25 28 24 26 24 
31 33 31 34 32 34 32 33 
10 32 11 32 11 27 10 27 
14 37 15 37 15 34 14 34 
13 36 14 37 16 35 15 34 
