105
10 23 14 27 18 23 14 19 
10 30 17 30 17 23 10 23 
11 15 13 17 14 16 12 14 
11 16 14 16 14 15 11 15 
12 13 12 14 14 14 14 13 
12 21 12 22 15 22 15 21 
12 29 12 33 14 33 14 29 
13 21 12 22 20 30 21 29 
13 28 14 29 15 28 14 27 
13 31 15 31 15 28 13 28 
13 34 14 33 13 32 12 33 
13 36 14 35 13 34 12 35 
14 11 12 13 14 15 16 13 
14 17 13 17 13 19 14 19 
14 26 16 28 19 25 17 23 
15 16 16 17 18 15 17 14 
15 25 19 25 19 22 15 22 
15 34 23 34 23 33 15 33 
15 36 15 34 13 34 13 36 
16 16 13 19 15 21 18 18 
16 19 19 22 20 21 17 18 
16 26 16 19 14 19 14 26 
17 13 16 13 16 14 17 14 
17 17 17 18 18 18 18 17 
17 29 18 30 25 23 24 22 
17 36 22 31 20 29 15 34 
18 14 18 15 24 15 24 14 
18 19 24 19 24 18 18 18 
18 21 18 23 20 23 20 21 
18 26 16 26 16 27 18 27 
18 29 18 30 20 30 20 29 
18 36 18 30 17 30 17 36 
19 8 14 13 18 17 23 12 
19 13 18 12 17 13 18 14 
19 17 20 17 20 13 19 13 
19 26 26 26 26 25 19 25 
20 25 19 26 21 28 22 27 
20 31 22 31 22 30 20 30 
21 17 20 17 20 20 21 20 
21 22 20 23 26 29 27 28 
21 33 18 30 15 33 18 36 
22 32 30 32 30 31 22 31 
22 37 24 35 23 34 21 36 
23 11 18 16 19 17 24 12 
23 15 27 19 28 18 24 14 
23 18 24 19 27 16 26 15 
23 20 26 23 27 22 24 19 
23 22 21 22 21 28 23 28 
23 36 25 36 25 34 23 34 
24 11 23 11 23 12 24 12 
24 28 24 35 27 35 27 28 
25 21 26 22 28 20 27 19 
25 22 25 23 26 23 26 22 
25 29 25 33 26 33 26 29 
26 16 26 19 27 19 27 16 
26 24 28 24 28 23 26 23 
26 30 25 29 22 32 23 33 
26 34 31 34 31 33 26 33 
27 20 29 22 31 20 29 18 
27 21 27 22 29 22 29 21 
27 27 28 28 29 27 28 26 
27 29 30 32 31 31 28 28 
27 32 30 29 26 25 23 28 
27 36 28 35 26 33 25 34 
28 14 28 18 29 18 29 14 
28 19 27 19 27 20 28 20 
28 27 29 27 29 26 28 26 
28 29 30 31 32 29 30 27 
28 36 28 35 27 35 27 36 
29 29 30 29 30 27 29 27 
29 32 31 34 32 33 30 31 
30 15 30 17 31 17 31 15 
30 18 29 18 29 20 30 20 
30 22 31 22 31 20 30 20 
30 23 33 26 34 25 31 22 
30 25 30 26 33 26 33 25 
31 21 30 20 29 21 30 22 
32 24 30 22 28 24 30 26 
32 27 35 30 36 29 33 26 
32 30 35 30 35 29 32 29 
32 31 32 32 33 32 33 31 
33 19 31 17 30 18 32 20 
33 22 34 22 34 20 33 20 
33 35 33 34 31 34 31 35 
34 23 34 25 36 25 36 23 
34 28 32 30 33 31 35 29 
34 34 32 32 31 33 33 35 
35 20 33 22 34 23 36 21 
37 32 35 30 33 32 35 34 
10 34 12 36 15 33 13 31 
12 27 14 27 14 26 12 26 
13 16 14 17 15 16 14 15 
14 23 18 27 19 26 15 22 
14 30 15 31 17 29 16 28 
15 14 15 16 16 16 16 14 
18 22 24 28 26 26 20 20 
19 32 20 31 18 29 17 30 
19 37 22 37 22 32 19 32 
22 19 23 18 21 16 20 17 
22 21 23 20 22 19 21 20 
27 24 29 26 30 25 28 23 
29 23 30 23 30 22 29 22 
31 24 31 27 32 27 32 24 
32 16 32 19 33 19 33 16 
11 28 12 29 13 28 12 27 
