142
9 23 15 29 19 25 13 19 
11 26 12 27 14 25 13 24 
11 28 12 29 13 28 12 27 
12 26 12 27 14 27 14 26 
12 28 12 29 13 29 13 28 
12 33 14 33 14 32 12 32 
13 21 13 24 17 24 17 21 
13 25 14 26 18 22 17 21 
13 32 12 33 13 34 14 33 
13 33 14 32 13 31 12 32 
13 36 15 36 15 34 13 34 
14 12 13 13 15 15 16 14 
14 13 13 13 13 19 14 19 
14 35 13 34 12 35 13 36 
15 18 16 18 16 17 15 17 
15 23 18 23 18 22 15 22 
15 26 15 29 16 29 16 26 
15 27 14 26 12 28 13 29 
15 30 15 29 13 29 13 30 
16 11 15 12 17 14 18 13 
16 13 16 14 17 14 17 13 
16 15 19 18 20 17 17 14 
16 19 15 18 14 19 15 20 
16 21 15 22 17 24 18 23 
16 25 15 26 17 28 18 27 
17 15 15 17 16 18 18 16 
17 25 17 28 19 28 19 25 
17 30 17 29 16 29 16 30 
18 12 17 13 18 14 19 13 
18 15 18 14 17 14 17 15 
18 18 16 18 16 19 18 19 
18 29 17 30 20 33 21 32 
18 32 21 35 25 31 22 28 
18 35 19 36 21 34 20 33 
19 12 19 13 20 13 20 12 
19 15 20 16 22 14 21 13 
19 16 19 15 18 15 18 16 
19 22 19 24 20 24 20 22 
19 23 20 24 21 23 20 22 
19 32 19 29 18 29 18 32 
20 18 20 17 19 17 19 18 
20 19 18 19 18 20 20 20 
20 21 24 21 24 20 20 20 
20 23 21 22 20 21 19 22 
20 28 17 25 16 26 19 29 
20 32 20 33 21 33 21 32 
21 12 21 13 22 13 22 12 
21 14 22 13 21 12 20 13 
21 17 20 16 19 17 20 18 
21 18 20 19 23 22 24 21 
21 24 20 23 19 24 20 25 
21 25 21 24 20 24 20 25 
21 29 21 31 25 31 25 29 
22 17 22 14 21 14 21 17 
22 22 22 24 23 24 23 22 
22 25 22 28 24 28 24 25 
22 34 22 33 21 33 21 34 
23 19 25 19 25 18 23 18 
23 25 25 23 24 22 22 24 
23 26 22 25 19 28 20 29 
23 30 23 32 26 32 26 30 
23 31 22 32 24 34 25 33 
23 34 23 35 24 35 24 34 
24 18 23 19 24 20 25 19 
24 23 25 24 29 20 28 19 
24 24 25 24 25 23 24 23 
24 33 23 34 24 35 25 34 
25 25 23 27 24 28 26 26 
25 27 27 27 27 25 25 25 
25 30 27 32 30 29 28 27 
26 15 23 18 25 20 28 17 
26 16 26 17 28 17 28 16 
26 19 25 19 25 20 26 20 
26 23 29 23 29 20 26 20 
26 24 27 25 29 23 28 22 
26 28 25 29 26 30 27 29 
26 33 26 34 29 34 29 33 
27 21 29 19 28 18 26 20 
27 22 27 21 24 21 24 22 
27 33 28 32 27 31 26 32 
28 26 28 27 30 27 30 26 
28 31 27 31 27 32 28 32 
28 35 29 34 27 32 26 33 
29 17 31 17 31 16 29 16 
29 18 29 17 28 17 28 18 
29 24 33 28 34 27 30 23 
29 27 32 30 33 29 30 26 
29 30 29 32 32 32 32 30 
29 35 27 33 26 34 28 36 
29 36 29 35 28 35 28 36 
30 15 34 15 34 14 30 14 
30 17 29 18 30 19 31 18 
30 18 29 18 29 19 30 19 
30 24 30 23 29 23 29 24 
30 30 34 26 33 25 29 29 
30 31 29 32 31 34 32 33 
30 32 31 33 32 32 31 31 
31 15 30 14 28 16 29 17 
31 19 32 18 31 17 30 18 
31 25 31 28 33 28 33 25 
31 38 33 36 31 34 29 36 
32 19 32 18 31 18 31 19 
32 21 32 24 33 24 33 21 
32 34 32 33 31 33 31 34 
33 14 31 16 32 17 34 15 
33 15 34 16 35 15 34 14 
33 17 34 18 35 17 34 16 
33 19 35 19 35 17 33 17 
33 20 33 19 32 19 32 20 
33 30 33 32 36 32 36 30 
33 34 32 34 32 36 33 36 
34 20 33 19 32 20 33 21 
34 25 33 24 30 27 31 28 
34 28 33 28 33 29 34 29 
35 16 35 15 34 15 34 16 
35 21 36 21 36 19 35 19 
35 24 36 23 33 20 32 21 
35 25 35 24 34 24 34 25 
35 30 34 29 33 30 34 31 
35 32 33 34 34 35 36 33 
35 36 36 36 36 33 35 33 
13 17 16 20 18 18 15 15 
14 11 13 12 14 13 15 12 
15 11 14 11 14 12 15 12 
15 14 15 15 16 15 16 14 
15 19 15 20 16 20 16 19 
16 31 17 30 16 29 15 30 
18 30 20 32 21 31 19 29 
18 33 14 33 14 35 18 35 
19 20 20 19 19 18 18 19 
21 26 21 27 23 27 23 26 
22 23 23 24 24 23 23 22 
23 13 23 15 26 15 26 13 
25 17 26 16 24 14 23 15 
28 15 29 16 30 15 29 14 
28 28 29 27 28 26 27 27 
29 28 28 28 28 29 29 29 
31 23 30 24 31 25 32 24 
15 31 16 31 16 30 15 30 
17 31 18 30 17 29 16 30 
24 17 25 17 25 14 24 14 
14 30 15 31 16 30 15 29 
