118
10 16 12 18 14 16 12 14 
10 17 14 17 14 16 10 16 
11 16 10 17 15 22 16 21 
11 20 12 21 15 18 14 17 
11 21 12 21 12 20 11 20 
11 27 17 33 18 32 12 26 
11 30 12 31 14 29 13 28 
11 32 13 34 14 33 12 31 
11 33 14 33 14 32 11 32 
12 22 13 21 12 20 11 21 
12 29 12 31 14 31 14 29 
13 14 14 15 15 14 14 13 
13 18 13 14 12 14 12 18 
13 19 13 21 16 21 16 19 
13 22 13 21 12 21 12 22 
13 23 15 25 16 24 14 22 
13 27 15 27 15 25 13 25 
14 12 13 13 15 15 16 14 
14 14 14 15 15 15 15 14 
14 23 14 22 13 22 13 23 
14 25 15 24 14 23 13 24 
14 34 15 34 15 33 14 33 
14 36 14 34 13 34 13 36 
15 19 14 20 16 22 17 21 
15 26 19 30 20 29 16 25 
15 35 16 34 15 33 14 34 
15 38 17 36 15 34 13 36 
16 12 14 12 14 13 16 13 
16 15 20 15 20 14 16 14 
16 18 16 15 15 15 15 18 
16 26 15 27 18 30 19 29 
16 35 16 34 15 34 15 35 
17 12 16 13 19 16 20 15 
17 22 17 21 16 21 16 22 
17 32 19 34 21 32 19 30 
17 35 23 35 23 33 17 33 
18 17 16 19 17 20 19 18 
18 22 17 22 17 30 18 30 
18 23 27 14 26 13 17 22 
19 17 18 16 16 18 17 19 
19 23 19 24 22 24 22 23 
19 26 19 25 16 25 16 26 
19 27 19 29 20 29 20 27 
19 32 19 30 18 30 18 32 
20 24 19 25 21 27 22 26 
20 25 22 23 21 22 19 24 
20 28 21 29 22 28 21 27 
20 30 21 30 21 29 20 29 
21 13 21 14 23 14 23 13 
21 15 21 22 22 22 22 15 
21 16 25 20 26 19 22 15 
21 21 22 22 25 19 24 18 
21 23 22 24 23 23 22 22 
21 26 20 25 19 26 20 27 
21 31 23 33 25 31 23 29 
21 34 21 32 19 32 19 34 
22 14 21 13 20 14 21 15 
22 27 21 27 21 28 22 28 
22 29 23 28 22 27 21 28 
22 30 23 30 23 29 22 29 
22 31 22 30 21 30 21 31 
22 35 26 31 25 30 21 34 
23 16 28 16 28 15 23 15 
23 18 23 23 24 23 24 18 
23 24 22 24 22 26 23 26 
23 25 27 29 28 28 24 24 
23 27 23 28 24 28 24 27 
23 31 25 31 25 30 23 30 
24 29 27 29 27 28 24 28 
24 36 29 36 29 34 24 34 
25 11 24 12 28 16 29 15 
25 13 25 19 26 19 26 13 
25 35 24 34 23 35 24 36 
26 21 32 21 32 19 26 19 
26 23 28 25 31 22 29 20 
26 24 26 23 24 23 24 24 
26 25 26 27 28 27 28 25 
26 29 31 34 32 33 27 28 
26 33 32 33 32 31 26 31 
27 16 29 18 30 17 28 15 
27 17 27 18 29 18 29 17 
27 23 31 27 34 24 30 20 
27 25 26 24 23 27 24 28 
27 32 26 33 28 35 29 34 
28 9 23 14 27 18 32 13 
28 14 32 14 32 13 28 13 
28 18 29 17 28 16 27 17 
28 23 26 21 24 23 26 25 
29 24 30 24 30 20 29 20 
29 27 28 27 28 28 29 28 
30 26 34 26 34 24 30 24 
30 35 31 36 32 35 31 34 
31 17 33 15 32 14 30 16 
31 25 31 27 35 27 35 25 
31 32 31 34 34 34 34 32 
31 35 31 36 32 36 32 35 
32 24 31 23 30 24 31 25 
32 27 31 28 32 29 33 28 
33 12 29 12 29 15 33 15 
33 18 34 18 34 15 33 15 
33 29 33 31 34 31 34 29 
33 33 31 35 32 36 34 34 
33 35 33 36 34 36 34 35 
34 17 29 12 28 13 33 18 
35 15 36 15 36 13 35 13 
36 23 36 22 31 22 31 23 
36 26 35 25 34 26 35 27 
37 20 36 19 28 27 29 28 
37 22 33 18 32 19 36 23 
37 32 34 29 32 31 35 34 
11 28 13 28 13 27 11 27 
16 36 17 36 17 35 16 35 
18 18 19 18 19 17 18 17 
20 20 18 22 19 23 21 21 
25 34 26 33 23 30 22 31 
31 16 30 16 30 17 31 17 
15 37 16 36 15 35 14 36 
20 19 17 19 17 20 20 20 
