45
12 18 12 23 16 23 16 18 
12 27 17 27 17 24 12 24 
13 28 17 24 16 23 12 27 
14 30 20 36 23 33 17 27 
15 14 15 16 24 16 24 14 
15 21 12 24 14 26 17 23 
15 26 15 21 14 21 14 26 
16 26 16 34 28 34 28 26 
17 12 13 12 13 13 17 13 
17 17 16 18 20 22 21 21 
17 19 17 23 25 23 25 19 
17 32 25 32 25 27 17 27 
17 40 21 36 17 32 13 36 
20 26 22 24 20 22 18 24 
20 28 13 28 13 36 20 36 
22 23 26 19 19 12 15 16 
22 31 29 31 29 24 22 24 
22 33 22 31 12 31 12 33 
23 15 24 16 25 15 24 14 
23 21 25 23 27 21 25 19 
23 29 24 30 26 28 25 27 
23 30 23 29 14 29 14 30 
24 33 25 32 23 30 22 31 
25 13 25 14 30 14 30 13 
26 27 26 28 30 28 30 27 
26 32 25 32 25 35 26 35 
27 26 29 24 17 12 15 14 
27 29 29 31 32 28 30 26 
27 37 31 33 29 31 25 35 
28 35 31 35 31 34 28 34 
29 14 35 20 36 19 30 13 
29 30 30 29 27 26 26 27 
31 24 30 24 30 26 31 26 
32 13 32 23 34 23 34 13 
32 26 30 24 28 26 30 28 
32 29 32 28 30 28 30 29 
32 30 30 28 26 32 28 34 
33 14 34 13 33 12 32 13 
33 28 31 26 30 27 32 29 
33 30 33 36 36 36 36 30 
33 32 31 34 33 36 35 34 
11 30 12 31 14 29 13 28 
21 15 21 21 23 21 23 15 
25 34 26 35 30 31 29 30 
33 19 33 28 36 28 36 19 
