134
9 27 12 30 16 26 13 23 
10 31 12 33 14 31 12 29 
11 14 13 16 15 14 13 12 
11 18 14 18 14 14 11 14 
11 33 13 35 20 28 18 26 
12 17 16 21 17 20 13 16 
12 22 12 26 14 26 14 22 
12 28 12 29 17 29 17 28 
12 32 12 33 19 33 19 32 
13 21 14 22 16 20 15 19 
13 24 17 24 17 23 13 23 
13 25 14 26 17 23 16 22 
13 27 16 30 17 29 14 26 
14 20 16 20 16 18 14 18 
14 37 19 32 18 31 13 36 
15 22 17 24 18 23 16 21 
15 27 13 27 13 35 15 35 
16 12 16 13 18 13 18 12 
16 15 17 16 19 14 18 13 
16 16 18 14 16 12 14 14 
16 25 17 26 18 25 17 24 
17 15 16 15 16 16 17 16 
17 21 17 20 16 20 16 21 
17 25 18 25 18 24 17 24 
18 15 18 19 20 19 20 15 
18 32 15 35 16 36 19 33 
18 36 20 36 20 35 18 35 
19 11 18 12 19 13 20 12 
19 16 21 16 21 14 19 14 
19 18 18 19 19 20 20 19 
19 21 18 22 24 28 25 27 
19 22 19 24 21 24 21 22 
19 26 19 25 18 25 18 26 
19 36 20 35 19 34 18 35 
20 17 21 16 20 15 19 16 
20 20 22 22 23 21 21 19 
20 23 21 22 20 21 19 22 
20 25 21 24 20 23 19 24 
20 33 22 33 22 28 20 28 
20 34 20 33 19 33 19 34 
20 38 22 36 20 34 18 36 
21 21 21 20 20 20 20 21 
21 26 20 25 19 26 20 27 
21 27 22 28 26 24 25 23 
21 29 21 32 26 32 26 29 
21 34 22 33 21 32 20 33 
22 13 23 14 24 13 23 12 
22 17 23 18 25 16 24 15 
22 19 23 19 23 18 22 18 
22 25 25 28 28 25 25 22 
22 32 25 35 26 34 23 31 
22 38 22 36 20 36 20 38 
23 11 22 12 28 18 29 17 
23 13 23 12 22 12 22 13 
23 16 23 14 22 14 22 16 
23 17 27 13 26 12 22 16 
23 20 26 20 26 19 23 19 
23 23 25 23 25 22 23 22 
23 25 23 28 24 28 24 25 
23 39 26 36 25 35 22 38 
24 18 23 17 22 18 23 19 
24 19 23 18 22 19 23 20 
24 21 23 20 22 21 23 22 
24 35 25 35 25 28 24 28 
25 17 25 16 23 16 23 17 
25 25 25 27 28 27 28 25 
25 32 27 34 29 32 27 30 
26 14 26 12 25 12 25 14 
26 17 25 18 26 19 27 18 
26 18 26 17 25 17 25 18 
26 26 26 24 21 24 21 26 
27 14 27 18 28 18 28 14 
27 19 28 20 29 19 28 18 
27 20 27 22 28 22 28 20 
27 21 28 22 29 21 28 20 
27 28 27 30 28 30 28 28 
27 29 28 30 29 29 28 28 
27 32 26 32 26 34 27 34 
27 33 28 34 29 33 28 32 
27 35 28 35 28 34 27 34 
27 38 30 35 27 32 24 35 
28 19 27 20 31 24 32 23 
28 29 30 31 31 30 29 28 
28 33 29 33 29 32 28 32 
29 13 29 14 35 14 35 13 
29 15 28 14 25 17 26 18 
29 18 28 18 28 19 29 19 
29 22 29 26 30 26 30 22 
29 23 32 26 33 25 30 22 
29 27 30 28 31 27 30 26 
29 34 33 34 33 33 29 33 
30 13 29 14 31 16 32 15 
30 27 31 27 31 26 30 26 
30 29 30 28 29 28 29 29 
31 21 31 19 29 19 29 21 
31 22 31 24 33 24 33 22 
31 29 31 30 33 30 33 29 
31 31 31 36 32 36 32 31 
31 32 33 34 34 33 32 31 
31 35 32 36 34 34 33 33 
32 17 32 15 29 15 29 17 
32 18 32 19 34 19 34 18 
32 20 31 19 30 20 31 21 
33 17 34 18 35 17 34 16 
33 31 35 29 33 27 31 29 
33 32 35 32 35 31 33 31 
34 17 36 15 35 14 33 16 
34 29 36 27 33 24 31 26 
35 15 35 17 36 17 36 15 
35 20 34 19 32 21 33 22 
35 21 35 20 32 20 32 21 
35 26 35 23 32 23 32 26 
36 25 33 25 33 27 36 27 
36 31 34 29 33 30 35 32 
9 20 13 24 15 22 11 18 
10 37 14 37 14 31 10 31 
11 27 12 28 13 27 12 26 
15 21 15 22 16 22 16 21 
15 25 15 26 16 26 16 25 
20 26 20 27 21 27 21 26 
21 17 22 17 22 16 21 16 
22 20 22 21 23 21 23 20 
22 23 20 23 20 25 22 25 
25 19 26 20 27 19 26 18 
25 21 26 22 27 21 26 20 
25 24 24 25 27 28 28 27 
25 38 27 38 27 35 25 35 
30 19 32 17 31 16 29 18 
30 25 29 26 30 27 31 26 
34 22 35 23 36 22 35 21 
36 19 34 19 34 22 36 22 
9 33 11 33 11 27 9 27 
15 39 18 36 12 30 9 33 
24 37 25 38 28 35 27 34 
