108
10 34 12 36 19 29 17 27 
11 18 14 21 15 20 12 17 
12 16 16 20 17 19 13 15 
12 23 16 27 17 26 13 22 
12 28 12 29 19 29 19 28 
13 27 12 28 18 34 19 33 
14 19 13 19 13 21 14 21 
14 22 16 24 18 22 16 20 
14 32 16 34 21 29 19 27 
15 14 12 14 12 16 15 16 
15 21 16 21 16 20 15 20 
15 24 15 22 14 22 14 24 
15 25 14 24 13 25 14 26 
15 27 15 25 13 25 13 27 
15 35 16 35 16 34 15 34 
16 13 16 16 18 16 18 13 
16 17 19 14 18 13 15 16 
16 25 22 25 22 24 16 24 
16 26 16 27 17 27 17 26 
16 30 16 27 15 27 15 30 
16 31 18 33 21 30 19 28 
16 36 17 35 16 34 15 35 
17 22 18 22 18 19 17 19 
17 36 19 34 18 33 16 35 
18 17 19 16 16 13 15 14 
18 20 22 24 24 22 20 18 
18 21 20 23 22 21 20 19 
18 30 18 33 19 33 19 30 
19 17 19 16 18 16 18 17 
19 19 19 23 20 23 20 19 
19 35 23 35 23 34 19 34 
19 36 19 35 17 35 17 36 
20 17 21 17 21 16 20 16 
20 21 22 19 20 17 18 19 
21 28 23 30 25 28 23 26 
22 16 21 17 24 20 25 19 
22 28 22 36 24 36 24 28 
23 19 23 16 22 16 22 19 
23 22 24 22 24 20 23 20 
23 24 24 25 35 14 34 13 
23 25 22 25 22 26 23 26 
23 27 24 26 23 25 22 26 
23 29 21 29 21 30 23 30 
23 37 24 36 23 35 22 36 
24 9 20 13 23 16 27 12 
24 10 22 12 26 16 28 14 
24 27 25 27 25 26 24 26 
24 30 25 29 24 28 23 29 
25 12 23 14 27 18 29 16 
25 18 27 18 27 12 25 12 
25 33 26 34 27 33 26 32 
25 34 26 34 26 33 25 33 
25 37 25 35 23 35 23 37 
26 13 26 16 29 16 29 13 
26 17 26 24 31 24 31 17 
26 22 27 23 29 21 28 20 
26 29 26 28 25 28 25 29 
27 22 27 23 30 23 30 22 
27 26 28 27 31 24 30 23 
27 35 26 34 25 35 26 36 
27 38 35 30 31 26 23 34 
28 15 28 20 33 20 33 15 
28 21 28 27 29 27 29 21 
28 28 28 27 27 27 27 28 
28 29 26 29 26 32 28 32 
28 34 26 34 26 36 28 36 
29 15 31 17 32 16 30 14 
29 28 34 28 34 27 29 27 
30 16 30 18 32 18 32 16 
30 26 27 23 26 24 29 27 
30 28 27 31 28 32 31 29 
30 32 28 34 30 36 32 34 
30 38 35 33 33 31 28 36 
31 12 30 12 30 14 31 14 
31 19 32 18 31 17 30 18 
31 23 30 22 26 26 27 27 
31 25 34 25 34 24 31 24 
32 22 34 24 35 23 33 21 
32 29 32 26 31 26 31 29 
32 32 32 34 36 34 36 32 
33 23 35 23 35 22 33 22 
33 30 33 31 35 31 35 30 
33 36 34 35 30 31 29 32 
33 38 33 36 30 36 30 38 
34 17 34 18 35 18 35 17 
34 26 36 26 36 25 34 25 
35 12 32 12 32 14 35 14 
35 28 34 27 32 29 33 30 
35 35 35 33 34 33 34 35 
36 14 35 14 35 15 36 15 
37 16 36 15 34 17 35 18 
37 20 35 18 33 20 35 22 
37 21 37 20 33 20 33 21 
37 35 36 34 35 35 36 36 
38 20 35 17 34 18 37 21 
15 17 16 17 16 16 15 16 
16 23 17 22 16 21 15 22 
19 15 18 16 19 17 20 16 
19 18 20 18 20 17 19 17 
22 31 25 34 26 33 23 30 
22 39 29 32 26 29 19 36 
23 15 23 14 19 14 19 15 
26 25 25 26 26 27 27 26 
27 25 26 25 26 26 27 26 
27 29 28 28 27 27 26 28 
29 31 29 32 30 32 30 31 
33 11 32 12 35 15 36 14 
19 39 22 39 22 36 19 36 
