99
10 25 12 27 14 25 12 23 
10 27 12 27 12 25 10 25 
12 14 14 16 16 14 14 12 
12 29 15 32 18 29 15 26 
12 31 17 31 17 29 12 29 
12 33 14 35 17 32 15 30 
13 14 13 12 12 12 12 14 
13 16 13 21 14 21 14 16 
13 25 17 29 18 28 14 24 
13 35 14 35 14 25 13 25 
14 13 18 13 18 12 14 12 
14 20 16 18 14 16 12 18 
14 37 15 36 14 35 13 36 
15 14 14 13 13 14 14 15 
15 18 16 18 16 14 15 14 
15 21 17 23 22 18 20 16 
15 22 22 15 21 14 14 21 
15 25 15 26 19 26 19 25 
15 33 13 35 14 36 16 34 
15 35 18 35 18 33 15 33 
15 37 15 36 14 36 14 37 
16 17 14 15 13 16 15 18 
16 29 19 26 15 22 12 25 
16 32 16 30 15 30 15 32 
17 7 12 12 17 17 22 12 
17 34 17 32 16 32 16 34 
18 15 21 15 21 14 18 14 
18 20 18 24 19 24 19 20 
18 30 17 29 16 30 17 31 
18 34 19 33 17 31 16 32 
19 11 18 12 21 15 22 14 
19 18 19 19 20 19 20 18 
19 23 18 24 19 25 20 24 
19 27 20 28 22 26 21 25 
19 32 19 33 23 33 23 32 
19 34 18 33 17 34 18 35 
20 21 20 24 22 24 22 21 
20 26 21 26 21 25 20 25 
20 27 20 26 19 26 19 27 
20 29 20 28 18 28 18 29 
20 31 20 35 25 35 25 31 
21 16 22 16 22 15 21 15 
21 17 21 23 23 23 23 17 
21 20 20 19 19 20 20 21 
21 27 22 27 22 26 21 26 
21 28 22 27 21 26 20 27 
21 29 23 29 23 28 21 28 
21 31 23 33 25 31 23 29 
21 32 24 29 23 28 20 31 
21 36 24 33 23 32 20 35 
22 17 29 24 31 22 24 15 
22 22 21 23 22 24 23 23 
22 34 24 36 25 35 23 33 
23 13 23 12 22 12 22 13 
23 22 22 21 19 24 20 25 
23 36 24 36 24 33 23 33 
24 21 25 22 29 18 28 17 
24 23 28 27 29 26 25 22 
24 32 28 32 28 29 24 29 
25 17 27 19 29 17 27 15 
25 21 28 21 28 17 25 17 
25 26 26 26 26 22 25 22 
26 27 28 27 28 26 26 26 
26 28 34 36 36 34 28 26 
27 18 22 18 22 19 27 19 
27 28 28 29 29 28 28 27 
27 30 27 28 26 28 26 30 
27 33 30 36 31 35 28 32 
27 35 27 36 30 36 30 35 
28 20 27 19 25 21 26 22 
28 35 27 34 26 35 27 36 
29 12 24 17 28 21 33 16 
29 22 30 22 30 18 29 18 
29 23 33 27 34 26 30 22 
29 31 29 32 32 32 32 31 
29 34 30 35 33 32 32 31 
30 12 29 13 34 18 35 17 
30 13 30 12 29 12 29 13 
30 24 29 24 29 26 30 26 
30 31 28 29 27 30 29 32 
31 19 32 18 31 17 30 18 
31 21 31 22 34 22 34 21 
31 27 35 23 34 22 30 26 
31 30 33 30 33 27 31 27 
31 33 31 30 27 30 27 33 
32 16 32 18 33 18 33 16 
33 12 33 14 34 14 34 12 
33 28 32 29 33 30 34 29 
34 11 33 12 35 14 36 13 
34 17 35 17 35 14 34 14 
36 26 36 22 34 22 34 26 
38 23 33 18 29 22 34 27 
38 28 38 23 35 23 35 28 
14 22 15 22 15 21 14 21 
24 25 25 26 29 22 28 21 
28 34 29 34 29 32 28 32 
30 20 31 21 32 20 31 19 
23 25 24 25 24 23 23 23 
24 24 23 25 25 27 26 26 
