38
13 14 13 15 15 15 15 14 
13 34 16 34 16 28 13 28 
14 18 14 21 16 21 16 18 
15 17 13 15 12 16 14 18 
16 27 20 31 21 30 17 26 
17 16 12 16 12 26 17 26 
17 35 16 34 15 35 16 36 
18 10 15 13 18 16 21 13 
18 15 18 16 31 16 31 15 
18 25 27 34 29 32 20 23 
18 33 19 33 19 25 18 25 
20 29 27 29 27 23 20 23 
21 31 21 30 20 30 20 31 
22 8 17 13 27 23 32 18 
22 20 18 16 16 18 20 22 
22 28 22 31 26 31 26 28 
23 29 22 28 20 30 21 31 
23 38 25 36 20 31 18 33 
25 34 16 34 16 36 25 36 
26 14 26 18 32 18 32 14 
27 25 30 28 32 26 29 23 
27 35 35 35 35 34 27 34 
28 25 22 31 25 34 31 28 
29 26 32 26 32 24 29 24 
29 31 29 32 32 32 32 31 
30 14 31 15 32 14 31 13 
30 30 31 30 31 28 30 28 
31 19 35 19 35 16 31 16 
31 23 26 28 27 29 32 24 
31 33 32 32 30 30 29 31 
32 29 31 30 32 31 33 30 
33 18 35 16 33 14 31 16 
33 33 33 30 31 30 31 33 
36 26 32 26 32 29 36 29 
36 34 34 32 33 33 35 35 
16 13 15 14 17 16 18 15 
22 12 22 20 29 20 29 12 
31 20 29 20 29 23 31 23 
