37
11 27 12 28 19 21 18 20 
14 16 35 16 35 12 14 12 
14 23 19 23 19 21 14 21 
14 28 20 34 25 29 19 23 
15 22 17 20 16 19 14 21 
15 27 15 32 19 32 19 27 
17 19 16 19 16 20 17 20 
17 25 18 25 18 20 17 20 
17 26 18 25 15 22 14 23 
17 28 17 29 25 29 25 28 
19 7 14 12 20 18 25 13 
19 19 20 20 21 19 20 18 
19 24 24 24 24 23 19 23 
19 30 17 28 16 29 18 31 
20 25 20 34 34 34 34 25 
20 32 22 30 19 27 17 29 
20 33 25 28 24 27 19 32 
21 7 19 7 19 19 21 19 
23 24 28 29 29 28 24 23 
24 13 24 22 25 22 25 13 
24 20 31 27 34 24 27 17 
25 17 21 21 24 24 28 20 
25 31 28 31 28 29 25 29 
25 32 28 35 31 32 28 29 
27 27 27 32 31 32 31 27 
27 35 27 32 25 32 25 35 
28 14 28 20 29 20 29 14 
30 15 29 14 19 24 20 25 
31 18 29 20 34 25 36 23 
32 32 31 32 31 36 32 36 
32 35 28 31 27 32 31 36 
33 14 25 22 27 24 35 16 
34 17 27 17 27 24 34 24 
13 17 16 20 17 19 14 16 
13 23 13 28 14 28 14 23 
30 34 32 36 34 34 32 32 
13 15 13 17 22 17 22 15 
