53
9 27 15 33 21 27 15 21 
11 23 14 26 16 24 13 21 
13 25 13 26 14 26 14 25 
14 15 12 17 13 18 15 16 
14 30 19 30 19 26 14 26 
15 18 13 18 13 21 15 21 
15 28 15 33 29 33 29 28 
16 14 16 15 19 15 19 14 
16 27 14 25 13 26 15 28 
17 29 17 34 18 34 18 29 
17 37 18 36 15 33 14 34 
18 16 19 15 17 13 16 14 
19 22 23 18 19 14 15 18 
19 31 23 35 32 26 28 22 
19 32 21 34 23 32 21 30 
20 13 20 18 21 18 21 13 
20 30 20 34 21 34 21 30 
20 35 21 36 22 35 21 34 
20 36 20 35 18 35 18 36 
21 35 21 36 22 36 22 35 
21 37 22 36 21 35 20 36 
22 15 19 15 19 22 22 22 
22 27 21 26 18 29 19 30 
22 29 26 25 23 22 19 26 
23 23 30 16 29 15 22 22 
23 31 19 31 19 32 23 32 
23 34 31 34 31 32 23 32 
24 25 26 25 26 13 24 13 
24 35 30 29 29 28 23 34 
25 15 18 22 26 30 33 23 
25 22 23 22 23 23 25 23 
26 23 34 15 33 14 25 22 
27 23 33 23 33 14 27 14 
27 28 29 26 26 23 24 25 
29 16 30 16 30 15 29 15 
29 20 29 26 32 26 32 20 
29 35 32 35 32 33 29 33 
29 36 29 35 24 35 24 36 
30 27 22 27 22 29 30 29 
30 33 31 34 32 33 31 32 
30 35 31 36 32 35 31 34 
31 25 26 25 26 30 31 30 
33 36 35 36 35 32 33 32 
34 31 33 32 34 33 35 32 
10 30 13 33 17 29 14 26 
10 34 14 34 14 30 10 30 
13 30 17 34 19 32 15 28 
14 37 17 37 17 34 14 34 
14 38 18 34 14 30 10 34 
15 38 18 35 17 34 14 37 
20 37 21 37 21 36 20 36 
22 11 20 13 22 15 24 13 
28 13 27 14 29 16 30 15 
