72
8 30 12 34 19 27 15 23 
8 33 12 33 12 30 8 30 
9 20 12 23 19 16 16 13 
11 32 12 33 14 31 13 30 
12 21 12 23 15 23 15 21 
12 27 16 31 26 21 22 17 
12 28 14 28 14 27 12 27 
14 20 15 21 19 17 18 16 
14 23 13 24 21 32 22 31 
14 30 13 30 13 31 14 31 
15 31 15 33 16 33 16 31 
15 34 15 33 12 33 12 34 
15 35 13 35 13 36 15 36 
16 16 18 16 18 13 16 13 
17 27 21 31 28 24 24 20 
17 34 16 33 15 34 16 35 
18 17 19 17 19 16 18 16 
18 29 18 23 15 23 15 29 
19 13 19 15 26 15 26 13 
19 19 22 16 19 13 16 16 
19 26 19 27 28 27 28 26 
19 32 23 28 18 23 14 27 
20 20 14 20 14 22 20 22 
21 16 22 16 22 14 21 14 
21 21 21 24 26 24 26 21 
21 28 21 31 22 31 22 28 
21 36 24 36 24 32 21 32 
22 20 26 24 32 18 28 14 
22 24 23 23 21 21 20 22 
22 32 23 33 24 32 23 31 
23 12 21 14 24 17 26 15 
23 26 21 24 19 26 21 28 
23 34 23 33 17 33 17 34 
24 16 22 16 22 17 24 17 
24 19 22 19 22 20 24 20 
24 21 26 19 24 17 22 19 
24 30 28 26 26 24 22 28 
25 30 27 32 29 30 27 28 
26 31 26 36 31 36 31 31 
28 18 29 19 33 15 32 14 
28 23 29 23 29 19 28 19 
28 35 28 34 23 34 23 35 
29 25 31 27 32 26 30 24 
29 27 29 30 31 30 31 27 
31 21 29 19 27 21 29 23 
31 29 35 25 33 23 29 27 
32 15 32 14 28 14 28 15 
32 23 28 27 31 30 35 26 
32 25 32 26 35 26 35 25 
33 17 36 17 36 15 33 15 
33 22 34 21 28 15 27 16 
33 27 32 27 32 30 33 30 
33 39 36 36 31 31 28 34 
34 13 31 13 31 21 34 21 
34 17 36 15 34 13 32 15 
34 31 35 31 35 28 34 28 
35 32 34 31 30 35 31 36 
38 21 34 17 28 23 32 27 
38 32 34 28 32 30 36 34 
13 29 14 30 15 29 14 28 
15 22 21 16 18 13 12 19 
17 32 19 32 19 27 17 27 
19 34 21 36 23 34 21 32 
28 16 27 16 27 18 28 18 
30 27 33 30 35 28 32 25 
31 14 27 18 28 19 32 15 
32 22 32 23 33 23 33 22 
38 31 35 31 35 32 38 32 
11 29 12 30 13 29 12 28 
11 24 11 29 13 29 13 24 
12 25 13 24 12 23 11 24 
6 31 8 33 14 27 12 25 
