46
10 28 17 35 19 33 12 26 
11 33 13 35 20 28 18 26 
12 27 18 27 18 26 12 26 
13 17 15 19 17 17 15 15 
13 21 17 21 17 17 13 17 
14 20 16 22 17 21 15 19 
14 27 16 29 18 27 16 25 
16 14 16 15 23 15 23 14 
16 18 16 15 15 15 15 18 
16 19 15 19 15 22 16 22 
16 36 25 36 25 29 16 29 
17 22 18 22 18 21 17 21 
17 33 17 35 19 35 19 33 
18 17 16 19 18 21 20 19 
18 24 16 22 15 23 17 25 
18 25 24 19 21 16 15 22 
18 30 29 30 29 27 18 27 
19 20 19 21 21 21 21 20 
20 23 22 23 22 19 20 19 
21 9 16 14 23 21 28 16 
21 17 26 22 28 20 23 15 
21 18 22 19 27 14 26 13 
21 29 17 33 19 35 23 31 
22 33 25 36 29 32 26 29 
23 20 25 20 25 15 23 15 
23 27 24 26 19 21 18 22 
24 13 23 14 29 20 30 19 
25 22 25 23 26 23 26 22 
26 19 26 13 24 13 24 19 
26 24 18 24 18 25 26 25 
27 23 26 22 25 23 26 24 
28 9 21 9 21 16 28 16 
28 29 28 25 26 25 26 29 
29 16 28 16 28 20 29 20 
29 33 30 33 30 32 29 32 
31 19 31 15 30 15 30 19 
31 22 29 20 26 23 28 25 
31 24 34 21 29 16 26 19 
31 28 30 27 28 29 29 30 
34 24 34 34 36 34 36 24 
40 20 35 15 31 19 36 24 
11 27 11 33 12 33 12 27 
15 28 20 28 20 23 15 23 
18 16 18 17 21 17 21 16 
23 17 32 26 34 24 25 15 
26 28 25 29 29 33 30 32 
