40
11 14 30 33 31 32 12 13 
11 29 29 29 29 14 11 14 
12 23 17 23 17 19 12 19 
13 18 12 19 15 22 16 21 
15 32 20 32 20 31 15 31 
16 22 17 23 27 13 26 12 
16 24 16 22 15 22 15 24 
16 29 17 28 16 27 15 28 
17 27 17 24 16 24 16 27 
18 13 18 16 21 16 21 13 
19 25 19 26 31 26 31 25 
21 15 27 21 30 18 24 12 
21 30 33 30 33 23 21 23 
22 9 18 13 21 16 25 12 
22 17 22 19 33 19 33 17 
23 27 20 27 20 28 23 28 
23 32 20 32 20 36 23 36 
24 21 22 19 17 24 19 26 
24 30 26 28 21 23 19 25 
24 32 27 35 34 28 31 25 
25 21 25 12 24 12 24 21 
25 30 23 28 21 30 23 32 
26 15 35 15 35 12 26 12 
27 16 34 16 34 13 27 13 
27 18 27 21 30 21 30 18 
27 24 27 21 25 21 25 24 
27 28 26 28 26 35 27 35 
28 13 26 15 27 16 29 14 
28 28 34 28 34 24 28 24 
28 40 36 32 28 24 20 32 
29 34 32 34 32 29 29 29 
30 30 35 25 34 24 29 29 
32 13 27 18 30 21 35 16 
33 28 32 29 33 30 34 29 
34 17 35 17 35 16 34 16 
34 18 35 17 34 16 33 17 
35 19 35 25 36 25 36 19 
36 26 31 26 31 32 36 32 
15 33 20 28 16 24 11 29 
34 20 35 19 34 18 33 19 
