109
6 27 14 35 20 29 12 21 
11 15 12 16 13 15 12 14 
11 16 12 16 12 15 11 15 
12 24 13 25 14 24 13 23 
12 26 12 28 16 28 16 26 
12 31 12 32 15 32 15 31 
13 12 13 13 17 13 17 12 
13 16 12 15 11 16 12 17 
13 20 13 17 12 17 12 20 
13 24 14 25 19 20 18 19 
13 28 16 31 20 27 17 24 
14 15 13 15 13 16 14 16 
14 23 13 23 13 24 14 24 
14 36 16 36 16 35 14 35 
15 11 13 13 15 15 17 13 
15 14 15 15 18 15 18 14 
15 19 15 16 14 16 14 19 
15 25 16 26 23 19 22 18 
15 28 12 31 16 35 19 32 
15 30 20 30 20 29 15 29 
15 33 18 36 26 28 23 25 
15 34 33 34 33 33 15 33 
16 15 15 14 14 15 15 16 
16 18 14 16 13 17 15 19 
16 32 19 32 19 31 16 31 
17 15 19 17 20 16 18 14 
17 26 17 28 18 28 18 26 
17 27 18 28 19 27 18 26 
17 29 19 31 20 30 18 28 
18 18 18 19 22 19 22 18 
18 23 18 19 15 19 15 23 
18 25 20 25 20 23 18 23 
18 32 22 36 23 35 19 31 
19 15 21 15 21 13 19 13 
19 24 20 25 21 24 20 23 
19 35 23 35 23 32 19 32 
20 14 21 15 22 14 21 13 
20 17 22 19 25 16 23 14 
20 20 20 17 19 17 19 20 
20 35 16 31 15 32 19 36 
21 16 23 16 23 15 21 15 
22 24 22 36 28 36 28 24 
23 17 25 17 25 16 23 16 
23 24 28 19 27 18 22 23 
23 26 23 27 30 27 30 26 
23 30 30 30 30 29 23 29 
24 18 26 18 26 13 24 13 
24 22 25 21 24 20 23 21 
24 24 25 23 24 22 23 23 
24 28 24 32 25 32 25 28 
24 35 27 32 20 25 17 28 
24 40 28 36 24 32 20 36 
25 12 24 13 25 14 26 13 
25 19 26 18 25 17 24 18 
26 10 24 12 28 16 30 14 
26 19 27 19 27 18 26 18 
26 21 25 21 25 23 26 23 
26 25 30 29 36 23 32 19 
26 27 24 25 23 26 25 28 
26 30 30 26 28 24 24 28 
27 20 24 20 24 22 27 22 
27 21 28 22 30 20 29 19 
27 25 27 23 26 23 26 25 
27 30 25 28 23 30 25 32 
27 31 26 32 30 36 31 35 
28 12 25 12 25 14 28 14 
28 15 30 15 30 14 28 14 
28 20 29 20 29 19 28 19 
29 16 30 17 31 16 30 15 
29 18 29 16 28 16 28 18 
29 24 30 24 30 20 29 20 
29 31 27 31 27 32 29 32 
30 31 30 35 31 35 31 31 
30 32 31 31 30 30 29 31 
31 17 31 19 32 19 32 17 
31 18 30 17 29 18 30 19 
31 22 29 20 27 22 29 24 
31 26 30 27 34 31 35 30 
31 27 35 27 35 26 31 26 
31 29 32 30 33 29 32 28 
31 36 35 36 35 35 31 35 
32 20 34 20 34 19 32 19 
32 22 31 22 31 24 32 24 
32 33 30 35 31 36 33 34 
33 17 31 19 32 20 34 18 
33 21 32 22 33 23 34 22 
33 28 36 28 36 23 33 23 
33 31 35 33 36 32 34 30 
34 15 32 17 34 19 36 17 
34 32 36 32 36 31 34 31 
34 34 35 35 36 34 35 33 
36 26 33 23 32 24 35 27 
36 33 35 33 35 34 36 34 
9 29 12 32 15 29 12 26 
9 36 13 36 13 29 9 29 
11 18 13 20 14 19 12 17 
12 25 13 25 13 24 12 24 
15 24 14 24 14 25 15 25 
15 27 16 28 17 27 16 26 
17 20 17 24 19 24 19 20 
18 35 18 36 19 36 19 35 
22 28 23 29 24 28 23 27 
23 40 24 40 24 35 23 35 
26 43 35 34 32 31 23 40 
27 43 27 32 26 32 26 43 
32 29 33 29 33 28 32 28 
33 14 33 17 36 17 36 14 
33 30 32 30 32 31 33 31 
14 26 12 28 13 29 15 27 
