57
10 27 16 33 20 29 14 23 
10 29 16 35 25 26 19 20 
10 34 12 36 15 33 13 31 
12 21 13 21 13 14 12 14 
13 20 14 21 15 20 14 19 
13 22 13 25 15 25 15 22 
14 24 13 25 14 26 15 25 
14 37 15 36 13 34 12 35 
15 12 13 14 15 16 17 14 
15 26 25 26 25 25 15 25 
15 31 15 33 16 33 16 31 
15 35 12 35 12 36 15 36 
16 16 16 12 15 12 15 16 
16 34 19 34 19 33 16 33 
17 20 17 27 19 27 19 20 
17 29 17 27 10 27 10 29 
17 36 20 36 20 29 17 29 
18 18 19 17 17 15 16 16 
18 21 28 21 28 18 18 18 
18 32 19 33 26 26 25 25 
19 18 25 24 28 21 22 15 
19 21 20 22 29 13 28 12 
19 28 27 28 27 27 19 27 
19 35 20 36 25 31 24 30 
20 14 23 14 23 12 20 12 
20 15 20 14 17 14 17 15 
21 23 14 23 14 24 21 24 
21 25 27 31 34 24 28 18 
21 28 27 34 31 30 25 24 
22 22 22 15 20 15 20 22 
24 19 27 16 23 12 20 15 
25 34 27 34 27 31 25 31 
25 35 25 34 19 34 19 35 
27 13 27 16 29 16 29 13 
27 21 28 22 33 17 32 16 
27 23 29 25 30 24 28 22 
29 17 32 17 32 16 29 16 
29 31 21 23 17 27 25 35 
30 15 29 16 31 18 32 17 
30 22 30 21 28 21 28 22 
31 24 31 30 34 30 34 24 
31 32 35 28 31 24 27 28 
32 19 33 19 33 17 32 17 
32 24 35 21 33 19 30 22 
32 32 34 30 29 25 27 27 
33 21 35 21 35 19 33 19 
34 31 34 33 35 33 35 31 
10 31 10 34 13 34 13 31 
11 15 18 22 19 21 12 14 
12 28 15 31 17 29 14 26 
14 28 15 28 15 26 14 26 
16 19 17 20 19 18 18 17 
16 21 16 19 14 19 14 21 
16 22 18 22 18 21 16 21 
16 24 19 27 21 25 18 22 
24 32 31 32 31 30 24 30 
29 20 30 21 32 19 31 18 
