127
7 25 17 35 23 29 13 19 
7 26 12 26 12 25 7 25 
10 24 12 26 14 24 12 22 
11 19 13 21 16 18 14 16 
11 21 13 21 13 19 11 19 
12 13 12 14 16 14 16 13 
12 33 13 34 15 32 14 31 
13 20 14 21 18 17 17 16 
13 24 14 24 14 22 13 22 
13 26 12 26 12 27 13 27 
13 29 15 29 15 27 13 27 
13 31 13 29 12 29 12 31 
14 10 12 12 16 16 18 14 
14 18 16 18 16 16 14 16 
14 25 13 24 12 25 13 26 
14 26 15 26 15 25 14 25 
14 27 16 29 17 28 15 26 
14 28 15 29 16 28 15 27 
14 32 14 35 15 35 15 32 
15 24 16 23 14 21 13 22 
15 36 17 36 17 35 15 35 
16 26 19 23 18 22 15 25 
16 27 19 27 19 26 16 26 
16 30 19 30 19 29 16 29 
16 33 14 35 15 36 17 34 
17 15 17 16 18 16 18 15 
17 23 18 23 18 22 17 22 
18 18 20 18 20 17 18 17 
18 26 19 27 21 25 20 24 
18 27 19 28 20 27 19 26 
18 28 16 30 17 31 19 29 
18 31 18 28 17 28 17 31 
18 34 22 34 22 31 18 31 
18 37 23 32 22 31 17 36 
19 12 17 14 18 15 20 13 
19 13 19 15 20 15 20 13 
19 17 20 16 19 15 18 16 
19 19 20 18 19 17 18 18 
19 22 22 22 22 19 19 19 
19 33 23 33 23 32 19 32 
20 20 21 21 24 18 23 17 
20 21 20 24 21 24 21 21 
20 25 21 24 19 22 18 23 
20 28 23 31 25 29 22 26 
20 31 19 30 18 31 19 32 
21 16 21 15 20 15 20 16 
21 18 24 18 24 16 21 16 
21 20 21 18 20 18 20 20 
21 22 23 24 26 21 24 19 
21 27 21 25 20 25 20 27 
22 17 21 16 20 17 21 18 
22 24 23 25 24 24 23 23 
22 25 23 25 23 24 22 24 
23 12 22 12 22 17 23 17 
23 26 24 25 23 24 22 25 
23 27 23 29 24 29 24 27 
23 35 24 34 23 33 22 34 
24 14 26 14 26 13 24 13 
24 20 26 20 26 19 24 19 
24 26 25 27 30 22 29 21 
24 30 25 30 25 29 24 29 
24 31 24 34 28 34 28 31 
25 15 26 16 27 15 26 14 
25 16 30 21 32 19 27 14 
25 17 23 17 23 23 25 23 
25 25 24 25 24 26 25 26 
25 33 27 35 28 34 26 32 
25 34 27 36 30 33 28 31 
25 36 27 36 27 35 25 35 
26 15 25 15 25 16 26 16 
26 27 30 31 33 28 29 24 
27 17 27 19 29 19 29 17 
27 21 28 20 27 19 26 20 
27 22 27 21 26 21 26 22 
27 27 30 27 30 22 27 22 
27 32 27 27 26 27 26 32 
28 16 29 17 32 14 31 13 
28 26 29 25 26 22 25 23 
29 28 30 27 22 19 21 20 
29 30 34 30 34 29 29 29 
29 31 29 33 30 33 30 31 
29 40 34 35 30 31 25 36 
30 13 31 13 31 12 30 12 
30 14 30 13 27 13 27 14 
30 17 30 21 31 21 31 17 
30 28 28 26 27 27 29 29 
30 30 29 29 28 30 29 31 
30 40 34 36 29 31 25 35 
31 9 27 13 31 17 35 13 
31 25 34 25 34 24 31 24 
31 27 30 27 30 28 31 28 
31 36 31 34 28 34 28 36 
32 18 35 18 35 14 32 14 
32 20 33 20 33 19 32 19 
32 23 32 20 28 20 28 23 
32 24 31 25 35 29 36 28 
32 28 32 31 33 31 33 28 
32 36 34 36 34 35 32 35 
33 26 34 25 32 23 31 24 
33 33 34 32 33 31 32 32 
33 40 33 33 30 33 30 40 
34 21 35 21 35 19 34 19 
34 22 34 21 31 21 31 22 
34 28 36 28 36 25 34 25 
34 34 35 35 36 34 35 33 
35 20 36 19 35 18 34 19 
35 25 34 24 31 27 32 28 
36 22 36 21 35 21 35 22 
36 32 34 32 34 34 36 34 
37 15 36 14 32 18 33 19 
37 31 35 29 34 30 36 32 
12 10 12 12 14 12 14 10 
12 28 13 29 14 28 13 27 
13 28 14 27 13 26 12 27 
21 28 22 29 24 27 23 26 
23 15 24 16 25 15 24 14 
23 30 24 31 25 30 24 29 
26 18 27 17 26 16 25 17 
28 15 27 15 27 16 28 16 
30 18 29 19 31 21 32 20 
30 35 31 36 32 35 31 34 
31 35 32 36 34 34 33 33 
35 23 36 22 35 21 34 22 
10 12 12 14 14 12 12 10 
22 30 23 30 23 29 22 29 
34 23 35 23 35 22 34 22 
37 24 35 22 34 23 36 25 
