56
9 30 13 34 21 26 17 22 
11 20 16 25 20 21 15 16 
11 27 14 27 14 20 11 20 
12 30 12 32 14 32 14 30 
14 24 11 27 14 30 17 27 
15 15 15 16 17 16 17 15 
16 14 17 15 19 13 18 12 
17 21 17 22 18 22 18 21 
17 23 21 27 22 26 18 22 
17 33 14 30 12 32 15 35 
17 35 18 36 20 34 19 33 
18 15 25 15 25 12 18 12 
18 16 18 18 22 18 22 16 
18 25 19 26 21 24 20 23 
18 29 18 36 22 36 22 29 
19 17 20 17 20 13 19 13 
19 18 20 17 18 15 17 16 
19 24 19 26 21 26 21 24 
19 34 20 34 20 33 19 33 
20 19 20 21 23 21 23 19 
20 22 21 23 23 21 22 20 
20 27 20 23 17 23 17 27 
20 35 21 34 20 33 19 34 
21 22 23 24 26 21 24 19 
21 28 23 28 23 27 21 27 
21 35 21 34 20 34 20 35 
22 27 21 28 22 29 23 28 
23 22 23 24 30 24 30 22 
24 21 26 21 26 19 24 19 
24 23 24 31 31 31 31 23 
25 17 30 22 31 21 26 16 
25 27 25 29 33 29 33 27 
25 30 27 32 35 24 33 22 
25 33 24 33 24 35 25 35 
25 39 28 36 25 33 22 36 
26 28 23 28 23 36 26 36 
27 13 26 14 27 15 28 14 
27 17 27 15 25 15 25 17 
28 15 29 15 29 14 28 14 
29 23 30 24 31 23 30 22 
29 31 33 27 30 24 26 28 
30 32 29 31 25 35 26 36 
32 18 22 18 22 20 32 20 
33 20 32 20 32 22 33 22 
33 33 35 31 33 29 31 31 
34 19 29 14 28 15 33 20 
34 29 33 29 33 33 34 33 
34 31 36 29 26 19 24 21 
13 19 14 20 18 16 17 15 
15 33 15 35 17 35 17 33 
17 20 18 21 20 19 19 18 
24 16 22 18 23 19 25 17 
24 28 25 29 26 28 25 27 
28 32 28 36 30 36 30 32 
24 14 24 16 26 16 26 14 
25 13 24 14 25 15 26 14 
