59 101
26 15
27 31
28 14
18 27
39 19
24 30
24 32
21 20
27 39
21 39
29 34
39 30
22 28
36 16
34 26
14 25
37 37
43 16
42 17
33 38
18 40
35 44
32 20
40 19
27 40
16 19
26 31
22 34
36 42
30 29
35 42
37 27
39 25
17 43
27 33
33 33
24 28
40 40
17 38
33 19
25 17
30 28
42 38
23 38
37 20
23 39
32 43
25 18
20 33
38 19
34 35
37 36
15 15
28 21
43 28
25 15
42 23
15 31
38 43
39 35
32 23
21 35
25 29
24 16
41 29
44 37
44 20
44 36
23 27
16 37
23 40
27 14
28 20
42 18
31 27
19 19
38 28
16 39
17 37
20 40
32 34
38 31
32 24
40 31
31 40
14 43
25 32
31 29
34 30
18 22
43 38
41 16
36 39
27 36
31 30
27 44
37 38
35 30
41 36
19 15
15 25
