59 118
17 37
25 34
14 38
21 38
18 26
24 40
30 38
36 33
38 16
17 23
33 34
43 33
18 44
38 24
32 29
37 21
23 29
25 19
36 21
20 22
40 42
23 22
30 41
18 36
26 31
25 29
30 32
14 39
28 32
38 32
28 34
35 21
36 19
22 44
28 18
24 26
23 44
31 42
33 32
24 32
22 27
36 39
25 32
30 25
36 16
20 43
21 21
25 24
30 30
22 37
32 32
33 35
40 16
29 42
37 38
36 27
25 21
25 16
20 35
24 28
15 26
25 25
19 25
28 15
39 18
38 26
41 14
16 15
44 31
39 19
31 32
44 35
21 39
18 25
39 36
22 16
27 29
17 15
14 36
28 35
24 37
19 41
41 36
16 14
28 30
20 29
30 31
29 39
41 17
37 39
32 33
39 21
38 34
17 33
18 24
32 23
38 40
44 23
39 25
25 35
26 43
33 15
44 26
40 26
22 21
44 27
21 18
42 40
29 25
28 28
16 20
32 42
34 43
35 28
14 43
21 41
41 40
16 33
