59 268
26 18
23 27
38 30
30 37
32 22
35 29
14 23
42 20
15 35
18 21
20 30
33 15
30 43
14 34
40 20
22 20
23 37
36 41
39 15
21 29
39 21
28 22
31 16
20 31
26 28
27 20
25 28
33 43
23 19
42 17
18 20
29 23
32 33
33 39
26 24
24 34
21 16
32 40
15 41
26 36
18 15
26 31
15 30
26 19
26 26
24 42
14 15
27 30
44 27
31 37
21 38
24 18
30 44
27 17
33 23
21 18
18 39
40 42
17 29
40 33
19 20
35 18
14 30
28 34
25 32
37 36
26 39
27 42
19 29
27 14
31 42
27 16
14 35
30 18
16 17
27 25
42 42
15 29
14 17
22 38
31 19
14 27
17 23
21 39
15 34
33 20
16 42
23 34
18 32
34 40
40 39
28 37
27 22
26 15
43 29
39 36
35 38
22 40
17 31
34 14
20 42
24 17
37 40
38 42
37 25
16 14
36 34
28 36
29 18
20 37
17 25
23 36
41 31
18 25
30 41
30 30
23 40
27 23
16 43
28 25
40 18
33 36
29 36
20 23
24 25
41 33
21 14
22 28
16 41
21 31
35 24
17 42
22 35
24 19
39 41
15 36
36 16
29 17
17 19
37 35
41 43
43 25
23 21
40 14
35 17
44 29
14 36
44 35
33 31
14 39
40 40
29 24
19 34
40 25
44 14
34 27
31 22
25 30
20 33
36 22
35 26
36 15
43 42
31 38
39 16
42 44
36 39
18 27
25 36
35 37
22 24
23 31
36 14
24 36
25 14
16 30
38 14
30 26
37 18
15 44
29 19
16 35
25 21
36 20
37 38
34 24
25 40
16 39
35 27
40 24
18 31
29 15
37 29
15 32
40 44
27 24
39 28
44 30
15 39
14 19
30 20
25 26
29 41
42 27
21 27
24 40
17 30
31 18
37 17
28 14
41 24
40 37
35 44
44 25
18 35
19 32
20 36
18 37
24 21
39 31
16 24
27 33
14 43
16 25
36 33
22 27
17 41
20 32
20 16
44 15
21 22
20 18
40 32
27 26
41 40
39 38
34 41
30 15
40 31
20 14
16 16
42 21
33 17
29 34
43 30
29 39
25 34
16 15
42 37
20 28
29 16
22 14
41 20
33 42
24 28
23 43
24 14
44 36
35 28
21 19
18 44
28 27
17 15
44 20
29 20
39 27
29 30
29 21
