59 284
37 40
39 23
21 28
32 20
35 24
36 24
33 17
35 21
35 39
20 16
16 42
19 40
40 17
43 14
40 15
14 40
28 22
17 40
40 35
37 17
42 44
15 30
44 33
41 24
29 26
31 42
14 20
34 42
15 15
15 39
23 43
23 24
27 16
29 41
38 17
26 23
24 21
36 36
31 44
21 16
14 39
33 33
37 15
34 41
37 33
27 21
32 38
37 21
41 41
37 35
43 34
20 28
29 42
33 24
40 38
21 27
24 39
33 16
18 25
19 38
16 20
14 25
43 15
38 27
28 32
28 29
22 41
22 19
32 35
26 27
30 29
34 23
15 44
22 29
28 35
38 37
29 15
39 44
36 19
19 16
22 20
34 20
15 19
22 36
15 38
41 20
26 31
44 44
16 44
22 21
32 17
34 35
30 33
30 34
33 25
30 20
28 20
24 30
35 14
22 38
18 39
26 22
17 38
34 43
41 22
32 32
40 37
33 32
40 40
38 16
44 17
27 18
42 20
19 33
22 27
23 21
33 28
32 39
31 41
31 33
17 15
16 21
29 39
31 26
42 16
19 41
15 33
28 38
43 43
27 41
16 18
22 32
14 29
33 41
23 20
34 38
39 25
22 26
15 26
44 29
34 30
22 25
24 37
33 15
24 26
35 38
19 32
30 19
35 32
40 20
31 15
32 34
26 36
22 30
40 33
32 44
27 26
20 15
27 23
14 23
32 29
21 17
25 23
42 38
40 25
26 29
28 44
41 17
28 28
41 28
34 44
23 31
29 30
21 21
36 17
34 40
21 32
44 21
25 42
16 24
22 14
24 28
43 33
29 24
28 34
30 43
19 29
42 42
33 26
32 33
18 14
38 19
15 31
18 15
40 43
19 34
21 18
41 16
27 28
32 21
39 38
39 37
36 23
40 30
38 31
21 23
15 20
41 27
14 19
32 31
41 32
15 42
33 35
33 29
35 31
32 27
44 30
17 42
43 32
21 26
31 38
18 16
25 25
27 31
17 31
19 30
42 35
16 26
34 31
25 38
23 42
25 18
25 41
31 31
31 39
38 22
23 29
23 16
29 21
20 21
26 34
40 42
29 35
19 35
38 34
37 20
21 15
36 39
25 20
35 42
37 19
25 44
35 37
27 33
14 33
41 18
26 24
31 16
31 17
22 44
16 34
15 24
33 27
39 24
30 37
27 20
25 29
21 41
42 15
39 21
31 19
22 23
31 29
40 19
38 32
39 36
14 43
27 22
16 37
44 38
16 22
26 25
29 23
43 22
