59 100
26 14
42 25
39 25
27 21
18 22
33 40
38 41
34 23
31 35
39 23
16 20
26 40
25 15
25 43
35 38
37 16
44 21
43 16
37 39
32 16
28 23
28 40
43 29
39 30
17 19
38 22
41 38
36 27
17 35
27 37
28 28
33 41
18 34
35 14
24 29
30 24
19 27
31 25
43 32
23 32
34 43
28 36
40 28
15 43
14 40
38 20
37 18
14 21
30 37
27 38
43 39
25 40
26 16
31 20
31 33
21 29
22 26
16 36
16 17
36 18
27 18
17 39
35 21
34 42
27 43
34 18
39 29
16 31
14 32
26 34
22 32
32 18
37 34
40 25
43 41
39 44
39 18
25 34
31 21
26 33
42 28
36 35
25 23
43 31
41 28
35 32
24 26
29 32
40 22
37 31
42 35
33 26
40 20
44 17
22 18
25 39
26 36
39 17
16 22
39 27
