22 2
0002202120102101200202
0210012012110200000000
2022020100210000020001
2010000110002210000000
0020000221211020000010
1100010000001000001000
2200020022220020020000
0100010001010020010001
0120000000120010001101
1000000010002000000201
0200000200000001000000
0000210100000220010001
2101220110001211110211
1220101212220002102000
0001212002122000100211
0101000022020000222020
0001200000200010002022
2100021001002210011012
1000202100000120000210
0020010210001111202102
1110100120102020021020
1122000020000000011022
