22 2
0011000100220011001000
1201000000211101202100
0200000001000010220010
2100001000000000000000
2020110000202021121100
1202200000002022211111
0020012100011200022012
0102002001100020002020
0201002102010001011222
0010200100220002000010
2000010000211010010000
0000102210000002012012
0001200001112000000020
1000002100020102201021
0021020200221000201111
0020000021200011210012
2202000102020100200002
0201000002000012101000
0102120012020002002100
2000000010011120202200
0000020200000200210220
1020010101101001200211
