22 2
0000002122000001201102
0001000010102210000010
0000210101020122010020
1001100002100010221010
2001000101012120010021
0022002100221010000002
1110002200000000220000
0002110100002020002100
2001000020210001200001
2102212012011200020002
2000001002220100200000
2100000010100122011202
1000002110002011000122
0010021220202000100200
1221010210001001000002
2211010200102100000010
0000000000001120022211
2000002110102200210000
0002001210200002210010
2201000001001002100101
0202102000020201000200
1110000002021000002020
