22 2
0221021001000002212000
0001020220020200011002
2002000021000021120012
0020200000220000010001
1011000000022200200000
2002001201210120210000
1002101002010200000001
2100021001010000000200
1010102210201000020102
0212010010010020000200
0002101100001210002200
1200000002001001002010
2000010210010020000020
0020001100120100110120
0010102000010002111000
0022222200210211102000
0000010021000200001012
0000200100200112101000
2010101102000002021210
0012020011100222102000
0010110000002100111202
0212002222210000102100
