22 2
0000001100020001020002
0101010022000001200000
1200200100000002220000
0011212001000100000000
1201100120200200002000
0200200102210010021202
0001020211010120000000
0100200020201021100102
0100100002000012200102
1102021200110022101000
1000020021020100002200
2020111000002010000202
0000001010112020000020
1220102001000220100000
0201000010002000102210
0010100220010120002222
0001002020111010021220
1021000120202000200010
1111010222011001001101
0002001020100100101000
2110122012200002000200
2000020021011000222120
