22 2
1201022100000002200200
0001011001000000002010
2000200101200100101201
2200000100100202221100
0011000002010010021122
0200010000200012000021
1020001100200101100010
0000000120100010010012
0021100010202022120010
0101020010202201100001
0022000000002012010022
0200022022020200102012
0110200001022012100000
0020020010210001011001
0000100220120011010000
1002210000002201200200
1000001000010022000220
1000010200221012000001
1000200000221120021000
2000021000012102022020
1001100200010000200100
2212021122001120001201
