22 2
0000000011202000000000
0000100200012002201001
0100202010022201101221
0001010021000002222020
2202120120101020110120
0000101002100010010020
0121000021000122000022
1220012021010021111000
0000100021020001020100
0011000000100000020102
0200000200100110000000
1102022000100200110212
0222020000101000200001
0010000110200001202000
1210010100000220101020
2010001002002002020120
2000002010200020010112
2120202110001222002002
1000011212000012020110
1000011210000000120100
0221010120000022020010
0002002010202010000010
