22 2
2202020120102002011101
0100010120220012000202
1200220202002200000000
2101102022220210022011
0011200120010000101010
0220000220000102010011
0010000020010000000121
1200000200010220010012
0000210200000200000000
0001211201101020000110
0220122002200001120000
0202020000201000002000
0012020002010001002010
0120011202001100000010
0020001212121010220000
1110210010100210001111
0010202000022000021120
0000100100002210000211
0100000002001000102101
0002002100102112220202
2000001001001001000020
0000010002121000012000
