22 2
1011001020010100200200
0100010200220000000220
0001002000000112100012
2000020010002111000002
0122201000000100002021
0000102200001010210002
0002000210020100121212
0002000222000200202210
2210102100020110021022
2110000201200000002002
0000001210002100120002
0002000200011010002011
0020000001010001100010
0111021000001000101000
0211002100000010100200
0120202021010021000220
0200000022000121010000
2120002002000220121111
1010010110201020201000
1001201202100010000210
2022001000002112002112
0210100002202000120200
