22 2
2201012210000001102000
0000211120111221100010
1100211101020001001000
0211001202000000201010
0120000000000011101101
0011100002020000022002
0200102211010101010000
0200222002000000201200
2010002020000200110000
0001020000120010010000
1002200010200200020021
2110222211200001000000
1002120020022000000000
1020211020200000000022
0000102200201020111120
0001001001020002020202
0000010220200100002000
2000011100011020211000
0200210000010202100002
0220200202100000220100
0010120221201211020100
0001200002000102211120
