22 2
0210202201020012001201
0002010000110200020200
2121000010002202000000
1200111000000020002102
0100202021000000000221
2112200020110001020002
2100120012201101100000
0200100100102010210002
0221211201001000000112
2022000002100022010000
0001010000011221221201
2011220002200011111000
0000200022200000000121
0100000122010001000200
0000001010011000212000
1200001200200010001001
0000100000002000022111
0122000002000000020002
0120002000001201021010
1100010020020100221000
0222220000110001000001
1011002101122200002002
