22 2
2021001200002000200210
1020020002000000000101
0001200012200000201000
0010120002021110000000
1000100020011100200002
0202000200100101000011
2112020022201201200100
2000000000000000001202
1221211101000010002020
1000001201220101001102
0101100012201220020120
2000101011201210011100
0020021010010011000011
0010000200020011000011
2221000202011000000002
2102020000000000101220
0000020221221201010202
0000002200001000020010
0022100220200100020011
0000200001022010000000
0112120220000202220002
1101001001212020022101
