22 2
0001022200002101210200
0000002002001002002110
0001020201100100201001
0122101002012000200001
1000202000100002200100
2000000201101210002120
0100100020000200010022
0011120100002020110020
1000000020000002110202
0100000210210021010000
2001200000000210001201
0102211000102120021000
1210100200200200100201
0010000200020100100100
0010210000200222200000
0020010110000011201021
1012002011112020001021
0000000021220102202200
0020100021021222110110
2022100001000020010001
0101000210221000001200
0100022200120120002002
