22 2
0000001002112101010200
0011000011212220200002
0010020010010000001101
2000020000210210020000
1210000200212110000001
1002101100010000000021
0000100100000200111202
1000000000201120012200
0200210001010010200101
0100212201021102011012
1020000120010021020201
0111102201201020000002
0200002000000100201212
0002000120000010000020
2012000022002212010200
1000220201000120010000
0010120020200200212021
0000001001210202022100
0001200022211011020012
0120000000000210002200
2001100002020000120210
2120012000200020010200
