22 2
0011200020000200000000
0100020001020111001020
0010000210220222100001
1222221100000100220000
2112200022210100001000
1000021000000021110001
0110001100011021110212
1000022000000100200011
2000001220100102200000
1000000000020202000220
0102120022010022001000
0002010001210002200112
0201000022021210022010
1001000011000200102002
2100000001010000201000
1000000210000200221000
0020002200000200222101
2101102201122120112001
0010001010210200010000
0002000001001011220000
2000000022101112001000
2100000001021220121220
