22 2
0201222010000020100200
1000210010110020000022
0002002000000110200212
1011201012000010002100
0200001020000121002020
0020020021101000000000
0102002022120012100201
0100100112101120011022
0000201022202100201010
0101012210021120000000
1022021002010000000220
0022001002021100000200
0110001010000012010000
2002020220020000002102
0010120020200001012102
1210100001001000110020
0202020102012210000000
1001000102021021000120
0002112101120200002200
0001010021000200000001
0110000000120020110202
0200001200020010012100
