22 2
0222000020200121010012
2002022102011110120002
2000001011020200020000
0000000200020121000001
0010000002002002000010
0200020000010000001010
0001000000010200001022
1020121011101002210000
2110010111010002221001
0000210010212100001020
0002221011001002000210
2220101001000101011022
2002000000100110000012
0200001010001001111020
0001001000010211002000
2021201222002010010021
0121020000000020201000
1200212100010210002000
0202100102000220000000
0001021000200202021120
0020220010020002202000
0201111100012200200222
