22 2
1200000102000220101000
2011210012000200000002
2210000001010000020002
0002200100120200002200
2100100011220010020002
1000022212210002102000
0012000002020022011210
1120200200100001110001
0020002012002200200111
0000200002211200000000
0001202120020200200201
1120000021120200121010
0010000001210100011020
2011010000002000012001
1100010200000021011100
0201100202200122201000
0021010000000100000222
0100220102012210000000
0010120000100202220000
2001002010000100022002
0200100210002121100002
1100000000011110011111
