22 2
2120020222200201000200
2201100020002102001022
0000221020110000001000
0120200201002100200200
2201201010000000002111
0020202001222002001002
2022200000000002010110
0220010220111000000100
1200021202000201000120
0010000120000000000010
2010021002200002002200
0010022000112000000100
0020100000111202011100
0000021000100000101100
2102200001000120002111
0002000001020201111020
2001201011000222100120
0220101100211020002021
0000001020122010201010
0101000101010000020010
1210100100001010000021
0002000010001121100222
