22 2
0010000220022000201100
0002121122002002011102
0010212221011000020011
0002100000122002022100
1100000110220200011000
0020000202010200000000
1000200000002200000200
0002000002111202000200
2000100100102210000020
0001000200010221211021
2100120022100221022122
0022021201000102000000
1010020020120010010211
2100210110000000000200
1200000020200211010011
0210002000021000000201
1212100200120010110010
0000000001121002101100
2100010211020100020200
0011202100220010000000
0001110200021000001002
0010212000000100100202
