28 2
0000000020000012210001000201
0200000210100010020000101020
0110000000000020200000002000
0000000100002020100022000020
1002011202001100000200001002
1000100100020000000000010020
0000000020020200001000020200
0002000000000000000100000100
1000000012100102000000001000
0001000000000010210020100002
1000000000002000002002101000
0011000002010200000020100000
0022000000000000000102000202
0200010100020000000000010011
0220000000000001001000000000
2000010001100020201010010112
0002000000000000202001000200
0000100002000220010000010001
0201002001010001000000012000
2000000000000000000101001102
1110000000000020200100221000
0010000000010101010200200010
0000000022100000200000000000
0020000010100100200020000000
0210022201210000021100022012
0100000120200000020000000122
0000200010200200221020001000
0022000000002000000001000000
