28 2
2001021200020000002000100002
1210000100001000000102010010
0212020000202000000002000010
0000200100201210000002000020
0100002000110000020001000000
0000001000001000001000210010
0000020010100000000000001021
0000001010000020202000020002
2000000000020000000101000120
0000020000202000000100010010
0020120200000020200012000000
0000000001200000000000100002
0200002010002002200002200000
0000002021000021000000002200
0000000000000000010002000100
0000000000000000120002000000
0100220001000000101000122000
0100001100200000102000100000
0002010010000012000000012020
0000001000000000102120200120
1000010000001210002100000200
2020002220200010120101000000
0000100010020000100000010000
1000000000002000010002100101
0112000010000000200002002100
0000000200020020000000012020
0021010012000010101000001000
0020100000002120100000101210
