28 2
2000000000000000001000000201
1010000002001020000000202010
1001000120010020100000010002
0000000000020000201000202101
2200000001021002000000001002
0101000120002000000020202200
0000200200210010002000000200
0021200010200200000000000000
0102000201002000200000020100
0010001010000010012200020010
0000000010020020020202000001
0000000122002001000020000000
0000000000000020022010100100
0120000000002100100000000200
1010000100001000100000020200
0201100000000000000000000100
2000000100000011220020002100
0000000012222000100000000010
0001101002000200100010000220
0100001000012000000000000100
0210000000000000100120012000
2000001102100000101100100100
0010000202000200021000000000
1002000201011000210000012000
0001000001000021000000201000
0002000000000000220000000001
2000002200000002100000001002
1200020000001021001200010000
