28 2
0002020002000001002010000000
0010000200100000100202001001
1001202001001020020000001020
0010221000001010200001000002
0000000100011010100022010000
0200000000001221010000210102
0001022200000020101001000002
2020000110210200012100211020
0000200020010010200000000000
1011000020010000000022000000
0000000000120100000000100000
0000002000120001000000200010
0000000000000000000000000000
0100100220221002002012020000
0100200022000000202000120200
0120000000000000000000000001
1001000020000011000000010020
2220020021000000002000020000
0210000100200120010121020000
0100020000000020011000011200
0000001000000000000200000001
0010000000000010010002022100
2000000200000000000100000002
0000002011102020000200000100
0011000100102001100011002000
0120000100010210020000000000
1000000000000000200002200000
0000000000002000020000000200
