28 2
0020001000012000001000000001
0010000120000200022200002000
0001020001000000021000001000
1220000020001010210200010000
0010000000020000002000000000
0000000000002000002000100011
0202000020000000002000000000
0010001000010000021000002000
0000002100002221000020100200
0002100000000002000000200002
0021000201020000201201000200
0010100001101010000200000000
0200100002010100102200100001
0101100002011020002000002220
0101122000200000202001011000
0000000020001000000010000010
0001000022000002000200020102
0100201200010200100000000001
0000100200002000000200010000
0000001101000020200000002000
0200100100002010020010020000
0100000000001001200020010200
1001020000000000000000010001
0100200000000020200000100020
2002001110000100020000000100
0002010000000001001002011120
0000000200000022020001210000
1201000002000000011002020000
