28 2
2020000200002001000010020000
0000011021022000000200000000
0000000000002110002200001020
0201100001020000020201002000
0020001000011100000112000010
0002000020200200010020102000
0010000000200010200011000000
0200211220001100120001000011
0010010000000020020100000000
0100000000000000020000010020
0010010001001020000100001210
0100002000000000000020000002
0020000000200000100200000012
0000012000001000000010020202
0000002000000200100200010201
0200000020020200000101102201
0210000000000200002000000001
0000000000000201200010000000
2020020000001000202201020101
1100002001020000200010120221
0100001000200001000000101101
0100000000000100000010002001
0000002011001000202002000000
0100000020100000000020100000
0220111200000000000000200000
0002000000020000000000000100
0200000020020000010001000000
1010200100100002012000002002
