28 2
0002002001000101201000000000
0020001001100002000000010100
0000000000002010002000220002
0000122000021000000000002000
1220001000021000100000110200
0000000000100000000200200002
0000000021202000002100001020
0000000200000200000101200001
0021020000201020000102000000
0021000010000001110002000002
0000200010200000000000022000
1000001000101001100000000020
0000002000202000002012002020
0010000000020000000000010000
0000000002010100010021000100
0021000000020000000200000000
0210020000000101000000000021
0000020010000000100021000200
0011000020010000010010002001
0100000110000201020102002200
2000110001000001100000001001
0000000020221000002000002200
0002001010001010001000001200
0000202000000020000000002102
0200010000100000020000000002
1110220000000002101000200020
0002000020012200000220010102
1001000100000211001002100021
