28 2
0010012100002002100010000200
1010102202001020001000100001
0020000120010020001012000020
0100000011020000100020201000
2000020100100000200020020000
0002000000000220001000000002
0200102000000000002100200020
0000020222001002220020002020
0010010000200000000020000101
0200000020010100020000000000
0001201120001001000000000000
1000000000020000000020000000
0020000020002201010001202000
0001120102002010010000000012
0002000000000000000001010000
0000220100210002000201001001
1002101010000000000001000000
1000120000100000000000020000
0100000000020001020010000000
0000000100000211001200010000
2000210010100002002201000200
0001000010010001201010201002
0012000000020000000020000000
0221202100000000100001000210
0010000002000000001200001000
0000210000022011010000000000
2100010000000000000210000020
1000000002000200000010000002
