28 2
1000010000102002000010000000
1020010000000220002000000110
0100200100001000001000020200
0010100000001000200100000010
2020002020200100000000200000
2000000100000000010000010100
0000000002001000200020012200
0000010000020100000001010002
0100002020001000000010000000
1001002020000000200002210000
0202000000000020000002210000
0010001202112012201000100000
0010110000000010210000000000
0100210020202001000000000200
0100201000002002000010000000
0020000022000020010200020001
0000010000001000001020111000
0000010001202202202000000000
0000200100100200010000000000
1000001000000100020020010022
1000102000000100011000000000
2000020000000201102000000111
1000102020000000000000000001
0000220020020000000220200200
0021200000220000100001100100
0000101000012120202020201012
2000000000200210000010220000
0000000000010100000010001000
