28 2
1020000000022001000002100000
0020020001000200000021002000
0100200010221011001000021100
0000000110100202000100210020
0000001201000100000021022000
2000000202000100000200200010
0111002000100100200200000000
0000000002000001000001000001
0202000000000102001201000110
0000020000020000200020200000
0200020020000010000100000000
0000020010020001201100201000
1002202000110000000002000000
0000022010000000001100200102
0110000001000100100001000012
0200020000110000000002102010
1200000000000000020021220200
2000000020000002000000100100
0010000202020001000010020101
0000200000020000000000021000
0101000201121002000100000200
0000000000000000000002001001
2002002000000000000000202000
0010000210000000000000012000
0100002000000001000012000000
0002002020000010100211020001
2002000001000100000200010010
0010000000102201002001000010
