28 2
2001000012000101200000000022
0000000000100000000000000102
0200010000000200001000000201
0202012000000100000000000100
0000000000111101010100002202
2001000001000000000000000020
0000000000010200000000002100
1000000000010221000200000010
0000000200000201210012210020
0000220000200020210020020020
2000000002012200200000200000
0020100000101100220000200110
0101210000101000020000000000
2001000000000000000000000000
2022001020020101100002000010
0000000002000020110210200010
0212200000000200020000000000
0001100000000000020010120012
0000002000000001020000000000
0010212010020000100100100000
0020002000102101120202000200
0020001000000000010102021022
0020010000100200000112000001
0100100000000020021000000100
0100000020102000000000001000
0101000001001001000000000000
0020100010010201000201101002
0002100000200002200000200000
