28 2
0000000022201101010000000000
0100000001000011001020100010
0000000000000100000000001200
0002100100000201121200001010
0010000202202100002101200201
2000000020000000000000001200
0000002000000200000000220000
0000001100021200000000010020
0000020000000020200000101000
0020000000002100021000000210
2020000000202010000200102002
0000000200000221022110000201
0000120100001002000000012200
0200010001200012000000000002
0012000000000000001002000100
0000000000000202002012201000
0000010000201000000002200111
0000010201001201000101000100
0101011000101000020210001202
2000100200000010010210020202
1000002000001000002002000001
0000001000010000000201000000
2000000200000000000110000000
2001001000000001000001220202
0202010000000001020010001000
2000100000000000100010000000
0000100020210022000222000000
0000000000000000010010022000
