28 2
0100000000200012001000010200
0220000000120010100022001202
0000010000001000000000000200
0202000000220000100100000000
0000100100200010000100001000
0000000000010000000202100200
2001002200100000000001120000
1100000200000000200010100000
0000100020010001000020001000
1001000000000010200000010000
0000110000000100000000001200
0011102000000210020000222100
0000000000000100002000110000
0000020001000010120020000002
0010100002002000200000121001
0200000000000100010202100000
0000000000002002002122001002
0000202000000200001020000020
0000000000000100220201000100
0001000000020000000100010110
2000000010001100210000000000
0000010100101221000000002200
1002201000002002000010020210
2110200100020000200220001001
0101000001122020020202000000
0001002000001200000001001200
0010020202001100000020000202
1200200220000020100000000000
