28 2
0200020000200002000020000000
1021000000000200110001200200
2200010010000010000000001000
0200000000000000020021220100
1000210200100200000010210000
1010000000000002120020011002
0002000002000022020020010001
2000000000000000000102020000
0000000002000000000002212001
0000020022000102002101200000
0210122000100000000200000200
0000002010000010000120200010
0010202110000111000200002000
0000002011000000110000010000
0001000100002002000020021000
0010020200000010010000000010
0201000000000110000000220000
0100002000000012000002000010
0010001000020000000000000000
0000100201202010002000201000
0000200000020020002020100010
2000102000001000100010000010
0210000001020021000001000100
0100000020012001101000000001
0000010002000010000020100011
0010020102020010010000200110
0200010000122220000000000000
0001000002000001002000100002
