28 2
0012000000002000000200000000
0210000000000102000000010001
2020000000100000010021200020
0002001010000010002002010000
0001000202110002001001100000
0100120000002012201200000000
0000000000100000101020010000
0200000020000010000010021021
2000110000002100000200000000
0000001010001021001000000000
0000000100100200110000000000
0000002100202210000002202000
0202000000000010021000021000
0001010000000000220200200000
2000100100200002002020210000
0022000000000001000002000102
2210200000000010120010010000
0000000020000201002000120221
0000002001100000000000021022
0000010000000200200000022000
0000000202000000000201002002
1220000000000022011000000100
0000001001100002101200210010
0010001001000002001001200000
0000020001201000002000100000
1021000002001100000100100100
0002200010002110000000101210
0000000200000000002021000000
