28 2
0000201001000220020000211000
0100000020020000202000000000
0112100100020001210010201010
0110200001010000202010010000
0201001222000001000020100100
0000000000002000000002110000
0100000110120201002200000000
0100010000000200000100001220
0002000000200122000000001200
0002000000000000000002000000
0100002000002000200000020020
0020100002000001000220002020
0000200002111010020000001000
0000002000002002010102000100
0200010000210000000000010002
0010000002002000000022000200
0202012200000002201000002000
0100000000000201011200001000
2010002010020000001000000000
0201000020000002000000010200
0000000100000101200021110200
1000000001122001000000000000
0200200001210000001100001020
0000000100000002000000201021
0012100200000000000000001000
0110000000102001121001000002
0000020220100000020000000001
0000001110000000010001000000
