28 2
0000001000000201010200201000
0011201000020200000000010210
0222001020010010000010000020
0101002002122000010000000102
0100020001201000010001000000
0010000000210020000201100000
0000102000000000000000010010
1000000010200100010020000000
0020110200000000000020000000
0011011000001002200200000000
0020001000200010100000210000
0000000000000121220202000010
0100000000000000002000002210
0000020000200000000000100000
0000001000000000002102202001
0000000000100101000002001000
1000000001201000001201000000
0020200100100000000000020102
0000000021010000000100000110
0000000200021002000000100010
1100100002000000002002000002
0000001200000000000210000220
0010102100002000000002020000
0000200000001002010220100000
2000002001110022000002001102
0120020201000000221120200001
0120000010201002000000000000
2002020021002002202000201000
