28 2
0200002000000000000000000000
0020000000002002202001010100
0000220220000000000002010002
0001021211020000000101001020
0000000100100000000112000101
0001202010100020000011000200
0010100020000020200021022200
0002000002102220000021002200
2000000001000100200200010001
0000000000000000002000200100
0011000020000002200200000000
0000120000000000102001002001
0000000110210000020100000000
0010000000011210010010002210
0101000100000000000010020020
0200002010000011120010000000
0000000000002000000100000020
0102000100020110000000000001
0000010002002000000101000020
2002100000000000000020000000
0102000002000000010220100010
0221000022101100000010000220
0000000220010000200000001201
0000000011221000000001210002
0002001002000000102000000100
0000020102100010201210001000
0000002000101000221000200000
0001000000201010000200000000
