28 2
0210000010100000000000022000
0111020100000000012010001121
2001110011011000000012200202
1000002000100000200010120200
0200210001020200000000002201
0000002010000001000000020020
0000000101021002000000200000
0020002100000200011001100000
0000000200010000000000000000
0000200000000000120001220000
0022010000000210000000100021
0000002002010201000000200000
0000000200000000000002000000
1000220000000000100011000000
0100202020000000000010010100
0100200000100000102200001222
0000000000000000001200020000
0000002200000000000222020100
2022200112001000120010100201
1000200000011001100001000000
0002000000000020002000000000
0101210000010010000020200001
1020020001000010001200101100
0000000202100202000000012001
0200000000000010020000000020
0000201020012020220020000000
0000000100000021000010002001
2201001000000001000000100000
