2782821143
13 14 100
9999999999999999999999999999
9999999999999999999999999999
9999999999999999999999999999
9999999999999999999999999999
9999999999999999999999999999
9999999999999999999999999999
9999999999999999999999999999
9999999999999999999999999999
9999999999999999999999999999
9999999999999999999999999999
9999999999999999999999999999
9999999999999999999999999999
9999999999999999999999999999
5555555555555555555555555555
9999999999999999999999999999
9999999999999999999999999999
9999999999999999999999999999
9999999999999999999999999999
9999999999999999999999999999
9999999999999999999999999999
9999999999999999999999999999
9999999999999999999999999999
9999999999999999999999999999
9999999999999999999999999999
9999999999999999999999999999
9999999999999999999999999999
7777777777777777777777777777
9999999999999999999999999999
9999999999999999999999999999
9999999999999999999999999999
9999999999999999999999999999
9999999999999999999999999999
9999999999999999999999999999
9999999999999999999999999999
9999999999999999999999999999
9999999999999999999999999999
9999999999999999999999999999
9999999999999999999999999999
9999999999999999999999999999
6666666666666666666666666666
9999999999999999999999999999
9999999999999999999999999999
9999999999999999999999999999
9999999999999999999999999999
9999999999999999999999999999
9999999999999999999999999999
9999999999999999999999999999
9999999999999999999999999999
9999999999999999999999999999
9999999999999999999999999999
9999999999999999999999999999
9999999999999999999999999999
6666666666666666666666666666
9999999999999999999999999999
9999999999999999999999999999
9999999999999999999999999999
9999999999999999999999999999
9999999999999999999999999999
9999999999999999999999999999
9999999999999999999999999999
9999999999999999999999999999
9999999999999999999999999999
4444444444444444444444444444
9999999999999999999999999999
9999999999999999999999999999
6666666666666666666666666666
9999999999999999999999999999
9999999999999999999999999999
9999999999999999999999999999
9999999999999999999999999999
9999999999999999999999999999
9999999999999999999999999999
9999999999999999999999999999
9999999999999999999999999999
9999999999999999999999999999
2222222222222222222222222222
9999999999999999999999999999
9999999999999999999999999999
6666666666666666666666666666
9999999999999999999999999999
9999999999999999999999999999
9999999999999999999999999999
9999999999999999999999999999
9999999999999999999999999999
9999999999999999999999999999
9999999999999999999999999999
9999999999999999999999999999
9999999999999999999999999999
3333333333333333333333333333
9999999999999999999999999999
9999999999999999999999999999
6666666666666666666666666666
9999999999999999999999999999
9999999999999999999999999999
9999999999999999999999999999
9999999999999999999999999999
9999999999999999999999999999
9999999999999999999999999999
9999999999999999999999999999
9999999999999999999999999999
9999999999999999999999999999
4444444444444444444444444444
9999999999999999999999999999
4444444444444444444444444444
6666666666666666666666666666
9999999999999999999999999999
9999999999999999999999999999
9999999999999999999999999999
9999999999999999999999999999
9999999999999999999999999999
9999999999999999999999999999
9999999999999999999999999999
9999999999999999999999999999
9999999999999999999999999999
4444444444444444444444444444
9999999999999999999999999999
6666666666666666666666666666
6666666666666666666666666666
9999999999999999999999999999
9999999999999999999999999999
9999999999999999999999999999
9999999999999999999999999999
9999999999999999999999999999
9999999999999999999999999999
9999999999999999999999999999
9999999999999999999999999999
9999999999999999999999999999
4444444444444444444444444444
9999999999999999999999999999
5555555555555555555555555555
6666666666666666666666666666
9999999999999999999999999999
9999999999999999999999999999
9999999999999999999999999999
9999999999999999999999999999
9999999999999999999999999999
9999999999999999999999999999
9999999999999999999999999999
9999999999999999999999999999
4444444444444444444444444444
4444444444444444444444444444
9999999999999999999999999999
6666666666666666666666666666
6666666666666666666666666666
9999999999999999999999999999
9999999999999999999999999999
9999999999999999999999999999
9999999999999999999999999999
9999999999999999999999999999
9999999999999999999999999999
9999999999999999999999999999
9999999999999999999999999999
6666666666666666666666666666
4444444444444444444444444444
9999999999999999999999999999
6666666666666666666666666666
6666666666666666666666666666
9999999999999999999999999999
9999999999999999999999999999
9999999999999999999999999999
9999999999999999999999999999
9999999999999999999999999999
9999999999999999999999999999
9999999999999999999999999999
9999999999999999999999999999
5555555555555555555555555555
4444444444444444444444444444
9999999999999999999999999999
6666666666666666666666666666
6666666666666666666666666666
9999999999999999999999999999
9999999999999999999999999999
9999999999999999999999999999
9999999999999999999999999999
9999999999999999999999999999
9999999999999999999999999999
4444444444444444444444444444
9999999999999999999999999999
6666666666666666666666666666
4444444444444444444444444444
9999999999999999999999999999
6666666666666666666666666666
6666666666666666666666666666
9999999999999999999999999999
9999999999999999999999999999
9999999999999999999999999999
9999999999999999999999999999
9999999999999999999999999999
9999999999999999999999999999
2222222222222222222222222222
9999999999999999999999999999
6666666666666666666666666666
4444444444444444444444444444
9999999999999999999999999999
6666666666666666666666666666
6666666666666666666666666666
9999999999999999999999999999
9999999999999999999999999999
9999999999999999999999999999
9999999999999999999999999999
9999999999999999999999999999
9999999999999999999999999999
3333333333333333333333333333
9999999999999999999999999999
6666666666666666666666666666
4444444444444444444444444444
9999999999999999999999999999
6666666666666666666666666666
6666666666666666666666666666
9999999999999999999999999999
9999999999999999999999999999
9999999999999999999999999999
4444444444444444444444444444
9999999999999999999999999999
9999999999999999999999999999
4444444444444444444444444444
9999999999999999999999999999
6666666666666666666666666666
4444444444444444444444444444
9999999999999999999999999999
6666666666666666666666666666
6666666666666666666666666666
9999999999999999999999999999
9999999999999999999999999999
9999999999999999999999999999
6666666666666666666666666666
9999999999999999999999999999
9999999999999999999999999999
4444444444444444444444444444
9999999999999999999999999999
6666666666666666666666666666
4444444444444444444444444444
9999999999999999999999999999
6666666666666666666666666666
6666666666666666666666666666
9999999999999999999999999999
9999999999999999999999999999
9999999999999999999999999999
5555555555555555555555555555
9999999999999999999999999999
9999999999999999999999999999
4444444444444444444444444444
9999999999999999999999999999
6666666666666666666666666666
4444444444444444444444444444
9999999999999999999999999999
6666666666666666666666666666
6666666666666666666666666666
9999999999999999999999999999
9999999999999999999999999999
9999999999999999999999999999
5555555555555555555555555555
4444444444444444444444444444
9999999999999999999999999999
4444444444444444444444444444
9999999999999999999999999999
6666666666666666666666666666
4444444444444444444444444444
9999999999999999999999999999
6666666666666666666666666666
6666666666666666666666666666
9999999999999999999999999999
9999999999999999999999999999
9999999999999999999999999999
5555555555555555555555555555
6666666666666666666666666666
9999999999999999999999999999
4444444444444444444444444444
9999999999999999999999999999
6666666666666666666666666666
4444444444444444444444444444
9999999999999999999999999999
6666666666666666666666666666
6666666666666666666666666666
9999999999999999999999999999
9999999999999999999999999999
9999999999999999999999999999
5555555555555555555555555555
5555555555555555555555555555
9999999999999999999999999999
4444444444444444444444444444
9999999999999999999999999999
6666666666666666666666666666
4444444444444444444444444444
9999999999999999999999999999
6666666666666666666666666666
6666666666666666666666666666
9999999999999999999999999999
9999999999999999999999999999
9999999999999999999999999999
5555555555555555555555555555
5555555555555555555555555555
9999999999999999999999999999
4444444444444444444444444444
4444444444444444444444444444
6666666666666666666666666666
4444444444444444444444444444
9999999999999999999999999999
6666666666666666666666666666
6666666666666666666666666666
9999999999999999999999999999
9999999999999999999999999999
9999999999999999999999999999
5555555555555555555555555555
5555555555555555555555555555
9999999999999999999999999999
4444444444444444444444444444
6666666666666666666666666666
6666666666666666666666666666
4444444444444444444444444444
9999999999999999999999999999
6666666666666666666666666666
6666666666666666666666666666
9999999999999999999999999999
9999999999999999999999999999
9999999999999999999999999999
5555555555555555555555555555
5555555555555555555555555555
9999999999999999999999999999
4444444444444444444444444444
7777777777777777777777777777
6666666666666666666666666666
4444444444444444444444444444
9999999999999999999999999999
6666666666666666666666666666
6666666666666666666666666666
9999999999999999999999999999
9999999999999999999999999999
4444444444444444444444444444
5555555555555555555555555555
5555555555555555555555555555
9999999999999999999999999999
4444444444444444444444444444
7777777777777777777777777777
6666666666666666666666666666
4444444444444444444444444444
9999999999999999999999999999
6666666666666666666666666666
6666666666666666666666666666
9999999999999999999999999999
9999999999999999999999999999
6666666666666666666666666666
5555555555555555555555555555
5555555555555555555555555555
9999999999999999999999999999
4444444444444444444444444444
7777777777777777777777777777
6666666666666666666666666666
4444444444444444444444444444
9999999999999999999999999999
6666666666666666666666666666
6666666666666666666666666666
9999999999999999999999999999
9999999999999999999999999999
5555555555555555555555555555
5555555555555555555555555555
5555555555555555555555555555
9999999999999999999999999999
4444444444444444444444444444
7777777777777777777777777777
6666666666666666666666666666
4444444444444444444444444444
9999999999999999999999999999
6666666666666666666666666666
6666666666666666666666666666
9999999999999999999999999999
4444444444444444444444444444
5555555555555555555555555555
5555555555555555555555555555
5555555555555555555555555555
9999999999999999999999999999
4444444444444444444444444444
7777777777777777777777777777
6666666666666666666666666666
4444444444444444444444444444
9999999999999999999999999999
6666666666666666666666666666
6666666666666666666666666666
9999999999999999999999999999
6666666666666666666666666666
5555555555555555555555555555
5555555555555555555555555555
5555555555555555555555555555
9999999999999999999999999999
4444444444444444444444444444
7777777777777777777777777777
6666666666666666666666666666
4444444444444444444444444444
9999999999999999999999999999
6666666666666666666666666666
6666666666666666666666666666
9999999999999999999999999999
5555555555555555555555555555
5555555555555555555555555555
5555555555555555555555555555
5555555555555555555555555555
9999999999999999999999999999
4444444444444444444444444444
7777777777777777777777777777
6666666666666666666666666666
4444444444444444444444444444
9999999999999999999999999999
6666666666666666666666666666
6666666666666666666666666666
9999999999999999999999999999
5555555555555555555555555555
5555555555555555555555555555
5555555555555555555555555555
5555555555555555555555555555
4444444444444444444444444444
4444444444444444444444444444
7777777777777777777777777777
6666666666666666666666666666
4444444444444444444444444444
9999999999999999999999999999
6666666666666666666666666666
6666666666666666666666666666
9999999999999999999999999999
5555555555555555555555555555
5555555555555555555555555555
5555555555555555555555555555
5555555555555555555555555555
6666666666666666666666666666
4444444444444444444444444444
7777777777777777777777777777
6666666666666666666666666666
4444444444444444444444444444
9999999999999999999999999999
6666666666666666666666666666
6666666666666666666666666666
9999999999999999999999999999
5555555555555555555555555555
5555555555555555555555555555
5555555555555555555555555555
5555555555555555555555555555
7777777777777777777777777777
4444444444444444444444444444
7777777777777777777777777777
6666666666666666666666666666
4444444444444444444444444444
9999999999999999999999999999
6666666666666666666666666666
6666666666666666666666666666
4444444444444444444444444444
5555555555555555555555555555
5555555555555555555555555555
5555555555555555555555555555
5555555555555555555555555555
9999999999999999999999999999
4444444444444444444444444444
7777777777777777777777777777
6666666666666666666666666666
4444444444444444444444444444
9999999999999999999999999999
6666666666666666666666666666
6666666666666666666666666666
6666666666666666666666666666
5555555555555555555555555555
5555555555555555555555555555
5555555555555555555555555555
5555555555555555555555555555
9999999999999999999999999999
4444444444444444444444444444
7777777777777777777777777777
6666666666666666666666666666
4444444444444444444444444444
9999999999999999999999999999
6666666666666666666666666666
6666666666666666666666666666
5555555555555555555555555555
5555555555555555555555555555
5555555555555555555555555555
5555555555555555555555555555
5555555555555555555555555555
9999999999999999999999999999
4444444444444444444444444444
7777777777777777777777777777
6666666666666666666666666666
4444444444444444444444444444
9999999999999999999999999999
6666666666666666666666666666
6666666666666666666666666666
5555555555555555555555555555
5555555555555555555555555555
5555555555555555555555555555
5555555555555555555555555555
5555555555555555555555555555
9999999999999999999999999999
4444444444444444444444444444
7777777777777777777777777777
6666666666666666666666666666
4444444444444444444444444444
4444444444444444444444444444
6666666666666666666666666666
6666666666666666666666666666
5555555555555555555555555555
5555555555555555555555555555
5555555555555555555555555555
5555555555555555555555555555
5555555555555555555555555555
9999999999999999999999999999
4444444444444444444444444444
7777777777777777777777777777
6666666666666666666666666666
4444444444444444444444444444
6666666666666666666666666666
6666666666666666666666666666
6666666666666666666666666666
5555555555555555555555555555
5555555555555555555555555555
5555555555555555555555555555
5555555555555555555555555555
5555555555555555555555555555
9999999999999999999999999999
4444444444444444444444444444
7777777777777777777777777777
6666666666666666666666666666
4444444444444444444444444444
5555555555555555555555555555
6666666666666666666666666666
6666666666666666666666161111
5555555555555555555555555555
5555555555555555555555555555
5555555555555555555555555555
5555555555555555555555555555
5555555555555555555555555555
9999999999999999999999999999
4444444444444444444444444444
7777777777777777777777771717
6666666666666666666666661616
4444444444444444444444444444
6666666666666666666666666666
6666666666666666666666661616
5656565656565656565656565656
5555555555555555555555555555
5555555555555555555555555555
5555555555555555555555555555
5555555555555555555555555555
5555555555555555555555555555
9999999999999999999999999999
4444444444444444444444444444
7777777777777777777777777777
6666666666666666666666666666
4444444444444444444444444444
6666666666666666666666666666
6666666666666666666666666666
6565656565656565656565656565
5555555555555555555555555555
5555555555555555555555555555
5555555555555555555555555555
5555555555555555555555555555
5555555555555555555555555555
9999999999999999999999999999
4444444444444444444444444444
7777777777777777777777777777
6666666666666666666666666666
4444444444444444444444444444
6666666666666666666666666666
6666666666666666666666666666
6666666666666666666666666666
5555555555555555555555555555
5555555555555555555555555555
5555555555555555555555555555
5555555555555555555555555555
5555555555555555555555555555
9999999999999999999999999999
4444444444444444444444444444
7777777777777777777777777777
6666666666666666666666666666
4444444444444444444444444444
6666666666666666666666666666
5656565656565656565656565656
6666666666666666666666666666
5555555555555555555555555555
5555555555555555555555555555
5555555555555555555555555555
5555555555555555555555555555
5555555555555555555555555555
9999999999999999999999999999
4444444444444444444444444444
7777777777777777777777777777
6666666666666666666666666666
4444444444444444444444444444
6666666666666666666666666666
6565656565656565656565656565
6666666666666666666666666666
5555555555555555555555555555
5555555555555555555555555555
5555555555555555555555555555
5555555555555555555555555555
5555555555555555555555555555
9999999999999999999999999999
4444444444444444444444444444
6767676767676767676767676767
6666666666666666666666666666
4444444444444444444444444444
6666666666666666666666666666
6565656565656565656565656565
6666666666666666666666666666
5555555555555555555555555555
6565656565656565656565656565
5555555555555555555555555555
5555555555555555555555555555
5555555555555555555555555555
9999999999999999999999999999
4444444444444444444444444444
6767676767676767676767676767
5656565656565656565656565656
4444444444444444444444444444
6666666666666666666666666666
6565656565656565656565656565
6666666666666666666666666666
5555555555555555555555555555
6565656565656565656565656565
5555555555555555555555555555
5555555555555555555555555555
5555555555555555555555555555
8989898989898989898989898989
4444444444444444444444444444
6767676767676767676767676767
5656565656565656565656565656
4444444444444444444444444444
6666666666666666666666666666
6565656565656565656565656565
6666666666666666666666666666
5555555555555555555555555555
6565656565656565656565656565
5555555555555555555555555555
8585858585858585858585858585
5555555555555555555555555555
8989898989898989898989898989
4444444444444444444444444444
6767676767676767676767676767
5656565656565656565656565656
3434343434343434343434343434
6666666666666666666666666666
6565656565656565656565656565
6666666666666666666666666666
5555555555555555555555555555
6565656565656565656565656565
5555555555555555555555555555
8585858585858585858585858585
5555555555555555555555555555
8989898989898989898989898989
4444444444444444444444444444
6767676767676767676767676767
5656565656565656565656565656
4343434343434343434343434343
6666666666666666666666666666
6565656565656565656565656565
6666666666666666666666666666
5555555555555555555555555555
6565656565656565656565656565
5555555555555555555555555555
8585858585858585858585858585
4545454545454545454545454545
8989898989898989898989898989
4444444444444444444444444444
6767676767676767676767676767
5656565656565656565656565656
4444444444444444444444444444
6666666666666666666666666666
6565656565656565656565656565
6666666666666666666666666666
5555555555555555555555555555
6565656565656565656565656565
5555555555555555555555555555
8585858585858585858585858585
5454545454545454545454545454
8989898989898989898989898989
4444444444444444444444444444
6767676767676767676767676767
5656565656565656565656565656
4444444444444444444444444444
6666666666666666666666666666
6565656565656565656565656565
6666666666666666666666666666
5555555555555555555555555555
6565656565656565656565656565
5555555555555555555555555555
7575757575757575757575757575
5555555555555555555555555555
8989898989898989898989898989
4444444444444444444444444444
6767676767676767676767676767
5656565656565656565656565656
4444444444444444444444444444
6666666666666666666666666666
6565656565656565656565656565
6666666666666666666666666666
5555555555555555555555555555
5555555555555555555555555555
5555555555555555555555555555
8585858585858585858585858585
5555555555555555555555555555
8989898989898989898989898989
4444444444444444444444444444
6767676767676767676767676767
5656565656565656565656565656
4444444444444444444444444444
6666666666666666666666666666
6565656565656565656565656565
6666666666666666666666666666
5555555555555555555555555555
6565656565656565656565656565
5555555555555555555555555555
8585858585858585858585858585
5555555555555555555555555555
8989898989898989898989898989
3434343434343434343434343434
6767676767676767676767676767
5656565656565656565656565656
4444444444444444444444444444
6666666666666666666666666666
6565656565656565656565656565
6666666666666666666666666666
5555555555555555555555555555
6565656565656565656565656565
5555555555555555555555555555
8585858585858585858585858585
5555555555555555555555555555
8989898989898989898989898989
4343434343434343434343434343
6767676767676767676767676767
5656565656565656565656565656
4444444444444444444444444444
6666666666666666666666666666
6565656565656565656565656565
6666666666666666666666666666
5555555555555555555555555555
6565656565656565656565656565
4545454545454545454545454545
8585858585858585858585858585
5555555555555555555555555555
8989898989898989898989898989
4444444444444444444444444444
6767676767676767676767676767
5656565656565656565656565656
4444444444444444444444444444
6666666666666666666666666666
6565656565656565656565656565
6666666666666666666666666666
5555555555555555555555555555
6565656565656565656565656565
5454545454545454545454545454
8585858585858585858585858585
5555555555555555555555555555
8989898989898989898989898989
4444444444444444444444444444
6767676767676767676767676767
5656565656565656565656565656
4444444444444444444444444444
6666666666666666666666666666
6565656565656565656565656565
6666666666666666666666666666
5555555555555555555555555555
6565656565656565656565656565
5555555555555555555555555555
8585858585858585858585858585
5555555555555555555555555555
8989898989898989898989898989
4444444444444444444444444444
6767676767676767676767676767
5656565656565656565656565656
4444444444444444444444444444
5656565656565656565656565656
6565656565656565656565656565
6666666666666666666666666666
5555555555555555555555555555
6565656565656565656565656565
5555555555555555555555555555
8585858585858585858585858585
5555555555555555555555555555
8989898989898989898989898989
4444444444444444444444444444
6767676767676767676767676767
5656565656565656565656565656
4444444444444444444444444444
6565656565656565656565656565
6565656565656565656565656565
6666666666666666666666666666
4545454545454545454545454545
6565656565656565656565656565
5555555555555555555555555555
8585858585858585858585858585
5555555555555555555555555555
8989898989898989898989898989
4444444444444444444444444444
6767676767676767676767676767
5656565656565656565656565656
4444444444444444444444444444
6666666666666666666666666666
6565656565656565656565656565
6666666666666666666666666666
5454545454545454545454545454
6565656565656565656565656565
5555555555555555555555555555
8585858585858585858585858585
5555555555555555555555555555
8989898989898989898989898989
4444444444444444444444444444
6767676767676767676767676767
5656565656565656565656565656
4444444444444444444444444444
6666666666666666666666666666
6565656565656565656565656565
6666666666666666666666161111
5555555555555555555555555555
6565656565656565656565656565
5555555555555555555555555555
5555555555555555555555551515
5555555555555555555555555555
8989898989898989898989898989
4444444444444444444444444444
6767676767676767676767671717
5656565656565656565656565656
4444444444444444444444444444
6666666666666666666666666666
6565656565656565656565651515
9696969696969696969696969696
9999999999999999999999999999
9999999999999999999999999999
9999994949494949494949494949
6666666666666666666666666666
9999999999999999999999999999
9999999999999999999999999999
4444444444444444444444444444
9999999999999999999999999999
6666666666666666666666666666
4444444444444444444444444444
9999999999999999999999999999
6666666666666666666666666666
6666666666666666666666666666
5555555555555555555555555555
5555555555555555555555555555
5555555555555555555555555555
5757575757575757575757575757
5555555555555555555555555555
9999999999999999999999999999
4444444444444444444444444444
7777777777777777777777777777
6666666666666666666666666666
4444444444444444444444444444
6666666666666666666666666666
5656565656565656565656565656
6969696969696969696969696969
9999999999999999999999999999
9999999999999999999999999999
5555555555555555555555555555
5555555555555555555555555555
5555555555555555555555555555
9999999999999999999999999999
4444444444444444444444444444
7777777777777777777777777777
6666666666666666666666666666
4444444444444444444444444444
9999999999999999999999999999
6666666666666666666666666666
6666666666666666666666666666
9999999999999999999999999999
9999999999999999999999999999
9999999999999999999999999999
9999999999999999999999999999
9696969696969696969696969696
9999999999999999999999999999
9999999999999999999999999999
9999999999999999999999999999
9999999999999999999999999999
4444444444444444444444444444
9999999999999999999999999999
9999999999999999999999999999
6666666666666666666666666666
5555555555555555555555555555
5555555555555555555555555555
5252525252525252525252525252
5555555555555555555555555555
5555555555555555555555555555
9999999999999999999999999999
4444444444444444444444444444
7777777777777777777777777777
6666666666666666666666666666
4444444444444444444444444444
9999999999999999999999999999
6666666666666666666666666666
6262626262626262626262626262
9999999999999999999999999999
9999999999999999999999999999
9999999999999999999999999999
5555555555555555555555555555
5555555555555555555551515151
9999999999999999999999999999
4444444444444444444444444444
9999999999999999999999999999
6666666666666666666666666666
4444444444444444444444444444
9999999999999999999999999999
6666666666666666666666666666
6666666666666666666666666666
5555555555525252525252525252
6565656565656565656565656565
5151515151515151515151515151
7575757575757575757575757575
5555555555555555555555555555
8989898989898989898989898989
7474747474747474747474747474
6767676767676767676767676767
5656565656565656565656565656
4444444444444444444444444444
6666666666666666666666666666
6565656565656565656565656565
6666666666666666666666666666
5555555555555555555555555555
6565656565656565656565656565
4545454545454545454545454545
5555555555555555555555555555
5555555555555555555555555555
9999999999999999999999999999
4444444444444444444444444444
6767676767676767676767676767
5656565656565656565656565656
4444444444444444444444444444
6666666666666666666666666666
6565656565656565656565656565
6666666666666666666666666666
5555555555555555555555555555
5555555555555555555555555555
5555555555555555555555555555
5555555555555555555555555555
5555555555555555555555555555
9999999999999999999999999999
4444424242424242424242424242
7777777777777777777777777777
6767676767676767676767676767
4444444444444444444444444444
6666666666666666666666666666
6565656565656565656565656565
6666666666666666666656565656
9999999999999999999999999999
9999999999999999999999999999
9999999999999999999999999999
9595959595959595959595959595
9696969696969696969696969696
9999999999999999999999999999
9999999999999999999999999999
9999999999999999999999999999
9999999999999999999999999999
4444444444444444444444444444
9999999999999999999999999999
9999999999999999999999999999
6666666666666666666666666666
9999999999999999999999999999
6868686868686868686868686868
5555555555555555555555555555
5555555555555555555555555555
5555555555555555555555555555
9999999999999999999999999999
4444444444444444444444444444
7777777777777777777777777777
6666666666666666666666666666
4444444444444444444444444444
9999999999999999999999999999
6666666666666666666666666666
6666666666666666666666666666
9595959595959595959595959595
6565656565656565656565656565
5555555555555555555555555555
8585858585858585858585858585
5555555555555555555555555555
8989898989898989898989898989
4444444444444444444444444444
6767676767676767676767676767
5656565656565656565656565656
4444444444444444444444444444
6666666666666666666666666666
6565656565656565656565656565
6666666666666666664646464646
5555555555555555555555555555
6565656565656565656565656565
5555555555555555555555555555
8585858585858585858585858585
5555555555555555555555555555
8989898989898989898989898989
4949494949494949494949494949
6767676767676767676767676767
5656565656565656565656565656
4343434343434343434343434343
6666666666666666666666666666
6565656565656565656565656565
6666666666666666666666666666
5555555555555555555555555555
6868686868686868686868686868
5555555555555555555555555555
8585858585858585858585858585
5555555555555555555555555555
8989898989898989898989898989
4444444444444444444444444444
6767676767676767676767676767
5656565656565656565656565656
4343434343434343434343434343
6666666666666666666666666666
6565656565656565656565656565
6666666666666666666666666666
5555555555555555555555555555
9595959595959595959595959595
5555555555555555555555555555
5555555555555555555555555555
5555555555555555555555555555
9999999999999999999999999999
4444444444444444444444444444
6767676767676767676767676767
6666666666666666666666666666
4444444444444444444444444444
6666666666666666666666666666
6565656565656565656565656565
6666666666666666666666666666
9999999999999999999999999999
9999999999999999999999999999
6666666666666666666666666666
5555555555555555555555555555
5555555555555555555555555555
9999999999999999999999999999
4444444444444444444444444444
7979797979797979797979797979
6666666666666666666666666666
4444444444444444444444444444
9999999999999999999999999999
6666666666666666666666666666
6666666666666666666666666666
6666666666666666666666666666
5555555555555555555555555555
5555555555555555555555555555
5555555555555555555555555555
5555555555555555555555555555
9999999999999999999999999999
1414141414141414141414141414
7777777777777777777777777777
6666666666666666666666666666
4444444444444444444444444444
9999999999999999999999999999
6666666666666666666666666666
6666666666666666666666666666
5555555555555555555555555555
5555555555555555555555555555
5555555555555554545454545454
8585858585858585858585858585
5555555555555555555555555555
8989898989898989898989898989
4444444444444444444444444444
5858585858585858585858585858
5656565656565656565656565656
4444444444444444444444444444
6666666666666666666666666666
6565656565656565656565656565
9696969696969696969696969696
9999999999999999999999999999
6666666666666666666666666666
5555555555555555555555555555
5555555555555555555555555555
5555555555555555555555555555
9999999999999999999999999999
4444444444444444444444444444
7777777777777777777777777777
6666666666666666666666666666
4444444444444444444444444444
9999999999999999999999999999
6666666666666666666666666666
6666666666666666666666666666
9999999999999999999999999999
9999999999999999999999999999
9999999999999999999999999999
9999999999999999999999999999
9999999999999999999999999999
9999999999999999999999999999
4545454545454545454545454545
9999999999999999999999999999
6666666666666666666666666666
4444444444444444444444444444
9999999999999999999999999999
6666666666666666666666666666
6666666666666666666666666666
9999999999999999999999999999
9999999999999999999999999999
5555555555555555555555555555
5555555555555555555555555555
5656565656565656565656565656
9999999999999999999999999999
4444444444444444444444444444
7777777777777777777777777777
6666666666666666666666666666
4444444444444444444444444444
9999999999999999999999999999
6666161616161616161616161616
6666666666666666666666666666
5353535353535353535353535353
6565656565656565656565656565
5555555555555555555555555555
8585858585858585858585858585
5555555555555555555555555555
8989898989898989898989898989
4444444444444444444444444444
6767676767676767676767676767
5656565656565656565656565656
4343434343434343434343434343
6666666666666666666666666666
6565656565656565656565656565
6666666666666666666666666666
5555555555555555555555555555
6565656565656565656565656565
5555555555555555555555555555
8585858585858585858585858585
5555555555555555555555555555
8989898989898989898989898989
4444444444444444444444444444
6767676767676767676767676767
5656565656565656565656565656
6363636363636363636363636363
6666666666666666666666666666
6565656565656565656565656565
6666666666666666666666666666
5555555555555555555555555555
6565656565656565656161616161
5555555555555555555555555555
8585858585858585858585858585
5555555555555555555555555555
8989898989898989898989898989
4444444444444444444444444444
6767676767676767676767676767
5757575757575757575757575757
4343434343434343434343434343
6666666666666666666666666666
6565656565656565656565656565
6666666666666666666666666666
5555555555555555555555555555
6565656565656565656565656565
5555555555555555555555555555
8787878787878787878787878787
5555555555555555555555555555
8989898989898989898989898989
4343434343434343434343434343
6767676767676767676767676767
5656565656565656565656565656
4444444444444444444444444444
6666666666666666666666666666
6565656565656565656565653535
6666666666666666666666666666
9999999999999999999999999999
9999999999999999999999999999
9999999999999999999999999999
9999999999999999999999999999
9999999999999999999999999999
9999999999999999999999999999
4545454545454545454545454545
9999999999999999999999999999
6565656565656565656565656565
4444444444444444444444444444
9999999999999999999999999999
6666666666666666666666666666
6666666666666666666666666666
5555555555555555555555555555
5555555555555555555555555555
5959595959595959595959595959
8585858585858585858585858585
5555555555555555555555555555
8989898989895959595959595959
4444444444444444444444444444
5757575757575757575757575757
5656565656565656565656565656
4444444444444444444444444444
6666666666666666666666666666
6565656565656565656565656565
6666666666666666666666666666
9999999999999999999999999998
9999999999999999999999999999
9999999999999999999999999999
9999999999999999999999999999
9999999999999999999999999999
9999999999999999999999999999
9999999999999999999999999999
9999999999999999999999999999
9999999999999999999999999999
9999999999999999999999999999
9999999999999999999999999999
9999999999999999999999999999
6666666666666666666666666666
9999999999999999999999999999
9999999999999999999999999999
9999999999999999999999999999
5555555555555555555555555555
9999999999999999999999999999
9999999999999999999999999999
4444444444444444444444444444
9494949494949494949494949494
6666666666666666666666666666
4444444444444444444444444444
9999999999999999999999999999
6666666666666666666666666666
6666666666666666666666666666
5555555555555555555555555555
9595959595959595959595959595
5555555555555555555555555555
5555555555555555555555555555
5555555555555555555555555555
9999999999999999999999999999
4444444444444444444444444444
6767676767676767676767676767
6666666666666666666666666666
4444444444444444444444444444
6767676767676767676767676767
6565656565656565656565656565
6666666666666666666666666666
9595959595959595959595959595
5555555555555555555555555555
5555555555555555555555555555
5555555555555555555555555555
5555555555555555555555555555
9999999999999999999999999999
4444424242424242424242424242
7777777777777777777777777777
6767676767676767676767676767
4444444444444444444444444444
6666666666666666666666666666
6565656565656565656565656565
6666666666666666666666666666
9999999999999999999999999999
9999999999999999999999999999
9999999999999999999999898989
5555555555555555555555555555
5555555555555555555555555555
9999999999999999999999999999
4444444444444444444444444444
7777777777777777777777777777
6666666666666666666666666666
4949494949494949494949494949
9999999999999999999999999999
6666666666666666666666666666
6666666666666666666666666666
9999999999999999999999999999
9999999999999999999999999999
6666666666666666666666666666
5555555555555555555555555555
5959595959595959595959595959
9999999999999999999999999999
4444444444444444444444444444
7777777777777777777777777777
6666666666666666666666666666
4444444444444444444444444444
9999999999999999999999999999
6666666666666666666666666666
6666666666666666666666666666
9999999999999999999999999999
6666666666626262626262626262
5555555555555555555555555555
5555555555555555555555555555
5555555555555555555555555555
9999999999999999999999999999
4444444444444444444444444444
7777777777777777777777777777
6666666666666666666666666666
4444444444444444444444444444
9999999999999999999999999999
6666666666666666666666666666
6666666666666666666666666666
9999999999999999999999999999
9999999949494949494949494949
9696969696969696969696969696
5555555555555555555555555555
5555555555555555555555555555
9999999999999999999999999999
4444444444444444444444444444
7979797979797979797979797979
6666666666666666666666666666
4444444444444444444444444444
9999999999999999999999999999
6666666666666666666666666666
6666666666666666666666666666
9999999999999999999999999999
6666666666666666666666666666
5959595959595959595959595959
5555555555555555555555555555
5555555555555555555555555555
9999999999999999999999999999
4444444444444444444444444444
7777777777777777777777777777
6666666666666666666666666666
4444444444444444444444444444
9999999999999999999999999999
6666666666666666666666666666
6666666666666666666666666666
9999999999999999999999999999
6868686868686868686868686868
5555555555555555555555555555
5555555555555555555555555555
5555555555555555555555555555
9797979797979797979797979797
4444444444444444444444444444
7777777777777777777777777777
6666666666666666666666666666
4444444444444444444444444444
9999999999999999999999999999
6666666666666666666666666666
