3082253673
10 12 100
999999999999999999999999
999999999999999999999999
999999999999999999999999
999999999999999999999999
999999999999999999999999
999999999999999999999999
999999999999999999999999
999999999999999999999999
999999999999999999999999
999999999999999999999999
999999999999999999999999
999999999999999999999999
999999999999999999999999
555555555555555555555555
999999999999999999999999
999999999999999999999999
999999999999999999999999
999999999999999999999999
999999999999999999999999
999999999999999999999999
999999999999999999999999
999999999999999999999999
999999999999999999999999
333333333333333333333333
999999999999999999999999
999999999999999999999999
999999999999999999999999
999999999999999999999999
999999999999999999999999
999999999999999999999999
999999999999999999999999
999999999999999999999999
999999999999999999999999
444444444444444444444444
999999999999999999999999
999999999999999999999999
999999999999999999999999
999999999999999999999999
999999999999999999999999
999999999999999999999999
999999999999999999999999
999999999999999999999999
999999999999999999999999
555555555555555555555555
999999999999999999999999
444444444444444444444444
999999999999999999999999
999999999999999999999999
999999999999999999999999
999999999999999999999999
999999999999999999999999
999999999999999999999999
999999999999999999999999
555555555555555555555555
999999999999999999999999
222222222222222222222222
999999999999999999999999
999999999999999999999999
999999999999999999999999
999999999999999999999999
999999999999999999999999
999999999999999999999999
999999999999999999999999
555555555555555555555555
999999999999999999999999
333333333333333333333333
999999999999999999999999
999999999999999999999999
999999999999999999999999
999999999999999999999999
999999999999999999999999
999999999999999999999999
999999999999999999999999
555555555555555555555555
999999999999999999999999
444444444444444444444444
999999999999999999999999
444444444444444444444444
999999999999999999999999
999999999999999999999999
999999999999999999999999
999999999999999999999999
999999999999999999999999
555555555555555555555555
999999999999999999999999
444444444444444444444444
999999999999999999999999
222222222222222222222222
999999999999999999999999
999999999999999999999999
999999999999999999999999
999999999999999999999999
999999999999999999999999
555555555555555555555555
999999999999999999999999
444444444444444444444444
999999999999999999999999
333333333333333333333333
999999999999999999999999
999999999999999999999999
999999999999999999999999
999999999999999999999999
999999999999999999999999
555555555555555555555555
999999999999999999999999
444444444444444444444444
999999999999999999999999
444444444444444444444444
999999999999999999999999
444444444444444444444444
999999999999999999999999
999999999999999999999999
999999999999999999999999
555555555555555555555555
999999999999999999999999
444444444444444444444444
999999999999999999999999
444444444444444444444444
999999999999999999999999
666666666666666666666666
999999999999999999999999
999999999999999999999999
999999999999999999999999
555555555555555555555555
999999999999999999999999
444444444444444444444444
999999999999999999999999
444444444444444444444444
999999999999999999999999
555555555555555555555555
999999999999999999999999
999999999999999999999999
999999999999999999999999
555555555555555555555555
555555555555555555555555
444444444444444444444444
999999999999999999999999
444444444444444444444444
999999999999999999999999
555555555555555555555555
999999999999999999999999
999999999999999999999999
999999999999999999999999
555555555555555555555555
333333333333333333333333
444444444444444444444444
999999999999999999999999
444444444444444444444444
999999999999999999999999
555555555555555555555555
999999999999999999999999
999999999999999999999999
999999999999999999999999
555555555555555555555555
444444444444444444444444
444444444444444444444444
999999999999999999999999
444444444444444444444444
999999999999999999999999
555555555555555555555555
999999999999999999999999
999999999999999999999999
555555555555555555555555
555555555555555555555555
555555555555555555555555
444444444444444444444444
999999999999999999999999
444444444444444444444444
999999999999999999999999
555555555555555555555555
999999999999999999999999
999999999999999999999999
333333333333333333333333
555555555555555555555555
555555555555555555555555
444444444444444444444444
999999999999999999999999
444444444444444444444444
999999999999999999999999
555555555555555555555555
999999999999999999999999
999999999999999999999999
444444444444444444444444
555555555555555555555555
555555555555555555555555
444444444444444444444444
999999999999999999999999
444444444444444444444444
999999999999999999999999
555555555555555555555555
555555555555555555555555
999999999999999999999999
555555555555555555555555
555555555555555555555555
555555555555555555555555
444444444444444444444444
999999999999999999999999
444444444444444444444444
999999999999999999999999
555555555555555555555555
333333333333333333333333
999999999999999999999999
555555555555555555555555
555555555555555555555555
555555555555555555555555
444444444444444444444444
999999999999999999999999
444444444444444444444444
999999999999999999999999
555555555555555555555555
444444444444444444444444
999999999999999999999999
555555555555555555555555
555555555555555555555555
555555555555555555555555
444444444444444444444444
999999999999999999999999
444444444444444444444444
999999999999999999999999
555555555555555555555555
444444444444444444444444
999999999999999999999999
555555555555555555555555
555555555555555555555555
555555555555555555555555
444444444444444444444444
999999999999999999999999
444444444444444444444444
444444444444444444444444
555555555555555555555555
444444444444444444444444
999999999999999999999999
555555555555555555555555
555555555555555555555555
555555555555555555555555
444444444444444444444444
999999999999999999999999
444444444444444444444444
666666666666666666666666
555555555555555555555555
444444444444444444444444
999999999999999999999999
555555555555555555555555
555555555555555555555555
555555555555555555555555
444444444444444444444444
999999999999999999999999
444444444444444444444444
555555555555555555555555
555555555555555555555555
444444444444444444444444
555555555555555555555555
555555555555555555555555
555555555555555555555555
555555555555555555555555
444444444444444444444444
999999999999999999999999
444444444444444444444444
555555555555555555555555
555555555555555555555555
444444444444444444444444
333333333333333333333333
555555555555555555555555
555555555555555555555555
555555555555555555555555
444444444444444444444444
999999999999999999999999
444444444444444444444444
555555555555555555555555
555555555555555555555555
444444444444444444444444
444444444444444444444444
555555555555555555555555
555555555555555555555555
555555555555555555555555
444444444444444444444444
999999999999999999999999
444444444444444444444444
555555555555555555555555
555555555555555555555555
444444444444444444444444
555555555555555555555555
555555555555555555555555
555555555555555555555555
555555555555555555555555
444444444444444444444444
555555555555555555555555
444444444444444444444444
555555555555555555555555
555555555555555555555555
444444444444444444444444
555555555555555555555555
555555555555555555555555
555555555555555555555555
555555555555555555555555
444444444444444444444444
333333333333333333333333
444444444444444444444444
555555555555555555555555
555555555555555555555555
444444444444444444444444
555555555555555555555555
555555555555555555555555
555555555555555555555555
555555555555555555555555
444444444444444444444444
444444444444444444444444
444444444444444444444444
555555555555555555555555
555555555555555555555555
444444444444444444444444
555555555555555555555555
555555555555555555555555
555555555555555515111111
555555555555555555555555
444444444444444444444444
555555555555555555555555
444444444444444444444444
555555555555555555555555
555555555555555555555555
444444444444444444444444
555555555555555555555555
555555555555555555555555
454545454545454545454545
555555555555555555555555
444444444444444444444444
555555555555555555555555
444444444444444444444444
555555555555555555555555
555555555555555555555555
444444444444444444444444
555555555555555555555555
555555555555555555555555
545454545454545454545454
555555555555555555555555
444444444444444444444444
555555555555555555555555
444444444444444444444444
555555555555555555555555
555555555555555555555555
444444444444444444444444
555555555555555555555555
555555555555555555555555
555555555555555555555555
555555555555555555555555
343434343434343434343434
555555555555555555555555
444444444444444444444444
555555555555555555555555
555555555555555555555555
444444444444444444444444
555555555555555555555555
555555555555555555555555
555555555555555555555555
555555555555555555555555
434343434343434343434343
555555555555555555555555
444444444444444444444444
555555555555555555555555
555555555555555555555555
444444444444444444444444
555555555555555555555555
555555555555555555555555
555555555555555555555555
555555555555555555555555
444444444444444444444444
555555555555555555555555
444444444444444444444444
555555555555555555555555
454545454545454545454545
444444444444444444444444
555555555555555555555555
555555555555555555555555
555555555555555555555555
555555555555555555555555
444444444444444444444444
555555555555555555555555
444444444444444444444444
555555555555555555555555
545454545454545454545454
444444444444444444444444
555555555555555555555555
454545454545454545454545
555555555555555555555555
555555555555555555555555
444444444444444444444444
555555555555555555555555
444444444444444444444444
555555555555555555555555
545454545454545454545454
444444444444444444444444
555555555555555555555555
545454545454545454545454
555555555555555555555555
555555555555555555555555
444444444444444444444444
555555555555555555555555
444444444444444444444444
555555555555555555555555
545454545454545454545454
444444444444444444444444
555555555555555555555555
545454545454545454545454
555555555555555555555555
454545454545454545454545
444444444444444444444444
555555555555555555555555
444444444444444444444444
555555555555555555555555
545454545454545454545454
444444444444444444444444
555555555555555555555555
545454545454545454545454
555555555555555555555555
545454545454545454545454
444444444444444444444444
555555555555555555555555
444444444444444444444444
555555555555555555555555
545454545454545454545454
444444444444444444444444
555555555555555555555555
545454545454545454545454
555555555555555555555555
545454545454545454545454
444444444444444444444444
555555555555555555555555
343434343434343434343434
555555555555555555555555
545454545454545454545454
444444444444444444444444
555555555555555555555555
545454545454545454545454
555555555555555555555555
545454545454545454545454
444444444444444444444444
555555555555555555555555
434343434343434343434343
555555555555555555555555
545454545454545454545454
444444444444444444444444
555555555555555555555555
545454545454545454545454
555555555555555555555555
545454545454545454545454
444444444444444444444444
555555555555555555555555
444444444444444444444444
454545454545454545454545
545454545454545454545454
444444444444444444444444
555555555555555555555555
545454545454545454545454
555555555555555555555555
545454545454545454545454
444444444444444444444444
555555555555555555555555
444444444444444444444444
545454545454545454545454
545454545454545454545454
444444444444444444444444
454545454545454545454545
545454545454545454545454
555555555555555555555555
545454545454545454545454
444444444444444444444444
555555555555555555555555
444444444444444444444444
545454545454545454545454
545454545454545454545454
444444444444444444444444
545454545454545454545454
545454545454545454545454
555555555555555555555555
545454545454545454545454
444444444444444444444444
555555555555555555555555
444444444444444444444444
545454545454545454545454
545454545454545454545454
343434343434343434343434
545454545454545454545454
545454545454545454545454
555555555555555555555555
545454545454545454545454
444444444444444444444444
555555555555555555555555
444444444444444444444444
545454545454545454545454
545454545454545454545454
434343434343434343434343
545454545454545454545454
545454545454545454545454
555555555555555555555555
545454545454545454545454
444444444444444444444444
555555555555555555555555
444444444444444444444444
545454545454545454545454
545454545454545454545454
444444444444444444444444
545454545454545454545454
545454545454545454545454
555555555555555555555555
545454545454545454545454
444444444444444444444444
454545454545454545454545
444444444444444444444444
545454545454545454545454
545454545454545454545454
444444444444444444444444
545454545454545454545454
545454545454545454545454
555555555555555555555555
545454545454545454545454
444444444444444444444444
545454545454545454545454
444444444444444444444444
545454545454545454545454
545454545454545454545454
444444444444444444444444
545454545454545454545454
545454545454545454545454
555555555555555515111111
545454545454545454545454
444444444444444444444444
555555555555555555555555
444444444444444444444444
545454545454545454545454
545454545454545454545454
444444444444444444444444
545454545454545454545353
545454545454545454545454
555555555555555555555555
545454545454545454545454
444444444444444444444444
555555555555555555555555
444444444444444444444444
545454545454545454545454
565656565656565656565656
444444444444444444444444
555555555555555555555555
545454545454545454545454
555555555555555555555555
555555555555555555555555
444444444444444444444444
555555555555555555555555
434343434343434343434343
555555555555555555555555
545454545454545454545454
999999999999999999999999
999999999999999999999999
999999999999999999999999
555555555555555555555555
555555555535353535353535
444444444444444444444444
999999999999999999999999
848484848484848484848484
999999999999999999999999
555555555555555555555555
444444444444444444444444
555555555555555555555555
545454545454545454545454
515151515151515151515151
545454545454545454545454
444444444444444444444444
555555555555555555555555
444444444444444444444444
555555555555555555555555
545454545454545454545454
242424242424242424242424
999999999999999999999999
555555555555555555555555
555555555555555555555555
555555555555555555555555
444444444444444444444444
999999999999999999999999
444444444444444442424242
999999999999999999999999
555555555555555555555555
999999999999999999999999
999999999999999999999999
999999999999999999999999
555555555555555555555555
999999999999999999999999
444444444444444444444444
999999999999999999999999
414141414141414141414141
999999999999999999999999
555555555555555555555555
444444444444444444444444
555555555555555555555555
555555555555555555555555
555555555555555555555555
959595959595959595959595
444444444444444444444444
999999999999999999999999
444444444444444444444444
555555555555555555555555
555555555555555555555555
444444444444444444444444
555555555555555555555555
545454545454545454545454
555555555555555555555555
555555555555555555555555
444444444444444444444444
555555555555555555555555
444444444444444444444444
555555555555555555555555
848484848484848484848484
444444444444444444444444
999999999999999999999999
555555555525252525252525
555555555555555555555555
555555555555555555555555
474747474747474747474747
999999999999999999999999
444444444444444444444444
555555555555555555555555
555555555555555555555555
444444444444444444444444
555555555555555555555555
545454545454545454545454
555555555555555555555555
565656565656565656565656
444444444444444444444444
555555555555555555555555
444444444444444444444444
555555555555555555555555
545454545454545454545454
999999999999999999999999
999999999999999999999999
656565656565656565656565
555555555555555555555555
555555555555555555555555
444444444444444444444444
999999999999999999999999
444444444444444444444444
999999999999999999999999
555555555555555555555555
444444444444444444444444
494949494949494949494949
555555555555555555555555
555555555555555555555555
555555555555555555555555
444444444444444414141414
999999999999999999999999
444444444444444444444444
666666666666666666666666
555555555555555555555555
444444444444444444444444
545454545454545454545353
545454545454545454545454
555555555555555555555555
545454545454545454545454
444444444444444444444444
555555555555555555555555
444444444444444444444444
515151515151515151515151
565656565653535353535353
444444444444444444444444
555555555555555252525252
555555555555555555555555
555555555555555555555555
555555555555555555555555
444444444444444444444444
555555555555555555555555
444444444444444444444444
757575757575757575757575
555555555555555555555555
444444444444444444444444
555555555555555555555555
555555555555555555555555
555555555555555555555555
535353535353535353535353
444444444444444444444444
555555555555555555555555
444444444444444444444444
555555555555555555555555
555555555555555555555555
444444444444444444444444
999999999999999999999999
555555555525252525252525
555555555555555555555545
555555555555555555555555
474747474747474747474747
999999999999999999999999
747474747474747474747474
555555555555555555555555
555555555555555555555555
999999999999999999999999
999999999999999999999999
898989898989898989898989
555555555555555555555555
999999999999999999999999
999999999999999999999999
999999999999999999999999
999999999999999999999999
999999999999999999999999
999999999999999999999999
444444444444444444444444
999999999999999999999999
555555555525252525252525
555555555555555555555545
555555555555555555555555
474747474747474747474747
999999999999999999999999
747474747474747474747474
595959595959595959595959
555555555555555555555555
444444444444444444444444
545454545454545454545454
545454545454545454545454
555555555555555555555555
565656565656565656565656
444444444444444444444444
555555555555555555555555
444444444444444444444444
545454545454545454545454
545454545454545454545454
444444444444444444444444
555555555555555555555555
555555555555555555555555
555555555555555555555555
555555555555555555555555
949494949494949494949494
555555555555555555555555
444442424242424242424242
555555555555555555555555
555555555555555555555555
444444444444444444444444
555555555555555555555555
545454545454545454545454
555555555555555555555555
545454545454545454545454
141414141414141414141414
555555555555555555555555
444444444444444444444444
545454545454545454545454
545454545454545454545454
444444444444444444444444
555555555555555555555555
545454545454545454545454
555555555555555555555555
555555555555555555555555
444444444444444444444444
555555555555555555555555
444444444444444444444444
555555555555555555555555
141414141414141414141414
555555555555555555555555
999999999999999999999999
454545454545454545454545
555555555555555555555555
555555555555555555555555
444444444444444444444444
999999999999999999999999
444444444444444444444444
999999999999999999999999
555555555555555555555555
444444444444444444444444
999999999999999999999999
555555555555555555555555
515151515151515151515151
555555555555555555555555
444444444444444444444444
999999999999999999999999
444444444444444444444444
666666666666666666666666
555555555555555555555555
444444444444444444444444
979797979797979797979797
555555555555555555555555
555555555555555555555555
555555555555555555555555
444444444444444444444444
999999999999999999999999
444444444444444444444444
555555555555555555555555
555555555555555555555555
999999999999999999999999
999999999999999999999999
999999999999999999995959
555555555555555555555555
999999999999999999999999
949494949494949494949494
999999999999999999999999
444444444444444444444444
999999999999999999999999
666666666666666666666666
464646464646464646464646
999999999999999999999999
555555555555555555555555
555555555555555555555555
555555555555555555555555
444444444444444444444444
999999999999999999999999
444444444444444444444444
999999999999999999999999
555555555555555555555555
999999999999999999999999
999999999999999999999999
999999999999999999999999
555555555555555555555555
999999999999999999999999
444444444444444444444444
999999999999999999999999
444444444444444444444444
999999999999999999999999
555555555555553535353535
555555555555555555555555
999999999999999999999999
555555555555555555555555
555555555555555555555555
555555555555555555555555
747474747474747474747474
999999999999999999999999
444444444444444444444444
999999999999999999999999
555555555555555555555555
444444444444444444444444
555555555555555252525252
555555555555555555555555
555555555555555555555555
555555555555555555555555
474747474747474747474747
555555555555555555555555
444444444444444444444444
757575757575757575757575
555555555555555555555555
444444444444444444444444
999999999999999999999999
555555555555555555555555
555555555555555555555555
555555555555555555555555
444444444444444444444444
999999999999999999999999
484848484848484848484848
666666666666666666666666
555555555555555555555555
444444444444444444444444
979797979797979797979797
555555555555555555555555
555555555555555555555555
555555555555555555555555
444444444444444444444444
999999999999999999999999
444444444444444444444444
585858585858585858585858
555555555555555555555555
848484848484848484848484
999999999999999999999999
555555555555555555555555
555555555555555555555555
555555555555555555555555
444444444444444444444444
999999999999999999999999
444444444444444444444444
555555555555555555555555
555555555555555555555555
444444444444444444444444
999999999999999999999999
555555555555555555555555
555555555555555555555555
555555555555555555555555
444444444444444444444444
999999999999999999999999
484848484848484848484848
555555555555555555555555
555555555555555555555555
444444444444444444444444
999999999999999999999999
555555555555555555555555
555555555555555555555555
555555555555555555555555
474747474747474747474747
999999999999999999999999
474747474747474747474747
555555555555555555555555
555555555555555555555555
444444444444444444444444
999999999999999999999999
555555555525252525252525
555555555555555555555555
555555555555555555555555
474747474747474747474747
999999999999999999999999
444444444444444444444444
555555555555555555555555
959595959595959595959595
444444444444444444444444
999999999999999999999999
555555555555555555555555
555555555555555555555555
565656565656565656565656
444444444444444444444444
999999999999999999999999
444444444444444444444444
555555555555555555555555
555555555555555555555555
444444444444444444444444
999999999999999999999999
555555555525252525252525
555555555555555555555545
555555555555555555555555
474747474747474747474747
999999999999999999999999
747474747474747474747474
575757575757575757575757
555555555555555555555555
848484848484848484848484
999999999999999999999999
555555555555555555555555
555555555555555555555555
555555555555555555555555
444444444444444444444444
999999999999999999999999
444444444444444444444444
555555555555545454545454
555555555555555555555555
444444444444444444444444
797979797979797979797979
555555555555555555555555
555555555555555555555545
555555555555555555555555
474747474747474747474747
999999999999999999999999
747474747474747474747474
555555555555555555555555
555555555555555555555555
444444444444444444444444
545454545454545454545454
545454545454545454545454
555555555555555555555555
595959595959595959595959
444444444444444444444444
555555555555555555555555
444444444444444444444444
545454545454545454545454
545454545454545454545454
454545454545454545454545
555555555555555555555555
545454545454545454545454
555555555555555555555555
545454545454545454545454
444444444444444444444444
555555555555555555555555
444444444444444444444444
545454545454545454545454
545454545454545454545454
999999999999999999999999
999999999999999999999999
989898989898989898989898
555555555555555555555555
999999999999999999999999
444444444444444444444444
999999999999999999999999
444444444444444444444444
999999999999999999999999
999999999999999999999999
949494949494949494949494
555555555555555555555555
545454545454545454545454
555555555555555555555555
565656565656565656565656
444444444444444444444444
555555555555555555555555
444444444444444444444444
555555555555555555555555
545454545454545454545454
444444444444444444444444
555555555555555555555555
555555555555555555555555
555555555555555555555555
999999999999999999999999
444444444444444444444444
999999999999999999999999
444444444444444444444444
555555555555555555555555
555555555555555555555555
545454545454545454545454
999999999999999999999999
555555555555555555555555
555555555555555555555555
555555555555555555555555
444444444444444444444444
999999999999999999999999
444444444444444444444444
999999999999999999999999
555555555555555555555555
555555555555555555555555
999999999999999999999999
555555555555555555555555
595959595959595959595959
555555555555555555555555
747474747474747474747474
999999999999999999999959
444444444444444444444444
999999999999999999999999
555555555555555555555555
