3891819382
10 8 300
9999999999999999
9999999999999999
9999999999999999
9999999999999999
9999999999999999
9999999999999999
9999999999999999
9999999999999999
9999999999999999
9999999999999999
9999999999999999
9999999999999999
5959595959595959
9999999999999999
9999999999999999
9999999999999999
9999999999999999
9999999999999999
9999999999999999
9999999999999999
9999999999999999
9999999999999999
3939393939393939
9999999999999999
9999999999999999
9999999999999999
9999999999999999
9999999999999999
9999999999999999
9999999999999999
9999999999999999
9999999999999999
2929292929292929
9999999999999999
9999999999999999
9999999999999999
9999999999999999
9999999999999999
9999999999999999
9999999999999999
9999999999999999
5959595959595959
3939393939393939
9999999999999999
9999999999999999
9999999999999999
9999999999999999
9999999999999999
9999999999999999
9999999999999999
9999999999999999
3939393939393939
3939393939393939
9999999999999999
9999999999999999
9999999999999999
9999999999999999
9999999999999999
9999999999999999
9999999999999999
9999999999999999
4949494949494949
3939393939393939
9999999999999999
9999999999999999
9999999999999999
9999999999999999
9999999999999999
9999999999999999
9999999999999999
9999999999999999
4949494949494949
3535353535353535
9999999999999999
9999999999999999
9999999999999999
9999999999999999
9999999999999999
9999999999999999
9999999999999999
9999999999999999
4949494949494949
3333333333333333
9999999999999999
9999999999999999
9999999999999999
9999999999999999
9999999999999999
9999999999999999
9999999999999999
9999999999999999
4949494949494949
3232323232323232
9999999999999999
9999999999999999
9999999999999999
9999999999999999
9999999999999999
9999999999999999
9999999999999999
9999999999999999
4949494949494949
3333333333333333
9999999999999999
9999999999999999
9999999999999999
9999999999999999
5959595959595959
9999999999999999
9999999999999999
9999999999999999
4949494949494949
3333333333333333
9999999999999999
9999999999999999
9999999999999999
9999999999999999
3939393939393939
9999999999999999
9999999999999999
9999999999999999
4949494949494949
3333333333333333
9999999999999999
9999999999999999
9999999999999999
9999999999999999
2929292929292929
9999999999999999
9999999999999999
9999999999999999
4545454545454545
3333333333333333
9999999999999999
9999999999999999
9999999999999999
9999999999999999
3939393939393939
9999999999999999
9999999999999999
9999999999999999
4343434343434343
3333333333333333
9999999999999999
9999999999999999
9999999999999999
9999999999999999
3939393939393939
9999999999999999
9999999999999999
9999999999999999
4242424242424242
3333333333333333
9999999999999999
9999999999999999
9999999999999999
9999999999999999
3939393939393939
9999999999999999
9999999999999999
9999999999999999
4242424242424242
3333333333333333
9999999999999999
9999999999999999
9999999999999999
9999999999999999
3535353535353535
9999999999999999
9999999999999999
9999999999999999
4242424242424242
3333333333333333
9999999999999999
9999999999999999
9999999999999999
9999999999999999
3333333333333333
9999999999999999
9999999999999999
9999999999999999
4242424242424242
3333333333333333
9999999999999999
9999999999999999
9999999999999999
9999999999999999
3232323232323232
9999999999999999
9999999999999999
5959595959595959
4242424242424242
3333333333333333
9999999999999999
9999999999999999
9999999999999999
9999999999999999
3232323232323232
9999999999999999
9999999999999999
3939393939393939
4242424242424242
3333333333333333
9999999999999999
9999999999999999
9999999999999999
9999999999999999
3232323232323232
9999999999999999
9999999999999999
4949494949494949
4242424242424242
3333333333333333
9999999999999999
9999999999999999
9999999999999999
9999999999999999
3232323232323232
9999999999999999
9999999999999999
4545454545454545
4242424242424242
3333333333333333
9999999999999999
9999999999999999
9999999999999999
9999999999999999
3232323232323232
9999999999999999
9999999999999999
4343434343434343
4242424242424242
3333333333333333
9999999999999999
9999999999999999
9999999999999999
9999999999999999
3232323232323232
9999999999999999
9999999999999999
4242424242424242
4242424242424242
3333333333333333
9999999999999999
9999999999999999
9999999999999999
9999999999999999
3232323232323232
9999999999999999
9999999999999999
4242424242424242
4242424242424242
3333333333333333
5959595959595959
9999999999999999
9999999999999999
9999999999999999
3232323232323232
9999999999999999
9999999999999999
4242424242424242
4242424242424242
3333333333333333
3939393939393939
9999999999999999
9999999999999999
9999999999999999
3232323232323232
9999999999999999
9999999999999999
4242424242424242
4242424242424242
3333333333333333
4949494949494949
9999999999999999
9999999999999999
9999999999999999
3232323232323232
9999999999999999
9999999999999999
4242424242424242
4242424242424242
3333333333333333
4949494949494949
9999999999999999
9999999999999999
9999999999999999
3232323232323232
5959595959595959
9999999999999999
4242424242424242
4242424242424242
3333333333333333
4949494949494949
9999999999999999
9999999999999999
9999999999999999
3232323232323232
3939393939393939
9999999999999999
4242424242424242
4242424242424242
3333333333333333
4949494949494949
9999999999999999
9999999999999999
9999999999999999
3232323232323232
4949494949494949
9999999999999999
4242424242424242
4242424242424242
3333333333333333
4949494949494949
9999999999999999
9999999999999999
5959595959595959
3232323232323232
4949494949494949
9999999999999999
4242424242424242
4242424242424242
3333333333333333
4949494949494949
9999999999999999
9999999999999999
3939393939393939
3232323232323232
4949494949494949
9999999999999999
4242424242424242
4242424242424242
3333333333333333
4949494949494949
9999999999999999
9999999999999999
4949494949494949
3232323232323232
4949494949494949
9999999999999999
4242424242424242
4242424242424242
3333333333333333
4545454545454545
9999999999999999
9999999999999999
4949494949494949
3232323232323232
4949494949494949
9999999999999999
4242424242424242
4242424242424242
3333333333333333
4343434343434343
9999999999999999
9999999999999999
4949494949494949
3232323232323232
4949494949494949
9999999999999999
4242424242424242
4242424242424242
3333333333333333
4242424242424242
9999999999999999
9999999999999999
4949494949494949
3232323232323232
4949494949494949
9999999999999999
4242424242424242
4242424242424242
3333333333333333
4242424242424242
9999999999999999
9999999999999999
4949494949494949
3232323232323232
4545454545454545
9999999999999999
4242424242424242
4242424242424242
3333333333333333
4242424242424242
9999999999999999
9999999999999999
4949494949494949
3232323232323232
4343434343434343
9999999999999999
4242424242424242
4242424242424242
3333333333333333
4242424242424242
9999999999999999
9999999999999999
4949494949494949
3232323232323232
4242424242424242
9999999999999999
4242424242424242
4242424242424242
3333333333333333
4242424242424242
5959595959595959
9999999999999999
4949494949494949
3232323232323232
4242424242424242
9999999999999999
4242424242424242
4242424242424242
3333333333333333
4242424242424242
3939393939393939
9999999999999999
4949494949494949
3232323232323232
4242424242424242
9999999999999999
4242424242424242
4242424242424242
3333333333333333
4242424242424242
4949494949494949
9999999999999999
4949494949494949
3232323232323232
4242424242424242
9999999999999999
4242424242424242
4242424242424242
3333333333333333
4242424242424242
4949494949494949
9999999999999999
4545454545454545
3232323232323232
4242424242424242
9999999999999999
4242424242424242
4242424242424242
3333333333333333
4242424242424242
4949494949494949
9999999999999999
4343434343434343
3232323232323232
4242424242424242
9999999999999999
4242424242424242
4242424242424242
3333333333333333
4242424242424242
4949494949494949
9999999999999999
4242424242424242
3232323232323232
4242424242424242
9999999999999999
4242424242424242
4242424242424242
3333333333333333
4242424242424242
4949494949494949
5959595959595959
4242424242424242
3232323232323232
4242424242424242
9999999999999999
4242424242424242
4242424242424242
3333333333333333
4242424242424242
4949494949494949
3939393939393939
4242424242424242
3232323232323232
4242424242424242
9999999999999999
4242424242424242
4242424242424242
3333333333333333
4242424242424242
4949494949494949
4949494949494949
4242424242424242
3232323232323232
4242424242424242
9999999999999999
4242424242424242
4242424242424242
3333333333333333
4242424242424242
4545454545454545
4949494949494949
4242424242424242
3232323232323232
4242424242424242
9999999999999999
4242424242424242
4242424242424242
3333333333333333
4242424242424242
4343434343434343
4949494949494949
4242424242424242
3232323232323232
4242424242424242
9999999999999999
4242424242424242
4242424242424242
3333333333333333
4242424242424242
4242424242424242
4949494949494949
4242424242424242
3232323232323232
4242424242424242
9999999999999999
4242424242424242
4242424242424242
3333333333333333
4242424242424242
4242424242424242
4545454545454545
4242424242424242
3232323232323232
4242424242424242
9999999999999999
4242424242424242
4242424242424242
3333333333333333
4242424242424242
4242424242424242
4343434343434343
4242424242424242
3232323232323232
4242424242424242
9999999999999999
4242424242424242
4242424242424242
3333333333333333
4242424242424242
4242424242424242
4242424242424242
4242424242424242
3232323232323232
4242424242424242
9999999999999999
4242424242424242
4242424242424242
3333333333333333
4242424242424242
4242424242424242
4242424242424242
4242424242424242
3232323232323232
4242424242424242
5959595959595959
4242424242424242
4242424242424242
3333333333333333
4242424242424242
4242424242424242
4242424242424242
4242424242424242
3232323232323232
4242424242424242
7979797979797979
4242424242424242
4242424242424242
3333333333333333
4242424242424242
4242424242424242
4242424242424242
4242424242424242
3232323232323232
4242424242424242
6969696969696969
4242424242424242
4242424242424242
3333333333333333
4242424242424242
4242424242424242
4242424242424242
4242424242424242
3232323232323232
4242424242424242
6565656565656565
4242424242424242
4242424242424242
3333333333333333
4242424242424242
4242424242424242
4242424242424242
4242424242424242
3232323232323232
4242424242424242
6363636363636363
4242424242424242
4242424242424242
3333333333333333
4242424242424242
4242424242424242
4242424242424242
4242424242424242
3232323232323232
4242424242424242
6262626262626262
4545454545454545
4242424242424242
3333333333333333
4242424242424242
4242424242424242
4242424242424242
4242424242424242
3232323232323232
4242424242424242
6262626262626262
4343434343434343
4242424242424242
3333333333333333
4242424242424242
4242424242424242
4242424242424242
4242424242424242
3232323232323232
4242424242424242
6262626262626262
4242424242424242
4242424242424242
3333333333333333
4242424242424242
4242424242424242
4242424242424242
4242424242424242
3232323232323232
4242424242424242
6262626262626262
4242424242421212
4242424212121212
3333333333333333
4242424242424242
4242424242424242
4242424242424242
4242424242424242
3232323232323232
4242424242424242
6262626262626262
4242424242424242
3232323232323232
3333333333333333
4242424242424242
4242424242424242
4242424242424242
4242424242424242
3232323232323232
4242424242424242
6262626262626262
4242424242424242
4141414141414141
3333333333333333
4242424242424242
4242424242424242
4242424242424242
4242424242424242
3232323232323232
4242424242424242
6262626262626262
3232323232323232
4141414141414141
3333333333333333
4242424242424242
4242424242424242
4242424242424242
4242424242424242
3232323232323232
4242424242424242
6262626262626262
4141414141414141
4141414141414141
3333333333333333
4242424242424242
4242424242424242
4242424242424242
4242424242424242
3232323232323232
4242424242424242
6262626262626262
4141414141414141
4141414141414141
3333333333333333
3232323232323232
4242424242424242
4242424242424242
4242424242424242
3232323232323232
4242424242424242
6262626262626262
4141414141414141
4141414141414141
3333333333333333
4141414141414141
4242424242424242
4242424242424242
4242424242424242
3232323232323232
4242424242424242
6262626262626262
4141414141414141
4141414141414141
3333333333333333
4141414141414141
4242424242424242
4242424242424242
4242424242424242
3232323232323232
3232323232323232
6262626262626262
4141414141414141
4141414141414141
3333333333333333
4141414141414141
4242424242424242
4242424242424242
4242424242424242
3232323232323232
4141414141414141
6262626262626262
4141414141414141
4141414141414141
2323232323232323
4141414141414141
4242424242424242
4242424242424242
4242424242424242
3232323232323232
4141414141414141
6262626262626262
4141414141414141
4141414141414141
3232323232323232
4141414141414141
4242424242424242
4242424242424242
4242424242424242
3232323232323232
4141414141414141
6262626262626262
4141414141414141
4141414141414141
3333333333333333
4141414141414141
4242424242424242
4242424242424242
4242424242424242
2222222222222222
4141414141414141
6262626262626262
4141414141414141
4141414141414141
3333333333333333
4141414141414141
4242424242424242
4242424242424242
4242424242424242
3131313131313131
4141414141414141
6262626262626262
4141414141414141
4141414141414141
3333333333333333
4141414141414141
4242424242424242
4242424242424242
4242424242424242
3131313131313131
4141414141414141
5252525252525252
4141414141414141
4141414141414141
3333333333333333
4141414141414141
4242424242424242
4242424242424242
4242424242424242
3131313131313131
4141414141414141
6161616161616161
4141414141414141
4141414141414141
3333333333333333
4141414141414141
3232323232323232
4242424242424242
4242424242424242
3131313131313131
4141414141414141
6262626262626262
4141414141414141
4141414141414141
3333333333333333
4141414141414141
4141414141414141
4242424242424242
4242424242424242
3131313131313131
4141414141414141
6262626262626262
4141414141414141
4141414141414141
3333333333333333
4141414141414141
4242424242424242
3232323232323232
4242424242424242
3131313131313131
4141414141414141
6262626262626262
4141414141414141
4141414141414141
3333333333333333
4141414141414141
4242424242424242
4141414141414141
4242424242424242
3131313131313131
4141414141414141
6262626262626262
4141414141414141
4141414141414141
3333333333333333
4141414141414141
4242424242424242
4141414141414141
3232323232323232
3131313131313131
4141414141414141
6262626262626262
4141414141414141
4141414141414141
3333333333333333
4141414141414141
4242424242424242
4141414141414141
4141414141414141
3131313131313131
4141414141414141
6262626262626262
4242424242421212
4242424212121212
3333333333333333
4242424242424242
4242424242424242
4242424242424242
4242424242424242
3232323232323232
4242424242424242
6262626262626262
4141414141414141
1111111111111111
3333333333333333
4141414141414141
4242424242424242
4242424242424242
4242424242424242
3232323232323232
4242424222222222
6262626262626262
4141414141414141
4141414141414141
3333333323232323
4141414141414141
4242424242424242
4141414141414141
4141414141414141
3131313131313131
4141414141414141
6969696969696969
4242422222222222
4242424242424242
3333333333333333
4242424242424242
4343434343434343
4949494949494949
4242424242424242
3434343434343434
4242424242424242
9999999999999999
4545454545454545
4242424242424242
3636363636363636
9999999999999999
9999999999999999
9999999999999999
9999999999999999
3232323232323232
9999999999999999
9999999999999999
4343434343434343
6262626262626262
3333333333333333
9999999999999999
9999999999997979
9999999999999999
9999999999999999
3232323232323232
9999999999999999
9999999999999999
4242424242424242
4242424242424242
3333333333333333
4242424242424242
5959595959595959
9999999999999999
4949494949494949
3232323232323232
4242424242424242
6969696969696969
4242424242424242
4242424242424242
3333333333333333
4949494949484848
9999999999999999
9999999999999999
9999999999999999
1212121212121212
9999999999999999
9999999999999999
4242424242424242
4242424242424242
3333333333333333
4242424242424242
4848484848484848
4545454545454545
4242424242424242
3232323232323232
4242424242424242
9999999999999999
4242424242424242
4242424242424242
3333333333333333
4242424242424242
4242424242424242
4242424242424242
4242424242424242
3232323232323232
4242424242424242
7474747474747474
4242424242424242
4242424242323232
3333333333333333
4242424242424242
4242424242424242
7575757575757575
4242424242424242
3232323232323232
4242424242424242
9999999999999999
4242424242424242
2222222222222222
3333333333333333
4242424241414141
4545454545454545
4949494949494949
4242424242424242
3232323232323232
4242424242424242
9999999999999999
4242424242424242
4242424242424242
3333333333333333
1212121212121212
4848484848484848
4545454545454545
4242424242424242
3232323232323232
4242424242424242
9999999999999999
4242424242424242
4242424242424242
3333333333333333
4848484848484848
4545454545454545
4949494949494949
4242424242424242
3232323232323232
4242424242424242
9999999999999999
9999999999999999
2525252525252525
3333333333333333
9999999999999999
9999999999999999
9999999999999999
9999999999999999
3939393939393939
9999999999999999
9999999999999999
4242424242424242
4242424242424242
3333333333333333
4242424242424242
4242424242424242
4242424242424242
4242424242424242
3232323232323232
4646464646464646
7474747474747474
4141414141414141
4141414141414141
3333333333333333
4141414141414141
4242424242424242
9292929292929292
4242424242424242
3131313131313131
4141414141414141
6262626262626262
4545454545454545
4242424242424242
3333333333333333
9999999999999999
9999999999999999
9999999999999999
4949494949494949
3232323232323232
9999999999999999
9999999999999999
4242424242424242
4242424242424242
3333333333333333
4242424242424242
4242424242424242
6262626262626262
4242424242424242
3232323232323232
4242424242424242
6262626262626262
4848484848484848
4242424242424242
3333333333333333
4949494949494949
9999999999999999
9999999999999999
5959595959595959
3232323232323232
4949494949494949
9999999999999999
4242424242424242
4242424242424242
3333333333333333
4949494949494949
7979797979797979
9999999999999999
4949494949494949
3232323232323232
4949494949494949
9999999999999999
4242424242424242
4242424242424242
5353535353535353
4242424242424242
4949494949494949
9999998989898989
4949494949494949
3232323232323232
4242424242424242
9999999999999999
4242424242424242
4242424242424242
3333333333333333
4242424242424242
4242424242424242
4343434343434343
4242424242424242
3232323232323232
5252525252525252
9999999999999999
4141414141414141
4141414111111111
3333333333333333
4141414141414141
4242424242424242
4848484848484848
4141414141414141
3131313131313131
4141414141414141
6262626262626262
4848484848484848
4242424242424242
3333333333333333
4949494949494949
9999999999999999
9999999999999999
5959595959595959
3232323232323232
4141414141414141
9999999999999999
4242424242424242
4242424242424242
3333333333333333
4242424242424242
4545454545454545
4949494949494949
4747474747474747
3232323232323232
4242424242424242
9999999999999999
4242424242424242
4242424242424242
3333333333333333
4242424242424242
4949494949494949
9999999999999999
4949494949494949
3131313131313131
4242424242424242
9999999999999999
4242424242424242
4242424242424242
3333333333333333
3232323232323232
5959595959595959
9999999999999999
4949494949494949
3232323232323232
4242424242424242
9999999999999999
4242424242424242
4242424242424242
3333333333333333
4949494949494949
9999999999999999
9999999999999999
5959595959595959
8282828282828282
4949494949494949
9999999999999999
4343434343434343
6262626262626262
3333333333333333
9999999999999999
9999999999999999
9999999999999999
9999999999999999
3232323232323232
9999999999999999
9999999999999999
4242424242424242
4242424242424242
3333333333333333
4242424242424242
4343434343434343
4949494949494949
4242424242424242
3232323232323232
4747474747474747
9999999999999999
4242424242424242
4242424242424242
3333333333333333
4242424242424242
4242424242424242
4242424242424242
4646464646464646
3232323232323232
4242424242424242
6565656565626262
4242424242424242
4242424242424242
3333333333333333
4747474747474747
4949494949494949
9999999999999999
4949494949494949
3232323232323232
4242424242424242
9999999999999999
4141414141414141
4141414141414141
3333333333333333
4141414141414141
4242424242424242
4141414141414141
4141414141414141
5151515151515151
4141414141414141
6969696969696969
4141414141414141
4141414141414141
3333333323232323
4141414141414141
4646464646464646
4141414141414141
4141414141414141
3131313131313131
4141414141414141
6969696969696969
4141414141414141
4141414141414141
3333333333333333
4141414141414141
4242424242424242
4141414141414141
4242424242424242
3131313131313131
4141414141414141
6969696969696969
4242424242424242
4242424242414141
3333333333333333
4242424242424242
4242424242424242
4242424242424242
3232323232323232
3232323232323232
4646464646464646
7474747474747474
4242424242424242
4242424242424242
3333333333333333
4343434343434343
9999999999999999
9999999999999999
4949494949494949
7272727272727272
4949494949494949
9999999999999999
4242424242424242
4242424242424242
3737373737373737
4242424242424242
4242424242424242
4343434343434343
4242424242424242
3232323232323232
5252525252525252
9999999999999999
9898989898989898
4242424242424242
3333333333333332
4949494949494949
9999999999999999
9999999999999999
5959595959595959
3232323232323232
4141414141414141
9999999999999999
4242424242424242
4242424242424242
3333333333333333
4242424242424242
4242424242424242
4343434343434343
4242424242424242
7272727272727272
5252525252525252
9999999999999999
5959595959595959
4242424242424242
4343434343434343
9999999999999999
9999999999999999
9999999999999999
9999999999999999
3232323232323232
9999999999999999
9999999999999999
5252525252525252
4242424242424242
3333333333333333
4242424242424242
4242424242424242
4242424242424242
4242424242424242
3232323232323232
4242424242424242
6262626262626262
4343434343434343
6262626262626262
3333333333333333
9999999999999999
9595959595959595
9999999999999999
9999999999999999
3232323232323232
9999999999999999
9999999999999999
6969696969696969
4545454545454545
3333333333333333
9999999999999999
9999999999999999
9999999999999999
9999999999999999
3939393939393939
9999999999999999
9999999999999999
4242424242424242
4242424242323232
3333333333333333
4242424242424242
4242424242424242
7575757575757575
4242423232323232
3232323232323232
4242424242424242
9999999999999999
5959595959595959
7272727272727272
4343434343434343
9999999999999999
9999999999999999
9999999999999999
9999999999999999
3232323232323232
9999999999999999
9999999999999999
5959595959595959
7272727272727272
4343434343434343
9999999999999999
9999999999999999
4949494949494949
9999999999999999
3232323232323232
9999999999999999
9999999999999999
4242424242424242
4242424242424242
3333333333333333
4848484848484848
4545454545454545
4949494949494949
4242424242424242
3232323232323232
4545454545454545
9999999999999999
4242424242424242
4242424242424242
3333333333333333
4242424242424242
4242424242424242
5555555555555555
4242424242424242
3232323232323232
4242424242424242
9999999999999999
8282828282828282
4242424242424242
3333333333333333
4949494949494949
9999999999999999
9999999999999999
5959595959595959
8282828282828282
4949494949494949
9999999999999999
4242424242424242
4242424242424242
3333333333333333
4747474747474747
4949494949494949
9696969696969696
4949494949494949
3232323232323232
4242424242424242
9999999999999999
6262626262626262
4242424242424242
3333333333333333
4242424242424242
4242424242424242
4242424242424242
4242424242424242
3232323232323232
4242424242424242
7474747474747474
4242424242424242
4242424242424242
5353535353535353
4242424242424242
4848484848484848
4545454545454545
4242424242424242
3232323232323232
4242424242424242
9999999999999999
4242424242424242
4242424242323232
4343434343434343
4242424242424242
4242424242424242
7575757575757575
4242424242424242
3232323232323232
4242424242424242
9999999999999999
4242424242424242
7272727272727272
3333333333333333
4949494949494949
9999999999999999
9999999999999999
5959595959595959
3232323232323232
4949494949454545
9999999999999999
4141414141414141
4141414141414141
3333333333333333
4141414141414141
6262626262626262
4141414141414141
4242424242424242
3131313131313131
4141414141413131
6969696969696969
4343434343434343
4242424242424242
3333333333333333
9999999999999999
9999999995959595
9999999999999999
9999999999999999
3232323232323232
9999999999999999
9999999999999999
8282828282828282
4242424242424242
3333333333333333
4242424242424242
4242424242424242
4242424242424242
4242424242424242
3232323232323232
4242424242424242
6363636363636363
4242424242421212
4242424212121212
3333333333333333
4242424242424242
4242424242424242
4242424242424242
4242424242424242
3232323232323232
4242424242424242
6969696969696969
4141414141414141
1111111111111111
3333333333333333
4141414141414141
4646464646464646
4141414141414141
4141414141414141
3131313131313131
4141414141414141
6969696969696969
4141414141414141
4141414141414141
3333333333333333
4141414141414141
4242424242424242
4141414141414141
4343434343434343
3131313131313131
4141414141414141
6262626262626262
4242424242424242
4242424242424242
3333333333333333
4949494949494949
9999999999999999
9999999999999999
8989898989898989
3232323232323232
4949494949494949
9999999999999999
9999999999999999
5959595959595959
3939393939393939
9494949494949494
9999999999999999
9999999999999999
9999999999999999
9999999999999999
9999999999999999
9999999999999999
4242424242424242
4242424242424242
3333333333333333
4242424242424242
4949494949494949
9999999999999999
4949494949494949
3131313131313131
1212121212121212
9999999999999999
7272727272727272
4242424242424242
3333333333333333
4545454545454545
9999999999999999
9999999999999999
4949494949494949
3232323232323232
4949494949494949
9999999999999999
7272727272727272
4242424242424242
3333333333333333
4343434343434343
9999999999999999
9999999999999999
4949494949494949
3232323232323232
4949494949494949
9999999999999999
4242424242424242
4242424242323232
4343434343434343
4242424242424242
4242424242424242
3535353535353535
4242424242424242
3232323232323232
4242424242424242
9999999999999999
4242424242424242
4242424242424242
3333333333333232
4242424242424242
9999999999999999
9999999999999999
4949494949494949
3232323232323232
4545454545454545
9999999999999999
4848484848484848
4242424242424242
3333333333333333
4141414141414141
9999999999999999
9999999999999999
5959595959595959
3232323232323232
4141414141414141
9999999999999999
4141414141414141
4141414141414141
3333333333333333
4141414141414141
4242424242424242
9292929292929292
4242424242424242
3131313131313131
4141414141414141
6969696969696969
4242424242424242
4242424242424242
3333333333333333
4646464646464646
9999999999999999
9999999999999999
4949494949494949
3232323232323232
4545454545454545
9999999999999999
4242424242424242
4242424242323232
3333333333333333
4242424242424242
4242424242424242
7575757575757575
4242423232323232
3737373737373737
4242424242424242
9999999999999999
4242424242424242
1212121212121212
3333333333333333
4949494949494949
9999999999999999
9999999999999999
5959595959595959
3232323232323232
4949494949494949
9999999999999999
4141414141414141
4141414141414141
3333333333333333
4141414141414141
4242424242424242
4242424242424242
1212121212121212
3232323232323232
4242424242424242
6262626262626262
7272727272727272
4242424242424242
8383838383838383
4343434343434343
9999999995959595
9999999999999999
4949494949494949
3232323232323232
4949494949494949
9999999999999999
4242424242424242
6262626262626262
3333333333333333
4242424242424242
4545454545454545
4949494949494949
4242424242424242
3232323232323232
4242424242424242
9999999999999999
4848484848484848
4242424242424242
3333333333333333
4949494949494949
9999999999999999
6969696969696969
5959595959595959
3232323232323232
4949494949494949
9999999999999999
4242424242424242
4141414141414141
1313131313131313
4242424242424242
4242424242424242
4242424242424242
4242424242424242
3232323232323232
4242424242424242
6262626262626262
4242424242424242
4242424242424242
3333333333333333
4646464646464646
5959595959595959
9999999999999999
4949494949494949
3232323232323232
4242424242424242
9999999999999999
4242424242424242
4242424242424242
5353535353535353
4242424242424242
4545454545454545
4949494949494949
4747474747474747
3232323232323232
4242424242424242
9999999999999999
4242424242424242
1212121212121212
3333333333333333
4242424242424242
4242424242424242
4242424242424242
4242424242424242
3232323232323232
4242424242424242
7979797979797979
4242424242424242
4242424242424242
3333333333333333
4949494949494949
9999999999999999
9999999999999999
9999999999999999
5252525252525252
5959595959595959
9999999999999999
4747474747474747
4242424242424242
3333333333333333
4242424242424242
4343434343434343
4949494949494949
4242424242424242
3232323232323232
4747474747474747
9999999999999999
8282828282828282
4242424242424242
3333333333333333
4242424242422222
4242424242424242
4242424242424242
4242424242424242
3232323232323232
4242424242424242
8383838383838383
4141414141414141
4141414111111111
3333333333333333
4141414141414141
4242424242424242
4646464646464646
4141414141414141
3131313131313131
4141414141414141
6262626262626262
4141414141414141
6262626262626262
3333333333333333
9999999999999999
9999999999999999
9999999999999999
9999999999999999
3232323232323232
9999999999999999
9999999999999999
4242424242424242
4242424242424242
3333333333333333
4949494949494949
9999999999999999
9999999999999999
4949494949494949
3737373737373737
4949494949494949
9999999999999999
4242424242424242
5252525252525252
3333333333333333
4343434343434343
9999999999999999
9999999999999999
4949494949494949
7272727272727272
4949494949494948
9999999999999999
3232323232323232
4242424242424242
3333333333333333
4242424242424242
4242424242424242
6262626262626262
4242424242424242
3232323232323232
4242424242424242
6262626262626262
8282828282828282
4242424242424242
3333333333333333
4242424242424242
4242424242424242
4242424242424242
4242424242424242
3232323232323232
4242424242424242
7979797979797979
4141414141414141
4141414141414141
3333333333333333
4141414141414141
4949494949494949
4141414141414141
4343434343434343
3131313131313131
4141414141414141
6262626262626262
4343434343434343
4242424242424242
3333333333333333
9999999999999999
9999999999999999
9999999999999999
9696969696969696
3232323232323232
9999999999999999
9999999999999999
4242424242424242
4242424242424242
3535353535353535
4242424242424242
4343434343434343
4949494949494949
4242424242424242
3232323232323232
4747474747474747
9999999999999999
4242424242424242
6262626212121212
3333333333333333
4242424242424242
4242424242424242
4242424242424242
4242424242424242
3232323232323232
4242424242424242
6969696969696969
4242424242424242
4242424242424242
3333333333333333
4242424242424242
4242424242424242
4242424242424242
4242424242424242
7272727272727272
4242424242424242
7979797979797979
4242424242424242
4242424242424242
3333333333333333
9292929292929292
5959595959595959
9999999999999999
4949494949494949
3232323232323232
4242424242424242
9999999999999999
4242424242424242
4242424242424242
3333333333333333
4242424242424242
4242424242424242
4242424242424242
4242421212121212
3434343434343434
4242424242424242
6565656565656565
4141414141414141
4141414141414141
3333333333333333
4242424242424242
4242424242424242
2222222222222222
4242424242424242
3232323232323232
4242424242424242
6262626262626262
4141414141414141
4141414141414141
3333333333333333
4141414141414141
4242424242424242
4141414141414141
2222222222222222
3131313131313131
4141414141414141
6969696969696969
4949494949494949
4242424242424242
3333333333333333
4242424242424242
4242424242424242
4242424242424242
4646464646464646
3232323232323232
4242424242424242
6565656565656565
4242424242424242
4242424242424242
3333333333313131
4949494949494949
9999999999999999
9999999999999999
9999999999999999
3232323232323232
9999999999999999
9999999999999999
4242424242424242
4242424242424242
3333333333333333
4848484848484848
4545454545454545
4646464646464646
4242424242424242
3232323232323232
4545454545454545
9999999999999999
4848484848484848
4242424242424242
3333333333333333
4242424242424242
9999999999999999
9999999999999999
4949494949494949
3232323232323232
4545454545454545
9999999999999999
4242424242424242
4242424242424242
3333333333333333
4242424242424242
4242424242424242
4242424242424242
4242424242424242
3232323232323232
4242424242424242
6868686868686868
4242424242424242
4242424242424242
3333333333333333
4242424242424242
4242424242424242
4242424242424242
4242424242424242
2222222222222222
4242424242424242
6565656565656565
4242424242424242
4242424242424242
3535353535353535
4242424242424242
4242424242424242
4242424242424242
4242424242424241
3232323232323232
4242424242424242
6868686868686868
4848484848484848
4242424242424242
3333333333333333
4949494949494949
9999999999999999
6868686868686868
5959595959595959
3232323232323232
4949494949494949
9999999999999999
4242424242424242
4242424242323232
4343434343434343
4242424242424242
4242424242424242
7575757575757474
5252525252525252
3232323232323232
4242424242424242
9999999999999999
4242424242424242
4242424242424242
3333333333333333
4242424242424242
4242424242424242
4545454545453535
4242424242424242
7272727272727272
4242424242424242
9999999999999999
4848484848484848
4242424242424242
3333333333333333
4242424242424242
9999999999999999
9999999999999999
4949494949494949
3232313131313131
7575757575757575
9999999999999999
4242424242424242
4242424212121212
3333333333333333
4242424242424242
4242424242424242
6262626262626262
4242424242424242
3232323232323232
4242424242424242
6262626262626262
5959595959595959
4242424242424242
4343434343434343
9999999999999999
6969696969696969
9999999999999999
9999999999999999
3232323232323232
9999999999999999
9999999999999999
4242424242424242
6262626262626262
3333333333131313
4242424242424242
4242424242424242
4242424242424242
4242424242424242
3232323232323232
4646464646464646
7474747474747474
6161616161616161
4141414141414141
3333333323232323
4141414141414141
4242424242424242
4141414141414141
4141414141414141
3131313131313131
4141414141414141
6969696969696969
4242424242424242
4242424242424242
3333333333333333
4242424242424242
4242424242424242
4242424242424242
4242424242424242
3232323232323232
4242424242424242
7272727272727272
4141414141414141
4141414111111111
3333333333333333
4141414141414141
4545454545454545
4141414141414141
4141414141414141
3131313131313131
4141414141414141
6262626262626262
4242424242424242
4242424242424242
3333333333333333
4848484848484848
4545454545454545
4949494949494949
4242424242424242
3131313131313131
4545454545454545
9999999999999999
4949494949494949
4242424242424242
3333333333333333
4242424242424242
9999999999999999
9999999999999999
4949494949494949
3232323232323232
4545454545454545
9999999999999999
4545454545454545
4242424242424242
3636363636363636
9999999999999999
9999999999999999
9999999999999999
9999999999999999
3131313131313131
9999999999999999
9999999999999999
4242424242424242
4242424242424242
3535353535353535
4242424242424242
4343434343434343
4949494949494949
4242424242424242
3232323232323232
4646464646464646
9999999999999999
4545454545454545
4242424242424242
3333333333333333
9696969696969696
9999999999999999
9999999999999999
4949494949494949
3232323232323232
9999999999999999
9999999999999999
4242424242424242
4242424242424242
3737373737373737
4242424241414141
4242424242424242
4343434343434343
4242424242424242
3232323232323232
5858585858585858
9999999999999999
9999999999999999
4949494949494949
6565656565656565
9999999999989898
9999999999999999
9999999999999999
9999999999999999
9999999999999999
9999999999999999
9999999999999999
4242424242424242
4242424242424242
3333333333333333
4646464646464646
9999999999999999
9999999999999999
4949494949494949
3232323232323232
4646464646464646
9999999999999999
4141414141414141
4141414141414141
3333333333333333
9191919191919191
4646464646464646
4141414141414141
4141414141414141
3131313131313131
4141414141414141
6969696969696969
4242424242424242
4242424242424242
8383838383838383
4949494949494949
9999999999999999
9999999999999999
9999999999999999
3232323232323232
9999999999999999
9999999999999999
4242424242424242
4242424242424242
3333333333333333
4949494949494949
9999999999999999
9999994949494949
5959595959595959
3232323232323232
4949494949494949
9999999999999999
1212121212121212
4242424242424242
3333333333333333
4242424242424242
9999999999999999
9999999999999999
4949494949494949
3232323232323232
4545454545454545
9999999999999999
4141414141414141
4141414141414141
3333333333333333
4141414141414141
4242424242424242
9292929292929292
4242424242424242
3131313131313131
7171717171717171
6262626262626262
4141414141414141
5151515111111111
3333333333333333
4141414141414141
4242424242424242
4141414141414141
4141414141414141
3131313131313131
4141414141414141
6262626262626262
4242424242424242
4141414141414141
3333333333333333
4242424242424242
4242424242424242
4242424242424242
4242424242424242
3232323232323232
4242424242424242
6969696969696969
4141414141414141
9191919191919191
3333333333333333
4141414141414141
4242424242424242
4141414141414141
4141414141414141
3131313131313131
4141414141414141
6262626262626262
4141414141414141
4141414141414141
3333333333333333
4141414141414141
4242424242424242
9292929292929292
4242424242424242
8181818181818181
4141414141414141
6262626262626262
9999999999999999
4949494949494949
3333333333333333
6969696969696969
9999999999999999
9999999999999999
9999999999999999
5959595959595959
9999999999999999
9999999999999999
4949494949494949
9292929292929292
3333333333333333
4242424242424242
4242424242424242
4242424242424242
4646464646464646
3232323232323232
4242424242424242
6565656565656565
9999999999999999
4949494949494949
3333333333333333
9999999999999999
9999999999999999
9494949494949494
9999999999999999
5959595959595959
9999999999999999
9999999999999999
4242424242424242
4242424242424242
3333333333333333
4242424242424242
4242424242424242
4343434343434343
4242424242424242
3232323232323232
9292929292929292
9999999999999999
4242424242424242
4242424242424242
3131313131313131
4343434343434343
9999999999999999
9999999999999999
4949494949494949
3232323232323232
4949494949494949
9999999999999999
4242424242424242
4242424242424242
3333333333333333
9292929292929292
5959595959595959
9999999999999999
4949494949494949
6262626262626262
4242424242424242
9999999999999999
4141414141414141
4141414141414141
3333333333333333
4141414141414141
4242424242424242
9292929292929292
4242424242424242
3838383838383838
7171717171717171
6262626262626262
4242424242424242
4242424242424242
3333333333333333
4343434343434343
9999999999999999
9999999999999999
7979797979797979
7272727272727272
4949494949494949
9999999999999999
4141414141414141
4141414141414141
3333333333333333
4141414141414141
1212121212121212
4141414141414141
4242424242424242
3131313131313131
4141414141414141
6262626262626262
4343434343434343
6262626262626161
3333333333333333
9999999999999999
9999999999997979
9999999999999999
9999999999999999
3232323232323232
9999999999999999
9999999999999999
5959595959595959
7272727272727272
4343434343434343
9999999999999999
9999999999999999
9999999999999999
9999999999999999
3232323232323232
9999999999999999
4949494949494949
4242424242424242
4242424242424242
3535353535353535
4242424242424242
4242424242424242
4242424242424242
4242424242424242
3636363636363636
4242424242424242
6868686868686868
4242424242424242
4545454545454545
3333333333333333
4242424242424242
4242424242424242
4242424242424242
4242424242424242
3232323232323232
4242424242424242
6363636363636363
4242424242424242
4242424242424242
3737373737373737
4242424242424242
4343434343434343
4949494949494949
4242424242424242
3232323232323232
4242424242424242
9999999999999999
4141414141414141
4141414111111111
3333333333333333
4141414141414141
4242424242424242
4141414141414141
4141414141414141
3131313131313131
4141414141414141
6969696969696969
4242424242424242
4242424242424242
3535353535353535
4141414141414141
4343434343434343
4949494949494949
4242424242424242
3232323232323232
4747474747474747
9999999999999999
4545454545454545
4545454545454545
3333333333333333
9999999999999999
9999999999999999
9999999999999999
4949494949494949
3232323232323232
9999999999999999
9999999999999999
4242424242424242
4242424242424242
3434343434343434
9292929292929292
5959595959595959
9999999999999999
4949494949494949
3232323232323232
4242424242424242
9999999999999999
8282828282828282
4242424242424242
3333333333333333
4242424242424242
4242424242424242
4242424242424242
4646464646464646
3232323232323232
4242424242424242
6363636363636363
4848484848484848
4242424242424242
3333333333333333
4949292929292929
9999999999999999
6868686868686868
5959595959595959
3636363636363636
4949494949494949
9999999999999999
4141414141414141
4141414141414141
3333333333333333
4141414141414141
4242424242424242
9999999999999999
4242424242424242
3131313131313131
7171717171717171
6262626262626262
4242424242424242
4242424242424242
3333333333333333
4949494949494949
9999999999999999
9999999999999999
8989898989898989
3737373737373737
4949494949494949
9999999999999999
4242424242424242
6262626262626262
3535353535353535
4242424242424242
4343434343434343
4949494949494949
4242424242424242
3232323232323232
4646464646464646
9999999999999999
4242424242424242
4242424242424242
5353535353535353
4242424242424242
4949494949494949
9999999999999999
4949494949494949
1212121212121212
4242424242424242
9999999999999999
4242424242424242
4242424242424242
3333333333333333
4747474747474747
4949494949494949
9696969696969696
4949494949494949
3232323232323232
4747474747474747
9999999999999999
4242424242424242
4242424242424242
3838383838383838
4848484848484848
4545454545454545
4949494949494949
4242424242424242
3131313131313131
4545454545454545
9999999999999999
8282828282828282
4242424241414141
3333333333333333
4242424242422222
4242424242424242
4242424242424242
4242424242424242
7272727272727272
4242424242424242
8383838383838383
4141414141414141
4141414141414141
3333333323232323
4141414141414141
4646464646464646
4141414141414141
5151515151515151
3131313131313131
4141414141414141
6969696969696969
4242424242424242
4242424242424242
3333333333333333
4242424242424242
5252525252525252
4242424242424242
4242424242424242
3232323232323232
4242424242424242
7272727272727272
5959595959595959
3232323232323232
4343434343434343
9999999999999999
9999999999999999
4949494949494949
9999999999999999
3232323232323232
9999999999999999
9999999999999999
4141414141414141
4646464646464646
3333333323232323
4141414141414141
4646464646464646
4141414141414141
5151515151515151
3131313131313131
4141414141414141
6969696969696969
9999999999999999
2525252525252525
6363636363636363
9999999999999999
9999999999999999
9999999999999999
9999999999999999
3939393939393939
9999999999999999
9999999999999999
4141414141414141
4141414141414141
3333333333333333
4848484848484848
4242424242424242
9292929292929292
4242424242424242
3131313131313131
4141414141414141
6262626262626262
4141414141414141
9191919191919191
3333333333333333
4141414141414141
4646464646464646
4141414141414141
4141414141414141
3131313131313131
4141414141414141
6969696969696969
4343434343434343
4242424242424242
3333333333333333
9999999999999999
9999999999999999
9797979797979797
9696969696969696
3232323232323232
9999999999999999
9999999999999999
4242424242424242
4242424242424242
3737373737373737
4242424242424242
4949494949494949
4343434343434343
4242424242424242
3232323232323232
5252525252525252
9999999999999999
4242424242424242
4242424242424242
8383838383838383
4242424242424242
4242424242424242
4343434343434343
4242424242424242
3232323232323232
5252525252525252
9999999999999999
4242424242424242
4242424242424242
3535353535353535
4242424242424242
4242424242424242
4242424242424242
4242424242424242
3232323232323232
4242424242424242
6868686868686868
4242424242424242
1212121212323232
4343434343434343
4242424242424242
4242424242424242
7575757575757575
4242424242424242
3232323232323232
4242424242424242
9999999999999999
4141414141414141
4141414121212121
3333333333333333
4545454545454545
4242424242424242
9292929292929292
4242424242424242
8181818181818181
4141414141414141
6262626262626262
4242424242424242
4242424242323232
7373737373737373
4242424242424242
4242424242424242
7575757575757575
4242424242424242
3232323232323232
4242424242424242
9999999999999999
8282828282828282
4242424242424242
3535353535353535
4242424242422222
4242424242424242
4242424242424242
4242424242424242
3232323232323232
4242424242424242
6363636363636363
4242424242424242
4545454545454545
3333333333333333
4242424242424242
3232323232323232
4242424242424242
4242424242424242
3232323232323232
4242424242424242
6363636363636363
4848484848484848
4242424242424242
8383838383838383
4949494949494949
9999999999999999
6868686868686868
5959595959595959
3232323232323232
4949494949494949
9999999999999999
4242424242424242
4242424242424242
6363636363636363
4242424242424242
4242424242424242
7575757575757474
5252525252525252
3232323232323232
4242424242424242
9999999999999999
7272727272727272
4545454545454545
3333333333333333
4545444444444444
9999999999999999
9999999999999999
4949494949494949
3232323232323232
4949494949494949
9999999999999999
4646464646464646
4242424242424242
3333333333333333
4242424242424242
4848484848484848
4545454545454545
4242424242424242
3232323232323232
4242424242424242
9999999999999999
4141414141414141
4141414141414141
3333333333333333
4848484848484848
4242424242424242
9292929292929292
4545454545454545
3131313131313131
4141414141414141
6262626262626262
4141414141414141
4141414141414141
3333333333333333
4141414141414141
4242424242424242
9292929292929292
4242424242424242
3838383838383838
7171717171717171
8282828282828282
4141414141414141
4141414141414141
3333333333333333
4141414141414141
4848484848414141
4242424242424242
4242424242424242
3131313131313131
4141414141414141
6262626262626262
4242424242424242
4141414141414141
3333333333333333
4242424242424242
4242424242424242
4242424242424242
3232323232323232
3232323232323232
4646464646464646
7474747474747474
4242424242424242
4141414141414141
5353535353535353
4242424242424242
4242424242424242
4242424242424242
4242424242424242
3232323232323232
4242424242424242
6969696969696969
4242424242421212
4242424212121212
3333333333333333
4242424242424242
4242424242424242
4848484848484848
4242424242424242
3232323232323232
4242424242424242
6262626262626262
4242424242424242
4242424242424242
3333333333333333
4949494949494949
9999999999999999
9999999999999999
5959595959595959
3232323232323232
4949494949494949
9494949494949494
9999999999999999
4242424242424242
3131313131313131
9999999999999999
9999999999999999
9999999999999999
9999999999999999
3535353535353535
9999999999999999
9999999999999999
4242424242424242
4242424242424242
3535353535353535
4242424242424242
4545454545454545
4242424242424242
4242424242424242
3636363636363636
4242424242424242
6868686868686868
4242424242424242
4242424242323232
4343434343434343
4242424242424242
4242424242424242
7575757575757474
5252525252525252
3232323232323232
3232323232323232
9999999999999999
4242424242424242
4242424242424242
3333333333333333
4646464646464646
5959595959595959
9999999999999999
6969696969696969
3232323232323232
4242424242424242
9999999999999999
4141212121212121
4141414141414141
3333333323232323
4141414141414141
5656565656565656
4141414141414141
4141414141414141
3131313131313131
4141414141414141
6969696969696969
4646464646464646
4242424242424242
3333333333333333
4242424242424242
4848484848484848
4545454545454545
4242424242424242
3232323232323232
4949494949494949
9999999999999999
4242424242424242
4242424242424242
3333333333333333
4242424242424242
4242424242423232
4242424242424242
4242424242424242
3232323232323232
8282828282828282
6262626262626262
4242424242424242
4141414141414141
3333333333333333
4242424242424242
9999999999999999
9999999999999999
4949494949494949
3232323232323232
4343434343434343
9999999999999999
4141414141414141
4343434343434343
3333333333333333
4141414141414141
4242424242424242
4141414141414141
4242424242424242
3131313131313131
4141414141414141
6969696969696969
4242424242424242
4242424242424242
3535353535353535
4242424241414141
4242424242424242
4343434343434343
4242424242424242
3232323232323232
5858585858585858
9999999999999999
4242424242424242
4242424242424242
3333333333333333
4949494949494949
9999999999999999
9999999999999999
4949494949494949
7777777777777777
4949494949494949
9999999999999999
4242424242421212
2222222212121212
3333333333333333
4242424242424242
4242424242424242
4848484848484848
4242424242424242
3232323232323232
4242424242424242
6262626262626262
4242424242424242
4545454545454545
7373737373737373
4242424242424242
4242424242424242
4242424242424242
4242424242424242
3232323232323232
4242424242424242
6363636363636363
4242424242424242
4242424242424242
6363636363636363
4242424242424242
4242424242424242
4242424242424242
4242424242424242
3232323232323232
4242424242424242
7272727272727272
4242424242424242
4242424242424242
3333333333333333
5252525252525252
4242424242424242
5555555555555555
4242424242424242
3232323232323232
4242424242424242
9999999999999999
4141414141414141
4141414141414141
3333333333333333
4141414141414141
4242424242424242
4242424242424242
4242424242424242
3232323232323232
4545454545454545
6262626262626262
4242424242424242
4242424242424242
3333333333333333
4242424242424242
4242424242424242
4242424242424242
4242424242424242
3232323232323232
4646464646464646
6565656565656565
4242424242424242
4242424242424242
1313131313131313
4949494949494949
9999969696969696
9999999999999999
8989898989898989
3737373737373737
4949494949494949
9999999999999999
4242424242424242
4242424242424242
3333333333333333
4242424242424242
4242424242424242
6262626262626262
4545454545454545
3232323232323232
4242424242424242
6262626262626262
4242424242424242
4242424242424242
3333333333333333
4242424242424242
4949494949494949
9999999999999999
4545454545454545
3838383838383838
4242424242424242
9999999999999999
4848484848484848
4141414141414141
3333333333333333
4141414141414141
4242424242424242
4242424242424242
4242424242424242
3232323232323232
4141414141414141
6262626262626262
4242424242424242
4141414141313131
3333333333333333
4242424242424242
4242424242424242
7575757575757575
4242424242424242
3737373737373737
4242424242424242
9999999999999999
4545454545454545
2222222222222222
3333333333333333
9696969696969696
9999999999999999
9999999999999999
4949494949494949
3232323232323232
9999999999999999
9999999999999999
1212121212121212
4242424242424242
3333333333333333
4242424242424242
4242424242424242
4242424242424242
4242424242424242
3232323232323232
4242424242424242
6565656565656565
4141414141414141
4141414111111111
3333333333333333
4141414141414141
9292929292929292
4141414141414141
4141414141414141
3131313131313131
4141414141414141
6262626262626262
4242424242424242
4242424242424242
3333333333333333
4242424242424242
9292929292929292
4545454545454545
4242424242424242
3232323232323232
4242424242424242
9999999999999999
4242424242424242
4242424242424242
3333333333333333
9696969696969696
9999999999999999
9999999999999999
4949494949494949
3232323232323232
4545454545454545
9999999999999999
