3174428752
10 11 300
9999999999999999999999
9999999999999999999999
9999999999999999999999
9999999999999999999999
9999999999999999999999
9999999999999999999999
9999999999999999999999
9999999999999999999999
9999999999999999999999
9999999999999999999999
9999999999999999999999
9999999999999999999999
9999999999999999999999
9999999999999999999999
5959595959595959595959
9999999999999999999999
9999999999999999999999
9999999999999999999999
9999999999999999999999
9999999999999999999999
9999999999999999999999
9999999999999999999999
9999999999999999999999
9999999999999999999999
3939393939393939393939
9999999999999999999999
9999999999999999999999
9999999999999999999999
9999999999999999999999
9999999999999999999999
9999999999999999999999
9999999999999999999999
9999999999999999999999
9999999999999999999999
4949494949494949494949
9999999999999999999999
9999999999999999999999
9999999999999999999999
9999999999999999999999
9999999999999999999999
9999999999999999999999
9999999999999999999999
9999999999999999999999
9999999999999999999999
4949494949494949494949
9999999999999999999999
9999999999999999999999
5959595959595959595959
9999999999999999999999
9999999999999999999999
9999999999999999999999
9999999999999999999999
9999999999999999999999
9999999999999999999999
4949494949494949494949
9999999999999999999999
9999999999999999999999
3939393939393939393939
9999999999999999999999
9999999999999999999999
9999999999999999999999
9999999999999999999999
9999999999999999999999
9999999999999999999999
4949494949494949494949
9999999999999999999999
9999999999999999999999
4949494949494949494949
9999999999999999999999
9999999999999999999999
9999999999999999999999
9999999999999999999999
9999999999999999999999
9999999999999999999999
4545454545454545454545
9999999999999999999999
9999999999999999999999
4949494949494949494949
9999999999999999999999
9999999999999999999999
9999999999999999999999
9999999999999999999999
9999999999999999999999
9999999999999999999999
4343434343434343434343
9999999999999999999999
9999999999999999999999
4949494949494949494949
9999999999999999999999
9999999999999999999999
9999999999999999999999
9999999999999999999999
9999999999999999999999
9999999999999999999999
4444444444444444444444
9999999999999999999999
9999999999999999999999
4949494949494949494949
9999999999999999999999
9999999999999999999999
9999999999999999999999
9999999999999999999999
9999999999999999999999
9999999999999999999999
4545454545454545454545
9999999999999999999999
9999999999999999999999
4545454545454545454545
9999999999999999999999
9999999999999999999999
9999999999999999999999
9999999999999999999999
9999999999999999999999
9999999999999999999999
4545454545454545454545
9999999999999999999999
9999999999999999999999
4343434343434343434343
9999999999999999999999
9999999999999999999999
9999999999999999999999
9999999999999999999999
9999999999999999999999
9999999999999999999999
4545454545454545454545
9999999999999999999999
9999999999999999999999
4444444444444444444444
9999999999999999999999
9999999999999999999999
9999999999999999999999
9999999999999999999999
9999999999999999999999
9999999999999999999999
4545454545454545454545
9999999999999999999999
5959595959595959595959
4444444444444444444444
9999999999999999999999
9999999999999999999999
9999999999999999999999
9999999999999999999999
9999999999999999999999
9999999999999999999999
4545454545454545454545
9999999999999999999999
3939393939393939393939
4444444444444444444444
9999999999999999999999
9999999999999999999999
9999999999999999999999
9999999999999999999999
9999999999999999999999
9999999999999999999999
4545454545454545454545
9999999999999999999999
4949494949494949494949
4444444444444444444444
9999999999999999999999
9999999999999999999999
9999999999999999999999
9999999999999999999999
5959595959595959595959
9999999999999999999999
4545454545454545454545
9999999999999999999999
4949494949494949494949
4444444444444444444444
9999999999999999999999
9999999999999999999999
9999999999999999999999
9999999999999999999999
3939393939393939393939
9999999999999999999999
4545454545454545454545
9999999999999999999999
4949494949494949494949
4444444444444444444444
9999999999999999999999
9999999999999999999999
9999999999999999999999
9999999999999999999999
4949494949494949494949
9999999999999999999999
4545454545454545454545
9999999999999999999999
4949494949494949494949
4444444444444444444444
9999999999999999999999
9999999999999999999999
9999999999999999999999
9999999999999999999999
4949494949494949494949
9999999999999999999999
4545454545454545454545
9999999999999999999999
4949494949494949494949
4444444444444444444444
9999999999999999999999
5959595959595959595959
9999999999999999999999
9999999999999999999999
4949494949494949494949
9999999999999999999999
4545454545454545454545
9999999999999999999999
4949494949494949494949
4444444444444444444444
9999999999999999999999
3939393939393939393939
9999999999999999999999
9999999999999999999999
4949494949494949494949
9999999999999999999999
4545454545454545454545
9999999999999999999999
4949494949494949494949
4444444444444444444444
9999999999999999999999
2929292929292929292929
5959595959595959595959
9999999999999999999999
4949494949494949494949
9999999999999999999999
4545454545454545454545
9999999999999999999999
4949494949494949494949
4444444444444444444444
9999999999999999999999
3939393939393939393939
3939393939393939393939
9999999999999999999999
4949494949494949494949
9999999999999999999999
4545454545454545454545
9999999999999999999999
4949494949494949494949
4444444444444444444444
9999999999999999999999
3939393939393939393939
4949494949494949494949
9999999999999999999999
4949494949494949494949
9999999999999999999999
4545454545454545454545
9999999999999999999999
4949494949494949494949
4444444444444444444444
9999999999999999999999
3939393939393939393939
4949494949494949494949
9999999999999999999999
4949494949494949494949
9999999999999999999999
4545454545454545454545
9999999999999999999999
4545454545454545454545
4444444444444444444444
9999999999999999999999
3939393939393939393939
4949494949494949494949
9999999999999999999999
4949494949494949494949
9999999999999999999999
4545454545454545454545
9999999999999999999999
4747474747474747474747
4444444444444444444444
9999999999999999999999
3939393939393939393939
4949494949494949494949
9999999999999999999999
4949494949494949494949
9999999999999999999999
4545454545454545454545
9999999999999999999999
4646464646464646464646
4444444444444444444444
9999999999999999999999
3939393939393939393939
4949494949494949494949
9999999999999999999999
4545454545454545454545
9999999999999999999999
4545454545454545454545
9999999999999999999999
4747474747474747474747
4444444444444444444444
9999999999999999999999
3939393939393939393939
4949494949494949494949
9999999999999999999999
4343434343434343434343
9999999999999999999999
4545454545454545454545
9999999999999999999999
4747474747474747474747
4444444444444444444444
9999999999999999999999
3939393939393939393939
4949494949494949494949
9999999999999999999999
4444444444444444444444
9999999999999999999999
4545454545454545454545
9999999999999999999999
4747474747474747474747
4444444444444444444444
9999999999999999999999
3939393939393939393939
4949494949494949494949
9999999999999999999999
4444444444444444444444
9999999999999999999999
4545454545454545454545
9999999999999999999999
4747474747474747474747
4444444444444444444444
9999999999999999999999
3535353535353535353535
4949494949494949494949
9999999999999999999999
4444444444444444444444
9999999999999999999999
4545454545454545454545
9999999999999999999999
4747474747474747474747
4444444444444444444444
9999999999999999999999
3737373737373737373737
4949494949494949494949
9999999999999999999999
4444444444444444444444
9999999999999999999999
4545454545454545454545
9999999999999999999999
4747474747474747474747
4444444444444444444444
9999999999999999999999
3636363636363636363636
4545454545454545454545
9999999999999999999999
4444444444444444444444
9999999999999999999999
4545454545454545454545
9999999999999999999999
4747474747474747474747
4444444444444444444444
9999999999999999999999
3737373737373737373737
4343434343434343434343
9999999999999999999999
4444444444444444444444
9999999999999999999999
4545454545454545454545
9999999999999999999999
4747474747474747474747
4444444444444444444444
9999999999999999999999
3737373737373737373737
4444444444444444444444
9999999999999999999999
4444444444444444444444
9999999999999999999999
4545454545454545454545
9999999999999999999999
4747474747474747474747
4444444444444444444444
9999999999999999999999
3737373737373737373737
4444444444444444444444
5959595959595959595959
4444444444444444444444
9999999999999999999999
4545454545454545454545
9999999999999999999999
4747474747474747474747
4444444444444444444444
9999999999999999999999
3737373737373737373737
4444444444444444444444
7979797979797979797979
4444444444444444444444
9999999999999999999999
4545454545454545454545
9999999999999999999999
4747474747474747474747
4444444444444444444444
9999999999999999999999
3737373737373737373737
4444444444444444444444
6969696969696969696969
4444444444444444444444
9999999999999999999999
4545454545454545454545
9999999999999999999999
4747474747474747474747
4444444444444444444444
9999999999999999999999
3737373737373737373737
4444444444444444444444
6969696969696969696969
4444444444444444444444
9999999999999999999999
4545454545454545454545
9999999999999999999999
4747474747474747474747
4444444444444444444444
5959595959595959595959
3737373737373737373737
4444444444444444444444
6969696969696969696969
4444444444444444444444
9999999999999999999999
4545454545454545454545
9999999999999999999999
4747474747474747474747
4444444444444444444444
3939393939393939393939
3737373737373737373737
4444444444444444444444
6969696969696969696969
4444444444444444444444
9999999999999999999999
4545454545454545454545
9999999999999999999999
4747474747474747474747
4444444444444444444444
4949494949494949494949
3737373737373737373737
4444444444444444444444
6969696969696969696969
4444444444444444444444
5959595959595959595959
4545454545454545454545
9999999999999999999999
4747474747474747474747
4444444444444444444444
5959595959595959595959
3737373737373737373737
4444444444444444444444
6969696969696969696969
4444444444444444444444
3939393939393939393939
4545454545454545454545
9999999999999999999999
4747474747474747474747
4444444444444444444444
5959595959595959595959
3737373737373737373737
4444444444444444444444
6969696969696969696969
4444444444444444444444
4949494949494949494949
4545454545454545454545
9999999999999999999999
4747474747474747474747
4444444444444444444444
5959595959595959595959
3737373737373737373737
4444444444444444444444
6565656565656565656565
4444444444444444444444
5959595959595959595959
4545454545454545454545
9999999999999999999999
4747474747474747474747
4444444444444444444444
5959595959595959595959
3737373737373737373737
4444444444444444444444
6363636363636363636363
4444444444444444444444
5959595959595959595959
4545454545454545454545
9999999999999999999999
4747474747474747474747
4444444444444444444444
5959595959595959595959
3737373737373737373737
4444444444444444444444
6262626262626262626262
4444444444444444444444
5959595959595959595959
4545454545454545454545
9999999999999999999999
4747474747474747474747
4444444444444444444444
5959595959595959595959
3737373737373737373737
4444444444444444444444
6262626262626262626262
4444444444444444444444
5959595959595959595959
4545454545454545454545
9999999999999999999999
4747474747474747474747
4444444444444444444444
5555555555555555555555
3737373737373737373737
4444444444444444444444
6262626262626262626262
4444444444444444444444
5959595959595959595959
4545454545454545454545
9999999999999999999999
4747474747474747474747
4444444444444444444444
5353535353535353535353
3737373737373737373737
4444444444444444444444
6262626262626262626262
4444444444444444444444
5959595959595959595959
4545454545454545454545
9999999999999999999999
4747474747474747474747
4444444444444444444444
5454545454545454545454
3737373737373737373737
4444444444444444444444
6262626262626262626262
4444444444444444444444
5555555555555555555555
4545454545454545454545
9999999999999999999999
4747474747474747474747
4444444444444444444444
5454545454545454545454
3737373737373737373737
4444444444444444444444
6262626262626262626262
4444444444444444444444
5353535353535353535353
4545454545454545454545
9999999999999999999999
4747474747474747474747
4444444444444444444444
5454545454545454545454
3737373737373737373737
4444444444444444444444
6262626262626262626262
4444444444444444444444
5454545454545454545454
4545454545454545454545
9999999999999999999999
4747474747474747474747
4444444444444444444444
5454545454545454545454
3737373737373737373737
4444444444444444444444
6262626262626262626262
4444444444444444444444
5454545454545454545454
4545454545454545454545
5959595959595959595959
4747474747474747474747
4444444444444444444444
5454545454545454545454
3737373737373737373737
4444444444444444444444
6262626262626262626262
4444444444444444444444
5454545454545454545454
4545454545454545454545
3939393939393939393939
4747474747474747474747
4444444444444444444444
5454545454545454545454
3737373737373737373737
4444444444444444444444
6262626262626262626262
4444444444444444444444
5454545454545454545454
4545454545454545454545
4949494949494949494949
4747474747474747474747
4444444444444444444444
5454545454545454545454
3737373737373737373737
4444444444444444444444
6262626262626262626262
4444444444444444444444
5454545454545454545454
4545454545454545454545
5555555555555555555555
4747474747474747474747
4444444444444444444444
5454545454545454545454
3737373737373737373737
4444444444444444444444
6262626262626262626262
4444444444444444444444
5454545454545454545454
4545454545454545454545
5353535353535353535353
4747474747474747474747
4444444444444444444444
5454545454545454545454
3737373737373737373737
4444444444444444444444
6262626262626262626262
4444444444444444444444
5454545454545454545454
4545454545454545454545
5252525252525252525252
4747474747474747474747
4444444444444444444444
5454545454545454545454
3737373737373737373737
4545454545454545454545
6262626262626262626262
4444444444444444444444
5454545454545454545454
4545454545454545454545
5353535353535353535353
4747474747474747474747
4444444444444444444444
5454545454545454545454
3737373737373737373737
4343434343434343434343
6262626262626262626262
4444444444444444444444
5454545454545454545454
4545454545454545454545
5353535353535353535353
4747474747474747474747
4444444444444444444444
5454545454545454545454
3737373737373737373737
4444444444444444444444
6262626262626262626262
4444444444444444444444
5454545454545454545454
4545454545454545454545
5353535353535353535353
4747474747474747474747
4444444444444444444444
5454545454545454545454
3737373737373737373737
4444444444441414141414
6262626262121212121212
4444444444444444444444
5454545454545414141414
4545454545454545451111
5353535353535353535353
4747474747474747474741
4444444444444444444444
5454545454545454545454
3737373737373737373737
4444444444444444444444
6262626262626262626262
4444444444444444444444
5454545454545454545454
4545454545454545454545
5353535353535353535353
3737373737373737373737
4444444444444444444444
5454545454545454545454
3737373737373737373737
4444444444444444444444
6262626262626262626262
4444444444444444444444
5454545454545454545454
4545454545454545454545
5353535353535353535353
4646464646464646464646
4444444444444444444444
5454545454545454545454
3737373737373737373737
4444444444444444444444
6262626262626262626262
4444444444444444444444
5454545454545454545454
3535353535353535353535
5353535353535353535353
4747474747474747474747
4444444444444444444444
5454545454545454545454
3737373737373737373737
4444444444444444444444
6262626262626262626262
4444444444444444444444
5454545454545454545454
4444444444444444444444
5353535353535353535353
4747474747474747474747
4444444444444444444444
5454545454545454545454
3737373737373737373737
4444444444444444444444
6262626262626262626262
4444444444444444444444
5454545454545454545454
4545454545454545454545
5353535353535353535353
4747474747474747474747
4444444444444444444444
5454545454545454545454
2727272727272727272727
4444444444444444444444
6262626262626262626262
4444444444444444444444
5454545454545454545454
4545454545454545454545
5353535353535353535353
4747474747474747474747
4444444444444444444444
5454545454545454545454
3636363636363636363636
4444444444444444444444
6262626262626262626262
4444444444444444444444
5454545454545454545454
4545454545454545454545
5353535353535353535353
4747474747474747474747
3434343434343434343434
5454545454545454545454
3737373737373737373737
4444444444444444444444
6262626262626262626262
4444444444444444444444
5454545454545454545454
4545454545454545454545
5353535353535353535353
4747474747474747474747
4343434343434343434343
5454545454545454545454
3737373737373737373737
4444444444444444444444
5252525252525252525252
4444444444444444444444
5454545454545454545454
4545454545454545454545
5353535353535353535353
4747474747474747474747
4444444444444444444444
5454545454545454545454
3737373737373737373737
4444444444444444444444
6161616161616161616161
4444444444444444444444
5454545454545454545454
4545454545454545454545
5353535353535353535353
4747474747474747474747
4444444444444444444444
5454545454545454545454
3737373737373737373737
3434343434343434343434
6161616161616161616161
4444444444444444444444
5454545454545454545454
4545454545454545454545
5353535353535353535353
4747474747474747474747
4444444444444444444444
5454545454545454545454
3737373737373737373737
4343434343434343434343
6161616161616161616161
4444444444444444444444
5454545454545454545454
4545454545454545454545
5353535353535353535353
4747474747474747474747
4444444444444444444444
5454545454545454545454
3737373737373737373737
4444444444444444444444
6161616161616161616161
4444444444444444444444
4444444444444444444444
4545454545454545454545
5353535353535353535353
4747474747474747474747
4444444444444444444444
5454545454545454545454
3737373737373737373737
4444444444444444444444
6161616161616161616161
4444444444444444444444
5353535353535353535353
4545454545454545454545
5353535353535353535353
4747474747474747474747
4444444444444444444444
5454545454545454545454
3737373737373737373737
4444444444444444444444
6161616161616161616161
3434343434343434343434
5454545454545454545454
4545454545454545454545
5353535353535353535353
4747474747474747474747
4444444444444444444444
5454545454545454545454
3737373737373737373737
4444444444444444444444
6161616161616161616161
4343434343434343434343
5454545454545454545454
4545454545454545454545
5353535353535353535353
4747474747474747474747
4444444444444444444444
5454545454545454545454
3737373737373737373737
4444444444444444444444
6161616161616161616161
4444444444444444444444
5454545454545454545454
4545454545454545454545
5353535353535353535353
4747474747474747474747
4444444444444444444444
4444444444444444444444
3737373737373737373737
4444444444444444444444
6161616161616161616161
4444444444444444444444
5454545454545454545454
4545454545454545454545
5353535353535353535353
4747474747474747474747
4444444444444444444444
5353535353535353535353
3737373737373737373737
4444444444444444444444
6161616161616161616161
4444444444444444444444
5454545454545454545454
4545454545454545454545
4343434343434343434343
4747474747474747474747
4444444444444444444444
5454545454545454545454
3737373737373737373737
4444444444444444444444
6161616161616161616161
4444444444444444444444
5454545454545454545454
4545454545454545454545
5252525252525252525252
4747474747474747474747
4444444444444444444444
5454545454545454545454
3737373737373737373737
4444444444441414141414
6161616161611111111111
4444444444441414141414
5454545454545414141414
4545454545454545451111
5353535353535353535353
4747474747474747474741
4444444444444444444444
5454545454545454545454
3737373737373737373737
4444444444444444444444
6363636363636363636363
4444444444444444444444
5959595959595959595959
4545454545454545454545
9696969696969696969696
4747474747474747474747
4444444444444444444444
5959595959595959595959
3737373737373737373737
4444444444444444444444
6161616161616161616161
4444444444444444444444
5454545454545454545454
4141414141414141414141
5353535353535353535353
4747474747474747474747
4444444444444444444444
5454545454545454545454
3737373737373737373737
9999999999999999999999
9999999999999999999999
9999999999999999999999
9999999999999999999999
4949494949494949494949
8989898989898989898989
9999999999999999999999
9999999989898989898989
9999999999999999999999
9999999999999999999999
4444444444444444444444
6262626262626262626262
4444444444444444444444
5454545454545454545454
4545454545454545454545
5555555555555555555555
4747474747474747474747
4444444444444444444444
5656565656565656565656
3737373737373737373737
5959595959595959595959
9999999999999999999999
4949494949494949494949
9999999999999999999999
4545454545454545454545
9999999999999999999999
8989898989898989898989
4444444444444444444444
9999999999999999999999
3939393939393939393939
4444444444444444444444
6969696969696969696969
4444444444444444444444
9999999999999999999999
4545454545454545454545
9999999999999999999999
4747474747474747474747
4444444444444444444444
4848484848484848484848
3737373737373737373737
4949494949494949494949
9999999999999999999999
4949494949494949494949
9999999999999999999999
4545454545454545454545
4949494949494949494949
4747474747474747474747
4444444444444444444444
9999999999999999999999
3939393939393939393939
5959595959595959595959
9999999999999999999999
4949494949494949494949
9999999999999999999999
4545454545454545454545
9999999696969696969696
4949494949494949494949
4646464646464646464646
9999999999999999999999
3939393939393939393939
9999999999999999999999
9999999999999999999999
4949494949494949494949
9999999999999999999999
4545454545454545434343
9999999999999999999999
4949494949494949494949
4444444444444444444444
9999999999999999999999
3939393939393939393939
4848484848484848484848
6262626262626262626262
4444444444444444444444
5454545454545454545454
4545454545454545454545
9999999999999999999999
4747474747474747474747
4444444444444444444444
5454545454545454545454
3737373737373737373737
4444444444444444444444
6262626262626262626262
4444444444444444444444
5454545454545454545454
9595959595959595959595
9999999999999999999999
4747474747474747474747
4444444444444444444444
5454545454545454545454
3737373737373737373737
4444444444444444444444
6161616161616161616161
4444444444444444444444
5454545454545454545454
4545454545454545454545
5353535353535353535353
4747474747474747474747
2424242424242424242424
5454545454545454545454
3737373737373737373737
4444444444444444444444
6262626262626262626262
4444444444444444444444
5454545454545454545454
4444444444444444444444
5353535353535353535353
4747474747474747474747
4444444444444444444444
5454545454545454545454
3838383838383838383838
9999999999999999999999
9999999999999999999999
9999999999999999999999
9999999999999999999999
4949494949494949494949
9999999999999999999999
9999999999999999999999
4949494949494949494949
9999996969696969696969
9999999999999999999999
4444444444444444444444
6262626262626262626262
4444444444444444444444
5454545454545454545454
8585858585858585858585
5353535353535353535353
4747474747474747474747
4444444444444444444444
5454545454545454545454
3737373737373737373737
4444444444444444444444
6363636363636363636363
4444444444444444444444
5959595959595959595959
4545454545454545454545
9999999999999999999999
4747474747474747474747
4444444444444444444444
5959595959595959575757
3737373737373737373737
4444444444444444444414
2525252525252525252525
4444444444444444444444
5959595959595959595959
4545454545454545454545
9999999999999999999999
4747474747474747474747
4444444444444444444444
5959595959595959595959
3737373737373737373737
4444444444444444444444
6262626262626262626262
4141414141414141414141
5454545454545454545454
4545454545454545454545
5555555555555555555555
4747474747474747474747
4444444444444444444444
5454545454545454545454
3737373737373737373737
4949494949494949494949
9999999999999999999999
4545454545454545454545
9999999999999999999999
4545454545454545454545
9999999999999999999999
6767676767676767676767
4444444444444444444444
9999999999999999999999
3939393939393939393939
4444444444444444444444
6363636363636363636363
4444444444444444444444
9999999999999999999999
4545454545454545454545
9999999999999999999999
4747474747474747474747
4444444444444444444444
5959595959595959595959
3737373737373737373737
4444444444444444444444
6262626262626262626262
4444444444444444444444
5959595959595959595959
9595959595959595959595
9999999999999999999999
4747474747474747474747
4444444444444444444444
5555555555555555555555
3737373737373737373737
4848484848484848484848
6262626262626262626262
4444441414141414141414
5454545454545454545454
4545454545454545454545
9999999999999999999999
4747474747474747474747
4141414141414141414141
5454545454545454545454
3737373737373737373737
4949494949494949494949
7979797979797979797979
4444444444444444444444
9999999999999999999999
4545454545454545454545
9999999999999999999999
4747474747474747474747
4444444444444444444444
9999999999999999999999
3737373737373737373737
3535353535353535353535
9999999999999999999999
4444444444444444444444
9999999999999999999999
4545454545454545454545
9999999999999999999999
4747474747474747474747
4444444444444444444444
9999999999999999999999
3737373737373737373737
4444444444444444444444
6363636363636363636363
4242424242424242424242
5959595959595959595959
4545454545454545454545
9999999999999999999999
4747474747474747474747
4444444444444444444444
5959595956565656565656
3737373737373737373737
4444444444444444444444
6969696969696969696969
4444444444444444444444
9999999999999999999999
4545454545454545454545
9999999999999999999999
4747474747474747474747
6464646464646464646464
4848484848484848484848
3737373737373737373737
9999999999999999999999
7979797979797979797979
9999999999999999999999
9999999999999999999999
4949494949494949494949
9999999999999999999999
9999999999999999999999
5959595959595959595959
9999999999999999999999
9999999999999999999999
4444444444444444444444
6363636363636363636363
4444444444444444444444
5959595959595959595959
4545454545454545454545
9999999999999999999999
4747474747474747474747
4444444444444444444444
5454545454545454545454
3737373737373737373737
4444444444444444444444
6363636363636363636363
4444444444444444444444
5959595959595959595959
4545454545454545454545
9999999999999999999999
4747474747474747474747
4444444444444444444444
5959595959595959595959
6767676767676767676767
4444444444444444444444
6262626262626262626262
4747474747474747474747
5454545454545454545454
4545454545454545454545
5959595959595959595959
4747474747474747474747
4444444444444444444444
5454545454545454545454
3737373737373737373737
4444444444444444444444
6262626262626262626262
4444444242424242424242
6969696969696969696969
4545454545454545454545
9999999999999999999999
4747474747474747474747
4444444444444444444444
5454545454545454545454
3737373737373737373737
4444444444444444444444
9999999999999999999999
4444444444444444444444
9999999999999999999999
4545454545454545454545
9999999999999999999999
4747474747474747474747
4444444444444444444444
9999999999999999999999
3434343434343434343434
9999999999999999999999
7979797979797979797979
9999999999999999999999
9999999999999999999999
4949494949494949494949
9999999999999999999999
9999999999999999999999
5959595959595959595959
9999999999999999999999
7979797979797979797979
4444444444444444444444
6262626262626262626262
4444444444444444444444
5959595959595959595959
4444444444444444444444
5353535353535353535353
4747474747474747474747
4444444444444444444444
5454545454545454545454
3737373737373737373737
4444444444444444444444
6262626262626262626262
4444444444444444444444
5454545454545454545454
4545454545454545454545
6969696969696969696969
4747474747474747474747
4444444444444444444444
5454545454545454545454
3737373737373737373737
9999999999999999999999
9999999999999999999999
9999999999999999999999
9999999999999999999999
9999999999999999999999
9999999999999999999999
6969696969696969696969
9999999999999999999999
9999999999999999999999
9999999999999999999999
4949494949494949494949
8989898989898989898989
4949494949494949494949
9999999999999999999999
4545454545454545454545
9999999999999999999999
4747474747474747474747
4444444444444444444444
9999999696969696969696
3939393939393939393939
9999999999999999999999
4949494949494949494949
4949494949494949494949
9999999999999999999999
4545454545454545454545
9999999999999999999999
4949494949494949494949
4444444444444444444444
9999999999999999999999
5959595959595959595959
4545454545454545454545
9999999999999999999999
4444444444444444444444
9999999999999999999999
4545454545454545454545
9999999999999999999999
4747474747474747474747
4949494949494949494943
9999999999999999999999
3737373737373737373737
4444444444444444444444
5353535353535353535353
4444444444444444444444
5959595959595959595959
4545454545454545454545
9999999999999999999999
4747474747474747474747
4444444444444444414141
5959595959595959575757
3737373737373737373737
4444444444444444444444
6262626262626262626262
1414141414141414141414
5959595959595959595959
4545454545454545454545
9999999999999999999999
4747474747474747474747
4444444444444444444444
5555555555555555555555
3737373737373737373737
4444444444444444444444
5252525252525252525252
4444444444444444444444
5454545454545454545454
4545454545454545454545
9999999999999999999999
4747474747474747474747
4444444444444444444444
5454545454545454545454
3737373737373737373737
4242424242424242424242
6969696969696969696969
4444444444444444444444
9999999999999999999999
4545454545454545454545
9999999999999999999999
4747474747474747474747
4444444444444444444444
5959595959595959595959
3737373737373737373737
4444444444444343434343
6363636363636363636363
4444444444444444444444
5959595959595959595959
4545454545454545454545
9999999999999999999999
4747474747474747474747
4444444444444444444444
9494949494949494949494
3737373737373737373737
4444444444444444444444
6363636363636363636363
1414141414141414141414
5959595959595959595959
4545454545454545454545
9999999999999999999999
4747474747474747474747
4444444444444444444444
5959595959595959595959
3737373737373737373737
4444444444444444444444
6262626262626262626262
4444444444444444444444
5454545454545454545454
4545454545454545454545
5555555555555555555555
4747474747474746464646
4444444444444444444444
5757575757575757575757
3737373737373737373737
4444444444444444444444
6363636363636363636363
4444444444444444444444
5959595959595959595959
4545454545454545454545
9999998989898989898989
4747474747474747474747
4444444444444444444444
5454545454545454545454
7777777777777777777777
4444444444444444444444
6262626262626262626262
4444444444444444444444
5454545454545454545454
4545454545454545454545
7979797979797979797979
4747474747474747474747
4444444444444444444444
5454545454545454545454
3737373737373737373737
4444444444444444444444
6969696969696969696969
4444444444444444444444
5959595959595959595959
4545454545454545454545
9999999999999999999999
4747474747474747474747
4444444444444444444444
5959595959595959595959
4747474747474747474747
9999999999999999999999
9999999999999999999999
9999999999999999999999
9999999999999999999999
4545454545454545454545
9999999999999999999999
9999999999999999999999
4444444444444444444444
9494949494949494949494
9999999999999999999999
4444444444444444444444
6969696969696969696969
3434343434343434343434
9999999999999999999999
4545454545454545454545
9999999999999999999999
4747474747474747474747
4444444444444444444444
5959595959595959595959
3737373737373737373737
4444444444444444444444
7272727272727272727272
4444444444444444444444
9999999999999999999999
4545454545454545454545
9999999999999999999999
4747474747474747474747
4444444444444444444444
9999999999999999999999
3737373737373737373737
4444444444444444444444
6565656565656565656565
4444444444444444444444
4949494949494949494949
4545454545454545454545
9999999999999999999999
4747474747474747474747
4444444444444444444444
5959595959595959595959
3737373737373737373737
4545454545454545454545
9999999999999999999999
4444444444444444444444
9999999999999999999999
4545454545454545454545
9999999999999999999999
4747474747474747474747
8484848484848484848484
9999999999999999999999
3737373737373737373737
4444444444444444444444
9292929292929292929292
4444444444444444444444
5454545454545454545454
4545454545454545454545
5555555555555555555555
4747474747474747474747
4444444444444444444444
5454545454545454545454
3737373737373737373737
4444444444444444444444
6262626262626262626262
4444444444444444444444
1414141414141414141414
4545454545454545454545
5555555555555555555555
4747474747474746464646
4444444444444444444444
5757575757575757575757
3737373737373737373737
4949494949494949494949
9999999999999999999998
9999999999999999999999
9999999999999999999999
4545454545454545454545
9999999999999999999999
4747474747474747474747
4444444444444444444444
9999999999999999999999
3939393939393939393939
4444444444444444444444
6262626262626262626262
4444444444444444444444
5454545454545454545454
4545454545454545454545
9696969696969696969696
4747474747474747474747
4444444444444444444444
5454545454545454545454
3737373737373737373737
4444444444444444444444
6262626262626262626262
4444444444444444444444
5454545454545454545454
4545454545454545454545
9999999999999999999999
4747474747474747474747
4444444444444444444444
5454545454545454545454
3838383838383838383838
4444444444444444444444
4242424242424242424242
4747474747474747474747
5454545454545454545454
4545454545454545454545
5959595959595959595959
4747474747474747474747
4444444444444444444444
5454545454545454545454
3737373737373737373737
9999999999999999999999
9999999999999999999999
4949494949494949494949
9999999999999999999999
4545454545454545454545
9999999999999999999999
4949494949494949494949
4747474747474747474747
9999999999999999999999
9999999999999999999999
4949494949494949494949
9999999999999999999999
4949494949494949494949
9999999999999999999999
4545454545454545454545
9999999696969696969696
4949494949494949494949
4646464646464646464646
9999999999999999999999
3939393939393939393939
4545454545454545454545
9999999999999999999999
4444444444444444444444
9999999999999999999999
4545454545454545454545
9999999999999999999999
4747474747474747474747
8989898989898989898989
9999999999999999999999
3737373737373737373737
4444444444444444444444
6262626262626262626262
1414141414141414141414
5454545454545454545454
4545454545454545454545
5555555555555555555555
4747474747474747474747
4444444444444444444444
5454545454545454545454
3737373737373737373737
4444444444444444444444
6262626262626262626262
4444444444444444444444
5555555555555555555555
4545454545454545454545
9999999999999999999999
4747474747474747474747
4444444444444444444444
9494949494949494949494
3737373737373737373737
4545454545454545454545
9999999999999999999999
4444444444444444444444
9999999999999999999999
4545454545454545454545
9999999999999999999999
4747474747474747474747
8484848484848484848484
9999999979797979797979
3737373737373737373737
4949494949494949494949
7979797979797979797979
9999999999999999999999
9999999999999999999999
4949494949494949494949
9999999999999999999999
9999999999999999999999
5959595959595959595959
9999999999999999999999
9999999999999999999999
4444444444444444444444
6363636363636363636363
4444444444444444444444
5959595959595959595959
4545454545454545454545
6969696969696969696969
4747474747474747474747
4444444444444444444444
5959595959595959575757
3737373737373737373737
1414141414141414141414
6262626262626262626262
4444444444444444444444
5959595959595959595959
9595959595959595959595
9999999999999999999999
4747474747474747474747
4444444444444444444444
5555555555555555555555
3737373737373737373737
4444444444444343434343
6262626262626262626262
4444444444444444444444
5959595959595959595959
4545454545454545454545
9999994949494949494949
4747474747474747474747
4444444444444444444444
9494949494949494949494
3737373737373737373737
4444444444444444444444
7272727272727272727272
4444444444444444444444
9999999999999999999999
4545454545454545454545
9999999999999999999999
4747474747474747474747
4747474747474747474747
9999999999999999999999
3737373737373737373737
4444444444444444444444
6262626262626262626262
4242424242424242424242
5454545454545454545454
4444444444444444444444
5353535353535353535353
4747474747474747474747
4444444444444444444444
5454545454545454545454
3838383838383838383838
9696969696969696969696
9999999999999999999999
9999999999999999999999
9999999999999999999999
4545454545454545454545
9999999999999999999999
4949494949494949494949
4444444444444444442424
9999999999999999999999
9999999999999999999999
4444444444444444444444
6262626262626262626262
4444242424242424242424
9494949494949494949494
4545454545454545454545
9696969696969696969696
4747474747474747474747
4444444444444444444444
5454545454545454545454
3737373737373737373737
4444444444444444444444
6363636363636363636363
4444444444444444444444
5959595959595959595959
4545454545454545454545
9696969696969696969696
1717171717171717171717
4444444444444444444444
5959595959595959595959
3737373737373737373737
4444444444444343434343
6262626262626262626262
4444444444444444444444
5959595959595959595959
4545454545454545454545
9999994949494949494949
4747474747474747474747
4444444444444444444444
9999999999999999999999
3737373737373737373737
4444444444444444444444
6262626262626262626262
4444444444444444444444
5454545454545454545454
4545454545454545454545
5656565656565656565656
4747474747474747474747
4444444444444444444444
5454545454545454545454
3737373737373737373737
4444444444444444444444
6262626262626262626262
4444444444444444444444
5454545454545454545454
4545454545454545454545
5555555555555555555555
4747474747474747474747
4444444444444444444444
5454545454545454545454
5757575757575757575757
4444444444444444444444
6262626262626262626262
4444444444444444444444
5959595959595959595959
9595959595959595959595
9999999999999999999999
4646464646464646464646
4444444444444444444444
5555555555555555555555
3737373737373737373737
4444444444444444444444
6262626262626262626262
4444444444444444444444
5454545454545454545454
4545454545454545454545
9999999999999999999999
4848484848484848484848
4444444444444444444444
5454545454545454545454
3838383838383838383838
9696969696969696969696
9999999999999999999999
9696969696969696969696
9999999999999999999999
4545454545454545454545
9999999999999999999999
4949494949494949494949
4444444444444444444444
9999999999999999999999
9999999999999999999999
4545454545454545454545
9999999999999999999999
4444444444444444444343
9999999999999999999999
4545454545454545454545
9999999999999999999999
4747474747474747474747
8989898989898989898989
9999999999999999999999
3737373737373737373737
4949494949494949494949
9999999999999999999999
4949494949494949494949
5959595959595959595959
4545454545454545454545
9999999999999999999999
4747474747474747474747
4444444444444444444444
9999999999999999999999
3939393939393939393939
4444444444444444444444
6363636363636363636363
4444444444444444444444
5959595959595959595959
4545454545454545454545
9696969696969696969696
4747474747474747474747
9494949494949494949494
5959595959595959595959
3737373737373737373737
4444444444444444444444
7272727272727272727272
4444444444444444444444
9999999999999999999999
4545454545454545454545
9999999999999999999999
4747474747474747474747
4444444444444444444444
9999999999999999999999
3737373737373732323232
9999999999999999999999
9999999999999999999999
4949494949494949494949
9999999999999999999999
4545454545454545434343
9999999999999999999999
4949494949494949494949
4545454545454545454545
9999999999999999999999
3939393939393939393939
1414141414141414141414
7979797979797979797979
4444444444444444444444
9999999999999999999999
4545454545454545454545
9999999999999999999999
4747474747474747474747
4444444444444444444444
9999999999999999999999
3737373737373737373737
4949494949494949494949
8989898989898989898989
4949494949494949494949
9999999999999999999999
5555555555555555555555
9999999999999999999999
4747474747474747474747
4444444444444444444444
9999999696969696969696
3939393939393939393939
9999999999999999999999
9999999999999999999999
9999999898989898989898
9999999999999999999999
4949494949494949494949
9999999999999999999999
9999999999999999999999
2929292929292929292929
9999999999999999999999
9999999999999999999999
3939393939393939393939
9999999999999999999999
4545454545454545454545
9999999999999999999999
4545454545454545454545
9999999999999999999999
4747474747474747474747
4444444444444444444444
9999999999999999999999
3939393939393939393939
4949494949494949494949
9999999999999999999999
4949494949494949494949
9999999999999999999999
4545454545454545454545
9999999999999999999999
4949494949494949494949
4444444444444444444444
9999999999999999999999
5959595959595959595959
4444444444444444444444
6969696969696969696969
4444444444444444444444
5959595959595959595959
4545454545454545454545
9999999999999999999999
4747474747474747474747
5454545454545454545454
5959595959595959595959
3737373737373737373737
4444444444444444444444
6969696969696969696969
4444444444444444444343
9999999999999999999999
4747474747474747474747
9999999999999999999999
4747474747474747474747
4444444444444444444444
5959595959595959595959
3737373737373737373737
4444444444444444444444
7272727272727272727272
4444444444444444444444
9999999999999999999999
4545454545454545454545
9999999999999999999999
4848484848484848484848
4444444444444444444444
9999999999999999999999
3737373737373737373737
4949494949494949494949
8989898989898989898989
4949494949494949494949
9999999999999999999999
8585858585858585858585
9999999999999999999999
4747474747474747474747
4444444444444444444444
9999999696969696969696
3939393939393939393939
4444444444444444444444
6262626262626262626262
4444444444444444444444
5555555555555555555555
9595959595959595959595
9999999999999999999999
4747474747474747474747
4444444444444444444444
5454545454545454545454
3737373737373737373737
4444444444444444444444
6262626262626262626262
4444444444444444444444
5454545454545454545454
9595959595959595959595
5555555555555555555555
4747474747474746464646
4444444444444444444444
5757575757575757575757
3737373737373737373737
9999999999999999999999
9999999999999999999999
9999999999797979797979
9999999999999999999999
4545454545454545454545
9999999999999999999999
9999999999999999999999
4949494949494949494949
9999999999999999999999
9999999999999999999999
4444444444444444444444
6363636363636363636363
4444444444444444444444
9999999999999999999999
4545454545454545454545
9999999999999999999999
4747474747474747474747
4444444444444444444444
5959595959593939393939
8787878787878787878787
4444444444444444444444
6262626262626262626262
4444444444444444444444
5454545454545454545454
4545454545454545454535
7979797979797979797979
4747474747474747474747
4444444444444444444444
5454545454545454545454
3434343434343434343434
4444444444444444444444
6363636363636363636363
4444444444444444444444
5959595959595959595959
4545454545454545454545
9999999999999999999999
9797979797979797979797
4444444444444444444444
5454545454545454545454
3737373737373737373737
4949494949494949494949
9999999999999999999999
4444444444444444444444
9999999999999999999999
4545454545454545454545
7979797979797979797979
4747474747474747474747
4444444444444444444444
9999999999999999999999
3737373737373737373737
9494949494949494949494
9999999999999999999999
4949494949494949494949
9999999999999999999999
4545454545454545454545
9999999999999999994949
4949494949494949494949
4444444444444444444444
9999999999999999999999
5959595959595959595959
4848484848484848484747
6262626262626262626262
4444444444444444444444
5454545454545454545454
4545454545454545454545
9999999999999999999999
4747474747474747474747
4444444444444444444444
8484848484848484848484
3737373737373737373737
5959595959595959595959
9999999999999999999999
4949494949494949494949
9999999999999999999999
4141414141414141414141
9999999696969696969696
4949494949494949494949
4646464646464646464646
9999999999999999999999
3939393939393939393939
4545454545454545454545
9999999999999999999999
4444444444444444444444
9999999999999999999999
6565656565656565656565
9999999999999999999999
4747474747474747474747
8484848484848484848484
9999999979797979797979
3737373737373737373737
9999999999999999999999
9999999999999999999999
9999999999999999999999
9999949494949494949494
4949494949494949494949
9999999999999999999999
9999999999999999999999
9999999999999999999999
9999999999999999999999
9999999999999999999999
9999999999999999999999
7979797979797979797979
9696969696969696969696
9999999999999999999999
4949494949494949494949
9999999999999999999999
9999999999999999999999
5959595959595959595959
9999999999999999999999
9999999999999999999999
4444444444444444444444
6262626262626262626262
4444444444444444444444
5555555555555555555555
9999999999999999999999
9999999999999999999999
4747474747474747474747
4444444444444444444444
5454545454545454545454
3737373737373737373737
4444444444444444444444
6363636363636363636363
4444444444444444444444
5959595959595959595959
4545454545454545454545
9999999999999999999979
4747474747474747474747
4444444444444444444444
5959595959595959575757
3737373737373737373737
5959595959595959595959
9999999999999999999999
4949494949494949494949
9898989898989898989898
4545454545454545454545
9999999696969696969696
4949494949494949494949
4646464646464646464646
9999999999999999999999
3939393939393939393939
4444444444444444444444
6565656565656565656565
4444444444444444444444
5151515151515151515151
4545454545454545454545
9999999999999999999999
4747474747474747474747
4444444444444444444444
5959595959595959595959
3737373737373737373737
4444444444444444444444
6363636363636363636363
4444444444444444444444
5959595959595959595959
4545454545454545454545
9999999999999999999999
4747474747474747474747
5454545454545454545454
5959595959595959595959
6767676767676767676767
4949494949494949494949
9999999999999999999999
5454545454545454545454
9999999999999999999999
4545454545454545454545
7979797979797777777777
4747474747474747474747
4444444444444444444444
9999999999999999999999
3737373737373737373737
4444444444444444444444
6262626262626262626262
4444444444444444444444
5555555555555555555555
4545454545454545454545
9999999999999999999999
4747474747474747474747
4646464646464646464646
5454545454545454545454
3737373737373737373737
1414141414141414141414
6565656565656565656565
4444444444444444444444
5959595959595959595959
4545454545454545454545
9999999999999999999999
4747474747474747474747
4444444444444444444444
5959595959595959595959
3737373737373737373737
4949494949494949494949
8989898989898989898989
4949494949494949494949
9999999999999999999999
8989898989898989898989
9999999999999999999999
4747474747474747474747
4444444444444444444444
9999999696969696969696
3939393939393939393939
4444444444444444444444
7979797979797979797979
4444444444444444444444
9999999999999999999999
4545454545454545454545
9696969696969696969696
4747474747474747474747
4444444444444444444444
9999999999999999999999
3737373737373737373737
9696969696969696969696
9999999999999999999999
9999999999999999999999
9999999999999999999999
4949494949494949494949
9999999999999999999999
9999999999999999999998
9999999999999999999999
9999999999999999999999
9999999999999999999999
4949494949494949494949
9999999999999999999999
4949494949494949494949
9999999999999999999999
4545454545454545454545
9999999999999999999999
5959595959595959595959
4444444444444444444444
9999999999999999999999
3939393939393939393939
4444444444444444444444
6262626262626262626262
4444444444444444444444
5555555555555555555555
4545454545454545454545
9999999999999999999999
8787878787878787878787
4444444444444444444444
5454545454545454141414
3737373737373737373737
4444444444444444444444
6262626262626262626262
4444444444444444444444
5252525252525252525252
4545454545454545454545
5555555555555555555555
4747474747474747474747
4444444444444444444444
5656565656565656565656
3737373737373737373737
2424242424242424242424
6363636363636363636363
4444444444444444444444
5959595959595959595959
4545454545454545454545
6969696969696969696969
4747474747474747474747
4444444444444444444444
5959595959595959595959
3737373737373737373737
4444444444444444444444
6565656565656565656565
4444444444444444444444
5252525252525252525252
4545454545454545454545
9999999999999999999999
4747474747474747474747
4444442424242424242424
5959595959595959595959
3737373737373737373737
4949494949494949494949
5959595959595959595959
4949494949494949494949
9999999999999999999999
8989898989898989898989
9999999999999999999999
4747474747474747474747
4444444444444444444444
9999999696969696969696
3939393939393939393939
4949494949494949494949
9999999999999999999999
5454545454545454545454
9999999999999999999999
4545454545454545454545
7979797979797777777777
4747474747474747474747
6464646464646464646464
9999999999999999999998
3737373737373737373737
4444444444444444444343
6363636363636363636363
4343434343434343434343
5959595959595959595959
4545454545454545454545
9999999999999999999999
4747474747474747474747
4444444444444444444444
5454545454545454545454
3737373737373737373737
9999999999999999999999
9999999999999999999998
9999999999999999999999
9999999999999999999999
4545454545454545454545
9999999999999999999999
9999999999999999999999
4444444444444444444444
9494949494949494949494
9999999999999999999999
4949494949494949494949
9999999999999999999999
4545454545454545454545
9999999999999999999999
4545454545454545454545
9696969696969696969696
4747474747474747474747
4444444444444444444444
9999999999999999999999
3939393939393939393939
4444444444444444444444
6565656565656565656565
4444444444444444444444
5959595959595959595959
4545454545454545454545
9999999999999999999999
9797979797979797979797
4444444444444444444444
5959595959595959595959
3737373737373737373737
4444444444444444444444
6262626262626262626262
4444444444444444444444
5959595959595959595959
3535353535353535353535
9999999999999999999999
4747474747474747474747
4444444444444444444444
5555555555555555555555
3737373737373737373737
4444444444444444444444
6262626262626262626262
5454545454545454545454
5454545454545454545454
4545454545454545454545
5555555555555555555555
4747474747474747474747
4444444444444444444444
5656565656565656565656
3737373737373737373737
9999999999999999999999
4949494949494949494949
4949494949494949494949
9999999999999999999999
4545454545454545454545
9999999999999999999999
4747474747474747474747
4444444444444444444444
9999999999999999999999
5959595959595959595959
4444444444444444444444
6161616161616161616161
4444444444444444444444
5959595959595959595959
4545454545454545454545
9999999999999999999999
4747474747474747474747
4444444444444444444444
5959595959595959595959
3737373737373737373737
4444444444444444444444
9999999999999999999999
4444444444444444444444
9999999999999999999999
4545454545454545454545
9999999999999999999999
7777777777777777777777
4444444444444444444444
9999999999999999999999
3737373737373737373737
4444444444444444444444
6363636363636363636363
4444444444444444444444
5959595959595959595959
4545454545454545454545
9999999999999989898989
4747474747474747474747
4444444444444444444444
5959595959595959595959
9797979797979797979797
4444444444444444444444
6565656565656565656565
4444444444444444444444
5959595959595959595939
5555555555555555555555
9999999999999999999999
9797979797979797979797
4444444444444444444444
5959595959595959595959
3737373737373737373737
5959595959595959595959
9999999999999999999999
4949494949494949494949
9999999999999999999999
4545454545454545454545
9999999999999999999999
8989898989898989898989
8484848484848484848484
9999999999999999999999
3939393939393939393939
4444444444444444444444
6363636363636363636363
4545454545454545454545
5959595959595959595959
4545454545454545454545
9696969696969696969696
4747474747474747474747
9494949494949494949494
5959595959595959595959
3737373737373737373737
1414141414141414141414
6262626262626262626262
4444444444444444444444
5454545454545454545454
4545454545454545454545
5656565656565656565656
4747474747474747474747
4444444444444444444444
5454545454545454545454
3737373737373737373737
4949494949494949494949
7979797979797979797979
4646464646464646464646
9999999999999999999999
4545454545454545454545
9999999999999999999999
4747474747474747474747
4444444444444444444444
9999999999999999999999
3737373737373737373737
9999999999999999999999
9999999999999999999999
9999999999999999999999
9999999999999999999999
9999999999999999999999
9999999999999999999999
9999999999999999999999
7979797979797979797979
9999494949494949494949
9999999999999999999999
1919191919191919191919
9999999999999999999999
4949494949494949494949
9999999999999999999999
4545454545454545454545
9999999999999999999999
4949494949494949494949
4444444444444444444444
9999999999999999999999
3939393939393939393939
5959595959595959595959
9999999999999999999999
4949494949494949494949
9898989898989898989898
4545454444444444444444
9999999696969696969696
4949494949494949494949
5656565656565656565656
9999999999999999999999
3939393939393939393939
4444444444444444444444
6969696969696969696969
4444444444444444444444
5959595959595959595959
4545454545454545454545
9999999999999999999999
4646464646464646464646
5454545454545454545454
5959595959595959595959
3737373737373737373737
4848484848484848484848
6262626262626262626262
4444444444444444444444
5454545454545454545454
4545454545454545454545
9999999999999999999999
4747474747474747474747
4444444444444444444444
9494949494949494949494
3737373737373737373737
4444444444444444444444
6262626262626262626262
4444242424242424242424
5959595959595959595959
4545454545454545454545
6969696969696969696969
4747474747474747474747
4444444444444444444444
5959595959595959575757
3737373737373737373737
4444444444444444444444
6363636363636363636363
4444444444444444444444
9999999999999999999999
4545454545454545454545
9999999999999999999999
4747474747474747474747
4444444444444444444444
5454545454545454545454
3737373737373737373737
4444444444444444444444
6262626262626262626262
4545454545454545454545
5454545454545454545454
4545454545454545454545
5555555555555555555555
4747474747474747474747
4444444444444444444444
5454545454545454545454
5757575757575757575757
1414141414141414141414
6363636363636363636363
4444444444444444444444
5959595959595959595959
4545454545454545454545
9999999999979797979777
4747474747474747474747
4444444444444444444444
5959595959595959575757
3737373737373737373737
4444444444444444444444
4242424242424242424242
4545454545454545454545
5454545454545454545454
4545454545454545454545
5555555555555555555555
4747474747474747474747
4444444444444444444444
5454545454545454545454
5757575757575757575757
4545454545454545454545
9999999999999999999999
4444444444444444444444
5959595959595959595959
4545454545454545454545
9999999999999999999999
4747474747474747474747
4444444444444444444444
9999999999999999999999
3737373737373737373737
4444444444444444444444
6969696969696969696969
4444444444444444444444
5959595959595959595959
4545454545454545454545
9999999999999999999999
4747474747474747474747
6464646464646464646464
5959595959595959595959
3737373737373737373737
4444444444444444444444
6262626262626262626262
4444444444444444444444
5353535353535353535353
8585858585858585858585
5353535353535353535353
4747474747474747474747
4444444444444444444444
5454545454545454545454
3737373737363636363636
4444444444444444444444
6262626262626262626262
4444444444444444444444
5959595959595959595959
4545454545454545454545
6969696969696969696969
4747474747474747474747
4444444444444444444444
5454545454545454545454
3737373737373737373737
4444444444444444444444
6969696969696969696969
4444444444444444444444
5959595959595959595959
4545454545454545454545
9999999999999999999999
5757575757575757575757
4444444444444444444444
5959595959595959595959
4747474747474747474747
4848484848484848484848
7979797979797979797979
4444444444444444444444
9999999999999999999999
4545454545454545454545
9696969696969696969696
4747474747474747474747
4444444444444444444444
9999999999999999999999
3737373737373737373737
4444444444444444444444
6262626262626262626262
4444444444444444444444
5454545454545454545454
4646464646464646464646
5555555555555555555555
4747474747474747474747
4444444444444444444444
5454545454545454545454
3737373737373737373737
4444444444444444444444
6262626262626262626262
4444444444444444444444
5555555454545454545454
4545454545454545454545
9999999999999999999999
4747474747474747474747
4444444444444444444444
9494949494949494949494
3737373737373737373737
5959595959595959595959
9999999999999999999999
4949494949494949494949
9898989898989898989898
4545454444444444444444
9999999696969696969696
9999999999999999999999
5656565656565656565656
9999999999999999999999
3939393939393939393939
4545454545454545252525
9999999999999999999999
4646464646464646464646
9999999999999999999999
4545454545454545454545
9999999999999999999999
4747474747474747474747
8484848484848484848484
9999999979797979797979
3737373737373737373737
4444444444442424242424
6969696969696969696969
4444444444444444444444
9999999999999999999999
4545454545454545454545
9999999999999999999999
4747474747474747474747
6464646464646464646464
4949494949494949494949
3737373737373737373737
4444444444444444444444
6262626262626262626262
4444444444444444444444
5555555555555555555555
4545454545454545454545
9999999999999999999999
4747474747474747474747
4444444444444444444444
9999999999999999999999
3737373737373737373737
4444444444444444444444
6262626262626262626262
4444444444444444444444
5454545454545454545454
4444444444444444444444
5353535353535353535353
4747474747474747474747
4444444444444444444444
5959595959595959595959
3838383838383838383838
4444444444444444444444
3232323232323232323232
4444444444444444444444
5454545454545454545454
4545454545454545454545
5555555555555555555555
4747474747474746464646
4444444444444434343434
5757575757575757575757
3737373737373737373737
4444444444444444444444
6565656565656565656565
4444444444444444444444
5959595959595959595959
4545454545454545454545
9898986868686868686868
4747474747474747474747
4444444444444444444444
5959595959595959595959
3737373737373737373737
4949494949494949494949
9999999999999999999999
4444444444444444444444
9999999999999999999999
4545454545454545454545
9999999999999999999999
8787878787878787878787
4444444444444444444444
9999999999999999999999
3939393939393939393939
9999999999999999999999
9999999999999999999999
5959595959595959595959
9999999999999999999999
9595959595959595959595
9999999999999999999999
4949494949494949494949
4444444444444444444444
9999999999999999999999
9999999999999999999999
4444444444444444444444
6262626262626262626262
4444444444444444444444
5555555555555555555555
9595959595959595959595
9999999999999999999999
4747474747474747474747
4444444414141414141414
5454545454545454545454
3737373737373737373737
4545454545454545454545
4949494949494949494949
4444444444444444444444
9999999999999999999999
6565656565656565656565
9999999999999999999999
4747474747474747474747
8484848484848484848484
9999999979797979797979
3737373737373737373737
4949494949494949494949
8989898989898989898989
3939393939393939393939
9999999999999999999999
8585858585858585858585
9999999999999999999999
4747474747474747474747
4444444444343434343434
9999999696969696969696
3939393939393939393939
4545454545454545454545
9999999999999999999999
4444444444444444444444
9999999999999999999999
4545454545454545454545
9999999999999999999999
4747474747474747474747
8484848484848484848484
9696969696969696969696
3737373737373737373737
4444444444444444444444
6262626262626262626262
4444444444444444444444
5454545454545454545454
4545454545454545454545
9999999999999999999999
4747474747474747474747
9494949494949494949494
5454545454545454545454
3838383838383838383838
4949494949494949494949
9999999999999999999999
4949494949494949494949
9999999999999999999999
4545454545454545454545
4949494949494949494949
4747474747474747474747
9494949494949494949494
9999999999999999999999
3939393939393939393939
4848484848484848484848
6262626262626262626262
4444444444444444444444
5454545454545454545454
4545454545454545454545
9999999999999999999999
7777777777777777777777
4444444444444444444444
9494949494949494949494
3737373737373737373737
4949494949494949494949
9999999999999999999999
4444444444444444444444
6969696969696969696969
4545454545454545454545
9999999999999999999999
4747474747474747474747
4444444444444444444444
9999999999999999999999
3939393939393939393939
4444444444444444444444
6262626262626262626262
4444444444444444444414
5555555555555555555555
4545454545454545454545
9999999999999999999999
4747474747474747474747
4444444444444444444444
5454545454545454545454
3434343434343434343434
4444444444444444444444
6262626262626262626262
4444444444444444444444
5454545454545454545454
4545454545454545454545
5555555555555555555555
7777777777777777777777
4444444444444444444444
5454545454545454545454
3737373737373737373737
4444444444444444444444
6262626262626262626262
1414141414141414141414
5959595959595959595959
4545454545454545454545
9999999999999999999999
4747474747474747474747
4444444444444444444444
5454545454545454545454
3737373737373737373737
4949494949494949494949
9696969696969696969696
4949494949494949494949
9999999999999999998989
4545454545454545454545
9999999999999999999999
4747474747474747474747
4444444444444444444444
9999999999999999999999
3939393939393939393939
4848484848484848484848
6262626262626262626262
4444444444444444444444
5454545454545454545454
4545454545454545454545
9999999999999999999999
4747474747474747474747
4444444444444444444444
8484848484848484848484
3737373737373737373737
4949494949494949494949
9999999999999999999998
9999999999999999999999
9999999999999999999999
7575757575757575757575
9999999999999999999999
4747474747474747474747
4444444444444444444444
9999999999999999999999
3939393939393939393939
4444444444444443434343
6262626262626262626262
7474747474747474747474
5959595959595959595959
4545454545454545454545
9999999999999999999999
4747474747474747474747
4444444444444444444444
5454545454545454545454
3737373737373737373737
4545454545454545454545
9999999999999999999999
4444444444444444444444
9999999999999999999999
4545454545454545454545
9999999999999999999999
4747474747474747474747
8484848484848484848484
9696969696969696969696
5757575757575757575757
4545454545454545454545
9999999999999999999999
4444444444444444444444
9999999999999999999999
4848484848484848484848
9999999969696969696969
4747474747474747474747
4949494949494949494943
9999999999999999999999
3737373737373737373737
4444444444444444444444
6262626262626262626262
4242424242424242424242
5454545454545454545454
4545454545454545454545
6969696969696969696969
4747474747474747474747
4444444444444444444444
5454545454545454545454
3737373737373737373737
4848484848484848484848
7979797979797979393939
4444444444444444444444
9999999999999999999999
4545454545454545454545
9696969696969696969696
4747474747474747474747
4444444444444444444444
9999999999999999999999
3535353535353535353535
5959595959595959595959
9999999999999999999999
1919191919191919191919
9999999999999999999999
4545454545454545454545
9999999999999999999999
8989898989898989898989
8484848484848484848484
9999999999999999999999
3939393939393939393939
4848484848484848484848
6262626262626262626262
4444444444444444444444
5959595959595959595959
4545454545454545454545
9999999999999999999999
4747474747474747474747
4444444444444444444444
5555555555555555555555
3737373737373737373737
4444444444444444444444
6262626262626262626262
4444444444444444444444
5454545454545454545454
4545454545454545454545
5555555555555555555555
4747474747474747474747
7474747474747474747474
5454545454545454545454
3737373737373737373737
1414141414141414141414
7272727272727272727272
4444444444444444444444
9999999999999999999999
4545454545454545454544
9999999999999999999999
4747474747474747474747
4444444444444444444444
9999999999999999999999
3737373737373737373737
4444444444444444444444
6262626262626262626262
4444444444444444444444
9494949494949494949494
9595959595959595959595
5555555555555555555555
4747474747474746464646
4444444444444444444444
5757575757575757575757
3737373737373737373737
4949494949494949494949
8989898989898989898989
4949494949494949494949
9999999999999999999999
8585858585858585858585
9999999999999999999999
4747474747474747474747
7474747474747474747474
9999999696969696969696
3939393939393939393939
4949494947474747474747
9999999999999999999999
4949494949494949494949
9999999999999999999999
4545454545454545454545
9999999999999999999999
4747474747474747474747
4444444444444444444444
9999999999999999999999
3737373737373737373737
4949494949494949494949
9999999999999999999999
4444444444444444444444
9999999999999999999999
4545454545454545454545
9999999999999999999999
4747474747474747474747
4444444444444444444444
9999999999999999999999
5959595959575757575757
4444444444444444444444
6969696969696969696969
4444444444444444444444
9999999999999999999999
4545454545454545454545
9999999999999999999999
4545454545454545454545
6464646464646464646464
4848484848484848484848
3737373737373737373737
4444444444444444444444
6262626262626262626262
4444444444444444444444
5454545424242424242424
4545454545454545454545
9999999999999999999999
4848484848484848484848
4444444444444444444444
5757575757575757575757
3838383838383838383838
4444444444444343434343
6262626262626262626262
4444444444444444444444
2929292929292929292929
4545454545454545454545
9999999999999999999999
4747474747474747474747
4444444444444444444444
9494949494949494949494
3737373737373737373737
9999999999999999999999
9999999999999999999999
9999999989898989898989
9999999999999999999999
4949494949494949494949
9999999999999999999999
9999999999999999999999
2929292929292929292929
9999999999999999999999
9999999999999999999999
9999999999999999999898
9999999999999999999999
9999999999999999999999
9999999999999999999999
4545454545454545454545
9999999999999999999999
9999999999999999999999
4545454545454545454545
9999999999999999999999
9999999999999999999999
4444444444444444444444
6262626262626262626262
4444444444444444444444
5454545454545454545454
4545454545454545454545
5555555555555555555555
4747474747474747474747
4646464646464646464646
5656565656565656565656
3737373737373737373737
4444444444444444444444
6262626262626262626262
4444444444444444444444
5555555555555555555555
4545454545454545454545
9999999999999999999999
4747474747474747474747
8484848484848484848484
9494949494949494949494
3737373737373737373737
4444444444444444444444
6969696969696969696969
4444444444444444444444
5959595959585858585858
4141414141414141414141
9999999999999999999999
4747474747474747474747
4444444444444444444444
5959595959595959595959
4747474747474747474747
4949494949494949494949
9999999999999999999999
4444444444444444444444
9999999999999999999999
4545454545454545454545
9999999999999999999999
4545454545454545454545
4444444444444444444444
9999999999999999999999
5959595959595959595959
4848484848484848484848
6565656565656565656565
4444444444444444444444
5959595959595959595959
4545454545454545454545
9999999999999999999999
4747474747474747474747
4444444444444444444444
5959595959595959595959
3737373737373737373737
4444444444444444444444
6565656565656565656565
4444444444444444444444
5959595959595959595959
4242424242424242424242
9898989898989898989898
4747474747474747474747
4444444444444444444444
5959595959595959595959
3737373737373737373737
4949494949494949494949
9999999999999999999999
4545454545454545454545
9999999999999999999999
5555555555555555555555
9696969696969696969696
4747474747474747474747
4444444444444444444444
9999999999999999999999
3939393939393939393939
4444444444444444444444
6565656565656565656565
4444444444444444444444
5959595959595959595959
4545454545454545454545
9999999999999999999999
4747474747474747474747
4949494949494949494949
5959595959595959595959
3737373737373737373737
4949494949494949494949
9999999999999999999999
5454545454545454545454
9494949494949494949494
4545454545454545454545
7979797979797979797979
4747474747474747474747
4444444444444444444444
9999999999999999999999
3737373737373737373737
4444444444444444444444
6363636363636363636363
4444444444444444444444
5959595959595959595959
1515151515151515151515
9999999999999999999999
4747474747474747474747
5454545454545454545454
5959595959595959595959
6767676767676767676767
9595959595959595959595
9999999999999999999999
4444444444444444444444
9999999999999999999999
4545454545454545454545
9999999999998989898989
4747474747474747474747
8989898989898989898989
9999999999999999999999
3737373737373737373737
4444444444444444444444
6565656565656565656565
4444444444444444444444
5959595959595959595959
4545454545454545454545
9898989898989898989898
1717171717171717171717
4444444444444444444444
5959595959595959595959
3737373737373737373737
4949494949494949494949
9696969696969696969696
4949494949494949494949
9999999999999999998989
4545454545454545454545
9999999999999999999999
4545454545454545454545
4444444444444444444444
9999999999999999999999
3939393939393939393939
4444444444444444444444
6262626262626262626262
4848484848484848484848
5454545454545454545454
4444444444444444444444
5353535353535353535353
4747474747474747474747
4444444444444444444444
5454545454545151515151
3838383838383838383838
