3274808407
11 10 100
99999999999999999999
99999999999999999999
99999999999999999999
99999999999999999999
99999999999999999999
99999999999999999999
99999999999999999999
99999999999999999999
99999999999999999999
99999999999999999999
99999999999999999999
99999999999999999999
99999999999999999999
99999999999999999999
99999999999999999999
55555555555555555555
99999999999999999999
99999999999999999999
99999999999999999999
99999999999999999999
99999999999999999999
99999999999999999999
99999999999999999999
99999999999999999999
99999999999999999999
99999999999999999999
33333333333333333333
99999999999999999999
99999999999999999999
99999999999999999999
99999999999999999999
99999999999999999999
99999999999999999999
99999999999999999999
99999999999999999999
99999999999999999999
99999999999999999999
44444444444444444444
99999999999999999999
99999999999999999999
99999999999999999999
99999999999999999999
99999999999999999999
99999999999999999999
99999999999999999999
99999999999999999999
99999999999999999999
99999999999999999999
44444444444444444444
99999999999999999999
99999999999999999999
99999999999999999999
99999999999999999999
99999999999999999999
77777777777777777777
99999999999999999999
99999999999999999999
99999999999999999999
99999999999999999999
44444444444444444444
99999999999999999999
99999999999999999999
99999999999999999999
99999999999999999999
99999999999999999999
44444444444444444444
99999999999999999999
99999999999999999999
99999999999999999999
99999999999999999999
44444444444444444444
99999999999999999999
99999999999999999999
99999999999999999999
99999999999999999999
99999999999999999999
33333333333333333333
99999999999999999999
99999999999999999999
99999999999999999999
99999999999999999999
44444444444444444444
99999999999999999999
99999999999999999999
77777777777777777777
99999999999999999999
99999999999999999999
44444444444444444444
99999999999999999999
99999999999999999999
99999999999999999999
99999999999999999999
44444444444444444444
99999999999999999999
99999999999999999999
44444444444444444444
99999999999999999999
99999999999999999999
44444444444444444444
99999999999999999999
99999999999999999999
99999999999999999999
99999999999999999999
44444444444444444444
99999999999999999999
99999999999999999999
55555555555555555555
99999999999999999999
99999999999999999999
44444444444444444444
99999999999999999999
99999999999999999999
99999999999999999999
99999999999999999999
44444444444444444444
99999999999999999999
99999999999999999999
55555555555555555555
66666666666666666666
99999999999999999999
44444444444444444444
99999999999999999999
99999999999999999999
99999999999999999999
99999999999999999999
44444444444444444444
99999999999999999999
99999999999999999999
55555555555555555555
33333333333333333333
99999999999999999999
44444444444444444444
99999999999999999999
99999999999999999999
99999999999999999999
99999999999999999999
44444444444444444444
99999999999999999999
99999999999999999999
55555555555555555555
44444444444444444444
99999999999999999999
44444444444444444444
99999999999999999999
99999999999999999999
99999999999999999999
99999999999999999999
44444444444444444444
99999999999999999999
99999999999999999999
55555555555555555555
66666666666666666666
77777777777777777777
44444444444444444444
99999999999999999999
99999999999999999999
99999999999999999999
99999999999999999999
44444444444444444444
99999999999999999999
99999999999999999999
55555555555555555555
66666666666666666666
44444444444444444444
44444444444444444444
99999999999999999999
99999999999999999999
99999999999999999999
99999999999999999999
44444444444444444444
99999999999999999999
99999999999999999999
55555555555555555555
66666666666666666666
55555555555555555555
44444444444444444444
99999999999999999999
99999999999999999999
99999999999999999999
66666666666666666666
44444444444444444444
99999999999999999999
99999999999999999999
55555555555555555555
66666666666666666666
77777777777777777777
44444444444444444444
99999999999999999999
99999999999999999999
99999999999999999999
33333333333333333333
44444444444444444444
99999999999999999999
99999999999999999999
55555555555555555555
66666666666666666666
77777777777777777777
44444444444444444444
99999999999999999999
99999999999999999999
99999999999999999999
44444444444444444444
44444444444444444444
99999999999999999999
99999999999999999999
55555555555555555555
66666666666666666666
77777777777777777777
44444444444444444444
99999999999999999999
99999999999999999999
55555555555555555555
44444444444444444444
44444444444444444444
99999999999999999999
99999999999999999999
55555555555555555555
66666666666666666666
77777777777777777777
44444444444444444444
99999999999999999999
99999999999999999999
77777777777777777777
44444444444444444444
44444444444444444444
99999999999999999999
99999999999999999999
55555555555555555555
66666666666666666666
77777777777777777777
44444444444444444444
99999999999999999999
99999999999999999999
66666666666666666666
44444444444444444444
44444444444444444444
99999999999999999999
99999999999999999999
55555555555555555555
66666666666666666666
77777777777777777777
44444444444444444444
99999999999999999999
55555555555555555555
77777777777777777777
44444444444444444444
44444444444444444444
99999999999999999999
99999999999999999999
55555555555555555555
66666666666666666666
77777777777777777777
44444444444444444444
99999999999999999999
77777777777777777777
77777777777777777777
44444444444444444444
44444444444444444444
99999999999999999999
99999999999999999999
55555555555555555555
66666666666666666666
77777777777777777777
44444444444444444444
99999999999999999999
66666666666666666666
77777777777777777777
44444444444444444444
44444444444444444444
99999999999999999999
99999999999999999999
55555555555555555555
66666666666666666666
77777777777777777777
44444444444444444444
55555555555555555555
77777777777777777777
77777777777777777777
44444444444444444444
44444444444444444444
99999999999999999999
99999999999999999999
55555555555555555555
66666666666666666666
77777777777777777777
44444444444444444444
77777777777777777777
77777777777777777777
77777777777777777777
44444444444444444444
44444444444444444444
99999999999999999999
99999999999999999999
55555555555555555555
66666666666666666666
77777777777777777777
44444444444444444444
66666666666666666666
77777777777777777777
77777777777777777777
44444444444444444444
44444444444444444444
99999999999999999999
99999999999999999999
55555555555555555555
66666666666666666666
77777777777777777777
44444444444444444444
77777777777777777777
77777777777777777777
77777777777777777777
44444444444444444444
44444444444444444444
66666666666666666666
99999999999999999999
55555555555555555555
66666666666666666666
77777777777777777777
44444444444444444444
77777777777777777777
77777777777777777777
77777777777777777777
44444444444444444444
44444444444444444444
33333333333333333333
99999999999999999999
55555555555555555555
66666666666666666666
77777777777777777777
44444444444444444444
77777777777777777777
77777777777777777777
77777777777777777777
44444444444444444444
44444444444444444444
44444444444444444444
99999999999999999999
55555555555555555555
66666666666666666666
77777777777777777777
44444444444444444444
77777777777777777777
77777777777777777777
77777777777777777777
44444444444444444444
44444444444444444444
66666666666666666666
44444444444444444444
55555555555555555555
66666666666666666666
77777777777777777777
44444444444444444444
77777777777777777777
77777777777777777777
77777777777777777777
44444444444444444444
44444444444444444444
66666666666666666666
22222222222222222222
55555555555555555555
66666666666666666666
77777777777777777777
44444444444444444444
77777777777777777777
77777777777777777777
77777777777777777777
44444444444444444444
44444444444444444444
66666666666666666666
33333333333333333333
55555555555555555555
66666666666666666666
77777777777777777777
44444444444444444444
77777777777777777777
77777717171717171717
77777777777777777777
44444444444444444444
44444411111111111111
66666666666666666666
44444444444444444444
55555555555555555555
66666666666666666666
77777777777777777777
44444444444444444444
77777777777777777777
77777777777777777777
77777777777777777777
44444444444444444444
34343434343434343434
66666666666666666666
44444444444444444444
55555555555555555555
66666666666666666666
77777777777777777777
44444444444444444444
77777777777777777777
77777777777777777777
77777777777777777777
44444444444444444444
43434343434343434343
66666666666666666666
44444444444444444444
55555555555555555555
66666666666666666666
77777777777777777777
44444444444444444444
77777777777777777777
77777777777777777777
77777777777777777777
44444444444444444444
44444444444444444444
66666666666666666666
44444444444444444444
55555555555555555555
66666666666666666666
67676767676767676767
44444444444444444444
77777777777777777777
77777777777777777777
77777777777777777777
44444444444444444444
44444444444444444444
66666666666666666666
44444444444444444444
55555555555555555555
66666666666666666666
76767676767676767676
44444444444444444444
77777777777777777777
77777777777777777777
77777777777777777777
44444444444444444444
44444444444444444444
66666666666666666666
44444444444444444444
55555555555555555555
56565656565656565656
76767676767676767676
44444444444444444444
77777777777777777777
77777777777777777777
57575757575757575757
44444444444444444444
44444444444444444444
66666666666666666666
44444444444444444444
45454545454545454545
56565656565656565656
76767676767676767676
44444444444444444444
77777777777777777777
77777777777777777777
57575757575757575757
44444444444444444444
44444444444444444444
66666666666666666666
44444444444444444444
54545454545454545454
56565656565656565656
76767676767676767676
44444444444444444444
77777777777777777777
67676767676767676767
57575757575757575757
44444444444444444444
44444444444444444444
66666666666666666666
44444444444444444444
55555555555555555555
56565656565656565656
76767676767676767676
44444444444444444444
77777777777777777777
76767676767676767676
57575757575757575757
44444444444444444444
44444444444444444444
66666666666666666666
44444444444444444444
55555555555555555555
56565656565656565656
76767676767676767676
44444444444444444444
77777777777777777777
77777777777777777777
47474747474747474747
44444444444444444444
44444444444444444444
66666666666666666666
44444444444444444444
55555555555555555555
56565656565656565656
76767676767676767676
44444444444444444444
77777777777777777777
77777777777777777777
56565656565656565656
44444444444444444444
44444444444444444444
66666666666666666666
44444444444444444444
55555555555555555555
56565656565656565656
76767676767676767676
44444444444444444444
77777777777777777777
77777777777777777777
57575757575757575757
44444444444444444444
44444444444444444444
66666666666666666666
44444444444444444444
55555555555555555555
56565656565656565656
76767676767676767676
34343434343434343434
77777777777777777777
77777777777777777777
57575757575757575757
44444444444444444444
44444444444444444444
66666666666666666666
44444444444444444444
55555555555555555555
56565656565656565656
76767676767676767676
43434343434343434343
67676767676767676767
77777777777777777777
57575757575757575757
44444444444444444444
44444444444444444444
66666666666666666666
44444444444444444444
55555555555555555555
56565656565656565656
76767676767676767676
44444444444444444444
76767676767676767676
77777777777777777777
57575757575757575757
44444444444444444444
44444444444444444444
66666666666666666666
44444444444444444444
55555555555555555555
56565656565656565656
76767676767676767676
44444444444444444444
77777777777777777777
77777777777777777777
57575757575757575757
44444444444444444444
44444444444444444444
56565656565656565656
44444444444444444444
55555555555555555555
56565656565656565656
76767676767676767676
44444444444444444444
77777777777777777777
77777777777777777777
57575757575757575757
44444444444444444444
44444444444444444444
65656565656565656565
44444444444444444444
55555555555555555555
56565656565656565656
76767676767676767676
44444444444444444444
77777777777777777777
77777777777777777777
57575757575757575757
34343434343434343434
44444444444444444444
66666666666666666666
44444444444444444444
55555555555555555555
56565656565656565656
76767676767676767676
44444444444444444444
77777777777777777777
77777777777777777777
57575757575757575757
43434343434343434343
44444444444444444444
66666666666666666666
44444444444444444444
55555555555555555555
56565656565656565656
76767676767676767676
44444444444444444444
77777777777777777777
77777777777777777777
57575757575757575757
44444444444444444444
44444444444444444444
66666666666666666666
34343434343434343434
55555555555555555555
56565656565656565656
76767676767676767676
44444444444444444444
77777777777777777777
77777777777777777777
57575757575757575757
44444444444444444444
44444444444444444444
66666666666666666666
43434343434343434343
55555555555555555555
56565656565656565656
76767676767676767676
44444444444444444444
77777777777777777777
77777717171717171717
77777777777777777777
44444444444444444444
44444411111111111111
66666666666666666666
44444444444444444444
55555555555555555555
56565656565656565656
76767676767676767676
44444444444444444444
79797979797979797979
77777777777777777777
57575757575757575757
44444444444444444444
44444444444444444444
66666666666666666666
44444444444444444444
55555555555555555555
56565656565656565656
76767676767676767676
44444444444444444444
99999999999999999999
99999999999999999999
99999999999999797979
99999999999999999999
44444444444444444444
99999999999999999999
99999999999999999999
55555555555555555555
66666666666666666666
77777777777777777777
44444444444444444444
99999999999999999999
99999999999999999999
99999999999999999999
69696969696969696969
44444444444444444444
99999999999999999999
99999999999999999999
99999999999999999999
99999999999999999999
99999999999999999999
77777777777777777777
99999999999999999999
99999999999999999999
99999999999999999999
99999999999999999999
44444444444444444444
99999999999999999999
99999999999999999999
77777777777777777777
99999999999999999999
99999999797979797979
44444444444444444444
99999999999999999999
99999999999999999999
99999999999999999999
99999999999999999999
44444444444444444444
99999999999999999999
99999999999999999999
69696969696969696969
99999999999999999999
99999999999999999999
77777777777777777777
99999999999999999999
99999999999999999999
99999999999999999999
99999999999999999999
44444444444444444444
99999999999999999999
99999999999999999999
69696969696969696868
99999999999999999999
99999999999999999999
77777777777777777777
99999999999999999999
99999999999999999999
99999999999999999999
49494949494949494949
44444444444444444444
99999999999999999999
99999999999999999999
69696969696969696969
99999999999999999999
99999999999999999999
77777777777777777777
99999999999999999999
99999999999999999999
99999999999999999999
69696969696969696969
44444444444444444444
99999999999999999999
99999999999999999999
55555555555555555555
99999999999999999999
99999999999999999999
44444444444444444444
99999989898989898989
99999999999999999999
99999999999999999999
99999999999999999999
44444444444444444444
99999999999999999999
99999999999999999999
55555555555555555555
66666666666666666666
77777777777777777777
44444444444444444444
98989898989898989898
99999999999999999999
99999999999999999999
69696969696969696969
44444444444444444444
99999999999999999999
99999999999999999999
99999999999999999999
99999999999999999999
99999999999999999999
77777777777777777777
99999999999999999999
99999999999999999999
77777777777777777777
14141414141414141414
44444444444444444444
99999999999999999999
99999999999999999999
55555555555555555555
66666666666666666666
77777777777777777777
44444444444444444444
99999999999999999999
69696969696969696969
77777777777777777777
44444444444444444444
44444444444444444444
99999999999999999999
99999999999999999999
55555555555555555555
66666666666666666666
77777777777777777777
44444444444444444444
77777777777777777777
77777777777777777777
77777777777777777777
49494949494949494949
44444444444444444444
66666666666666666666
44444444444444444444
55555555555555555555
66666666666666666666
77777777777777777777
44444444444444444444
77777777777777777777
77777777777777777777
57575757575757575757
14141414141414141414
44444444444444444444
66666666666666666666
44444444444444444444
55555555555555555555
56565656565656565656
76767676767676767676
44444444444444444444
77777777777777777777
77777777777777777777
77777777777757575757
44444444444444444444
44444444444444444444
66666666666666666666
99999999999999999999
55555555555555555555
66666666666666666666
79797979797979797979
44444444444444444444
99999999999999999999
99999999999999999999
99999999999999999999
66666666666666666666
44444444444444444444
99999999999999999999
99999999999999999999
55555555555555555555
69696969696969696969
77777777777777777777
44444444444444444444
99999999999999999999
99999999999999999999
99999999999998989898
44444444444444444444
44444444444444444444
99999999999999999999
99999999999999999999
55555555555555555555
96969696969696969696
77777777777777777777
44444444444444444444
77777777777777777777
77777777777777777777
77777777777777777777
46464646464646464646
44444444444444444444
66666666666666666666
44444444444444444444
55555555555555555555
66666666666666666666
76767676767676767676
44444444444444444444
99999999999999999999
99999999999999999999
99999999999998989898
44444444444444444444
34343434343434343434
99999999999999999999
99999999999999999999
55555555555555555555
96969696969696969696
77777777777777777777
44444444444444444444
77777777777777777777
77777777777777777777
77777777777777777777
44444444444444444444
44444444444444444444
98989898484848484848
99999999999999999999
55555555555555555555
66666666666666666666
77777777777777777777
44444444444444444444
99999989898989898989
99999999999999999999
99999999999999999999
99999999999999999999
44444444444444444444
99999999999999999999
99999999999998989898
59595959595959595959
66666666666666666666
77777777777777777777
44444444444444444444
99999999999999999999
99999999999999999999
99999999999999999999
99999999999999999999
44444444444444444444
99999999999999999999
89898989898989898989
77777777777777777777
99999999999999999999
99999999999999999999
44444444444444444444
99999989898989898989
99999999999999999999
99999999999999999999
99999999999999999999
44444444444444444444
99999999999999999999
99999999999998989898
59595959595959595959
66666666666666666666
77777777777777777777
49494949494949494949
99999999999999999999
99999999999999999999
99999999999999999999
66666666666666666666
44444444444444444444
99999999999999999999
99999999999999999999
59595959595959595959
69696969696969696969
77777777777777777777
44444444444444444444
99999989898989898989
99999999999999999999
99999999999999999999
99999999999999999999
44444444444444444444
99999999999999989898
99999999999998989898
54545454545454545454
66666666666666666666
77777777777777777777
44444444444444444444
77777777777777777777
77777777777777777777
77777777777777777777
44444444444444444444
44444444444444444444
66666666666666666666
14141414141414141414
55555555555555555555
66666666666666666666
77777777777777777777
44444444444444444444
77777777777777777777
77777777777777777777
77777777777777777777
64646464646464646464
44444444444444444444
66666666666666666666
44444444444444444444
55555555555555555555
66666666666666464646
77777777777777777777
44444444444444444444
99999989898989898989
99999999999999999999
99999999999999999999
99999999999999999999
24242424242424242424
99999999999999999999
99999999999999999999
59595959595959595959
66666666666666666666
77777777777777777777
44444444444444444444
77777777777777777777
77777777777777777777
77777777777777777777
44444444444444444444
44444444444444444444
66666666666666666666
54545454545454545454
55555555555555555555
66666666666666666666
76767676767676767676
44444444444444444444
77777777777777777777
77777777777777777777
77777777777777777777
24242424242424242424
44444444444444444444
66666666666666666666
44444444444444444444
55555555555555555555
66666666666666464646
77777777777777777777
44444444444444444444
99999999999999999999
99999999999999999999
99999999999999999999
99999999999999999999
44444444444444444444
99999999999999999999
99999999999999999999
77777777777777777777
99999898989898989898
99999999999999999999
44444444444444444444
77777777777777777777
37373737373737373737
77777777777777777777
44444444444444444444
44444444444444444444
66666666666666666666
44444444444444444444
55555555555555555555
66666666666666666666
76767676767676767676
44444444444444444444
77777777777777777777
77777777777777777777
77777777777777777777
64646464646464646464
44444444444444444444
66666666666666666666
44444444444444444444
51515151515151515151
66666666666666666666
77777777777777777777
44444444444444444444
77777777777777777777
77777777777777777777
77777777777777777777
44444444444444444444
43434343434343434343
66666666666666666666
99999999999999999999
55555555555555555555
66666666666666666666
77777777777777777777
44444444444444444444
77777777737373737373
77777777777777777777
79797979797979797979
44444444444444444444
44444444444444444444
66666666666666666666
44444444444444444444
55555555555555555555
66666666666666666666
77777777777777777777
44444444444444444444
99999989898989898989
99999999999999999999
99999999999999999999
99999999999999999999
44444444444444444444
99999999999999989898
99999999999998989898
54545454545454545454
66666666666666666666
77777777777777777777
46464646464646464646
99999999999999999999
99999999999999999999
77777777777777777777
44444444444444444444
44444444444444444443
99999999999999999999
99999999999999999999
55555555555555555555
96969696969696969696
77777777777777777777
44444444444444444444
99999999999999999999
99999999999999999999
77777777777777777777
44444444444444444444
24242424242424242424
99999999999999999999
99999999999999999999
55555555555555555555
66666666666666666666
77777777777777777777
44444444444444444444
99999999999999999999
99999999999999999999
77777777777777777777
44444444444444444444
42424242424242424242
99999999999999999999
99999999999999999999
55555555555555555555
96969696969696969696
77777777777777777777
44444444444444444444
99999999999999999999
99999999999999999999
99999999999999999999
99999999999999999999
44444444444444444444
99999999999999989898
79797979797978787878
54545454545454545454
66666666666666666666
77777777777777777777
44444444444444444444
99999999999999999999
99999999996969696969
78787878787878787878
44444444444444444444
44444444444444444443
99999999999999999999
99999999999999999999
55555555555555555555
96969696969696969696
77777777777777777777
44444444444444444444
99999999999999999999
99999999999999999999
77777777777777777777
44444444444444444444
41414141414141414343
99999999999999999999
99999999999999999999
55555555555555555555
66666666666666666666
77777777777777777777
44444444444444444444
99999999999999999999
77777777777777777777
77777777777777777777
44444444444444444444
34343434343434343434
99999999999999999999
99999999999999999999
55555555555555555555
66666666666666666666
77777777777777777777
44444444444444444444
