3076767279
14 9 50
999999999999999999
999999999999999999
999999999999999999
999999999999999999
999999999999999999
999999999999999999
999999999999999999
999999999999999999
999999999999999999
999999999999999999
999999999999999999
999999999999999999
999999999999999999
999999999999999999
999999999999999999
999999999999999999
999999999999999999
555555555555555555
999999999999999999
999999999999999999
999999999999999999
999999999999999999
999999999999999999
999999999999999999
999999999999999999
999999999999999999
999999999999999999
999999999999999999
999999999999999999
999999999999999999
999999999999999999
333333333333333333
999999999999999999
999999999999999999
999999999999999999
999999999999999999
999999999999999999
999999999999999999
999999999999999999
999999999999999999
999999999999999999
999999999999999999
999999999999999999
999999999999999999
999999999999999999
444444444444444444
999999999999999999
999999999999999999
999999999999999999
999999999999999999
999999999999999999
999999999999999999
999999999999999999
999999999999999999
999999999999999999
999999999999999999
999999999999999999
999999999999999999
999999999999999999
444444444444444444
999999999999999999
999999999999999999
999999999999999999
999999999999999999
999999999999999999
999999999999999999
999999999999999999
999999999999999999
999999999999999999
555555555555555555
999999999999999999
999999999999999999
999999999999999999
444444444444444444
999999999999999999
999999999999999999
999999999999999999
999999999999999999
999999999999999999
999999999999999999
999999999999999999
999999999999999999
999999999999999999
333333333333333333
999999999999999999
999999999999999999
999999999999999999
444444444444444444
999999999999999999
999999999999999999
999999999999999999
999999999999999999
999999999999999999
999999999999999999
999999999999999999
999999999999999999
999999999999999999
444444444444444444
555555555555555555
999999999999999999
999999999999999999
444444444444444444
999999999999999999
999999999999999999
999999999999999999
999999999999999999
999999999999999999
999999999999999999
999999999999999999
999999999999999999
999999999999999999
555555555555555555
777777777777777777
999999999999999999
999999999999999999
444444444444444444
999999999999999999
999999999999999999
999999999999999999
999999999999999999
999999999999999999
999999999999999999
999999999999999999
999999999999999999
999999999999999999
555555555555555555
666666666666666666
999999999999999999
999999999999999999
444444444444444444
999999999999999999
999999999999999999
999999999999999999
999999999999999999
999999999999999999
999999999999999999
999999999999999999
999999999999999999
999999999999999999
555555555555555555
777777777777777777
999999999999999999
999999999999999999
444444444444444444
999999999999999999
999999999999999999
444444444444444444
999999999999999999
999999999999999999
999999999999999999
999999999999999999
999999999999999999
999999999999999999
555555555555555555
777777777777777777
999999999999999999
999999999999999999
444444444444444444
999999999999999999
999999999999999999
222222222222222222
999999999999999999
999999999999999999
999999999999999999
999999999999999999
999999999999999999
999999999999999999
555555555555555555
777777777777777777
999999999999999999
999999999999999999
444444444444444444
999999999999999999
999999999999999999
333333333333333333
999999999999999999
999999999999999999
999999999999999999
999999999999999999
999999999999999999
999999999999999999
555555555555555555
777777777777777777
999999999999999999
444444444444444444
444444444444444444
999999999999999999
999999999999999999
444444444444444444
999999999999999999
999999999999999999
999999999999999999
999999999999999999
999999999999999999
999999999999999999
555555555555555555
777777777777777777
999999999999999999
222222222222222222
444444444444444444
999999999999999999
999999999999999999
444444444444444444
999999999999999999
999999999999999999
999999999999999999
999999999999999999
999999999999999999
999999999999999999
555555555555555555
777777777777777777
999999999999999999
333333333333333333
444444444444444444
999999999999999999
999999999999999999
444444444444444444
999999999999999999
999999999999999999
999999999999999999
999999999999999999
999999999999999999
999999999999999999
555555555555555555
777777777777777777
999999999999999999
444444444444444444
444444444444444444
444444444444444444
999999999999999999
444444444444444444
999999999999999999
999999999999999999
999999999999999999
999999999999999999
999999999999999999
999999999999999999
555555555555555555
777777777777777777
999999999999999999
444444444444444444
444444444444444444
222222222222222222
999999999999999999
444444444444444444
999999999999999999
999999999999999999
999999999999999999
999999999999999999
999999999999999999
999999999999999999
555555555555555555
777777777777777777
999999999999999999
444444444444444444
444444444444444444
333333333333333333
999999999999999999
444444444444444444
999999999999999999
999999999999999999
999999999999999999
999999999999999999
999999999999999999
999999999999999999
555555555555555555
777777777777777777
999999999999999999
444444444444444444
444444444444444444
444444444444444444
999999999999999999
444444444444444444
999999999999999999
999999999999999999
999999999999999999
999999999999999999
444444444444444444
999999999999999999
555555555555555555
777777777777777777
999999999999999999
444444444444444444
444444444444444444
444444444444444444
999999999999999999
444444444444444444
999999999999999999
999999999999999999
999999999999999999
999999999999999999
222222222222222222
999999999999999999
555555555555555555
777777777777777777
999999999999999999
444444444444444444
444444444444444444
444444444444444444
999999999999999999
444444444444444444
999999999999999999
999999999999999999
999999999999999999
999999999999999999
333333333333333333
999999999999999999
555555555555555555
777777777777777777
999999999999999999
444444444444444444
444444444444444444
444444444444444444
444444444444444444
444444444444444444
999999999999999999
999999999999999999
999999999999999999
999999999999999999
444444444444444444
999999999999999999
555555555555555555
777777777777777777
999999999999999999
444444444444444444
444444444444444444
444444444444444444
222222222222222222
444444444444444444
999999999999999999
999999999999999999
999999999999999999
999999999999999999
444444444444444444
999999999999999999
555555555555555555
777777777777777777
999999999999999999
444444444444444444
444444444444444444
444444444444444444
333333333333333333
444444444444444444
999999999999999999
999999999999999999
999999999999999999
999999999999999999
444444444444444444
999999999999999999
555555555555555555
777777777777777777
999999999999999999
444444444444444444
444444444444444444
444444444444444444
444444444444444444
444444444444444444
999999999999999999
999999999999999999
555555555555555555
999999999999999999
444444444444444444
999999999999999999
555555555555555555
777777777777777777
999999999999999999
444444444444444444
444444444444444444
444444444444444444
444444444444444444
444444444444444444
999999999999999999
999999999999999999
333333333333333333
999999999999999999
444444444444444444
999999999999999999
555555555555555555
777777777777777777
999999999999999999
444444444444444444
444444444444444444
444444444444444444
444444444444444444
444444444444444444
999999999999999999
999999999999999999
444444444444444444
999999999999999999
444444444444444444
999999999999999999
555555555555555555
777777777777777777
999999999999999999
444444444444444444
444444444444444444
444444444444444444
444444444444444444
444444444444444444
999999999999999999
999999999999999999
555555555555555555
999999999999999999
444444444444444444
444444444444444444
555555555555555555
777777777777777777
999999999999999999
444444444444444444
444444444444444444
444444444444444444
444444444444444444
444444444444444444
999999999999999999
999999999999999999
555555555555555555
999999999999999999
444444444444444444
222222222222222222
555555555555555555
777777777777777777
999999999999999999
444444444444444444
444444444444444444
444444444444444444
444444444444444444
444444444444444444
999999999999999999
999999999999999999
555555555555555555
999999999999999999
444444444444444444
333333333333333333
555555555555555555
777777777777777777
999999999999999999
444444444444444444
444444444444444444
444444444444444444
444444444444444444
444444444444444444
444444444444444444
999999999999999999
555555555555555555
999999999999999999
444444444444444444
444444444444444444
555555555555555555
777777777777777777
999999999999999999
444444444444444444
444444444444444444
444444444444444444
444444444444444444
444444444444444444
222222222222222222
999999999999999999
555555555555555555
999999999999999999
444444444444444444
444444444444444444
555555555555555555
777777777777777777
999999999999999999
444444444444444444
444444444444444444
444444444444444444
444444444444444444
444444444444444444
333333333333333333
999999999999999999
555555555555555555
999999999999999999
444444444444444444
444444444444444444
555555555555555555
777777777777777777
999999999999999999
444444444444444444
444444444444444444
444444444444444444
444444444444444444
444444444444444444
444444444444444444
444444444444444444
555555555555555555
999999999999999999
444444444444444444
444444444444444444
555555555555555555
777777777777777777
999999999999999999
444444444444444444
444444444444444444
444444444444444444
444444444444444444
444444444444444444
444444444444444444
222222222222222222
555555555555555555
999999999999999999
444444444444444444
444444444444444444
555555555555555555
777777777777777777
999999999999999999
444444444444444444
444444444444444444
444444444444444444
444444444444444444
444444444444444444
444444444444444444
333333333333333333
555555555555555555
999999999999999999
444444444444444444
444444444444444444
555555555555555555
777777777777777777
999999999999999999
444444444444444444
444444444444444444
444444444444444444
444444444444444444
444444444444444444
444444444444444444
444444444444444444
555555555555555555
444444444444444444
444444444444444444
444444444444444444
555555555555555555
777777777777777777
999999999999999999
444444444444444444
444444444444444444
444444444444444444
444444444444444444
444444444444444444
444444444444444444
444444444444444444
555555555555555555
222222222222222222
444444444444444444
444444444444444444
555555555555555555
777777777777777777
999999999999999999
444444444444444444
444444444444444444
444444444444444444
444444444444444444
444444444444444444
444444444444444444
444444444444444444
555555555555555555
333333333333333333
444444444444444444
444444444444444444
555555555555555555
777777777777777777
666666666666666666
444444444444444444
444444444444444444
444444444444444444
444444444444444444
444444444444444444
444444444444444444
444444444444444444
555555555555555555
444444444444444444
444444444444444444
444444444444444444
555555555555555555
777777777777777777
333333333333333333
444444444444444444
444444444444444444
444444444444444444
444444444444444444
444444444444444444
444444444444444444
444444444444444444
555555555555555555
444444444444444444
444444444444444444
444444444444444444
555555555555555555
777777777777777777
444444444444444444
444444444444444444
444444444444444444
444444444444444444
444444444444444444
444444444444444444
444444444444444444
444444444444444444
555555555555555555
444444444444444444
444444444444444444
444444444444444444
555555555555555555
777777777717111111
666666666666666666
444444444444444444
444444444414141414
444444444444444444
444444444444444444
444444444444141414
444444444444444444
444444444444444444
555555555555555555
444444444444444444
444444444444444444
444444444444444444
555555555555555555
676767676767676767
666666666666666666
444444444444444444
444444444444444444
444444444444444444
444444444444444444
444444444444444444
444444444444444444
444444444444444444
555555555555555555
444444444444444444
444444444444444444
444444444444444444
555555555555555555
767676767676767676
666666666666666666
444444444444444444
444444444444444444
444444444444444444
444444444444444444
444444444444444444
444444444444444444
444444444444444444
555555555555555555
444444444444444444
444444444444444444
444444444444444444
555555555555555555
777777777777777777
666666666666666666
444444444444444444
444444444444444444
444444444444444444
444444444444444444
444444444444444444
444444444444444444
444444444444444444
555555555555555555
444444444444444444
444444444444444444
444444444444444444
454545454545454545
777777777777777777
666666666666666666
444444444444444444
444444444444444444
444444444444444444
444444444444444444
444444444444444444
444444444444444444
444444444444444444
555555555555555555
444444444444444444
444444444444444444
444444444444444444
545454545454545454
777777777777777777
666666666666666666
444444444444444444
343434343434343434
444444444444444444
444444444444444444
444444444444444444
444444444444444444
444444444444444444
555555555555555555
444444444444444444
444444444444444444
444444444444444444
555555555555555555
777777777777777777
666666666666666666
444444444444444444
434343434343434343
444444444444444444
444444444444444444
444444444444444444
444444444444444444
444444444444444444
555555555555555555
444444444444444444
444444444444444444
444444444444444444
555555555555555555
