2950555118
14 10 100
99999999999999999999
99999999999999999999
99999999999999999999
99999999999999999999
99999999999999999999
99999999999999999999
99999999999999999999
99999999999999999999
99999999999999999999
99999999999999999999
99999999999999999999
99999999999999999999
99999999999999999999
99999999999999999999
99999999999999999999
99999999999999999999
99999999999999999999
99999999999999999999
55555555555555555555
99999999999999999999
99999999999999999999
99999999999999999999
99999999999999999999
99999999999999999999
99999999999999999999
99999999999999999999
99999999999999999999
99999999999999999999
99999999999999999999
99999999999999999999
99999999999999999999
99999999999999999999
33333333333333333333
99999999999999999999
99999999999999999999
99999999999999999999
99999999999999999999
99999999999999999999
99999999999999999999
99999999999999999999
99999999999999999999
99999999999999999999
99999999999999999999
99999999999999999999
99999999999999999999
99999999999999999999
44444444444444444444
99999999999999999999
99999999999999999999
99999999999999999999
99999999999999999999
99999999999999999999
99999999999999999999
99999999999999999999
99999999999999999999
99999999999999999999
99999999999999999999
99999999999999999999
99999999999999999999
99999999999999999999
55555555555555555555
99999999999999999999
99999999999999999999
44444444444444444444
99999999999999999999
99999999999999999999
99999999999999999999
99999999999999999999
99999999999999999999
99999999999999999999
99999999999999999999
99999999999999999999
99999999999999999999
99999999999999999999
55555555555555555555
99999999999999999999
99999999999999999999
66666666666666666666
99999999999999999999
99999999999999999999
99999999999999999999
99999999999999999999
99999999999999999999
99999999999999999999
99999999999999999999
99999999999999999999
99999999999999999999
99999999999999999999
55555555555555555555
99999999999999999999
99999999999999999999
55555555555555555555
99999999999999999999
99999999999999999999
99999999999999999999
99999999999999999999
99999999999999999999
99999999999999999999
99999999999999999999
99999999999999999999
99999999999999999999
99999999999999999999
55555555555555555555
99999999999999999999
99999999999999999999
55555555555555555555
99999999999999999999
99999999999999999999
99999999999999999999
99999999999999999999
44444444444444444444
99999999999999999999
99999999999999999999
99999999999999999999
99999999999999999999
99999999999999999999
55555555555555555555
99999999999999999999
99999999999999999999
55555555555555555555
99999999999999999999
99999999999999999999
99999999999999999999
99999999999999999999
22222222222222222222
99999999999999999999
99999999999999999999
99999999999999999999
99999999999999999999
99999999999999999999
55555555555555555555
99999999999999999999
99999999999999999999
55555555555555555555
99999999999999999999
99999999999999999999
99999999999999999999
99999999999999999999
33333333333333333333
99999999999999999999
99999999999999999999
99999999999999999999
99999999999999999999
99999999999999999999
55555555555555555555
99999999999999999999
99999999999999999999
55555555555555555555
99999999999999999999
99999999999999999999
99999999999999999999
44444444444444444444
44444444444444444444
99999999999999999999
99999999999999999999
99999999999999999999
99999999999999999999
99999999999999999999
55555555555555555555
99999999999999999999
99999999999999999999
55555555555555555555
99999999999999999999
99999999999999999999
99999999999999999999
66666666666666666666
44444444444444444444
99999999999999999999
99999999999999999999
99999999999999999999
99999999999999999999
99999999999999999999
55555555555555555555
99999999999999999999
99999999999999999999
55555555555555555555
99999999999999999999
99999999999999999999
99999999999999999999
55555555555555555555
44444444444444444444
99999999999999999999
99999999999999999999
99999999999999999999
99999999999999999999
99999999999999999999
55555555555555555555
99999999999999999999
99999999999999999999
55555555555555555555
99999999999999999999
99999999999999999999
55555555555555555555
55555555555555555555
44444444444444444444
99999999999999999999
99999999999999999999
99999999999999999999
99999999999999999999
99999999999999999999
55555555555555555555
99999999999999999999
99999999999999999999
55555555555555555555
99999999999999999999
99999999999999999999
33333333333333333333
55555555555555555555
44444444444444444444
99999999999999999999
99999999999999999999
99999999999999999999
99999999999999999999
99999999999999999999
55555555555555555555
99999999999999999999
99999999999999999999
55555555555555555555
99999999999999999999
99999999999999999999
44444444444444444444
55555555555555555555
44444444444444444444
99999999999999999999
99999999999999999999
99999999999999999999
99999999999999999999
99999999999999999999
55555555555555555555
99999999999999999999
55555555555555555555
55555555555555555555
99999999999999999999
99999999999999999999
55555555555555555555
55555555555555555555
44444444444444444444
99999999999999999999
99999999999999999999
99999999999999999999
99999999999999999999
99999999999999999999
55555555555555555555
99999999999999999999
77777777777777777777
55555555555555555555
99999999999999999999
99999999999999999999
55555555555555555555
55555555555555555555
44444444444444444444
99999999999999999999
99999999999999999999
99999999999999999999
99999999999999999999
99999999999999999999
55555555555555555555
99999999999999999999
88888888888888888888
55555555555555555555
99999999999999999999
99999999999999999999
55555555555555555555
55555555555555555555
44444444444444444444
99999999999999999999
99999999999999999999
99999999999999999999
44444444444444444444
99999999999999999999
55555555555555555555
99999999999999999999
99999999999999999999
55555555555555555555
99999999999999999999
99999999999999999999
55555555555555555555
55555555555555555555
44444444444444444444
99999999999999999999
99999999999999999999
99999999999999999999
22222222222222222222
99999999999999999999
55555555555555555555
99999999999999999999
99999999999999999999
55555555555555555555
99999999999999999999
99999999999999999999
55555555555555555555
55555555555555555555
44444444444444444444
99999999999999999999
99999999999999999999
99999999999999999999
33333333333333333333
99999999999999999999
55555555555555555555
99999999999999999999
99999999999999999999
55555555555555555555
99999999999999999999
99999999999999999999
55555555555555555555
55555555555555555555
44444444444444444444
99999999999999999999
99999999999999999999
99999999999999999999
44444444444444444444
99999999999999999999
55555555555555555555
44444444444444444444
99999999999999999999
55555555555555555555
99999999999999999999
99999999999999999999
55555555555555555555
55555555555555555555
44444444444444444444
99999999999999999999
99999999999999999999
99999999999999999999
44444444444444444444
99999999999999999999
55555555555555555555
66666666666666666666
99999999999999999999
55555555555555555555
99999999999999999999
99999999999999999999
55555555555555555555
55555555555555555555
44444444444444444444
99999999999999999999
99999999999999999999
99999999999999999999
44444444444444444444
99999999999999999999
55555555555555555555
55555555555555555555
99999999999999999999
55555555555555555555
99999999999999999999
99999999999999999999
55555555555555555555
55555555555555555555
44444444444444444444
99999999999999999999
99999999999999999999
99999999999999999999
44444444444444444444
44444444444444444444
55555555555555555555
55555555555555555555
99999999999999999999
55555555555555555555
99999999999999999999
99999999999999999999
55555555555555555555
55555555555555555555
44444444444444444444
99999999999999999999
99999999999999999999
99999999999999999999
44444444444444444444
66666666666666666666
55555555555555555555
55555555555555555555
99999999999999999999
55555555555555555555
99999999999999999999
99999999999999999999
55555555555555555555
55555555555555555555
44444444444444444444
99999999999999999999
99999999999999999999
99999999999999999999
44444444444444444444
55555555555555555555
55555555555555555555
55555555555555555555
99999999999999999999
55555555555555555555
99999999999999999999
99999999999999999999
55555555555555555555
55555555555555555555
44444444444444444444
99999999999999999999
99999999999999999999
99999999999999999999
44444444444444444444
66666666666666666666
55555555555555555555
55555555555555555555
99999999999999999999
55555555555555555555
99999999999999999999
55555555555555555555
55555555555555555555
55555555555555555555
44444444444444444444
99999999999999999999
99999999999999999999
99999999999999999999
44444444444444444444
66666666666666666666
55555555555555555555
55555555555555555555
99999999999999999999
55555555555555555555
99999999999999999999
77777777777777777777
55555555555555555555
55555555555555555555
44444444444444444444
99999999999999999999
99999999999999999999
99999999999999999999
44444444444444444444
66666666666666666666
55555555555555555555
55555555555555555555
99999999999999999999
55555555555555555555
99999999999999999999
66666666666666666666
55555555555555555555
55555555555555555555
44444444444444444444
99999999999999999999
99999999999999999999
99999999999999999999
44444444444444444444
66666666666666666666
55555555555555555555
55555555555555555555
99999999999999999999
55555555555555555555
99999999999999999999
66666666666666666666
55555555555555555555
55555555555555555555
44444444444444444444
44444444444444444444
99999999999999999999
99999999999999999999
44444444444444444444
66666666666666666666
55555555555555555555
55555555555555555555
99999999999999999999
55555555555555555555
99999999999999999999
66666666666666666666
55555555555555555555
55555555555555555555
44444444444444444444
66666666666666666666
99999999999999999999
99999999999999999999
44444444444444444444
66666666666666666666
55555555555555555555
55555555555555555555
99999999999999999999
55555555555555555555
99999999999999999999
66666666666666666666
55555555555555555555
55555555555555555555
44444444444444444444
55555555555555555555
55555555555555555555
99999999999999999999
44444444444444444444
66666666666666666666
55555555555555555555
55555555555555555555
99999999999999999999
55555555555555555555
99999999999999999999
66666666666666666666
55555555555555555555
55555555555555555555
44444444444444444444
55555555555555555555
33333333333333333333
99999999999999999999
44444444444444444444
66666666666666666666
55555555555555555555
55555555555555555555
99999999999999999999
55555555555555555555
99999999999999999999
66666666666666666666
55555555555555555555
55555555555555555555
44444444444444444444
55555555555555555555
44444444444444444444
99999999999999999999
44444444444444444444
66666666666666666666
55555555555555555555
55555555555555555555
99999999999999999999
55555555555555555555
99999999999999999999
66666666666666666666
55555555555555555555
55555555555555555555
44444444444444444444
55555555555555555555
55555555555555555555
66666666666666666666
44444444444444444444
66666666666666666666
55555555555555555555
55555555555555555555
99999999999999999999
55555555555555555555
99999999999999999999
66666666666666666666
55555555555555555555
55555555555555555555
44444444444444444444
55555555555555555555
55555555555555555555
99999999999999999999
44444444444444444444
66666666666666666666
55555555555555555555
55555555555555555555
99999999999999999999
55555555555555555555
99999999999999999999
66666666666666666666
55555555555555555555
55555555555555555555
44444444444444444444
55555555555555555555
55555555555555555555
88888888888888888888
44444444444444444444
66666666666666666666
55555555555555555555
55555555555555555555
99999999999999999999
55555555555555555555
99999999999999999999
66666666666666666666
55555555555555555555
55555555555555555555
44444444444444444444
55555555555555555555
55555555555555555555
88888888888888888888
44444444444444444444
66666666666666666666
55555555555555555555
55555555555555555555
99999999999999999999
55555555555555555555
44444444444444444444
66666666666666666666
55555555555555555555
55555555555555555555
44444444444444444444
55555555555555555555
55555555555555555555
88888888888888888888
44444444444444444444
66666666666666666666
55555555555555555555
55555555555555555555
99999999999999999999
55555555555555555555
22222222222222222222
66666666666666666666
55555555555555555555
55555555555555555555
44444444444444444444
55555555555555555555
55555555555555555555
88888888888888888888
44444444444444444444
66666666666666666666
55555555555555555555
55555555555555555555
99999999999999999999
55555555555555555555
33333333333333333333
66666666666666666666
55555555555555555555
55555555555555555555
44444444444444444444
55555555555555555555
55555555555555555555
88888888888888888888
44444444444444444444
66666666666666666666
55555555555555551515
55555555555555555555
99999999999999191111
55555555555555555555
44444444444444444444
66666666666666666666
55555555555555555555
55555555555555555555
44444444444444444444
55555555555555555555
55555555555555555555
88888888888888888888
44444444444444444444
66666666666666666666
55555555555555555555
55555555555555555555
89898989898989898989
55555555555555555555
44444444444444444444
66666666666666666666
55555555555555555555
55555555555555555555
44444444444444444444
55555555555555555555
55555555555555555555
88888888888888888888
44444444444444444444
66666666666666666666
45454545454545454545
55555555555555555555
89898989898989898989
55555555555555555555
44444444444444444444
66666666666666666666
55555555555555555555
55555555555555555555
44444444444444444444
55555555555555555555
55555555555555555555
88888888888888888888
44444444444444444444
66666666666666666666
54545454545454545454
55555555555555555555
89898989898989898989
55555555555555555555
44444444444444444444
66666666666666666666
55555555555555555555
55555555555555555555
44444444444444444444
55555555555555555555
55555555555555555555
88888888888888888888
44444444444444444444
66666666666666666666
54545454545454545454
55555555555555555555
89898989898989898989
45454545454545454545
44444444444444444444
66666666666666666666
55555555555555555555
55555555555555555555
44444444444444444444
55555555555555555555
55555555555555555555
88888888888888888888
44444444444444444444
66666666666666666666
54545454545454545454
55555555555555555555
89898989898989898989
54545454545454545454
44444444444444444444
66666666666666666666
55555555555555555555
55555555555555555555
44444444444444444444
55555555555555555555
55555555555555555555
88888888888888888888
44444444444444444444
66666666666666666666
54545454545454545454
55555555555555555555
89898989898989898989
55555555555555555555
44444444444444444444
66666666666666666666
55555555555555555555
45454545454545454545
44444444444444444444
55555555555555555555
55555555555555555555
88888888888888888888
44444444444444444444
46464646464646464646
54545454545454545454
55555555555555555555
89898989898989898989
55555555555555555555
44444444444444444444
66666666666666666666
45454545454545454545
45454545454545454545
44444444444444444444
55555555555555555555
55555555555555555555
88888888888888888888
44444444444444444444
46464646464646464646
54545454545454545454
55555555555555555555
89898989898989898989
55555555555555555555
44444444444444444444
66666666666666666666
54545454545454545454
45454545454545454545
44444444444444444444
55555555555555555555
55555555555555555555
88888888888888888888
44444444444444444444
46464646464646464646
54545454545454545454
55555555555555555555
89898989898989898989
55555555555555555555
44444444444444444444
66666666666666666666
55555555555555555555
45454545454545454545
34343434343434343434
55555555555555555555
55555555555555555555
88888888888888888888
44444444444444444444
46464646464646464646
54545454545454545454
55555555555555555555
89898989898989898989
55555555555555555555
44444444444444444444
66666666666666666666
55555555555555555555
45454545454545454545
43434343434343434343
55555555555555555555
55555555555555555555
78787878787878787878
44444444444444444444
46464646464646464646
54545454545454545454
55555555555555555555
89898989898989898989
55555555555555555555
44444444444444444444
66666666666666666666
55555555555555555555
45454545454545454545
44444444444444444444
55555555555555555555
55555555555555555555
87878787878787878787
44444444444444444444
46464646464646464646
54545454545454545454
55555555555555555555
89898989898989898989
55555555555555555555
44444444444444444444
66666666666666666666
55555555555555555555
45454545454545454545
44444444444444444444
55555555555555555555
55555555555555555555
88888888888888888888
44444444444444444444
46464646464646464646
54545454545454545454
55555555555555555555
89898989898989898989
55555555555555555555
44444444444444444444
56565656565656565656
55555555555555555555
45454545454545454545
44444444444444444444
55555555555555555555
55555555555555555555
88888888888888888888
44444444444444444444
46464646464646464646
54545454545454545454
55555555555555555555
89898989898989898989
55555555555555555555
44444444444444444444
65656565656565656565
55555555555555555555
45454545454545454545
44444444444444444444
55555555555555555555
55555555555555555555
88888888888888888888
44444444444444444444
46464646464646464646
54545454545454545454
45454545454545454545
89898989898989898989
55555555555555555555
44444444444444444444
66666666666666666666
55555555555555555555
45454545454545454545
44444444444444444444
55555555555555555555
55555555555555555555
88888888888888888888
44444444444444444444
46464646464646464646
54545454545454545454
54545454545454545454
89898989898989898989
55555555555555555555
44444444444444444444
66666666666666666666
55555555555555555555
45454545454545454545
44444444444444444444
55555555555555555555
55555555555555555555
88888888888888888888
44444444444444444444
36363636363636363636
54545454545454545454
55555555555555555555
89898989898989898989
55555555555555555555
44444444444444444444
66666666666666666666
55555555555555555555
45454545454545454545
44444444444444444444
55555555555555555555
55555555555555555555
88888888888888888888
44444444444444444444
45454545454545454545
54545454545454545454
55555555555555555555
89898989898989898989
55555555555555555555
44444444444444444444
66666666666666666666
55555555555555555555
45454545454545454545
44444444444444444444
55555555555555555555
55555555555555555555
88888888888888888888
34343434343434343434
46464646464646464646
54545454545454545454
55555555555555555555
89898989898989898989
55555555555555555555
44444444444444444444
66666666666666666666
55555555555555555555
45454545454545454545
44444444444444444444
55555555555555555555
55555555555555555555
88888888888888888888
43434343434343434343
46464646464646464646
54545454545454545454
55555555555555555555
89898989898989898989
55555555555555555555
44444444444444444444
66666666666666666666
55555555555555555555
45454545454545454545
44444444444444444444
55555555555555555555
55555555555555555555
88888888888888888888
44444444444444444444
46464646464646464646
54545454545454545454
55555555555555555555
89898989898989898989
55555555555555555555
44444444444444444444
66666666666666666666
55555555555555555555
45454545454545454545
44444444444444444444
45454545454545454545
55555555555555555555
88888888888888888888
44444444444444444444
46464646464646464646
54545454545454545454
55555555555555555555
89898989898989898989
55555555555555555555
44444444444444444444
66666666666666666666
55555555555555555555
45454545454545454545
44444444444444444444
54545454545454545454
45454545454545454545
88888888888888888888
44444444444444444444
46464646464646464646
54545454545454545454
55555555555555555555
89898989898989898989
55555555555555555555
44444444444444444444
66666666666666666666
55555555555555555555
45454545454545454545
44444444444444444444
55555555555555555555
54545454545454545454
88888888888888888888
44444444444444444444
46464646464646464646
54545454545454545454
55555555555555555555
89898989898989898989
55555555555555555555
44444444444444444444
66666666666666666666
55555555555555555555
45454545454545454545
44444444444444444444
55555555555555555555
55555555555555555555
88888888888888888888
44444444444444444444
46464646464646464646
54545454545454545454
55555555555555555555
89898989898989898989
55555555555555555555
34343434343434343434
66666666666666666666
55555555555555555555
45454545454545454545
44444444444444444444
55555555555555555555
55555555555555555555
88888888888888888888
44444444444444444444
46464646464646464646
54545454545454545454
55555555555555555555
89898989898989898989
55555555555555555555
43434343434343434343
66666666666666666666
55555555555555555555
45454545454545454545
44444444444444444444
55555555555555555555
55555555555555555555
88888888888888888888
44444444444444444444
66666666666666666666
54545454545454541414
55555555555555555555
89898989898989898919
55555555555555551515
44444444444444444444
66666666666666666666
55555555555555555555
45454545454545454545
44444444444444444444
55555555555555555555
99999999999999999999
99999999999999999999
99999999999999999999
99999999999999999999
55555555555555555555
99999999999999999999
99999999999999999999
55555555555555555555
99999999999999999999
99999999999999999999
99999999696969696969
66666666666666666666
44444444444444444444
99999999999999999999
99999999999999999999
99999999999999999999
44444444444444444444
66666666666666666666
55555555555555555555
55555555555555555555
99999999999999999999
55555555555555555555
99999797979797979797
66666666666666666666
55555555555555555555
55555555555555555555
44444444444444444444
99999999999999999999
99999999999999999999
99999999999999999999
99999999999999999999
99999999999999999999
55555555555555555555
99999999999999999999
99999999999999999999
55555555555555555555
99999999999999999999
99999999999999999999
55555555555555555555
55555151515151515151
44444444444444444444
99999999999999999999
55555555555555555555
88888888888888888888
43434343434343434343
66666666666666666666
55555555555555555555
55555555555555555555
99999999999999999999
55555555555555555555
44444444444444444444
66666666666666666666
55555555555555555555
55555555555555555555
44444444444444444444
55555555555555555555
99999999999999999999
99999999999999999999
99999999999999999999
99999999999999999999
55555555555555555555
99999999999999999999
99999999999999999999
55555555555555555555
94949494949494949494
99999999999999999999
55555555555555555555
55555555555555555555
44444444444444444444
99999999999999999999
55555555555555555555
48484848484848484848
44444444444444444444
66666666666666666666
55555555555555555555
55555555555555555555
99999999999999999999
55555555555555555555
99999999999999999999
66666666666666666666
55555555555555555555
55555555555555555555
44444444444444444444
55555555555555555555
99999999999999999999
99999999999999999999
44444444444444444444
66666666666666666666
55555555555555555555
55555555555555555555
99999999999999999999
55555555555555555555
99999999999999999998
66666666666666666666
55555555555555555555
55555555555555555555
44444444444444444444
66666666666666666666
96969696969696969696
99999999999999999999
44444444444444444444
66666666666666666666
55555555555555555555
55555555555555555555
99999999999999999999
55555555555555555555
99999999999999999999
66666666666666666666
55555555555555555555
55555555555555555555
44444444444444444444
55555555555555555555
55555555555555555555
88888888888888888888
43434343434343434343
66666666666666666666
55555555555555555555
55555555555555555555
99999999999999999999
55555555555555555555
44444444444444444444
66666666666666666666
57575757575757575757
55555555555555555555
44444444444444444444
55555555555555555555
99999999999999999999
99999999999999999999
99999999999999999999
99999999999999797979
55555555555555555555
99999999999999999999
57575757575757575757
55555555555555555555
99999999999999999999
99999999999999999999
55555555555555555555
55555555555555555555
44444444444444444444
99999999999999999999
96969696969696969696
99999999999999999999
41414141414141414141
66666666666666666666
55555555555555555555
55555555555555555555
99999999999999999999
55555555555555555555
99999999999999999999
66666666666666666666
55555555555555555555
55555555555555555555
44444444444444444444
55555555555555555555
99999999999999999999
99999999999999999999
44444444444444444444
66666666666666666666
57575757575757575757
55555555555555555555
99999999999999999999
55555555555555555555
99999999999999999999
77777777777777777777
55555555555555555555
55555555555555555555
44444444444444444444
99999999999999797979
99999999999999999999
99999999999999999999
44444444444444444444
99999999999999999999
95959595959595959595
66666666666666666666
99999999999999999999
55555555555555555555
99999999999999999999
99999999999999999999
55555555555555555555
55555555555555555555
44444444444444444444
99999999997979797979
99999999999999999999
99999999999999999999
99999999999999999999
99999999999999999999
55555555555555555555
99999999999999999999
99999999999999999999
55555555555555555555
99999999999999999999
99999999999999999999
99999999999999999999
66666666666666666666
94949494949494949494
99999999999999999999
99999999999999999999
69696969696969696969
44444444444444444444
99999999999999999999
55555555555555555555
99999999999999999999
99999999999999999999
55555555555555555555
99999999999999999999
99999999999999999999
55555555555555555555
55555555555555555555
44444444444444444443
99999999999999999999
99999999999999999999
99999999999999999999
44444444444444444444
66666666666666666666
55555555555555555555
55555555555555555555
99999999999999999999
55555555555555555555
99999797979797979797
66666666666666666666
55555555555555555555
55555555555555555555
41414141414141414141
99999999999999999999
55555555555555555555
88888888888888888888
44444444444444444444
66666666666666666666
55555555555555555555
35353535353535353535
99999999999999999999
55555555555555555555
99999999999999999999
66666666666666666666
55555555555555555555
55555555555555555555
44444444444444444444
55555555555555555555
99999999999999999999
99999999999999999999
99999999999999999999
99999999999999999999
55555555555555555555
99999999999999999999
55555555555555555555
55555555555555555555
99999999999999999999
99999999999999999999
55555555555555555555
35353535353535353535
44444444444444444444
99999999999999999999
99999999999999999999
99999999999999999999
44444444444444444444
68686868686868686868
55555555555555555555
55555555555555555555
99999999999999999999
55555555555555555555
99999797979797979797
66666666666666666666
55555555555555555555
55555555555555555555
44444444444444444444
99999999999999999999
55555555555555555555
88888888888888888888
44444444444444444444
66666666666666666666
55555555555555555555
55555555555555555555
89898989898989898989
55555555555555555555
44444444444444444444
96969696969696969696
55555555555555555555
55555555555555555555
44444444444444444444
55555555555555555555
99999999999999999999
99999999999999999999
94949494949494949494
99999999999999999999
55555555555555555555
99999999999999999999
88888888888888888888
55555555555555555555
99999999999999999999
99999999999999999999
55555555555555555555
55555555555555555555
44444444444444444444
99999999999999999999
55555555555555555555
88888888888888888888
44444444444444444444
66666666666666666666
54545454545454545454
55555555555555555555
89898989898989898989
55555555555555555555
44444444444444444444
66666666666666666666
55555555555555555555
55555555555555555555
84848484848484848484
55555555555555555555
99999999999999999999
99999999999999999999
99999999999999999999
99999999999999999999
55555555555555555555
99999999999999999999
99999999999999999999
55555555555555555555
99999999999999999999
99999999999999999999
99999999999999999999
66666666666666666666
99999999999999999999
99999999999999999999
99999999999999999999
99999999999999999999
44444444444444444444
68686868686868686868
55555555555555555555
55555555555555555555
99999999999999999999
55555555555555555555
99999999999999999999
66666666666666666666
55555555555555555555
55555555555555555555
14141414141414141414
99999999999999999999
99999999999999999999
99999999999999999999
44444444444444444444
68686868686868686868
51515151515151515151
55555555555555555555
99999999999999999999
55555555555555555555
99999797979797979797
66666666666666666666
55555555555555555555
55555555555555555555
44444444444444444444
99999999999999999999
99999999999999999999
99999999999999999999
99999999999999999999
99999999999999999999
55555555555555555555
99999999999999999999
99999999999999999999
55555555555555555555
95959595959595959595
99999999999999999999
99999999999999999999
66666666666666666666
94949494949494949494
99999999999999999999
99999999999999999999
99999999999999999999
44444444444444444444
66666666666666666666
55555555555555555555
55555555555555555555
99999999999999999999
55555555555555555555
99999999999999999999
61616161616161616161
55555555555555555555
55555555555555555555
44444444444444444444
66666666666666666666
55555555555555555555
99999999999999999999
44444444444444444444
62626262626262626262
55555555555555555555
55555555555555555555
99999999999999999999
55555555555555555555
99999999999999999999
66666666666666666666
55555555555555555555
55555555555555555555
44444444444444444444
55555555555555555555
55555555555555555555
88888888888888888888
44444444444444444444
66666666666666666666
55555555555555555555
55555555555555555555
99999999999999999999
55555555555555555555
99999999999999999999
66666666666666666666
55555555555555555555
55555555555555555555
45454545454545454545
55555555555555555555
