2724148912
15 9 100
999999999999999999
999999999999999999
999999999999999999
999999999999999999
999999999999999999
999999999999999999
999999999999999999
999999999999999999
999999999999999999
999999999999999999
999999999999999999
999999999999999999
999999999999999999
999999999999999999
999999999999999999
999999999999999999
999999999999999999
999999999999999999
999999999999999999
999999999999999999
555555555555555555
999999999999999999
999999999999999999
999999999999999999
999999999999999999
999999999999999999
999999999999999999
999999999999999999
999999999999999999
999999999999999999
999999999999999999
999999999999999999
999999999999999999
999999999999999999
999999999999999999
333333333333333333
999999999999999999
999999999999999999
999999999999999999
999999999999999999
999999999999999999
999999999999999999
999999999999999999
999999999999999999
999999999999999999
999999999999999999
999999999999999999
999999999999999999
999999999999999999
999999999999999999
444444444444444444
999999999999999999
999999999999999999
999999999999999999
999999999999999999
999999999999999999
999999999999999999
999999999999999999
999999999999999999
999999999999999999
999999999999999999
999999999999999999
999999999999999999
999999999999999999
999999999999999999
555555555555555555
999999999999999999
999999999999999999
999999999999999999
999999999999999999
777777777777777777
999999999999999999
999999999999999999
999999999999999999
999999999999999999
999999999999999999
999999999999999999
999999999999999999
999999999999999999
999999999999999999
555555555555555555
999999999999999999
999999999999999999
999999999999999999
999999999999999999
444444444444444444
999999999999999999
999999999999999999
999999999999999999
999999999999999999
999999999999999999
999999999999999999
999999999999999999
999999999999999999
999999999999999999
555555555555555555
999999999999999999
999999999999999999
999999999999999999
999999999999999999
555555555555555555
999999999999999999
999999999999999999
999999999999999999
999999999999999999
999999999999999999
999999999999999999
999999999999999999
999999999999999999
999999999999999999
555555555555555555
999999999999999999
999999999999999999
999999999999999999
555555555555555555
555555555555555555
999999999999999999
999999999999999999
999999999999999999
999999999999999999
999999999999999999
999999999999999999
999999999999999999
999999999999999999
999999999999999999
555555555555555555
999999999999999999
999999999999999999
999999999999999999
777777777777777777
555555555555555555
999999999999999999
999999999999999999
999999999999999999
999999999999999999
999999999999999999
999999999999999999
999999999999999999
999999999999999999
999999999999999999
555555555555555555
999999999999999999
999999999999999999
999999999999999999
666666666666666666
555555555555555555
999999999999999999
999999999999999999
999999999999999999
999999999999999999
999999999999999999
999999999999999999
999999999999999999
999999999999999999
999999999999999999
555555555555555555
999999999999999999
999999999999999999
999999999999999999
666666666666666666
555555555555555555
666666666666666666
999999999999999999
999999999999999999
999999999999999999
999999999999999999
999999999999999999
999999999999999999
999999999999999999
999999999999999999
555555555555555555
999999999999999999
999999999999999999
999999999999999999
666666666666666666
555555555555555555
333333333333333333
999999999999999999
999999999999999999
999999999999999999
999999999999999999
999999999999999999
999999999999999999
999999999999999999
999999999999999999
555555555555555555
999999999999999999
999999999999999999
999999999999999999
666666666666666666
555555555555555555
444444444444444444
999999999999999999
999999999999999999
999999999999999999
999999999999999999
999999999999999999
999999999999999999
999999999999999999
999999999999999999
555555555555555555
999999999999999999
999999999999999999
444444444444444444
666666666666666666
555555555555555555
666666666666666666
999999999999999999
999999999999999999
999999999999999999
999999999999999999
999999999999999999
999999999999999999
999999999999999999
999999999999999999
555555555555555555
999999999999999999
999999999999999999
666666666666666666
666666666666666666
555555555555555555
666666666666666666
999999999999999999
999999999999999999
999999999999999999
999999999999999999
999999999999999999
999999999999999999
999999999999999999
999999999999999999
555555555555555555
999999999999999999
999999999999999999
555555555555555555
666666666666666666
555555555555555555
666666666666666666
999999999999999999
999999999999999999
999999999999999999
999999999999999999
999999999999999999
999999999999999999
999999999999999999
888888888888888888
555555555555555555
999999999999999999
999999999999999999
555555555555555555
666666666666666666
555555555555555555
666666666666666666
999999999999999999
999999999999999999
999999999999999999
999999999999999999
999999999999999999
999999999999999999
999999999999999999
444444444444444444
555555555555555555
999999999999999999
999999999999999999
555555555555555555
666666666666666666
555555555555555555
666666666666666666
999999999999999999
999999999999999999
999999999999999999
999999999999999999
999999999999999999
999999999999999999
999999999999999999
666666666666666666
555555555555555555
999999999999999999
999999999999999999
555555555555555555
666666666666666666
555555555555555555
666666666666666666
999999999999999999
999999999999999999
999999999999999999
999999999999999999
999999999999999999
999999999999999999
999999999999999999
555555555555555555
555555555555555555
999999999999999999
999999999999999999
555555555555555555
666666666666666666
555555555555555555
666666666666666666
999999999999999999
999999999999999999
999999999999999999
999999999999999999
999999999999999999
999999999999999999
999999999999999999
666666666666666666
555555555555555555
999999999999999999
999999999999999999
555555555555555555
666666666666666666
555555555555555555
666666666666666666
999999999999999999
777777777777777777
999999999999999999
999999999999999999
999999999999999999
999999999999999999
999999999999999999
666666666666666666
555555555555555555
999999999999999999
999999999999999999
555555555555555555
666666666666666666
555555555555555555
666666666666666666
999999999999999999
444444444444444444
999999999999999999
999999999999999999
999999999999999999
999999999999999999
999999999999999999
666666666666666666
555555555555555555
999999999999999999
999999999999999999
555555555555555555
666666666666666666
555555555555555555
666666666666666666
999999999999999999
555555555555555555
999999999999999999
999999999999999999
555555555555555555
999999999999999999
999999999999999999
666666666666666666
555555555555555555
999999999999999999
999999999999999999
555555555555555555
666666666666666666
555555555555555555
666666666666666666
999999999999999999
777777777777777777
999999999999999999
999999999999999999
777777777777777777
999999999999999999
999999999999999999
666666666666666666
555555555555555555
999999999999999999
999999999999999999
555555555555555555
666666666666666666
555555555555555555
666666666666666666
999999999999999999
777777777777777777
999999999999999999
999999999999999999
666666666666666666
999999999999999999
999999999999999999
666666666666666666
555555555555555555
999999999999999999
999999999999999999
555555555555555555
666666666666666666
555555555555555555
666666666666666666
999999999999999999
777777777777777777
999999999999999999
555555555555555555
777777777777777777
999999999999999999
999999999999999999
666666666666666666
555555555555555555
999999999999999999
999999999999999999
555555555555555555
666666666666666666
555555555555555555
666666666666666666
999999999999999999
777777777777777777
999999999999999999
777777777777777777
777777777777777777
999999999999999999
999999999999999999
666666666666666666
555555555555555555
999999999999999999
999999999999999999
555555555555555555
666666666666666666
555555555555555555
666666666666666666
999999999999999999
777777777777777777
999999999999999999
666666666666666666
777777777777777777
999999999999999999
999999999999999999
666666666666666666
555555555555555555
999999999999999999
999999999999999999
555555555555555555
666666666666666666
555555555555555555
666666666666666666
999999999999999999
777777777777777777
999999999999999999
777777777777777777
777777777777777777
999999999999999999
999999999999999999
666666666666666666
555555555555555555
555555555555555555
999999999999999999
555555555555555555
666666666666666666
555555555555555555
666666666666666666
999999999999999999
777777777777777777
999999999999999999
777777777777777777
777777777777777777
999999999999999999
999999999999999999
666666666666666666
555555555555555555
777777777777777777
999999999999999999
555555555555555555
666666666666666666
555555555555555555
666666666666666666
999999999999999999
777777777777777777
999999999999999999
777777777777777777
777777777777777777
999999999999999999
999999999999999999
666666666666666666
555555555555555555
666666666666666666
999999999999999999
555555555555555555
666666666666666666
555555555555555555
666666666666666666
999999999999999999
777777777777777777
999999999999999999
777777777777777777
777777777777777777
777777777777777777
999999999999999999
666666666666666666
555555555555555555
777777777777777777
999999999999999999
555555555555555555
666666666666666666
555555555555555555
666666666666666666
999999999999999999
777777777777777777
999999999999999999
777777777777777777
777777777777777777
444444444444444444
999999999999999999
666666666666666666
555555555555555555
777777777777777777
999999999999999999
555555555555555555
666666666666666666
555555555555555555
666666666666666666
999999999999999999
777777777777777777
999999999999999999
777777777777777777
777777777777777777
555555555555555555
999999999999999999
666666666666666666
555555555555555555
777777777777777777
999999999999999999
555555555555555555
666666666666666666
555555555555555555
666666666666666666
999999999999999999
777777777777777777
999999999999999999
777777777777777777
777777777777777777
777777777777777777
999999999999999999
666666666666666666
555555555555555555
777777777777777777
999999999999999999
555555555555555555
666666666666666666
555555555555555555
666666666666666666
999999999999999999
777777777777777777
777777777777777777
777777777777777777
777777777777777777
777777777777777777
999999999999999999
666666666666666666
555555555555555555
777777777777777777
999999999999999999
555555555555555555
666666666666666666
555555555555555555
666666666666666666
999999999999999999
777777777777777777
444444444444444444
777777777777777777
777777777777777777
777777777777777777
999999999999999999
666666666666666666
555555555555555555
777777777777777777
999999999999999999
555555555555555555
666666666666666666
555555555555555555
666666666666666666
999999999999999999
777777777777777777
555555555555555555
777777777777777777
777777777777777777
777777777777777777
999999999999999999
666666666666666666
555555555555555555
777777777777777777
666666666666666666
555555555555555555
666666666666666666
555555555555555555
666666666666666666
999999999999999999
777777777777777777
777777777777777777
777777777777777777
777777777777777777
777777777777777777
999999999999999999
666666666666666666
555555555555555555
777777777777777777
333333333333333333
555555555555555555
666666666666666666
555555555555555555
666666666666666666
999999999999999999
777777777777777777
777777777777777777
777777777777777777
777777777777777777
777777777777777777
999999999999999999
666666666666666666
555555555555555555
777777777777777777
444444444444444444
555555555555555555
666666666666666666
555555555555555555
666666666666666666
999999999999999999
777777777777777777
777777777777777777
777777777777777777
777777777777777777
777777777777777777
666666666666666666
666666666666666666
555555555555555555
777777777777777777
666666666666666666
555555555555555555
666666666666666666
555555555555555555
666666666666666666
999999999999999999
777777777777777777
777777777777777777
777777777777777777
777777777777777777
777777777777777777
333333333333333333
666666666666666666
555555555555555555
777777777777777777
666666666666666666
555555555555555555
666666666666666666
555555555555555555
666666666666666666
999999999999999999
777777777777777777
777777777777777777
777777777777777777
777777777777777777
777777777777777777
444444444444444444
666666666666666666
555555555555555555
777777777777777777
666666666666666666
555555555555555555
666666666666666666
555555555555555555
666666666666666666
999999999999999999
777777777777777777
777777777777777777
777777777777777777
777777777777777777
777777777777777777
666666666666666666
666666666666666666
555555555555555555
777777777777777777
666666666666666666
555555555555555555
666666666666666666
555555555555555555
666666666666666666
555555555555555555
777777777777777777
777777777777777777
777777777777777777
777777777777777777
777777777777777777
666666666666666666
666666666666666666
555555555555555555
777777777777777777
666666666666666666
555555555555555555
666666666666666666
555555555555555555
666666666666666666
777777777777777777
777777777777777777
777777777777777777
777777777777777777
777777777777777777
777777777777777777
666666666666666666
666666666666666666
555555555555555555
777777777777777777
666666666666666666
555555555555555555
666666666666666666
555555555555555555
666666666666666666
666666666666666666
777777777777777777
777777777777777777
777777777777777777
777777777777777777
777777777777777777
666666666666666666
666666666666666666
555555555555555555
777777777777777777
666666666666666666
555555555555555555
666666661616161616
555555555555555555
666666666666666666
777777777777777777
777777777777777777
777777777777777777
777777777777777777
777777777777777777
777777777777777777
666666666666666666
666666666666666666
555555555555555555
777777777777777777
666666666666666666
555555555555555555
565656565656565656
555555555555555555
666666666666666666
777777777777777777
777777777777777777
777777777777777777
777777777777777777
777777777777777777
777777777777777777
666666666666666666
666666666666666666
555555555555555555
777777777777777777
666666666666666666
555555555555555555
656565656565656565
555555555555555555
666666666666666666
777777777777777777
777777777777777777
777777777777777777
777777777777777777
777777777777777777
777777777777777777
666666666666666666
666666666666666666
555555555555555555
777777777777777777
666666666666666666
555555555555555555
656565656565656565
555555555555555555
565656565656565656
777777777777777777
777777777777777777
777777777777777777
777777777777777777
777777777777777777
777777777777777777
666666666666666666
666666666666666666
555555555555555555
777777777777777777
666666666666666666
555555555555555555
656565656565656565
555555555555555555
656565656565656565
777777777777777777
777777777777777777
777777777777777777
777777777777777777
777777777777777777
777777777777777777
666666666666666666
666666666666666666
454545454545454545
777777777777777777
666666666666666666
555555555555555555
656565656565656565
555555555555555555
656565656565656565
777777777777777777
777777777777777777
777777777777777777
777777777777777777
777777777777777777
777777777777777777
666666666666666666
666666666666666666
545454545454545454
777777777777777777
666666666666666666
555555555555555555
656565656565656565
555555555555555555
656565656565656565
777777777777777777
777777777777777777
777777777777777777
777777777777777777
676767676767676767
777777777777777777
666666666666666666
666666666666666666
555555555555555555
777777777777777777
666666666666666666
555555555555555555
656565656565656565
555555555555555555
656565656565656565
777777777777777777
777777777777777777
777777777777777777
777777777777777777
767676767676767676
777777777777777777
666666666666666666
666666666666666666
555555555555555555
777777777777777777
666666666666666666
555555555555555555
656565656565656565
555555555555555555
656565656565656565
777777777777777777
777777777777777777
777777777777777777
676767676767676767
767676767676767676
777777777777777777
666666666666666666
666666666666666666
555555555555555555
777777777777777777
666666666666666666
555555555555555555
656565656565656565
555555555555555555
656565656565656565
777777777777777777
777777777777777777
777777777777777777
767676767676767676
767676767676767676
777777777777777777
666666666666666666
666666666666666666
555555555555555555
777777777777777777
666666666666666666
555555555555555555
656565656565656565
555555555555555555
656565656565656565
777777777777777777
777777777777777777
777777777777777777
767676767676767676
767676767676767676
777777777777777777
666666666666666666
666666666666666666
555555555555555555
777777777777777777
666666666666666666
555555555555555555
656565656565656565
555555555555555555
656565656565656565
777777777777777777
676767676767676767
777777777777777777
767676767676767676
767676767676767676
777777777777777777
666666666666666666
666666666666666666
555555555555555555
777777777777777777
666666666666666666
555555555555555555
656565656565656565
555555555555555555
656565656565656565
777777777777777777
767676767676767676
777777777777777777
767676767676767676
767676767676767676
777777777777777777
666666666666666666
666666666666666666
555555555555555555
777777777777777777
666666666666666666
555555555555555555
656565656565656565
454545454545454545
656565656565656565
777777777777777777
767676767676767676
777777777777777777
767676767676767676
767676767676767676
777777777777777777
666666666666666666
666666666666666666
555555555555555555
777777777777777777
666666666666666666
555555555555555555
656565656565656565
545454545454545454
656565656565656565
777777777777777777
767676767676767676
777777777777777777
767676767676767676
767676767676767676
777777777777777777
666666666666666666
666666666666666666
555555555555555555
676767676767676767
666666666666666666
555555555555555555
656565656565656565
545454545454545454
656565656565656565
777777777777777777
767676767676767676
777777777777777777
767676767676767676
767676767676767676
777777777777777777
666666666666666666
666666666666666666
555555555555555555
767676767676767676
666666666666666666
555555555555555555
656565656565656565
545454545454545454
656565656565656565
777777777777777777
767676767676767676
777777777777777777
767676767676767676
767676767676767676
777777777777777777
666666666666666666
565656565656565656
555555555555555555
767676767676767676
666666666666666666
555555555555555555
656565656565656565
545454545454545454
656565656565656565
777777777777777777
767676767676767676
777777777777777777
767676767676767676
767676767676767676
777777777777777777
666666666666666666
656565656565656565
555555555555555555
767676767676767676
666666666666666666
555555555555555555
656565656565656565
545454545454545454
656565656565656565
777777777777777777
767676767676767676
777777777777777777
767676767676767676
767676767676767676
777777777777777777
666666666666666666
656565656565656565
555555555555555555
767676767676767676
666666666666666666
555555555555555555
656565656565656565
545454545454545454
656565656565656565
777777777777777777
767676767676767676
676767676767676767
767676767676767676
767676767676767676
777777777777777777
666666666666666666
656565656565656565
555555555555555555
767676767676767676
666666666666666666
555555555555555555
656565656565656565
545454545454545454
656565656565656565
777777777777777777
767676767676767676
767676767676767676
767676767676767676
767676767676767676
676767676767676767
666666666666666666
656565656565656565
555555555555555555
767676767676767676
666666666666666666
555555555555555555
656565656565656565
545454545454545454
656565656565656565
777777777777777777
767676767676767676
767676767676767676
767676767676767676
767676767676767676
767676767676767676
666666666666666666
656565656565656565
555555555555555555
767676767676767676
666666666666666666
555555555555555555
656565656565656565
545454545454545454
656565656565656565
777777777777777777
767676767676767676
767676767676767676
767676767676767676
767676767676767676
767676767676767676
666666666666666666
656565656565656565
555555555555555555
767676767676767676
666666666666666666
454545454545454545
656565656565656565
545454545454545454
656565656565656565
777777777777777777
767676767676767676
767676767676767676
767676767676767676
767676767676767676
767676767676767676
666666666666666666
656565656565656565
555555555555555555
767676767676767676
666666666666666666
545454545454545454
656565656565656565
545454545454545454
656565656565656565
777777777777777777
767676767676767676
767676767676767676
767676767676767676
767676767676767676
767676767676767676
666666666666666666
656565656565656565
555555555555555555
767676767676767676
666666666666666666
545454545454545454
656565656565656565
545454545454545454
656565656565656565
676767676767676767
767676767676767676
767676767676767676
767676767676767676
767676767676767676
767676767676767676
666666666666666666
656565656565656565
555555555555555555
767676767676767676
666666666666666666
545454545454545454
656565656565656565
545454545454545454
656565656565656565
767676767676767676
767676767676767676
767676767676767676
767676767676767676
767676767676767676
767676767676767676
666666666666666666
656565656565656565
555555555555555555
767676767676767676
565656565656565656
545454545454545454
656565656565656565
545454545454545454
656565656565656565
767676767676767676
767676767676767676
767676767676767676
767676767676767676
767676767676767676
767676767676767676
666666666666666666
656565656565656565
555555555555555555
767676767676767676
656565656565656565
545454545454545454
656565656565656565
545454545454545454
656565656565656565
767676767676767676
767676767676767676
767676767676767676
767676767676767676
767676767676767676
767676767676767676
565656565656565656
656565656565656565
555555555555555555
767676767676767676
656565656565656565
545454545454545454
656565656565656565
545454545454545454
656565656565656565
767676767676767676
767676767676767676
767676767676767676
767676767676767676
767676767676767676
767676767676767676
565656565656565656
656565656565656565
555555555555555555
767676767676767676
656565656565656565
545454545454545454
656565651515151515
545454545454545454
656565656565656565
767676767676767676
767676767676767676
767676767676767676
969696969696969696
767676767676767676
777777777777777777
666666666666666666
666666666666666666
555555555555555555
777777777777777777
666666666666363636
555555555555555555
656565656565656565
555555555555555555
656565656565656565
777777777777777777
767676767676767676
777777777777777777
999999999999999999
999999999999999999
999999999999999999
999999999999999999
999999999999999999
555555555555555555
999999999999999999
999999999999999999
666666666666666666
666666666666666666
555555555555555555
666666666666666666
999999999999999999
969696969696969696
999999999999999999
777777777777777777
767676767676767676
777777777777777777
666666666666666666
666666666666666666
555555555555555555
777777777777777777
666666666666666666
555555555555555555
656565656565656565
555555555555555555
656565656565656565
777777777777777777
979797979797979797
777777777777777777
999999999999999999
999999999999999999
999999999999999999
999999999999999999
888888888888888888
555555555555555555
999999999999999999
999999999999999999
555555555554545454
666666666666666666
555555555555555555
666666666666666666
999999999999999999
999999999999999999
999999999999999999
757575757575757575
777777777777777777
999999999999999999
999999999999999999
666666666666666666
555555555555555555
666666666666666666
999999999999999999
555555555555555555
666666666666666666
555555555555555555
666666666666666666
999999999999999999
777777777777777777
999999999999999999
777777777777777777
777777777777777777
777777777777777777
666666666666666666
666666666666666666
555555555555555555
777777777777777777
666666666666666666
555555555555555555
666666666666666666
555555555555555555
666666666666666666
999999999999999999
777777777777777777
777777777777777776
999999999999999999
999999999999999999
999999999999999999
999999999999999999
999999999999999999
555555555555555555
999999999999999999
999999999999999999
595959595959595959
999999999999999898
777777777777777777
999999999999999999
999999999999999999
999999999999999999
999999999999999999
767676767676767676
767676767676757575
767676767676767676
666666666666666666
656565656565656565
555555555555555555
767676767676767676
666666666666666666
747474747474747474
656565656565656565
545454545454545454
656565656565656565
777777777777777777
767676767676767676
767676767676767676
777777777777777777
777777777777777777
999999999999999999
999999999999999999
666666666666464646
555555555555555555
999999999999999999
999999999999999999
555555555555555555
666666666666666666
555555555555555555
666666666666666666
999999999999999999
979797979797979797
999999999999999999
999999999999999999
989898989898989898
999999999999999999
999999999999999999
888888888888888888
555555555555555555
999999494949494949
999999999999999999
555555555555555555
666666666666666666
555555555555555555
666666666666666666
999999999999999999
999999999999999999
999999999999999999
767676767676767676
767676767676767676
767676767676767676
969696969696969696
656565656565656565
555555555555555555
767676767676767676
656565656565656565
545454545454545454
656565656565656464
545454545454545454
656565656565656565
767676767676767676
767676767676767676
565656565656565656
777777777777777777
777777777777777777
777777777777777777
999999999999989898
666666666666666666
555555555555555555
777777777777777777
999999999999999999
555555555555555555
666666666666666666
555555555555555555
666666666666666666
999999999999999999
777777777777777777
999999999999999999
757575757575757575
777777777777777777
969696969696969696
999999999999999999
666666666666666666
555555555555555555
666666666666666666
999999999999999999
555555555555555555
666666666666666666
555555555555555555
666666666666666666
999999999999999999
777777777777777777
999999999999999999
767676767676767676
767676767676767676
777777777777777777
656565656565656565
666666666666666666
555555555555555555
767676767676767676
666666666666666666
555555555555555555
656565656565656565
545454545454545454
656565656565656565
777777777777777777
767676767676767676
777777777777777777
777777777777777777
777777777777777777
777777777777777777
999999999999999999
666666666666666666
555555555555555555
777777777777777777
999999999999999999
555555555555555555
666666666666666666
595959595959595959
666666666666666666
999999999999999999
777777777777777777
777777777777777777
767676767676767676
767676767676767676
777777777777777777
666666666666666666
666666666666666666
555555555555555555
676767676767676767
666666666666666666
555555555555555555
656565656565656565
545454545454545454
656565656565656565
797979797979797979
767676767676767676
777777777777777777
777777777777777777
777777777777777777
757575757575757575
999999999999999999
666666666666666666
555555555555555555
777777777777777777
999999999999999999
555555555555555555
666666666666666666
555555555555555555
666666666666666666
999999999999999999
777777777777777777
999999999999999999
767676767676767676
767676767676767676
777777777777777777
656565656565656565
666666666666666666
555555555555555555
969696969696969696
666666666666666666
555555555555555555
656565656565656565
545454545454545454
656565656565656565
777777777777777777
767676767676767676
777777777777777777
767676767676767676
767676767676767676
777777777777777777
666666666666666666
656565656565656565
555555555555555555
767676767676767676
666666666666666666
555555555555555555
656565656565656565
545414141414141414
959595959595959595
777777777777777777
767676767676767676
767676767676767676
777777777777777777
777777777777777777
777777777777777777
999999999999999999
666666666666666666
555555555555555555
777777777777777777
999999949494949494
555555555555555555
666666666666666666
595959595959595959
666666666666666666
999999999999999999
979797979797979797
777777777777777777
767676767676767676
767676767676767676
767676767676767676
565656565656565656
656565656565656565
555555555555555555
767676767676767676
626262626262626262
545454545454545454
656565656565656565
545454545454545454
656565656565656565
767676767676767676
767676767676767676
565656565656565656
868686868686868686
767676767676767676
767676767676767676
666666666666666666
656565656565656565
555555555555555555
767676767676767676
666666666666666666
545454545454545454
656565656565656565
545454545454545454
656565656565656565
767676767676767676
767676767676767676
767676767676767676
