2763910237
15 12 50
999999999999999999999999
999999999999999999999999
999999999999999999999999
999999999999999999999999
999999999999999999999999
999999999999999999999999
999999999999999999999999
999999999999999999999999
999999999999999999999999
999999999999999999999999
999999999999999999999999
999999999999999999999999
999999999999999999999999
999999999999999999999999
999999999999999999999999
999999999999999999999999
999999999999999999999999
999999999999999999999999
555555555555555555555555
999999999999999999999999
999999999999999999999999
999999999999999999999999
999999999999999999999999
999999999999999999999999
999999999999999999999999
999999999999999999999999
999999999999999999999999
999999999999999999999999
999999999999999999999999
999999999999999999999999
999999999999999999999999
999999999999999999999999
999999999999999999999999
777777777777777777777777
999999999999999999999999
999999999999999999999999
999999999999999999999999
999999999999999999999999
999999999999999999999999
999999999999999999999999
999999999999999999999999
999999999999999999999999
999999999999999999999999
999999999999999999999999
999999999999999999999999
999999999999999999999999
999999999999999999999999
999999999999999999999999
666666666666666666666666
999999999999999999999999
999999999999999999999999
999999999999999999999999
999999999999999999999999
999999999999999999999999
999999999999999999999999
999999999999999999999999
999999999999999999999999
999999999999999999999999
999999999999999999999999
999999999999999999999999
999999999999999999999999
999999999999999999999999
999999999999999999999999
666666666666666666666666
999999999999999999999999
999999999999999999999999
999999999999999999999999
444444444444444444444444
999999999999999999999999
999999999999999999999999
999999999999999999999999
999999999999999999999999
999999999999999999999999
999999999999999999999999
999999999999999999999999
999999999999999999999999
999999999999999999999999
999999999999999999999999
666666666666666666666666
999999999999999999999999
999999999999999999999999
999999999999999999999999
222222222222222222222222
999999999999999999999999
999999999999999999999999
999999999999999999999999
999999999999999999999999
999999999999999999999999
999999999999999999999999
999999999999999999999999
999999999999999999999999
999999999999999999999999
999999999999999999999999
666666666666666666666666
999999999999999999999999
999999999999999999999999
999999999999999999999999
333333333333333333333333
999999999999999999999999
999999999999999999999999
999999999999999999999999
999999999999999999999999
999999999999999999999999
999999999999999999999999
999999999999999999999999
999999999999999999999999
555555555555555555555555
999999999999999999999999
666666666666666666666666
999999999999999999999999
999999999999999999999999
999999999999999999999999
333333333333333333333333
999999999999999999999999
999999999999999999999999
999999999999999999999999
999999999999999999999999
999999999999999999999999
999999999999999999999999
999999999999999999999999
999999999999999999999999
777777777777777777777777
999999999999999999999999
666666666666666666666666
999999999999999999999999
999999999999999999999999
999999999999999999999999
333333333333333333333333
999999999999999999999999
999999999999999999999999
999999999999999999999999
999999999999999999999999
999999999999999999999999
999999999999999999999999
999999999999999999999999
999999999999999999999999
666666666666666666666666
999999999999999999999999
666666666666666666666666
999999999999999999999999
999999999999999999999999
999999999999999999999999
333333333333333333333333
999999999999999999999999
999999999999999999999999
999999999999999999999999
999999999999999999999999
999999999999999999999999
999999999999999999999999
999999999999999999999999
999999999999999999999999
777777777777777777777777
999999999999999999999999
666666666666666666666666
999999999999999999999999
444444444444444444444444
999999999999999999999999
333333333333333333333333
999999999999999999999999
999999999999999999999999
999999999999999999999999
999999999999999999999999
999999999999999999999999
999999999999999999999999
999999999999999999999999
999999999999999999999999
777777777777777777777777
999999999999999999999999
666666666666666666666666
999999999999999999999999
222222222222222222222222
999999999999999999999999
333333333333333333333333
999999999999999999999999
999999999999999999999999
999999999999999999999999
999999999999999999999999
999999999999999999999999
999999999999999999999999
999999999999999999999999
999999999999999999999999
777777777777777777777777
999999999999999999999999
666666666666666666666666
999999999999999999999999
333333333333333333333333
999999999999999999999999
333333333333333333333333
999999999999999999999999
999999999999999999999999
999999999999999999999999
999999999999999999999999
999999999999999999999999
999999999999999999999999
999999999999999999999999
999999999999999999999999
777777777777777777777777
999999999999999999999999
666666666666666666666666
999999999999999999999999
333333333333333333333333
999999999999999999999999
333333333333333333333333
999999999999999999999999
999999999999999999999999
999999999999999999999999
999999999999999999999999
999999999999999999999999
444444444444444444444444
999999999999999999999999
999999999999999999999999
777777777777777777777777
999999999999999999999999
666666666666666666666666
999999999999999999999999
333333333333333333333333
999999999999999999999999
333333333333333333333333
999999999999999999999999
999999999999999999999999
999999999999999999999999
999999999999999999999999
999999999999999999999999
222222222222222222222222
999999999999999999999999
999999999999999999999999
777777777777777777777777
999999999999999999999999
666666666666666666666666
999999999999999999999999
333333333333333333333333
999999999999999999999999
333333333333333333333333
999999999999999999999999
999999999999999999999999
999999999999999999999999
999999999999999999999999
999999999999999999999999
333333333333333333333333
999999999999999999999999
999999999999999999999999
777777777777777777777777
999999999999999999999999
666666666666666666666666
999999999999999999999999
333333333333333333333333
999999999999999999999999
333333333333333333333333
444444444444444444444444
999999999999999999999999
999999999999999999999999
999999999999999999999999
999999999999999999999999
444444444444444444444444
999999999999999999999999
999999999999999999999999
777777777777777777777777
999999999999999999999999
666666666666666666666666
999999999999999999999999
333333333333333333333333
999999999999999999999999
333333333333333333333333
666666666666666666666666
999999999999999999999999
999999999999999999999999
999999999999999999999999
999999999999999999999999
444444444444444444444444
999999999999999999999999
999999999999999999999999
777777777777777777777777
999999999999999999999999
666666666666666666666666
999999999999999999999999
333333333333333333333333
999999999999999999999999
333333333333333333333333
555555555555555555555555
999999999999999999999999
999999999999999999999999
999999999999999999999999
999999999999999999999999
444444444444444444444444
999999999999999999999999
999999999999999999999999
777777777777777777777777
999999999999999999999999
666666666666666666666666
999999999999999999999999
333333333333333333333333
999999999999999999999999
333333333333333333333333
555555555555555555555555
444444444444444444444444
999999999999999999999999
999999999999999999999999
999999999999999999999999
444444444444444444444444
999999999999999999999999
999999999999999999999999
777777777777777777777777
999999999999999999999999
666666666666666666666666
999999999999999999999999
333333333333333333333333
999999999999999999999999
333333333333333333333333
555555555555555555555555
222222222222222222222222
999999999999999999999999
999999999999999999999999
999999999999999999999999
444444444444444444444444
999999999999999999999999
999999999999999999999999
777777777777777777777777
999999999999999999999999
666666666666666666666666
999999999999999999999999
333333333333333333333333
999999999999999999999999
333333333333333333333333
555555555555555555555555
333333333333333333333333
999999999999999999999999
999999999999999999999999
999999999999999999999999
444444444444444444444444
999999999999999999999999
999999999999999999999999
777777777777777777777777
999999999999999999999999
666666666666666666666666
999999999999999999999999
333333333333333333333333
999999999999999999999999
333333333333333333333333
555555555555555555555555
333333333333333333333333
999999999999999999999999
999999999999999999999999
444444444444444444444444
444444444444444444444444
999999999999999999999999
999999999999999999999999
777777777777777777777777
999999999999999999999999
666666666666666666666666
999999999999999999999999
333333333333333333333333
999999999999999999999999
333333333333333333333333
555555555555555555555555
333333333333333333333333
999999999999999999999999
999999999999999999999999
222222222222222222222222
444444444444444444444444
999999999999999999999999
999999999999999999999999
777777777777777777777777
999999999999999999999999
666666666666666666666666
999999999999999999999999
333333333333333333333333
999999999999999999999999
333333333333333333333333
555555555555555555555555
333333333333333333333333
999999999999999999999999
999999999999999999999999
333333333333333333333333
444444444444444444444444
999999999999999999999999
999999999999999999999999
777777777777777777777777
999999999999999999999999
666666666666666666666666
999999999999999999999999
333333333333333333333333
444444444444444444444444
333333333333333333333333
555555555555555555555555
333333333333333333333333
999999999999999999999999
999999999999999999999999
333333333333333333333333
444444444444444444444444
999999999999999999999999
999999999999999999999999
777777777777777777777777
999999999999999999999999
666666666666666666666666
999999999999999999999999
333333333333333333333333
222222222222222222222222
333333333333333333333333
555555555555555555555555
333333333333333333333333
999999999999999999999999
999999999999999999999999
333333333333333333333333
444444444444444444444444
999999999999999999999999
999999999999999999999999
777777777777777777777777
999999999999999999999999
666666666666666666666666
999999999999999999999999
333333333333333333333333
333333333333333333333333
333333333333333333333333
555555555555555555555555
333333333333333333333333
999999999999999999999999
999999999999999999999999
333333333333333333333333
444444444444444444444444
999999999999999999999999
555555555555555555555555
777777777777777777777777
999999999999999999999999
666666666666666666666666
999999999999999999999999
333333333333333333333333
444444444444444444444444
333333333333333333333333
555555555555555555555555
333333333333333333333333
999999999999999999999999
999999999999999999999999
333333333333333333333333
444444444444444444444444
999999999999999999999999
333333333333333333333333
777777777777777777777777
999999999999999999999999
666666666666666666666666
999999999999999999999999
333333333333333333333333
444444444444444444444444
333333333333333333333333
555555555555555555555555
333333333333333333333333
999999999999999999999999
999999999999999999999999
333333333333333333333333
444444444444444444444444
999999999999999999999999
444444444444444444444444
777777777777777777777777
999999999999999999999999
666666666666666666666666
999999999999999999999999
333333333333333333333333
444444444444444444444444
333333333333333333333333
555555555555555555555555
333333333333333333333333
999999999999999999999999
999999999999999999999999
333333333333333333333333
444444444444444444444444
999999999999999999999999
444444444444444444444444
777777777777777777777777
999999999999999999999999
666666666666666666666666
999999999999999999999999
333333333333333333333333
444444444444444444444444
333333333333333333333333
555555555555555555555555
333333333333333333333333
999999999999999999999999
444444444444444444444444
333333333333333333333333
444444444444444444444444
999999999999999999999999
444444444444444444444444
777777777777777777777777
999999999999999999999999
666666666666666666666666
999999999999999999999999
333333333333333333333333
444444444444444444444444
333333333333333333333333
555555555555555555555555
333333333333333333333333
999999999999999999999999
222222222222222222222222
333333333333333333333333
444444444444444444444444
999999999999999999999999
444444444444444444444444
777777777777777777777777
999999999999999999999999
666666666666666666666666
999999999999999999999999
333333333333333333333333
444444444444444444444444
333333333333333333333333
555555555555555555555555
333333333333333333333333
999999999999999999999999
333333333333333333333333
333333333333333333333333
444444444444444444444444
999999999999999999999999
444444444444444444444444
777777777777777777777777
999999999999999999999999
666666666666666666666666
999999999999999999999999
333333333333333333333333
444444444444444444444444
333333333333333333333333
555555555555555555555555
333333333333333333333333
444444444444444444444444
333333333333333333333333
333333333333333333333333
444444444444444444444444
999999999999999999999999
444444444444444444444444
777777777777777777777777
999999999999999999999999
666666666666666666666666
999999999999999999999999
333333333333333333333333
444444444444444444444444
333333333333333333333333
555555555555555555555555
333333333333333333333333
222222222222222222222222
333333333333333333333333
333333333333333333333333
444444444444444444444444
999999999999999999999999
444444444444444444444444
777777777777777777777777
999999999999999999999999
666666666666666666666666
999999999999999999999999
333333333333333333333333
444444444444444444444444
333333333333333333333333
555555555555555555555555
333333333333333333333333
333333333333333333333333
333333333333333333333333
333333333333333333333333
444444444444444444444444
999999999999999999999999
444444444444444444444444
777777777777777777777777
999999999999999999999999
666666666666666666666666
999999999999999999999999
333333333333333333333333
444444444444444444444444
333333333333333333333333
555555555555555555555555
333333333333333333333333
333333333333333333333333
333333333333333333333333
333333333333333333333333
444444444444444444444444
444444444444444444444444
444444444444444444444444
777777777777777777777777
999999999999999999999999
666666666666666666666666
999999999999999999999999
333333333333333333333333
444444444444444444444444
333333333333333333333333
555555555555555555555555
333333333333333333333333
333333333333333333333333
333333333333333333333333
333333333333333333333333
444444444444444444444444
222222222222222222222222
444444444444444444444444
777777777777777777777777
999999999999999999999999
666666666666666666666666
999999999999999999999999
333333333333333333333333
444444444444444444444444
333333333333333333333333
555555555555555555555555
333333333333333333333333
333333333333333333333333
333333333333333333333333
333333333333333333333333
444444444444444444444444
333333333333333333333333
444444444444444444444444
777777777777777777777777
999999999999999999999999
666666666666666666666666
666666666666666666666666
333333333333333333333333
444444444444444444444444
333333333333333333333333
555555555555555555555555
333333333333333333333333
333333333333333333333333
333333333333333333333333
333333333333333333333333
444444444444444444444444
444444444444444444444444
444444444444444444444444
777777777777777777777777
999999999999999999999999
666666666666666666666666
999999999999999999999999
333333333333333333333333
444444444444444444444444
333333333333333333333333
555555555555555555555555
333333333333333333333333
333333333333333333333333
333333333333333333333333
333333333333333333333333
444444444444444444444444
444444444444444444444444
444444444444444444444444
777777777777777777777777
999999999999999999999999
666666666666666666666666
888888888888888888888888
333333333333333333333333
444444444444444444444444
333333333333333333333333
555555555555555555555555
333333333333333333333333
333333333333333333333333
333333333333333333333333
333333333333333333333333
444444444444444444444444
444444444444444444444444
444444444444444444444444
777777777777777777777777
444444444444444444444444
666666666666666666666666
888888888888888888888888
333333333333333333333333
444444444444444444444444
333333333333333333333333
555555555555555555555555
333333333333333333333333
333333333333333333333333
333333333333333333333333
333333333333333333333333
444444444444444444444444
444444444444444444444444
444444444444444444444444
777777777777777777777777
222222222222222222222222
666666666666666666666666
888888888888888888888888
333333333333333333333333
444444444444444444444444
333333333333333333333333
555555555555555555555555
333333333333333333333333
333333333333333333333333
333333333333333333333333
333333333333333333333333
444444444444444444444444
444444444444444444444444
444444444444444444444444
777777777777777777777777
333333333333333333333333
666666666666666666666666
888888888888888888888888
333333333333333333333333
444444444444444444444444
333333333333333333333333
555555555555555555555555
333333333333333333333333
333333333333333333333333
333333333333333333333333
333333333333333333333333
444444444444444444444444
444444444444444444444444
444444444444444444444444
777777777777777711111111
444444444444444444444444
666666666666666666111111
888888888888888888888888
333333333333333333333333
444444444444444444444444
333333333333333333333333
555555555555555555555555
333333333333333333333333
333333333333333333333333
333333333333333333333333
333333333333333333333333
444444444444444444444444
444444444444444444444444
444444444444444444444444
777777777777777777777777
444444444444444444444444
565656565656565656565656
888888888888888888888888
333333333333333333333333
444444444444444444444444
333333333333333333333333
555555555555555555555555
333333333333333333333333
333333333333333333333333
333333333333333333333333
333333333333333333333333
444444444444444444444444
444444444444444444444444
444444444444444444444444
777777777777777777777777
444444444444444444444444
656565656565656565656565
888888888888888888888888
333333333333333333333333
444444444444444444444444
333333333333333333333333
555555555555555555555555
333333333333333333333333
333333333333333333333333
333333333333333333333333
333333333333333333333333
444444444444444444444444
444444444444444444444444
444444444444444444444444
676767676767676767676767
444444444444444444444444
656565656565656565656565
888888888888888888888888
333333333333333333333333
444444444444444444444444
333333333333333333333333
555555555555555555555555
333333333333333333333333
333333333333333333333333
333333333333333333333333
333333333333333333333333
444444444444444444444444
444444444444444444444444
