3277073603
13 15 50
999999999999999999999999999999
999999999999999999999999999999
999999999999999999999999999999
999999999999999999999999999999
999999999999999999999999999999
999999999999999999999999999999
999999999999999999999999999999
999999999999999999999999999999
999999999999999999999999999999
999999999999999999999999999999
999999999999999999999999999999
999999999999999999999999999999
999999999999999999999999999999
999999999999999999999999999999
999999999999999999999999999999
999999999999999999999999999999
999999999999999999999999999999
999999999999999999999999999999
999999999999999999999999999999
999999999999999999999999999999
555555555555555555555555555555
999999999999999999999999999999
999999999999999999999999999999
999999999999999999999999999999
999999999999999999999999999999
999999999999999999999999999999
999999999999999999999999999999
999999999999999999999999999999
999999999999999999999999999999
999999999999999999999999999999
999999999999999999999999999999
999999999999999999999999999999
999999999999999999999999999999
333333333333333333333333333333
999999999999999999999999999999
999999999999999999999999999999
999999999999999999999999999999
999999999999999999999999999999
999999999999999999999999999999
999999999999999999999999999999
999999999999999999999999999999
999999999999999999999999999999
999999999999999999999999999999
999999999999999999999999999999
999999999999999999999999999999
999999999999999999999999999999
444444444444444444444444444444
999999999999999999999999999999
999999999999999999999999999999
999999999999999999999999999999
999999999999999999999999999999
999999999999999999999999999999
999999999999999999999999999999
999999999999999999999999999999
999999999999999999999999999999
666666666666666666666666666666
999999999999999999999999999999
999999999999999999999999999999
999999999999999999999999999999
444444444444444444444444444444
999999999999999999999999999999
999999999999999999999999999999
999999999999999999999999999999
999999999999999999999999999999
999999999999999999999999999999
999999999999999999999999999999
999999999999999999999999999999
999999999999999999999999999999
333333333333333333333333333333
999999999999999999999999999999
999999999999999999999999999999
999999999999999999999999999999
444444444444444444444444444444
999999999999999999999999999999
999999999999999999999999999999
999999999999999999999999999999
999999999999999999999999999999
999999999999999999999999999999
999999999999999999999999999999
999999999999999999999999999999
999999999999999999999999999999
222222222222222222222222222222
999999999999999999999999999999
999999999999999999999999999999
999999999999999999999999999999
444444444444444444444444444444
999999999999999999999999999999
999999999999999999999999999999
999999999999999999999999999999
999999999999999999999999999999
999999999999999999999999999999
999999999999999999999999999999
999999999999999999999999999999
999999999999999999999999999999
333333333333333333333333333333
999999999999999999999999999999
999999999999999999999999999999
999999999999999999999999999999
444444444444444444444444444444
999999999999999999999999999999
999999999999999999999999999999
999999999999999999999999999999
444444444444444444444444444444
999999999999999999999999999999
999999999999999999999999999999
999999999999999999999999999999
999999999999999999999999999999
333333333333333333333333333333
999999999999999999999999999999
999999999999999999999999999999
999999999999999999999999999999
444444444444444444444444444444
999999999999999999999999999999
999999999999999999999999999999
999999999999999999999999999999
666666666666666666666666666666
999999999999999999999999999999
999999999999999999999999999999
999999999999999999999999999999
999999999999999999999999999999
333333333333333333333333333333
999999999999999999999999999999
999999999999999999999999999999
999999999999999999999999999999
444444444444444444444444444444
999999999999999999999999999999
999999999999999999999999999999
999999999999999999999999999999
555555555555555555555555555555
999999999999999999999999999999
999999999999999999999999999999
999999999999999999999999999999
999999999999999999999999999999
333333333333333333333333333333
999999999999999999999999999999
999999999999999999999999999999
999999999999999999999999999999
444444444444444444444444444444
999999999999999999999999999999
999999999999999999999999999999
999999999999999999999999999999
666666666666666666666666666666
666666666666666666666666666666
999999999999999999999999999999
999999999999999999999999999999
999999999999999999999999999999
333333333333333333333333333333
999999999999999999999999999999
999999999999999999999999999999
999999999999999999999999999999
444444444444444444444444444444
999999999999999999999999999999
999999999999999999999999999999
999999999999999999999999999999
666666666666666666666666666666
333333333333333333333333333333
999999999999999999999999999999
999999999999999999999999999999
999999999999999999999999999999
333333333333333333333333333333
999999999999999999999999999999
999999999999999999999999999999
999999999999999999999999999999
444444444444444444444444444444
999999999999999999999999999999
999999999999999999999999999999
999999999999999999999999999999
666666666666666666666666666666
444444444444444444444444444444
999999999999999999999999999999
999999999999999999999999999999
999999999999999999999999999999
333333333333333333333333333333
999999999999999999999999999999
999999999999999999999999999999
999999999999999999999999999999
444444444444444444444444444444
999999999999999999999999999999
555555555555555555555555555555
999999999999999999999999999999
666666666666666666666666666666
666666666666666666666666666666
999999999999999999999999999999
999999999999999999999999999999
999999999999999999999999999999
333333333333333333333333333333
999999999999999999999999999999
999999999999999999999999999999
999999999999999999999999999999
444444444444444444444444444444
999999999999999999999999999999
777777777777777777777777777777
999999999999999999999999999999
666666666666666666666666666666
666666666666666666666666666666
999999999999999999999999999999
999999999999999999999999999999
999999999999999999999999999999
333333333333333333333333333333
999999999999999999999999999999
999999999999999999999999999999
999999999999999999999999999999
444444444444444444444444444444
999999999999999999999999999999
666666666666666666666666666666
999999999999999999999999999999
666666666666666666666666666666
666666666666666666666666666666
999999999999999999999999999999
555555555555555555555555555555
999999999999999999999999999999
333333333333333333333333333333
999999999999999999999999999999
999999999999999999999999999999
999999999999999999999999999999
444444444444444444444444444444
999999999999999999999999999999
666666666666666666666666666666
999999999999999999999999999999
666666666666666666666666666666
666666666666666666666666666666
999999999999999999999999999999
333333333333333333333333333333
999999999999999999999999999999
333333333333333333333333333333
999999999999999999999999999999
999999999999999999999999999999
999999999999999999999999999999
444444444444444444444444444444
999999999999999999999999999999
666666666666666666666666666666
999999999999999999999999999999
666666666666666666666666666666
666666666666666666666666666666
999999999999999999999999999999
444444444444444444444444444444
999999999999999999999999999999
333333333333333333333333333333
999999999999999999999999999999
999999999999999999999999999999
999999999999999999999999999999
444444444444444444444444444444
999999999999999999999999999999
666666666666666666666666666666
999999999999999999999999999999
666666666666666666666666666666
666666666666666666666666666666
999999999999999999999999999999
444444444444444444444444444444
999999999999999999999999999999
333333333333333333333333333333
444444444444444444444444444444
999999999999999999999999999999
999999999999999999999999999999
444444444444444444444444444444
999999999999999999999999999999
666666666666666666666666666666
999999999999999999999999999999
666666666666666666666666666666
666666666666666666666666666666
999999999999999999999999999999
444444444444444444444444444444
999999999999999999999999999999
333333333333333333333333333333
222222222222222222222222222222
999999999999999999999999999999
999999999999999999999999999999
444444444444444444444444444444
999999999999999999999999999999
666666666666666666666666666666
999999999999999999999999999999
666666666666666666666666666666
666666666666666666666666666666
999999999999999999999999999999
444444444444444444444444444444
999999999999999999999999999999
333333333333333333333333333333
333333333333333333333333333333
999999999999999999999999999999
999999999999999999999999999999
444444444444444444444444444444
999999999999999999999999999999
666666666666666666666666666666
999999999999999999999999999999
666666666666666666666666666666
666666666666666666666666666666
999999999999999999999999999999
444444444444444444444444444444
999999999999999999999999999999
333333333333333333333333333333
444444444444444444444444444444
999999999999999999999999999999
999999999999999999999999999999
444444444444444444444444444444
999999999999999999999999999999
666666666666666666666666666666
444444444444444444444444444444
666666666666666666666666666666
666666666666666666666666666666
999999999999999999999999999999
444444444444444444444444444444
999999999999999999999999999999
333333333333333333333333333333
444444444444444444444444444444
999999999999999999999999999999
999999999999999999999999999999
444444444444444444444444444444
999999999999999999999999999999
666666666666666666666666666666
666666666666666666666666666666
666666666666666666666666666666
666666666666666666666666666666
999999999999999999999999999999
444444444444444444444444444444
999999999999999999999999999999
333333333333333333333333333333
444444444444444444444444444444
999999999999999999999999999999
999999999999999999999999999999
444444444444444444444444444444
999999999999999999999999999999
666666666666666666666666666666
555555555555555555555555555555
666666666666666666666666666666
666666666666666666666666666666
999999999999999999999999999999
444444444444444444444444444444
999999999999999999999999999999
333333333333333333333333333333
444444444444444444444444444444
555555555555555555555555555555
999999999999999999999999999999
444444444444444444444444444444
999999999999999999999999999999
666666666666666666666666666666
555555555555555555555555555555
666666666666666666666666666666
666666666666666666666666666666
999999999999999999999999999999
444444444444444444444444444444
999999999999999999999999999999
333333333333333333333333333333
444444444444444444444444444444
777777777777777777777777777777
999999999999999999999999999999
444444444444444444444444444444
999999999999999999999999999999
666666666666666666666666666666
555555555555555555555555555555
666666666666666666666666666666
666666666666666666666666666666
999999999999999999999999999999
444444444444444444444444444444
999999999999999999999999999999
333333333333333333333333333333
444444444444444444444444444444
666666666666666666666666666666
999999999999999999999999999999
444444444444444444444444444444
999999999999999999999999999999
666666666666666666666666666666
555555555555555555555555555555
666666666666666666666666666666
666666666666666666666666666666
999999999999999999999999999999
444444444444444444444444444444
999999999999999999999999999999
333333333333333333333333333333
444444444444444444444444444444
777777777777777777777777777777
999999999999999999999999999999
444444444444444444444444444444
444444444444444444444444444444
666666666666666666666666666666
555555555555555555555555555555
666666666666666666666666666666
666666666666666666666666666666
999999999999999999999999999999
444444444444444444444444444444
999999999999999999999999999999
333333333333333333333333333333
444444444444444444444444444444
777777777777777777777777777777
999999999999999999999999999999
444444444444444444444444444444
222222222222222222222222222222
666666666666666666666666666666
555555555555555555555555555555
666666666666666666666666666666
666666666666666666666666666666
999999999999999999999999999999
444444444444444444444444444444
999999999999999999999999999999
333333333333333333333333333333
444444444444444444444444444444
777777777777777777777777777777
999999999999999999999999999999
444444444444444444444444444444
333333333333333333333333333333
666666666666666666666666666666
555555555555555555555555555555
666666666666666666666666666666
666666666666666666666666666666
999999999999999999999999999999
444444444444444444444444444444
999999999999999999999999999999
333333333333333333333333333333
444444444444444444444444444444
777777777777777777777777777777
444444444444444444444444444444
444444444444444444444444444444
444444444444444444444444444444
666666666666666666666666666666
555555555555555555555555555555
666666666666666666666666666666
666666666666666666666666666666
999999999999999999999999999999
444444444444444444444444444444
999999999999999999999999999999
333333333333333333333333333333
444444444444444444444444444444
777777777777777777777777777777
222222222222222222222222222222
444444444444444444444444444444
444444444444444444444444444444
666666666666666666666666666666
555555555555555555555555555555
666666666666666666666666666666
666666666666666666666666666666
999999999999999999999999999999
444444444444444444444444444444
999999999999999999999999999999
333333333333333333333333333333
444444444444444444444444444444
777777777777777777777777777777
333333333333333333333333333333
444444444444444444444444444444
444444444444444444444444444444
666666666666666666666666666666
555555555555555555555555555555
666666666666666666666666666666
666666666666666666666666666666
555555555555555555555555555555
444444444444444444444444444444
999999999999999999999999999999
333333333333333333333333333333
444444444444444444444444444444
777777777777777777777777777777
444444444444444444444444444444
444444444444444444444444444444
444444444444444444444444444444
666666666666666666666666666666
555555555555555555555555555555
666666666666666666666666666666
666666666666666666666666666666
333333333333333333333333333333
444444444444444444444444444444
999999999999999999999999999999
333333333333333333333333333333
444444444444444444444444444444
777777777777777777777777777777
444444444444444444444444444444
444444444444444444444444444444
444444444444444444444444444444
666666666666666666666666666666
555555555555555555555555555555
666666666666666666666666666666
666666666666666666666666666666
444444444444444444444444444444
444444444444444444444444444444
999999999999999999999999999999
333333333333333333333333333333
444444444444444444444444444444
777777777777777777777777777777
444444444444444444444444444444
444444444444444444444444444444
444444444444444444444444444444
666666666666666666666666666666
555555555555555555555555555555
666666666666666666666666666666
666666666666666666666666666666
555555555555555555555555555555
444444444444444444444444444444
444444444444444444444444444444
333333333333333333333333333333
444444444444444444444444444444
777777777777777777777777777777
444444444444444444444444444444
444444444444444444444444444444
444444444444444444444444444444
666666666666666666666666666666
555555555555555555555555555555
666666666666666666666666666666
666666666666666666666666666666
555555555555555555555555555555
444444444444444444444444444444
222222222222222222222222222222
333333333333333333333333333333
444444444444444444444444444444
777777777777777777777777777777
444444444444444444444444444444
444444444444444444444444444444
444444444444444444444444444444
666666666666666666666666666666
555555555555555555555555555555
666666666666666666666666666666
666666666666666666666666666666
555555555555555555555555555555
444444444444444444444444444444
333333333333333333333333333333
333333333333333333333333333333
444444444444444444444444444444
777777777777777777777777777777
444444444444444444444444444444
444444444444444444444444444444
444444444444444444444444444444
666666666666666666666666666666
555555555555555555555555555555
666666666666666666666666666666
666666666666666666666666666666
555555555555555555555555555555
444444444444444444444444444444
333333333333333333333333333333
333333333333333333333333333333
444444444444444444444444444444
777777777777777777777777771717
444444444444444444444444444444
444444444444444444444444441414
444444444444444444444444444444
666666666666666666666666661616
555555555555555555555555555555
666666666666666666666666661616
666666666666666666666666666666
555555555555555555555555555555
444444444444444444444444444444
333333333333333333333333333333
333333333333333333333333333333
444444444444444444444444444444
777777777777777777777777777777
444444444444444444444444444444
444444444444444444444444444444
444444444444444444444444444444
565656565656565656565656565656
555555555555555555555555555555
666666666666666666666666666666
666666666666666666666666666666
555555555555555555555555555555
444444444444444444444444444444
333333333333333333333333333333
333333333333333333333333333333
444444444444444444444444444444
777777777777777777777777777777
444444444444444444444444444444
444444444444444444444444444444
444444444444444444444444444444
656565656565656565656565656565
555555555555555555555555555555
666666666666666666666666666666
666666666666666666666666666666
555555555555555555555555555555
444444444444444444444444444444
333333333333333333333333333333
333333333333333333333333333333
444444444444444444444444444444
777777777777777777777777777777
444444444444444444444444444444
444444444444444444444444444444
444444444444444444444444444444
656565656565656565656565656565
555555555555555555555555555555
565656565656565656565656565656
666666666666666666666666666666
555555555555555555555555555555
444444444444444444444444444444
333333333333333333333333333333
333333333333333333333333333333
444444444444444444444444444444
777777777777777777777777777777
444444444444444444444444444444
444444444444444444444444444444
444444444444444444444444444444
656565656565656565656565656565
555555555555555555555555555555
656565656565656565656565656565
666666666666666666666666666666
555555555555555555555555555555
444444444444444444444444444444
333333333333333333333333333333
333333333333333333333333333333
444444444444444444444444444444
676767676767676767676767676767
444444444444444444444444444444
444444444444444444444444444444
444444444444444444444444444444
656565656565656565656565656565
555555555555555555555555555555
656565656565656565656565656565
666666666666666666666666666666
555555555555555555555555555555
444444444444444444444444444444
636363636363636363636363636363
333333333333333333333333333333
444444444444444444444444444444
676767676767676767676767676767
444444444444444444444444444444
343434343434343434343434343434
444444444444444444444444444444
656565656565656565656565656565
555555555555555555555555555555
656565656565656565656565656565
666666666666666666666666666666
555555555555555555555555555555
444444444444444444444444444444
636363636363636363636363636363
333333333333333333333333333333
444444444444444444444444444444
676767676767676767676767676767
444444444444444444444444444444
434343434343434343434343434343
444444444444444444444444444444
656565656565656565656565656565
555555555555555555555555555555
656565656565656565656565656565
666666666666666666666666666666
555555555555555555555555555555
444444444444444444444444444444
636363636363636363636363636363
333333333333333333333333333333
444444444444444444444444444444
676767676767676767676767676767
444444444444444444444444444444
434343434343434343434343434343
444444444444444444444444444444
656565656565656565656565656565
555555555555555555555555555555
656565656565656565656565656565
565656565656565656565656565656
555555555555555555555555555555
444444444444444444444444444444
636363636363636363636363636363
333333333333333333333333333333
545454545454545454545454545454
676767676767676767676767676767
444444444444444444444444444444
434343434343434343434343434343
444444444444444444444444444444
656565656565656565656565656565
454545454545454545454545454545
656565656565656565656565656565
565656565656565656565656565656
