2924383995
16 12 100
999999999999999999999999
999999999999999999999999
999999999999999999999999
999999999999999999999999
999999999999999999999999
999999999999999999999999
999999999999999999999999
999999999999999999999999
999999999999999999999999
999999999999999999999999
999999999999999999999999
999999999999999999999999
999999999999999999999999
999999999999999999999999
999999999999999999999999
999999999999999999999999
999999999999999999999999
999999999999999999999999
999999999999999999999999
999999999999999999999999
999999999999999999999999
999999999999999999999999
999999999999999999999999
999999999999999999999999
999999999999999999999999
555555555555555555555555
999999999999999999999999
999999999999999999999999
999999999999999999999999
999999999999999999999999
999999999999999999999999
999999999999999999999999
999999999999999999999999
999999999999999999999999
999999999999999999999999
999999999999999999999999
999999999999999999999999
999999999999999999999999
999999999999999999999999
999999999999999999999999
999999999999999999999999
333333333333333333333333
999999999999999999999999
999999999999999999999999
999999999999999999999999
999999999999999999999999
999999999999999999999999
999999999999999999999999
999999999999999999999999
999999999999999999999999
999999999999999999999999
999999999999999999999999
999999999999999999999999
999999999999999999999999
999999999999999999999999
999999999999999999999999
999999999999999999999999
222222222222222222222222
999999999999999999999999
999999999999999999999999
999999999999999999999999
999999999999999999999999
999999999999999999999999
999999999999999999999999
999999999999999999999999
999999999999999999999999
999999999999999999999999
999999999999999999999999
999999999999999999999999
999999999999999999999999
999999999999999999999999
999999999999999999999999
999999999999999999999999
333333333333333333333333
999999999999999999999999
999999999999999999999999
555555555555555555555555
999999999999999999999999
999999999999999999999999
999999999999999999999999
999999999999999999999999
999999999999999999999999
999999999999999999999999
999999999999999999999999
999999999999999999999999
999999999999999999999999
999999999999999999999999
999999999999999999999999
999999999999999999999999
333333333333333333333333
999999999999999999999999
999999999999999999999999
777777777777777777777777
999999999999999999999999
999999999999999999999999
999999999999999999999999
999999999999999999999999
999999999999999999999999
999999999999999999999999
999999999999999999999999
999999999999999999999999
999999999999999999999999
999999999999999999999999
999999999999999999999999
999999999999999999999999
333333333333333333333333
999999999999999999999999
999999999999999999999999
666666666666666666666666
999999999999999999999999
999999999999999999999999
999999999999999999999999
999999999999999999999999
999999999999999999999999
999999999999999999999999
999999999999999999999999
999999999999999999999999
999999999999999999999999
555555555555555555555555
999999999999999999999999
999999999999999999999999
333333333333333333333333
999999999999999999999999
999999999999999999999999
666666666666666666666666
999999999999999999999999
999999999999999999999999
999999999999999999999999
999999999999999999999999
999999999999999999999999
999999999999999999999999
999999999999999999999999
999999999999999999999999
999999999999999999999999
333333333333333333333333
999999999999999999999999
999999999999999999999999
333333333333333333333333
999999999999999999999999
999999999999999999999999
666666666666666666666666
999999999999999999999999
999999999999999999999999
999999999999999999999999
999999999999999999999999
999999999999999999999999
999999999999999999999999
999999999999999999999999
999999999999999999999999
999999999999999999999999
444444444444444444444444
999999999999999999999999
999999999999999999999999
333333333333333333333333
999999999999999999999999
999999999999999999999999
666666666666666666666666
999999999999999999999999
999999999999999999999999
999999999999999999999999
999999999999999999999999
777777777777777777777777
999999999999999999999999
999999999999999999999999
999999999999999999999999
999999999999999999999999
444444444444444444444444
999999999999999999999999
999999999999999999999999
333333333333333333333333
999999999999999999999999
999999999999999999999999
666666666666666666666666
999999999999999999999999
999999999999999999999999
999999999999999999999999
999999999999999999999999
444444444444444444444444
999999999999999999999999
999999999999999999999999
999999999999999999999999
999999999999999999999999
444444444444444444444444
999999999999999999999999
999999999999999999999999
333333333333333333333333
999999999999999999999999
999999999999999999999999
666666666666666666666666
999999999999999999999999
999999999999999999999999
999999999999999999999999
999999999999999999999999
555555555555555555555555
999999999999999999999999
999999999999999999999999
999999999999999999999999
999999999999999999999999
444444444444444444444444
999999999999999999999999
999999999999999999999999
333333333333333333333333
999999999999999999999999
999999999999999999999999
666666666666666666666666
999999999999999999999999
999999999999999999999999
999999999999999999999999
999999999999999999999999
555555555555555555555555
999999999999999999999999
999999999999999999999999
444444444444444444444444
999999999999999999999999
444444444444444444444444
999999999999999999999999
999999999999999999999999
333333333333333333333333
999999999999999999999999
999999999999999999999999
666666666666666666666666
999999999999999999999999
999999999999999999999999
999999999999999999999999
999999999999999999999999
555555555555555555555555
999999999999999999999999
999999999999999999999999
222222222222222222222222
999999999999999999999999
444444444444444444444444
999999999999999999999999
999999999999999999999999
333333333333333333333333
999999999999999999999999
999999999999999999999999
666666666666666666666666
999999999999999999999999
999999999999999999999999
999999999999999999999999
999999999999999999999999
555555555555555555555555
999999999999999999999999
999999999999999999999999
333333333333333333333333
999999999999999999999999
444444444444444444444444
999999999999999999999999
999999999999999999999999
333333333333333333333333
999999999999999999999999
999999999999999999999999
666666666666666666666666
999999999999999999999999
999999999999999999999999
999999999999999999999999
555555555555555555555555
555555555555555555555555
999999999999999999999999
999999999999999999999999
444444444444444444444444
999999999999999999999999
444444444444444444444444
999999999999999999999999
999999999999999999999999
333333333333333333333333
999999999999999999999999
999999999999999999999999
666666666666666666666666
999999999999999999999999
999999999999999999999999
999999999999999999999999
777777777777777777777777
555555555555555555555555
999999999999999999999999
999999999999999999999999
444444444444444444444444
999999999999999999999999
444444444444444444444444
999999999999999999999999
999999999999999999999999
333333333333333333333333
999999999999999999999999
999999999999999999999999
666666666666666666666666
999999999999999999999999
999999999999999999999999
999999999999999999999999
888888888888888888888888
555555555555555555555555
999999999999999999999999
999999999999999999999999
444444444444444444444444
999999999999999999999999
444444444444444444444444
999999999999999999999999
999999999999999999999999
333333333333333333333333
999999999999999999999999
999999999999999999999999
666666666666666666666666
999999999999999999999999
999999999999999999999999
999999999999999999999999
888888888888888888888888
555555555555555555555555
999999999999999999999999
999999999999999999999999
444444444444444444444444
999999999999999999999999
444444444444444444444444
999999999999999999999999
999999999999999999999999
333333333333333333333333
999999999999999999999999
999999999999999999999999
666666666666666666666666
999999999999999999999999
444444444444444444444444
999999999999999999999999
888888888888888888888888
555555555555555555555555
999999999999999999999999
999999999999999999999999
444444444444444444444444
999999999999999999999999
444444444444444444444444
999999999999999999999999
999999999999999999999999
333333333333333333333333
999999999999999999999999
999999999999999999999999
666666666666666666666666
999999999999999999999999
222222222222222222222222
999999999999999999999999
888888888888888888888888
555555555555555555555555
999999999999999999999999
999999999999999999999999
444444444444444444444444
999999999999999999999999
444444444444444444444444
999999999999999999999999
999999999999999999999999
333333333333333333333333
999999999999999999999999
999999999999999999999999
666666666666666666666666
999999999999999999999999
333333333333333333333333
999999999999999999999999
888888888888888888888888
555555555555555555555555
999999999999999999999999
999999999999999999999999
444444444444444444444444
999999999999999999999999
444444444444444444444444
999999999999999999999999
555555555555555555555555
333333333333333333333333
999999999999999999999999
999999999999999999999999
666666666666666666666666
999999999999999999999999
333333333333333333333333
999999999999999999999999
888888888888888888888888
555555555555555555555555
999999999999999999999999
999999999999999999999999
444444444444444444444444
999999999999999999999999
444444444444444444444444
999999999999999999999999
333333333333333333333333
333333333333333333333333
999999999999999999999999
999999999999999999999999
666666666666666666666666
999999999999999999999999
333333333333333333333333
999999999999999999999999
888888888888888888888888
555555555555555555555555
999999999999999999999999
999999999999999999999999
444444444444444444444444
999999999999999999999999
444444444444444444444444
999999999999999999999999
444444444444444444444444
333333333333333333333333
999999999999999999999999
999999999999999999999999
666666666666666666666666
999999999999999999999999
333333333333333333333333
999999999999999999999999
888888888888888888888888
555555555555555555555555
999999999999999999999999
999999999999999999999999
444444444444444444444444
999999999999999999999999
444444444444444444444444
999999999999999999999999
444444444444444444444444
333333333333333333333333
999999999999999999999999
999999999999999999999999
666666666666666666666666
444444444444444444444444
333333333333333333333333
999999999999999999999999
888888888888888888888888
555555555555555555555555
999999999999999999999999
999999999999999999999999
444444444444444444444444
999999999999999999999999
444444444444444444444444
999999999999999999999999
444444444444444444444444
333333333333333333333333
999999999999999999999999
999999999999999999999999
666666666666666666666666
222222222222222222222222
333333333333333333333333
999999999999999999999999
888888888888888888888888
555555555555555555555555
999999999999999999999999
999999999999999999999999
444444444444444444444444
999999999999999999999999
444444444444444444444444
999999999999999999999999
444444444444444444444444
333333333333333333333333
999999999999999999999999
999999999999999999999999
666666666666666666666666
333333333333333333333333
333333333333333333333333
999999999999999999999999
888888888888888888888888
555555555555555555555555
999999999999999999999999
999999999999999999999999
444444444444444444444444
444444444444444444444444
444444444444444444444444
999999999999999999999999
444444444444444444444444
333333333333333333333333
999999999999999999999999
999999999999999999999999
666666666666666666666666
444444444444444444444444
333333333333333333333333
999999999999999999999999
888888888888888888888888
555555555555555555555555
999999999999999999999999
999999999999999999999999
444444444444444444444444
222222222222222222222222
444444444444444444444444
999999999999999999999999
444444444444444444444444
333333333333333333333333
999999999999999999999999
999999999999999999999999
666666666666666666666666
444444444444444444444444
333333333333333333333333
999999999999999999999999
888888888888888888888888
555555555555555555555555
999999999999999999999999
999999999999999999999999
444444444444444444444444
333333333333333333333333
444444444444444444444444
999999999999999999999999
444444444444444444444444
333333333333333333333333
999999999999999999999999
999999999999999999999999
666666666666666666666666
444444444444444444444444
333333333333333333333333
999999999999999999999999
888888888888888888888888
555555555555555555555555
999999999999999999999999
999999999999999999999999
444444444444444444444444
333333333333333333333333
444444444444444444444444
999999999999999999999999
444444444444444444444444
333333333333333333333333
555555555555555555555555
999999999999999999999999
666666666666666666666666
444444444444444444444444
333333333333333333333333
999999999999999999999999
888888888888888888888888
555555555555555555555555
999999999999999999999999
999999999999999999999999
444444444444444444444444
333333333333333333333333
444444444444444444444444
999999999999999999999999
444444444444444444444444
333333333333333333333333
777777777777777777777777
999999999999999999999999
666666666666666666666666
444444444444444444444444
333333333333333333333333
999999999999999999999999
888888888888888888888888
555555555555555555555555
999999999999999999999999
999999999999999999999999
444444444444444444444444
333333333333333333333333
444444444444444444444444
999999999999999999999999
444444444444444444444444
333333333333333333333333
666666666666666666666666
999999999999999999999999
666666666666666666666666
444444444444444444444444
333333333333333333333333
999999999999999999999999
888888888888888888888888
555555555555555555555555
999999999999999999999999
999999999999999999999999
444444444444444444444444
333333333333333333333333
444444444444444444444444
999999999999999999999999
444444444444444444444444
333333333333333333333333
666666666666666666666666
999999999999999999999999
666666666666666666666666
444444444444444444444444
333333333333333333333333
444444444444444444444444
888888888888888888888888
555555555555555555555555
999999999999999999999999
999999999999999999999999
444444444444444444444444
333333333333333333333333
444444444444444444444444
999999999999999999999999
444444444444444444444444
333333333333333333333333
666666666666666666666666
999999999999999999999999
666666666666666666666666
444444444444444444444444
333333333333333333333333
222222222222222222222222
888888888888888888888888
555555555555555555555555
999999999999999999999999
999999999999999999999999
444444444444444444444444
333333333333333333333333
444444444444444444444444
999999999999999999999999
444444444444444444444444
333333333333333333333333
666666666666666666666666
999999999999999999999999
666666666666666666666666
444444444444444444444444
333333333333333333333333
333333333333333333333333
888888888888888888888888
555555555555555555555555
999999999999999999999999
999999999999999999999999
444444444444444444444444
333333333333333333333333
444444444444444444444444
999999999999999999999999
444444444444444444444444
333333333333333333333333
666666666666666666666666
555555555555555555555555
666666666666666666666666
444444444444444444444444
333333333333333333333333
333333333333333333333333
888888888888888888888888
555555555555555555555555
999999999999999999999999
999999999999999999999999
444444444444444444444444
333333333333333333333333
444444444444444444444444
999999999999999999999999
444444444444444444444444
333333333333333333333333
666666666666666666666666
333333333333333333333333
666666666666666666666666
444444444444444444444444
333333333333333333333333
333333333333333333333333
888888888888888888888888
555555555555555555555555
999999999999999999999999
999999999999999999999999
444444444444444444444444
333333333333333333333333
444444444444444444444444
999999999999999999999999
444444444444444444444444
333333333333333333333333
666666666666666666666666
444444444444444444444444
666666666666666666666666
444444444444444444444444
333333333333333333333333
333333333333333333333333
888888888888888888888888
555555555555555555555555
444444444444444444444444
999999999999999999999999
444444444444444444444444
333333333333333333333333
444444444444444444444444
999999999999999999999999
444444444444444444444444
333333333333333333333333
666666666666666666666666
555555555555555555555555
666666666666666666666666
444444444444444444444444
333333333333333333333333
333333333333333333333333
888888888888888888888888
555555555555555555555555
222222222222222222222222
999999999999999999999999
444444444444444444444444
333333333333333333333333
444444444444444444444444
999999999999999999999999
444444444444444444444444
333333333333333333333333
666666666666666666666666
555555555555555555555555
666666666666666666666666
444444444444444444444444
333333333333333333333333
333333333333333333333333
888888888888888888888888
555555555555555555555555
333333333333333333333333
999999999999999999999999
444444444444444444444444
333333333333333333333333
444444444444444444444444
999999999999999999999999
444444444444444444444444
333333333333333333333333
666666666666666666666666
555555555555555555555555
666666666666666666666666
444444444444444444444444
333333333333333333333333
333333333333333333333333
888888888888888888888888
555555555555555555555555
444444444444444444444444
999999999999999999999999
444444444444444444444444
333333333333333333333333
444444444444444444444444
444444444444444444444444
444444444444444444444444
333333333333333333333333
666666666666666666666666
555555555555555555555555
666666666666666666666666
444444444444444444444444
333333333333333333333333
333333333333333333333333
888888888888888888888888
555555555555555555555555
444444444444444444444444
999999999999999999999999
444444444444444444444444
333333333333333333333333
444444444444444444444444
222222222222222222222222
444444444444444444444444
333333333333333333333333
666666666666666666666666
555555555555555555555555
666666666666666666666666
444444444444444444444444
333333333333333333333333
333333333333333333333333
888888888888888888888888
555555555555555555555555
444444444444444444444444
999999999999999999999999
444444444444444444444444
333333333333333333333333
444444444444444444444444
333333333333333333333333
444444444444444444444444
333333333333333333333333
666666666666666666666666
555555555555555555555555
666666666666666666666666
444444444444444444444444
333333333333333333333333
333333333333333333333333
888888888888888888888888
555555555555555555555555
444444444444444444444444
555555555555555555555555
444444444444444444444444
333333333333333333333333
444444444444444444444444
444444444444444444444444
444444444444444444444444
333333333333333333333333
666666666666666666666666
555555555555555555555555
666666666666666666666666
444444444444444444444444
333333333333333333333333
333333333333333333333333
888888888888888888888888
555555555555555555555555
444444444444444444444444
777777777777777777777777
444444444444444444444444
333333333333333333333333
444444444444444444444444
444444444444444444444444
444444444444444444444444
333333333333333333333333
666666666666666666666666
555555555555555555555555
666666666666666666666666
444444444444444444444444
333333333333333333333333
333333333333333333333333
888888888888888888888888
555555555555555555555555
444444444444444444444444
666666666666666666666666
444444444444444444444444
333333333333333333333333
444444444444444444444444
444444444444444444444444
444444444444444444444444
333333333333333333333333
666666666666666666666666
555555555555555555555555
666666666666666666666666
444444444444444444444444
333333333333333333333333
333333333333333333333333
888888888888881811111111
555555555555555515151515
444444444444444444444444
777777777777777777777777
444444444444444444444444
333333333333333333333333
444444444444444444444444
444444444444444444444444
444444444444444444444444
333333333333333333333333
666666666666666666666666
555555555555555555555555
666666666666666666611111
444444444444444444444444
333333333333333333333333
333333333333333333333333
787878787878787878787878
555555555555555555555555
444444444444444444444444
777777777777777777777777
444444444444444444444444
333333333333333333333333
444444444444444444444444
444444444444444444444444
444444444444444444444444
333333333333333333333333
666666666666666666666666
555555555555555555555555
666666666666666666666666
444444444444444444444444
333333333333333333333333
333333333333333333333333
878787878787878787878787
555555555555555555555555
444444444444444444444444
777777777777777777777777
444444444444444444444444
333333333333333333333333
444444444444444444444444
444444444444444444444444
444444444444444444444444
333333333333333333333333
666666666666666666666666
555555555555555555555555
666666666666666666666666
444444444444444444444444
333333333333333333333333
333333333333333333333333
878787878787878787878787
555555555555555555555555
444444444444444444444444
777777777777777777777777
444444444444444444444444
333333333333333333333333
444444444444444444444444
444444444444444444444444
444444444444444444444444
333333333333333333333333
666666666666666666666666
555555555555555555555555
565656565656565656565656
444444444444444444444444
333333333333333333333333
333333333333333333333333
878787878787878787878787
454545454545454545454545
444444444444444444444444
777777777777777777777777
444444444444444444444444
333333333333333333333333
444444444444444444444444
444444444444444444444444
444444444444444444444444
333333333333333333333333
666666666666666666666666
555555555555555555555555
565656565656565656565656
444444444444444444444444
333333333333333333333333
333333333333333333333333
878787878787878787878787
545454545454545454545454
444444444444444444444444
777777777777777777777777
444444444444444444444444
333333333333333333333333
444444444444444444444444
444444444444444444444444
444444444444444444444444
333333333333333333333333
666666666666666666666666
555555555555555555555555
565656565656565656565656
444444444444444444444444
333333333333333333333333
333333333333333333333333
878787878787878787878787
555555555555555555555555
444444444444444444444444
777777777777777777777777
444444444444444444444444
333333333333333333333333
444444444444444444444444
444444444444444444444444
444444444444444444444444
333333333333333333333333
565656565656565656565656
555555555555555555555555
565656565656565656565656
444444444444444444444444
333333333333333333333333
333333333333333333333333
878787878787878787878787
555555555555555555555555
444444444444444444444444
777777777777777777777777
444444444444444444444444
333333333333333333333333
444444444444444444444444
444444444444444444444444
444444444444444444444444
333333333333333333333333
656565656565656565656565
555555555555555555555555
565656565656565656565656
444444444444444444444444
333333333333333333333333
333333333333333333333333
878787878787878787878787
555555555555555555555555
444444444444444444444444
777777777777777777777777
444444444444444444444444
333333333333333333333333
343434343434343434343434
444444444444444444444444
444444444444444444444444
333333333333333333333333
666666666666666666666666
555555555555555555555555
565656565656565656565656
444444444444444444444444
333333333333333333333333
333333333333333333333333
878787878787878787878787
555555555555555555555555
444444444444444444444444
777777777777777777777777
444444444444444444444444
333333333333333333333333
434343434343434343434343
444444444444444444444444
444444444444444444444444
333333333333333333333333
666666666666666666666666
555555555555555555555555
565656565656565656565656
444444444444444444444444
333333333333333333333333
333333333333333333333333
878787878787878787878787
555555555555555555555555
444444444444444444444444
777777777777777777777777
444444444444444444444444
333333333333333333333333
444444444444444444444444
444444444444444444444444
343434343434343434343434
333333333333333333333333
666666666666666666666666
555555555555555555555555
565656565656565656565656
444444444444444444444444
333333333333333333333333
333333333333333333333333
878787878787878787878787
555555555555555555555555
444444444444444444444444
777777777777777777777777
444444444444444444444444
333333333333333333333333
444444444444444444444444
444444444444444444444444
434343434343434343434343
333333333333333333333333
666666666666666666666666
555555555555555555555555
565656565656565656565656
444444444444444444444444
333333333333333333333333
333333333333333333333333
878787878787878787878787
555555555555555555555555
444444444444444444444444
777777777777777777777777
343434343434343434343434
333333333333333333333333
444444444444444444444444
444444444444444444444444
444444444444444444444444
333333333333333333333333
666666666666666666666666
555555555555555555555555
565656565656565656565656
444444444444444444444444
333333333333333333333333
333333333333333333333333
878787878787878787878787
555555555555555555555555
444444444444444444444444
777777777777777777777777
434343434343434343434343
333333333333333333333333
444444444444444444444444
444444444444444444444444
444444444444444444444444
333333333333333333333333
666666666666666666666666
555555555555555555555555
565656565656565656565656
444444444444444444444444
333333333333333333333333
333333333333333333333333
878787878787878787878787
555555555555555555555555
444444444444444444444444
777777777777777777777777
444444444444444444444444
333333333333333333333333
444444444444444444444444
444444444444444444444444
444444444444444444444444
333333333333333333333333
666666666666666666666666
555555555555555555555555
565656565656565656565656
343434343434343434343434
333333333333333333333333
333333333333333333333333
878787878787878787878787
555555555555555555555555
444444444444444444444444
777777777777777777777777
444444444444444444444444
333333333333333333333333
444444444444444444444444
444444444444444444444444
444444444444444444444444
333333333333333333333333
666666666666666666666666
555555555555555555555555
565656565656565656565656
434343434343434343434343
333333333333333333333333
333333333333333333333333
878787878787878787878787
555555555555555555555555
444444444444444444444444
676767676767676767676767
444444444444444444444444
333333333333333333333333
444444444444444444444444
444444444444444444444444
444444444444444444444444
333333333333333333333333
666666666666666666666666
555555555555555555555555
565656565656565656565656
444444444444444444444444
333333333333333333333333
333333333333333333333333
878787878787878787878787
555555555555555555555555
444444444444444444444444
767676767676767676767676
444444444444444444444444
333333333333333333333333
444444444444444444444444
444444444444444444444444
444444444444444444444444
333333333333333333333333
666666666666666666666666
555555555555555555555555
565656565656565656565656
444444444444444444444444
333333333333333333333333
333333333333333333333333
878787878787878787878787
555555555555555555555555
444444444444444444444444
777777777777777777777777
444444444444444444444444
333333333333333333333333
444444444444444444444444
444444444444444444444444
444444444444444444444444
333333333333333333333333
666666666666666666666666
454545454545454545454545
565656565656565656565656
444444444444444444444444
333333333333333333333333
333333333333333333333333
878787878787878787878787
555555555555555555555555
444444444444444444444444
777777777777777777777777
444444444444444444444444
333333333333333333333333
444444444444444444444444
444444444444444444444444
444444444444444444444444
333333333333333333333333
666666666666666666666666
545454545454545454545454
565656565656565656565656
444444444444444444444444
333333333333333333333333
333333333333333333333333
878787878787878787878787
555555555555555555555555
444444444444444444444444
777777777777777777777777
444444444444444444444444
333333333333333333333333
444444444444444444444444
444444444444444444444444
444444444444444444444444
232323232323232323232323
666666666666666666666666
545454545454545454545454
565656565656565656565656
444444444444444444444444
333333333333333333333333
333333333333333333333333
878787878787878787878787
555555555555555555555555
444444444444444444444444
777777777777777777777777
444444444444444444444444
333333333333333333333333
444444444444444444444444
444444444444444444444444
444444444444444444444444
323232323232323232323232
666666666666666666666666
545454545454545454545454
565656565656565656565656
444444444444444444444444
333333333333333333333333
333333333333333333333333
878787878787878787878787
555555555555555555555555
343434343434343434343434
777777777777777777777777
444444444444444444444444
333333333333333333333333
444444444444444444444444
444444444444444444444444
444444444444444444444444
333333333333333333333333
666666666666666666666666
545454545454545454545454
565656565656565656565656
444444444444444444444444
333333333333333333333333
333333333333333333333333
878787878787878787878787
555555555555555555555555
434343434343434343434343
777777777777777777777777
444444444444444444444444
333333333333333333333333
444444444444444444444444
444444444444444444444444
444444444444444444444444
333333333333333333333333
666666666666666666666666
545454545454545454545454
565656565656565656565656
444444444444444444444444
333333333333333333333333
333333333333333333333333
878787878787878787878787
555555555555555555555555
444444444444444444444444
777777777777777777777777
444444444444444444444444
333333333333333333333333
444444444444444444444444
444444444444444444444444
444444444444444444444444
333333333333333333333333
666666666666666666666666
545454545454545454545454
565656565656565656565656
444444444444444444444444
333333333333333333333333
232323232323232323232323
878787878787878787878787
555555555555555555555555
444444444444444444444444
777777777777777777777777
444444444444444444444444
333333333333333333333333
444444444444444444444444
444444444444444444444444
444444444444444444444444
333333333333333333333333
666666666666666666666666
545454545454545454545454
565656565656565656565656
444444444444444444444444
333333333333333333333333
323232323232323232323232
878787878787878787878787
555555555555555555555555
444444444444444444444444
777777777777777777777777
444444444444444444444444
333333333333333333333333
444444444444444444444444
343434343434343434343434
444444444444444444444444
333333333333333333333333
666666666666666666666666
545454545454545454545454
565656565656565656565656
444444444444444444444444
333333333333333333333333
333333333333333333333333
878787878787878787878787
555555555555555555555555
444444444444444444444444
777777777777777777777777
444444444444444444444444
333333333333333333333333
444444444444444444444444
434343434343434343434343
444444444444444444444444
333333333333333333333333
666666666666666666666666
545454545454545454545454
565656565656565656565656
444444444444444444444444
333333333333333333333333
333333333333333333333333
878787878787878787878787
555555555555555555555555
444444444444444444444444
777777777777777777777777
444444444444444444444444
333333333333333333333333
444444444444444444444444
444444444444444444444444
444444444444444444444444
333333333333333333333333
666666666666666666666666
545454545454545454545454
565656565656565656565656
444444444444444444444444
232323232323232323232323
333333333333333333333333
878787878787878787878787
555555555555555555555555
444444444444444444444444
777777777777777777777777
444444444444444444444444
333333333333333333333333
444444444444444444444444
444444444444444444444444
444444444444444444444444
333333333333333333333333
666666666666666666666666
545454545454545454545454
565656565656565656565656
444444444444444444444444
323232323232323232323232
333333333333333333333333
878787878787878787878787
555555555555555555555555
444444444444444444444444
777777777777777777777777
444444444444444444444444
232323232323232323232323
444444444444444444444444
444444444444444444444444
444444444444444444444444
333333333333333333333333
666666666666666666666666
545454545454545454545454
565656565656565656565656
444444444444444444444444
323232323232323232323232
333333333333333333333333
878787878787878787878787
555555555555555555555555
444444444444444444444444
777777777777777777777777
444444444444444444444444
323232323232323232323232
444444444444444444444444
444444444444444444444444
444444444444444444444444
333333333333333333333333
666666666666666666666666
545454545454545454545454
565656565656565656565656
444444444444444444444444
323232323232323232323232
333333333333333333333333
878787878787878111111111
555555555555555515151515
444444444444444444444444
777777777777777777777777
444444444444444444444444
333333333333333333333333
444444444444444444444444
444444444444444444444444
444444444444444444444444
333333333333333333333333
666666666666666666666666
545454545454545454545454
565656565656565656565611
444444444444444444444444
323232323232323232323232
333333333333333333333333
686868686868686868686868
555555555555555555555555
999999999999999999999999
999999999999999999999999
444444444444444444444444
333333333333333333333333
444444444444444444444444
999999999999999999999999
444444444444444444444444
333333333333333333333333
666666666666666666666666
555555555555555555555555
666666666666666666666666
444444444444444444444444
333333333333333333333333
333333333333333333333333
878787878787878787878787
585858585858585858585858
444444444444444444444444
777777777777777777777777
444444444444444444444444
333333333333333333333333
444444444444444444444444
444444444444444444444444
444444444444444444444444
333333333333333333333333
666666666666666666666666
545454545454545454545454
565656565656565656565656
444444444444444444444444
333333333333333333333333
333333333333333333333333
888888888888888888888888
555555555555555555555555
999999999999999999999999
999999999999999999999999
141414141414141414141414
333333333333333333333333
444444444444444444444444
999999999999999999999999
444444424242424242424242
333333333333333333333333
999999999999999999999999
999999999999999999999999
666666666666666666666666
444444444444444444444444
333333333333333333333333
999999999999999999999999
888888888888888888888848
555555555555555555555555
999999999999999999999999
999999999999999999999999
444444444444444444444444
333333333333333333333333
444444444444444444444444
999999999999999999999999
444444444444444444444444
383838383838383838383838
666666666666666666666666
999999999999999999999999
666666666666666666666666
444444444444444444444444
333333333333333333333333
444444444444444444444444
878787878787878787878787
555555555555555555555555
444444444444444444444444
777777777777777777777777
444444444444444444444444
333333333333333333333333
444444444444444444444444
444444444444444444444444
444444444444444444444444
383838383838383838383838
666666666666666666666666
545454545454545454545454
565656565656565656565656
444444444444444444444444
323232323232323232323232
333333333333333333333333
888888888888888888888888
535353535353535353535353
999999999999999999999999
999999999999999999999999
444444444444444444444444
333333333333333333333333
444444444444444444444444
999999999999999999999999
444444444444444444444444
333333333333333333333333
666666666666666666666666
999999999999999999999999
666666666666666666666666
444444444444444444444444
333333333333333333333333
999999999997979797979797
888888888888888888888888
555555555555555555555555
494949494949494949494949
999999999999999999999999
444444444444444444444444
999999999999999999999999
444444444444444444444444
999999999999999999999999
444444444444444444444444
333333333333333333333333
999999999999999999999999
999999999999999999999999
666666666666666666666666
999999999999999999999999
333333333333333333333333
999999999999999999999999
999999999999999999999999
999999999999999999999999
999999999999999999999999
999999999999999999999999
999999999999999999999999
999999999999999999999999
999999999999999999999999
969696969696969696969696
999999999999999999999999
999999999999999999999999
999999999999999999999999
999999999999999999999999
999999999999999999999999
999999999999999999999999
999999999999999999999999
999999999999999999999999
888888888888888888888888
555555555555555555555555
999999999999999999999999
999999999999999999999999
444444444444444444444444
333333333333333333333333
444444444444444444444444
999999999999999999999999
444444444444444444444444
333333333333333333333333
666646464646464646464646
999999999999999999999999
666666666666666666666666
444444444444444444444444
131313131313131313131313
444444444444444444444444
888888888888888888888888
555555555555555555555555
999999999999999999999999
999999999999999999999999
444444444444444444444444
999999999999999999999999
444444444444444444444444
999999999999999999999999
999999999999999999999999
333333333333333333333333
999999999999999999999999
999999999999999999999999
666666666666666666666666
999999999999999999999999
747474747474747474747474
999999999999999999999999
888888888888888888888888
555555555555555555555555
999999999999999999999999
999999999999999999999999
444444444444444444444444
333333333333333333333333
444444444444444444444444
999999999989898989898989
444444444444444444444444
333333333333333333333333
999999999999999999999999
999999999999999999999999
666666666666666666666666
414141414141414141414141
333333333333333333333333
999999999999999999999999
888888888888888888888888
555555555555555555555555
444444444444444444444444
999999999999999999999999
949494949494949494949494
333333333333333333333333
444444444444444444444444
999999999999999999999999
444444444444444444444444
333333333333333333333333
666666666666666666666666
555555555555555555555555
666666666666666666666666
444444444444444444444444
333333333333333333333333
333333333333333333333333
888888888888888888888888
555555555555555555555555
999999999999999999999999
797979797979797979797979
444444444444444444444444
999999999999999999999999
444444444444444444444444
999999999999999999999999
444444444444444444444444
333333333333333333333333
999999999999999999999999
999999999999999999999999
666666666666666666666666
444444444444444444444444
333333333333333333333333
999999999999999999999999
888888888888888888888888
555555555555555555555555
141414141414141414141414
999999999999999999999999
949494949494949494949494
333333333333333333333333
444444444444444444444444
999999999999999999999999
444444444444444444444444
333333333333333333333333
666666666666666666666666
555555555555555555555555
666666666666666666666666
444444444444444444444444
333333333333333333333333
333333333333333333333333
999999999999999999999999
555555555555555555555555
999999999999999999999999
999999999999999999999999
999999999999999999999999
999999999999999999999999
444444444444444444444444
999999999999999999999999
999999999999999999999999
333333333333333333333333
999999999999999999999999
999999999999999999999999
666666666666666666666666
999999999999999999999999
999999999999999999999999
999999979797979797979797
888888888888888888888888
555555555555555555555555
999999999999999999999999
999999999999999999999999
434343434343434343434343
999999999999999999999999
444444444444444444444444
999999999999999999999999
444444444444444444444444
333333333333333333333333
999999999999999999999999
999999999999999999999999
666666666666666666666666
999999999999999999999999
333333333333333333333333
999999999999999999969696
878787878787878787878787
555555555555555555555555
444444444444444444444444
777777777777777777777777
444444444444444444444444
333333333333333333333333
444444444444444444444444
444444444444444444444444
444444444444444444444444
383838383838383838383838
666666666666666666666666
646464646464646464646464
565656565656565656565656
444444444444444444444444
323232323232323232323232
333333333333333333333333
878787878787878787878787
555555555555353535353535
444444444444444444444444
777777777777777777777777
444444444444444444444444
333333333333333333333333
444444444444444444444444
747474747474747474747474
444444444444444444444444
333333333333333333333333
666666666666666666666666
555555555555555555555555
565656565656565656565656
444444444444444444444444
333333333333333333333333
333333333333333333333333
