2669050548
11 13 300
99999999999999999999999999
99999999999999999999999999
99999999999999999999999999
99999999999999999999999999
99999999999999999999999999
99999999999999999999999999
99999999999999999999999999
99999999999999999999999999
99999999999999999999999999
99999999999999999999999999
99999999999999999999999999
99999999999999999999999999
99999999999999999999999999
99999999999999999999999999
59595959595959595959595959
99999999999999999999999999
99999999999999999999999999
99999999999999999999999999
99999999999999999999999999
99999999999999999999999999
99999999999999999999999999
99999999999999999999999999
99999999999999999999999999
99999999999999999999999999
99999999999999999999999999
39393939393939393939393939
99999999999999999999999999
99999999999999999999999999
99999999999999999999999999
99999999999999999999999999
99999999999999999999999999
99999999999999999999999999
99999999999999999999999999
99999999999999999999999999
99999999999999999999999999
99999999999999999999999999
49494949494949494949494949
99999999999999999999999999
99999999999999999999999999
99999999999999999999999999
99999999999999999999999999
99999999999999999999999999
99999999999999999999999999
99999999999999999999999999
99999999999999999999999999
99999999999999999999999999
99999999999999999999999999
49494949494949494949494949
99999999999999999999999999
99999999999999999999999999
99999999999999999999999999
59595959595959595959595959
99999999999999999999999999
99999999999999999999999999
99999999999999999999999999
99999999999999999999999999
99999999999999999999999999
99999999999999999999999999
49494949494949494949494949
99999999999999999999999999
99999999999999999999999999
99999999999999999999999999
39393939393939393939393939
99999999999999999999999999
99999999999999999999999999
99999999999999999999999999
99999999999999999999999999
99999999999999999999999999
99999999999999999999999999
49494949494949494949494949
99999999999999999999999999
99999999999999999999999999
99999999999999999999999999
49494949494949494949494949
99999999999999999999999999
99999999999999999999999999
99999999999999999999999999
99999999999999999999999999
99999999999999999999999999
99999999999999999999999999
45454545454545454545454545
99999999999999999999999999
99999999999999999999999999
99999999999999999999999999
49494949494949494949494949
99999999999999999999999999
99999999999999999999999999
99999999999999999999999999
99999999999999999999999999
99999999999999999999999999
99999999999999999999999999
47474747474747474747474747
99999999999999999999999999
99999999999999999999999999
99999999999999999999999999
49494949494949494949494949
99999999999999999999999999
99999999999999999999999999
99999999999999999999999999
99999999999999999999999999
99999999999999999999999999
99999999999999999999999999
46464646464646464646464646
99999999999999999999999999
99999999999999999999999999
99999999999999999999999999
49494949494949494949494949
99999999999999999999999999
99999999999999999999999999
99999999999999999999999999
99999999999999999999999999
99999999999999999999999999
99999999999999999999999999
46464646464646464646464646
99999999999999999999999999
99999999999999999999999999
99999999999999999999999999
45454545454545454545454545
99999999999999999999999999
99999999999999999999999999
99999999999999999999999999
99999999999999999999999999
99999999999999999999999999
99999999999999999999999999
46464646464646464646464646
99999999999999999999999999
99999999999999999999999999
99999999999999999999999999
47474747474747474747474747
99999999999999999999999999
99999999999999999999999999
99999999999999999999999999
99999999999999999999999999
99999999999999999999999999
99999999999999999999999999
46464646464646464646464646
99999999999999999999999999
99999999999999999999999999
99999999999999999999999999
48484848484848484848484848
99999999999999999999999999
99999999999999999999999999
99999999999999999999999999
99999999999999999999999999
99999999999999999999999999
99999999999999999999999999
46464646464646464646464646
59595959595959595959595959
99999999999999999999999999
99999999999999999999999999
48484848484848484848484848
99999999999999999999999999
99999999999999999999999999
99999999999999999999999999
99999999999999999999999999
99999999999999999999999999
99999999999999999999999999
46464646464646464646464646
39393939393939393939393939
99999999999999999999999999
99999999999999999999999999
48484848484848484848484848
99999999999999999999999999
99999999999999999999999999
99999999999999999999999999
99999999999999999999999999
99999999999999999999999999
99999999999999999999999999
46464646464646464646464646
49494949494949494949494949
99999999999999999999999999
99999999999999999999999999
48484848484848484848484848
99999999999999999999999999
99999999999999999999999999
99999999999999999999999999
99999999999999999999999999
99999999999999999999999999
99999999999999999999999999
46464646464646464646464646
49494949494949494949494949
99999999999999999999999999
99999999999999999999999999
48484848484848484848484848
59595959595959595959595959
99999999999999999999999999
99999999999999999999999999
99999999999999999999999999
99999999999999999999999999
99999999999999999999999999
46464646464646464646464646
49494949494949494949494949
99999999999999999999999999
99999999999999999999999999
48484848484848484848484848
39393939393939393939393939
99999999999999999999999999
99999999999999999999999999
99999999999999999999999999
99999999999999999999999999
99999999999999999999999999
46464646464646464646464646
49494949494949494949494949
99999999999999999999999999
99999999999999999999999999
48484848484848484848484848
49494949494949494949494949
99999999999999999999999999
99999999999999999999999999
59595959595959595959595959
99999999999999999999999999
99999999999999999999999999
46464646464646464646464646
49494949494949494949494949
99999999999999999999999999
99999999999999999999999999
48484848484848484848484848
49494949494949494949494949
99999999999999999999999999
99999999999999999999999999
39393939393939393939393939
99999999999999999999999999
99999999999999999999999999
46464646464646464646464646
49494949494949494949494949
99999999999999999999999999
99999999999999999999999999
48484848484848484848484848
49494949494949494949494949
99999999999999999999999999
99999999999999999999999999
29292929292929292929292929
99999999999999999999999999
99999999999999999999999999
46464646464646464646464646
49494949494949494949494949
99999999999999999999999999
99999999999999999999999999
48484848484848484848484848
49494949494949494949494949
99999999999999999999999999
99999999999999999999999999
39393939393939393939393939
99999999999999999999999999
99999999999999999999999999
46464646464646464646464646
49494949494949494949494949
99999999999999999999999999
59595959595959595959595959
48484848484848484848484848
49494949494949494949494949
99999999999999999999999999
99999999999999999999999999
39393939393939393939393939
99999999999999999999999999
99999999999999999999999999
46464646464646464646464646
49494949494949494949494949
99999999999999999999999999
39393939393939393939393939
48484848484848484848484848
49494949494949494949494949
99999999999999999999999999
99999999999999999999999999
39393939393939393939393939
99999999999999999999999999
99999999999999999999999999
46464646464646464646464646
49494949494949494949494949
99999999999999999999999999
49494949494949494949494949
48484848484848484848484848
49494949494949494949494949
99999999999999999999999999
99999999999999999999999999
39393939393939393939393939
99999999999999999999999999
99999999999999999999999999
46464646464646464646464646
45454545454545454545454545
99999999999999999999999999
49494949494949494949494949
48484848484848484848484848
49494949494949494949494949
99999999999999999999999999
99999999999999999999999999
39393939393939393939393939
99999999999999999999999999
99999999999999999999999999
46464646464646464646464646
47474747474747474747474747
99999999999999999999999999
49494949494949494949494949
48484848484848484848484848
49494949494949494949494949
99999999999999999999999999
99999999999999999999999999
39393939393939393939393939
99999999999999999999999999
99999999999999999999999999
46464646464646464646464646
48484848484848484848484848
99999999999999999999999999
49494949494949494949494949
48484848484848484848484848
49494949494949494949494949
99999999999999999999999999
99999999999999999999999999
39393939393939393939393939
99999999999999999999999999
99999999999999999999999999
46464646464646464646464646
48484848484848484848484848
99999999999999999999999999
49494949494949494949494949
48484848484848484848484848
45454545454545454545454545
99999999999999999999999999
99999999999999999999999999
39393939393939393939393939
99999999999999999999999999
99999999999999999999999999
46464646464646464646464646
48484848484848484848484848
99999999999999999999999999
49494949494949494949494949
48484848484848484848484848
47474747474747474747474747
99999999999999999999999999
99999999999999999999999999
39393939393939393939393939
99999999999999999999999999
99999999999999999999999999
46464646464646464646464646
48484848484848484848484848
99999999999999999999999999
49494949494949494949494949
48484848484848484848484848
46464646464646464646464646
99999999999999999999999999
99999999999999999999999999
39393939393939393939393939
99999999999999999999999999
99999999999999999999999999
46464646464646464646464646
48484848484848484848484848
99999999999999999999999999
49494949494949494949494949
48484848484848484848484848
47474747474747474747474747
99999999999999999999999999
59595959595959595959595959
39393939393939393939393939
99999999999999999999999999
99999999999999999999999999
46464646464646464646464646
48484848484848484848484848
99999999999999999999999999
49494949494949494949494949
48484848484848484848484848
47474747474747474747474747
99999999999999999999999999
39393939393939393939393939
39393939393939393939393939
99999999999999999999999999
99999999999999999999999999
46464646464646464646464646
48484848484848484848484848
99999999999999999999999999
49494949494949494949494949
48484848484848484848484848
47474747474747474747474747
99999999999999999999999999
29292929292929292929292929
35353535353535353535353535
99999999999999999999999999
99999999999999999999999999
46464646464646464646464646
48484848484848484848484848
99999999999999999999999999
49494949494949494949494949
48484848484848484848484848
47474747474747474747474747
99999999999999999999999999
29292929292929292929292929
33333333333333333333333333
99999999999999999999999999
99999999999999999999999999
46464646464646464646464646
48484848484848484848484848
99999999999999999999999999
49494949494949494949494949
48484848484848484848484848
47474747474747474747474747
99999999999999999999999999
29292929292929292929292929
34343434343434343434343434
99999999999999999999999999
99999999999999999999999999
46464646464646464646464646
48484848484848484848484848
99999999999999999999999999
49494949494949494949494949
48484848484848484848484848
47474747474747474747474747
99999999999999999999999999
29292929292929292929292929
34343434343434343434343434
99999999999999999999999999
99999999999999999999999999
46464646464646464646464646
48484848484848484848484848
99999999999999999999999999
45454545454545454545454545
48484848484848484848484848
47474747474747474747474747
99999999999999999999999999
29292929292929292929292929
34343434343434343434343434
99999999999999999999999999
99999999999999999999999999
46464646464646464646464646
48484848484848484848484848
99999999999999999999999999
47474747474747474747474747
48484848484848484848484848
47474747474747474747474747
99999999999999999999999999
29292929292929292929292929
34343434343434343434343434
99999999999999999999999999
99999999999999999999999999
46464646464646464646464646
48484848484848484848484848
99999999999999999999999999
48484848484848484848484848
48484848484848484848484848
47474747474747474747474747
99999999999999999999999999
29292929292929292929292929
34343434343434343434343434
99999999999999999999999999
99999999999999999999999999
46464646464646464646464646
48484848484848484848484848
99999999999999999999999999
49494949494949494949494949
48484848484848484848484848
47474747474747474747474747
99999999999999999999999999
25252525252525252525252525
34343434343434343434343434
99999999999999999999999999
99999999999999999999999999
46464646464646464646464646
48484848484848484848484848
99999999999999999999999999
49494949494949494949494949
48484848484848484848484848
47474747474747474747474747
99999999999999999999999999
27272727272727272727272727
34343434343434343434343434
99999999999999999999999999
99999999999999999999999999
46464646464646464646464646
48484848484848484848484848
99999999999999999999999999
49494949494949494949494949
48484848484848484848484848
47474747474747474747474747
99999999999999999999999999
28282828282828282828282828
34343434343434343434343434
99999999999999999999999999
99999999999999999999999999
46464646464646464646464646
48484848484848484848484848
59595959595959595959595959
49494949494949494949494949
48484848484848484848484848
47474747474747474747474747
99999999999999999999999999
29292929292929292929292929
34343434343434343434343434
99999999999999999999999999
99999999999999999999999999
46464646464646464646464646
48484848484848484848484848
39393939393939393939393939
49494949494949494949494949
48484848484848484848484848
47474747474747474747474747
99999999999999999999999999
29292929292929292929292929
34343434343434343434343434
99999999999999999999999999
99999999999999999999999999
46464646464646464646464646
48484848484848484848484848
49494949494949494949494949
49494949494949494949494949
48484848484848484848484848
47474747474747474747474747
99999999999999999999999999
29292929292929292929292929
34343434343434343434343434
99999999999999999999999999
99999999999999999999999999
46464646464646464646464646
48484848484848484848484848
45454545454545454545454545
49494949494949494949494949
48484848484848484848484848
47474747474747474747474747
99999999999999999999999999
29292929292929292929292929
34343434343434343434343434
99999999999999999999999999
99999999999999999999999999
46464646464646464646464646
48484848484848484848484848
47474747474747474747474747
49494949494949494949494949
48484848484848484848484848
47474747474747474747474747
99999999999999999999999999
29292929292929292929292929
34343434343434343434343434
99999999999999999999999999
99999999999999999999999999
46464646464646464646464646
48484848484848484848484848
48484848484848484848484848
49494949494949494949494949
48484848484848484848484848
47474747474747474747474747
99999999999999999999999999
29292929292929292929292929
34343434343434343434343434
59595959595959595959595959
99999999999999999999999999
46464646464646464646464646
48484848484848484848484848
48484848484848484848484848
49494949494949494949494949
48484848484848484848484848
47474747474747474747474747
99999999999999999999999999
29292929292929292929292929
34343434343434343434343434
39393939393939393939393939
99999999999999999999999999
46464646464646464646464646
48484848484848484848484848
48484848484848484848484848
49494949494949494949494949
48484848484848484848484848
47474747474747474747474747
99999999999999999999999999
29292929292929292929292929
34343434343434343434343434
49494949494949494949494949
99999999999999999999999999
46464646464646464646464646
48484848484848484848484848
48484848484848484848484848
49494949494949494949494949
48484848484848484848484848
47474747474747474747474747
99999999999999999999999999
29292929292929292929292929
34343434343434343434343434
49494949494949494949494949
99999999999999999999999999
46464646464646464646464646
48484848484848484848484848
48484848484848484848484848
49494949494949494949494949
48484848484848484848484848
47474747474747474747474747
59595959595959595959595959
29292929292929292929292929
34343434343434343434343434
49494949494949494949494949
99999999999999999999999999
46464646464646464646464646
48484848484848484848484848
48484848484848484848484848
49494949494949494949494949
48484848484848484848484848
47474747474747474747474747
39393939393939393939393939
29292929292929292929292929
34343434343434343434343434
49494949494949494949494949
99999999999999999999999999
46464646464646464646464646
48484848484848484848484848
48484848484848484848484848
49494949494949494949494949
48484848484848484848484848
47474747474747474747474747
49494949494949494949494949
29292929292929292929292929
34343434343434343434343434
45454545454545454545454545
99999999999999999999999999
46464646464646464646464646
48484848484848484848484848
48484848484848484848484848
49494949494949494949494949
48484848484848484848484848
47474747474747474747474747
49494949494949494949494949
29292929292929292929292929
34343434343434343434343434
43434343434343434343434343
99999999999999999999999999
46464646464646464646464646
48484848484848484848484848
48484848484848484848484848
49494949494949494949494949
48484848484848484848484848
47474747474747474747474747
49494949494949494949494949
29292929292929292929292929
34343434343434343434343434
44444444444444444444444444
99999999999999999999999999
46464646464646464646464646
48484848484848484848484848
48484848484848484848484848
49494949494949494949494949
48484848484848484848484848
47474747474747474747474747
49494949494949494949494949
29292929292929292929292929
34343434343434343434343434
44444444444444444444444444
99999999999999999999999999
46464646464646464646464646
48484848484848484848484848
48484848484848484848484848
49494949494949494949494949
48484848484848484848484848
47474747474747474747474747
45454545454545454545454545
29292929292929292929292929
34343434343434343434343434
44444444444444444444444444
99999999999999999999999999
46464646464646464646464646
48484848484848484848484848
48484848484848484848484848
49494949494949494949494949
48484848484848484848484848
47474747474747474747474747
43434343434343434343434343
29292929292929292929292929
34343434343434343434343434
44444444444444444444444444
99999999999999999999999999
46464646464646464646464646
48484848484848484848484848
48484848484848484848484848
49494949494949494949494949
48484848484848484848484848
47474747474747474747474747
42424242424242424242424242
29292929292929292929292929
34343434343434343434343434
44444444444444444444444444
59595959595959595959595959
46464646464646464646464646
48484848484848484848484848
48484848484848484848484848
49494949494949494949494949
48484848484848484848484848
47474747474747474747474747
43434343434343434343434343
29292929292929292929292929
34343434343434343434343434
44444444444444444444444444
79797979797979797979797979
46464646464646464646464646
48484848484848484848484848
48484848484848484848484848
49494949494949494949494949
48484848484848484848484848
47474747474747474747474747
43434343434343434343434343
29292929292929292929292929
34343434343434343434343434
44444444444444444444444444
69696969696969696969696969
46464646464646464646464646
48484848484848484848484848
48484848484848484848484848
49494949494949494949494949
48484848484848484848484848
47474747474747474747474747
43434343434343434343434343
29292929292929292929292929
34343434343434343434343434
44444444444444444444444444
75757575757575757575757575
46464646464646464646464646
48484848484848484848484848
48484848484848484848484848
49494949494949494949494949
48484848484848484848484848
47474747474747474747474747
43434343434343434343434343
29292929292929292929292929
34343434343434343434343434
44444444444444444444444444
77777777777777777777777777
46464646464646464646464646
48484848484848484848484848
48484848484848484848484848
49494949494949494949494949
48484848484848484848484848
47474747474747474747474747
43434343434343434343434343
29292929292929292929292929
34343434343434343434343434
44444444444444444444444444
76767676767676767676767676
46464646464646464646464646
48484848484848484848484848
48484848484848484848484848
49494949494949494949494949
48484848484848484848484848
47474747474747474747474747
43434343434343434343434343
29292929292929292929292929
35353535353535353535353535
44444444444444444444444444
76767676767676767676767676
46464646464646464646464646
48484848484848484848484848
48484848484848484848484848
49494949494949494949494949
48484848484848484848484848
47474747474747474747474747
43434343434343434343434343
29292929292929292929292929
33333333333333333333333333
44444444444444444444444444
76767676767676767676767676
46464646464646464646464646
48484848484848484848484848
48484848484848484848484848
49494949494949494949494949
48484848484848484848484848
47474747474747474747474747
43434343434343434343434343
29292929292929292929292929
44444444444444444444444444
44444444444444444444444444
76767676767676767676767676
46464646464646464646464646
48484848484848484848484848
48484848484848484848484848
49494949494949494949494949
48484848484848484848484848
47474747474747474747474747
43434343434343434343434343
29292929292929292929292929
34343434343434343434343434
44444444444444444444444444
76767676767676767676767676
46464646464646464646464646
48484848484848484848484841
48484848484848484848484848
49494949494949494949494941
48484848484848484848484841
47474747474747474747474141
43434343434343434343434343
29292929292929292929292121
34343434343434343434343434
44444444444444444444444444
76767676767676767676767676
46464646464646464646464646
48484848484848484848484848
48484848484848484848484848
49494949494949494949494949
38383838383838383838383838
47474747474747474747474747
43434343434343434343434343
29292929292929292929292929
34343434343434343434343434
44444444444444444444444444
76767676767676767676767676
46464646464646464646464646
48484848484848484848484848
48484848484848484848484848
49494949494949494949494949
47474747474747474747474747
47474747474747474747474747
43434343434343434343434343
29292929292929292929292929
34343434343434343434343434
44444444444444444444444444
76767676767676767676767676
46464646464646464646464646
38383838383838383838383838
48484848484848484848484848
49494949494949494949494949
48484848484848484848484848
47474747474747474747474747
43434343434343434343434343
29292929292929292929292929
34343434343434343434343434
44444444444444444444444444
76767676767676767676767676
46464646464646464646464646
47474747474747474747474747
48484848484848484848484848
49494949494949494949494949
48484848484848484848484848
47474747474747474747474747
43434343434343434343434343
29292929292929292929292929
34343434343434343434343434
44444444444444444444444444
76767676767676767676767676
36363636363636363636363636
48484848484848484848484848
48484848484848484848484848
49494949494949494949494949
48484848484848484848484848
47474747474747474747474747
43434343434343434343434343
29292929292929292929292929
34343434343434343434343434
44444444444444444444444444
76767676767676767676767676
45454545454545454545454545
48484848484848484848484848
48484848484848484848484848
49494949494949494949494949
48484848484848484848484848
47474747474747474747474747
43434343434343434343434343
29292929292929292929292929
34343434343434343434343434
44444444444444444444444444
76767676767676767676767676
46464646464646464646464646
48484848484848484848484848
48484848484848484848484848
39393939393939393939393939
48484848484848484848484848
47474747474747474747474747
43434343434343434343434343
29292929292929292929292929
34343434343434343434343434
44444444444444444444444444
76767676767676767676767676
46464646464646464646464646
48484848484848484848484848
48484848484848484848484848
48484848484848484848484848
48484848484848484848484848
47474747474747474747474747
43434343434343434343434343
29292929292929292929292929
34343434343434343434343434
44444444444444444444444444
76767676767676767676767676
46464646464646464646464646
48484848484848484848484848
48484848484848484848484848
49494949494949494949494949
48484848484848484848484848
47474747474747474747474747
43434343434343434343434343
19191919191919191919191919
34343434343434343434343434
44444444444444444444444444
76767676767676767676767676
46464646464646464646464646
48484848484848484848484848
48484848484848484848484848
49494949494949494949494949
48484848484848484848484848
47474747474747474747474747
43434343434343434343434343
28282828282828282828282828
34343434343434343434343434
44444444444444444444444444
76767676767676767676767676
46464646464646464646464646
48484848484848484848484848
48484848484848484848484848
49494949494949494949494949
48484848484848484848484848
37373737373737373737373737
43434343434343434343434343
29292929292929292929292929
34343434343434343434343434
44444444444444444444444444
76767676767676767676767676
46464646464646464646464646
48484848484848484848484848
48484848484848484848484848
49494949494949494949494949
48484848484848484848484848
46464646464646464646464646
43434343434343434343434343
29292929292929292929292929
34343434343434343434343434
44444444444444444444444444
76767676767676767676767676
46464646464646464646464646
48484848484848484848484848
38383838383838383838383838
49494949494949494949494949
48484848484848484848484848
47474747474747474747474747
43434343434343434343434343
29292929292929292929292929
34343434343434343434343434
44444444444444444444444444
76767676767676767676767676
46464646464646464646464646
48484848484848484848484848
47474747474747474747474747
49494949494949494949494949
48484848484848484848484848
47474747474747474747474747
43434343434343434343434343
29292929292929292929292929
34343434343434343434343434
44444444444444444444444444
66666666666666666666666666
46464646464646464646464646
48484848484848484848484848
48484848484848484848484848
49494949494949494949494949
48484848484848484848484848
47474747474747474747474747
43434343434343434343434343
29292929292929292929292929
34343434343434343434343434
44444444444444444444444444
75757575757575757575757575
46464646464646464646464646
48484848484848484848484848
48484848484848484848484848
49494949494949494949494949
48484848484848484848484848
47474747474747474747474747
43434343434343434343434343
29292929292929292929292929
24242424242424242424242424
44444444444444444444444444
76767676767676767676767676
46464646464646464646464646
48484848484848484848484848
48484848484848484848484848
49494949494949494949494949
48484848484848484848484848
47474747474747474747474747
43434343434343434343434343
29292929292929292929292929
33333333333333333333333333
44444444444444444444444444
76767676767676767676767676
46464646464646464646464646
48484848484848484848484848
48484848484848484848484848
49494949494949494949494949
48484848484848484848484848
47474747474747474747474747
43434343434343434343434343
29292929292929292929292929
34343434343434343434343434
44444444444444444444444444
76767676767676767676767676
46464646464646464646464646
48484848484848484848484848
48484848484848484848484848
49494949494949494949494949
48484848484848484848484848
47474747474747474747474747
33333333333333333333333333
29292929292929292929292929
34343434343434343434343434
44444444444444444444444444
76767676767676767676767676
46464646464646464646464646
48484848484848484848484848
48484848484848484848484848
49494949494949494949494949
48484848484848484848484848
47474747474747474747474747
42424242424242424242424242
29292929292929292929292929
34343434343434343434343434
34343434343434343434343434
76767676767676767676767676
46464646464646464646464646
48484848484848484848484848
48484848484848484848484848
49494949494949494949494949
48484848484848484848484848
47474747474747474747474747
43434343434343434343434343
29292929292929292929292929
34343434343434343434343434
43434343434343434343434343
76767676767676767676767676
46464646464646464646464646
48484848484848484848484848
48484848484848484848484848
49494949494949494949494949
48484848484848484848484848
47474747474747474747474747
43434343434343434343434343
29292929292929292929292929
34343434343434343434343434
44444444444444444444444444
76767676767676767676767676
46464646464646464646464646
48484848484848484848484841
48484848484848484848484848
49494949494949494949494941
48484848484848484848484841
47474747474747474747474141
43434343434343434343434343
29292929292929292929292121
35353535353535353535353535
99999999999999999999999999
99999999999999999999999999
46464646464646464646464646
48484848484848484848484848
99999999999959595959595959
49494949494949494949494949
48484848484848484848484848
97979797979797979797979797
99999999999999999999999999
29292929292929292929292929
39393939393939393939393939
99999999999999999999999999
99999999999999999999999999
46464646464646464646464646
48484848484848484848484848
99999999999999999999999999
49494949494949494949494949
48484848484848484848484848
47474747474747474747474747
96969696969696969696969696
59595959595959595959595959
39393939393939393939393939
99999999999999999999999999
99999999999999999999999999
46464646464646464646464646
48484848484848484848484848
99999999999999999999999999
99999999999999999999999999
48484848484848484848484848
49494949494949494949494949
99999999999999999999999999
99999999999999999999999999
34343434343434343434343434
99999999999999999999999999
99999999999999999999999999
96969696969696969696969696
48484848484848484848484848
99999999999999999999999999
49494949494949494949494949
48484848484848484848484848
47474747474747474747474747
99999999999999999999999999
29292929292929292929292929
34343434343434343434343434
44444444444444444444444444
99999994949494949494949494
47474747474747474747474747
48484848484848484848484848
48484848484848484848484848
49494949494949494949494949
48484848484848484848484848
47474747474747474747474747
45454545454545454545454545
29292929292929292929292929
34343434343434343434343434
99999999999999999999999999
99999999999999999999999999
46464646464646464646464646
48484848484848484848484848
49494949494949494949494949
49494949494949494949494949
45454545454545454545454545
47474747474747474747474747
99999999999999999999999999
29292929292929292929292929
39393939393939393939393939
99999999999595959595959595
99999999999999999999999999
46464646464646464646464646
49494949494949494949494949
99999999999999999999999999
59595959595959595959595959
48484848484848484848484848
49494949494949494949494949
99999999999999999999999999
96969696969696969696969696
34343434343434343434343434
99999999999999999999999999
99999999999999999999999999
46464646464646464646464646
48484848484848484848484848
47474747474747474747474747
49494949494949494949494949
48484848484848484848484848
47474747474747474747474747
99999999999999999999999999
79797979797979797979797979
39393939393939393939393939
99999999999999999999999999
99999999999999999999999999
46464646464646464646464646
48484848484848484848484848
99999999999999999999999999
49494949494949494949494949
46464646464646464646464646
47474747474747474747474747
99999999999999999999999999
59595959595959595959592929
59595959594949494949494949
99999999999999999999999999
99999999999999999999999999
46464646464646464646464646
49494949494949494949494949
99999999999999999999999999
99999999999999999999999999
48484848484848484848484848
49494949494949494949494949
99999999999999999999999999
99999999999999999999999999
35353535353535353535353535
99999999999999999999999999
98989898989898989898989898
46464646464646464646464646
48484848484848484848484848
99999999999999999999999999
49494949494949494949494949
48484848484848484848484848
47474747474747474747474747
99999999999999999999999999
29292929292929292929292929
34343434343434343434343434
44444444444444444444444444
79797979797979797979797979
46464646464646464646464646
48484848484848484848484848
48484848484848484848484848
49494949494949494949494949
48484848484848484848484848
47474747474747474747474747
43434343434343434343434343
69696969696969696969696969
34343434343434343434343434
49494949494949494949494949
99999999999999999999999999
46464646464646464646464646
48484848484848484848484848
48484848484848484848484848
49494949494949494949494949
48484848484848484848484848
47474747474747474747474747
49494949494949494949494949
24242424242424242424242424
34343434343434343434343434
44444444444444444444444444
99999999999999999999999999
76767676767676767676767676
48484848484848484848484848
48484848484848484848484848
49494949494949494949494949
48484848484848484848484848
47474747474747474747474747
49494949494949494949494949
29292929292929292929292929
99999999999999999999999999
99999999999999999999999999
99999999999999999999999999
46464646464646464646464646
45454545454545454545454545
99999999999999999999999999
99999999999999999999999999
48484848484848484848484848
99999999999999999999999999
99999999999999999999999999
99999999999999999999999999
34343434343434343434343434
49494949494949494949494949
99999999999999999999999999
46464646464646464646464646
48484848484848484848484848
48484848484848484848484848
49494949494949494949494949
68686868686868686868686868
47474747474747474747474747
59595959595959595959595959
29292929292929292929292929
39393939393939393939393939
99999999999999999999999999
99999999999999999999999999
46464646464646464646464646
48484848484848484848484848
99999999999999999999999999
99999999999999999999999999
98989898989898989898989898
49494949494949494949494949
99999999999999999999999999
99999999999999999999999999
34343434343434343434343434
99999999997979797979797979
99999999999999999999999999
46464646464646464646464646
48484848484848484848484848
48484848484848484848484848
59595959595959595959595959
48484848484848484848484848
47474747474747474747474747
99999999999999999999999999
29292929292929292929292929
53535353535353535353535353
99999999999999999999999999
99999999999999999999999999
46464646464646464646464646
49494949494949494949494949
99999999999999999999999999
99999999999999999999999999
48484848484848484848484848
49494949494949494949494949
99999999999999999999999999
99999999999999999999999999
34343434343434343434343434
44444444444444444444444444
77777777777777777777777777
46464646464646464646464646
48484848484848484848484848
48484848484848484848484848
49494949494949494949494949
98989898989898989898989898
47474747474747474747474747
43434343434343434343434343
29292929292929292929292929
35353535353535353535353535
99999999999999999999999999
98989898989898989898989898
46464646464646464646464646
48484848484848484848484848
99999999999999999999999999
49494949494949494949494949
48484848484848484848484848
57575757575757575757575757
99999999999999999999999999
29292929292929292929292929
34343434343434343434343434
59595959595959595959595959
99999999999999999999999999
46464646464646464646464645
49494949494949494949494949
48484848484848484848484848
49494949494949494949494949
48484848484848484848484848
47474747474747474747474747
99999999999999999999999999
29292929292929292929292929
39393939393939393939393939
99999999999595959595959595
99999999999999999999999999
46464646464646464646464646
49494949494949494949494949
99999999999999999999999999
59595959595959595959595959
48484848484848484848484848
49494949494949494949494949
99999999999999999898989898
96969696969696969696969696
34343434343434343434343434
49494949494949494949494949
99999999999999999999999999
46464646464646464646464646
48484848484848484848484848
48484848484848484848484848
99999999999999999999999999
48484848484848484848484848
47474747474747474747474747
49494949494949494949494949
29292929292929292929292929
39393939393939393939393939
99999999999595989898989898
99999999999999999999999999
46464646464646464646464646
48484848484848484848484848
99999999999999999999999999
59595959595959595959595959
48484848484848484848484848
49494949494949494949494949
99999999999999999898989898
96969696969696969696969696
53535353535353535353535353
99999999999999999999999999
99999999999999999999999999
46464646464646464646464646
99999999999999999999999999
99999999999999999999999999
99999999999999999999999999
48484848484848484848484848
49494949494949494949494949
99999999999999999999999999
99999999999999999999999999
34343434343434343434343434
44444444444444444444444444
99999999999999999999999999
46464646464646464646464646
48484848484848484848484848
48484848484848484848484848
49494949494949494949494949
45454545454545454545454545
47474747474747474747474747
45454545454545454545454545
29292929292929292929292929
65656565656565656565656565
99999999999999999999999999
99999999999999999999999999
46464646464646464646464646
48484848484848484848484848
99999999999959595959595959
49494949494949494949494949
48484848484848484848484848
97979797979797979797979797
99999999999999999999999999
29292929292929292929292929
89898989898989898989898989
99999999999999999999999999
99999999999999999999999999
46464646464646464646464646
48484848484848484848484848
99999999999999999999999999
49494949494949494949494949
48484848484848484848484848
47474747474545454545454545
96969696969696969696969696
59595959595959595959595959
36363636363636363636363636
49494949494949494949494949
99999999999999999999999999
46464646464646464646464646
48484848484848484848484848
48484848484848484848484848
49494949494919191919191919
48484848484848484848484848
47474747474747474747474747
59595959595959595959595959
29292929292929292929292929
39393939393939393939393939
99999999999595959595959595
99999999999999999999999999
46464646464646464646464646
49494949494949494949494949
99999999999999999999999999
59595959595959595959595959
48484848484848484848444444
49494949494949494949494949
99999999999999999898989898
96969696969696969696969696
99999999999999999999999999
49494949494949494949494949
99999999999999999999999999
49494949494949494949494949
99999999999999999999999999
99999999999999999999999999
99999999999999999999999999
99999999999999999999999999
99999999999999999999999999
99999999999999999999999999
99999999999999999999999999
34343434343434343434343434
44444444444444444444444444
99999999999999999999999999
46464646464646464646464646
48484848484848484848484848
48484848484848484848484848
89898989898989898989898989
48484848484848484848484848
47474747474747474737373737
49494949494949494949494949
29292929292929292929292929
99999999999999999999999999
99999999999999999999999999
99999696969696969696969696
99999999999999999999999999
99999999999999999999999999
99999999999999999999999999
99999999999999999999999999
99999999999999999999999999
99999999999999999999999999
99999999999999999999999999
99999999999999999999999999
38383838383838383838383838
49494949494949494949494949
99999999999999999999999999
46464646464646464646464646
48484848484848484848484848
48484848484848484848484848
99999999999999999999999999
48484848484848484848484848
47474747474747474747474747
49494949494949494949494949
29292929292929292929292929
53535353535353535353535353
99999999999999999999999999
99999999999999999999999999
46464646464646464646464646
98989898989898989898989898
99999999999999999999999999
99999999999999999999999999
48484848484846464646464646
49494949494949494949494949
99999999999999999999999999
99999999999999999999999999
53535353535353535353535353
99999999999999999999999999
99999999999999999999999999
46464646464646464646464646
99999999999999999999999999
99999999999999999999999999
99999999999999999999999999
18181818181818181818181818
49494646464646464646464646
99999999999999999999999999
99999999999999999999999999
34343434343434343434343434
45454545454545454545454545
99999999999999999999999999
46464646464646464646464646
41414141414141414141414141
48484848484848484848484848
49494949494949494949494949
48484848484848484848484848
47474747474747474747474747
49494949494949494949494949
29292929292929292929292929
34343434343434343434343434
44444444444444444444444444
99999999999999999999999999
47474747474747474747474747
48484848484848484848484848
48484848484848484848484848
49494949494949494949494949
48484848484848484848484848
47474747474747474747474747
45454545454545454545454545
29292929292929292929292929
34343434343434343434343434
15151515151515151515151515
99999999999999999999999999
46464646464646464646464646
48484848484848484848484848
48484848484848484848484848
49494949494949494949494949
48484848484848484848484848
47474747474747474747474747
49494949494949494949494949
29292929292929292929292929
34343434343434343434343434
44444444444444444444444444
99999999999999999999999999
46464646464646464646464646
48484848484848484848484848
48484848484848484848484848
49494949494949494949494949
48484848484848484848484848
47474747474747474747474747
65656565656565656565656565
29292929292929292929292929
39393939393939393939393939
99999999999595959595959595
99999999999999999999999999
46464646464646464646464646
46464646464646464646464646
99999999999999999999999999
59595959595959595959595959
48484848484848484848444444
49494949494949494949494949
99999999999999999999999999
96969696969696969696969696
34343434343434343434343434
44444444444444444444444444
79797979797979797979797979
76767676767676767676767676
48484848484848484848484848
48484848484848484848484848
49494949494949494949494949
48484848484848484848484848
47474747474747474747474747
43434343434343434343434343
69696969696969696969696969
34343434343434343434343434
44444444444444444444444444
77777777777777777777777777
46464646464646464646464646
48484848484848484848484848
48484848484848484848484848
49494949494949494949494949
48484848484848484848484848
47474747474747474747474747
41414141414141414141414141
29292929292929292929292929
53535353535353535353535353
99999999999999999999999999
99999999999999999999999999
46464646464646464646464646
49494949494949494949494949
99999999999999999999999999
97979797979797979797979797
48484848484848484848484848
49494949494949494949494949
99999999999999999999999999
99999999999999999999999999
34343434343434343434343434
44444444444444444444444444
79797979797979797979797979
76767676767676767676767676
48484848484848484848484848
48484848484848484848484848
19191919191919191919191919
48484848484848484848484848
47474747474747474747474747
43434343434343434343434343
69696969696969696969292929
38383838383838383838383838
49494949494949494949494949
99999999999999999999999999
46464646464646464646464646
48484848484848484848484848
48484848484848484848484848
99999999999999999999999999
48484848484848484848484848
77777777777777777777777777
49494949494949494949494949
29292929292929292929292929
34341414141414141414141414
44444444444444444444444444
98989898989898989898989898
47474747474747474747474747
48484848484848484848484848
48484848484848484848484848
49494949494949494949494949
48484848484848484848484848
47474747474747474747474747
45454545454545454545454545
29292929292929292929292929
34343434343434343434343434
44444444444444444444444444
99999999999999999999999999
76767676767676767676767676
48484848484848484848484848
48484848484848484848484848
49494949494949494949494949
48484848484848484848484848
47474747474747474747474747
49494949494949494949494949
69696969696969696969696969
34343434343434343434343434
44444444444444444444444444
99999999999999999999999999
76767676767676767676767676
49494949494949494949494949
48484848484848484848484848
49494949494949494949494949
48484848484848484848484848
47474747474747474747474747
49494949494949494949494949
29292929292929292929292929
35353535353535353535353535
99999999999999999999999999
98989898989898989898989898
66666666666666666666666666
48484848484848484848484848
99999999999999999999999999
49494949494949494949494949
48484848484848484848484848
47474747474747474747474747
99999999999999999999999999
29292929292929292929292929
39393939393939393939393939
99999999999999999999999999
99999999999999999999999999
46464646464646464646464646
48484848484848484848484848
99999999999999999999999999
49494949494949494949494949
48484848484848484848484848
47474747474747474747474747
99999999999999999999999999
56565656565656565656565656
34343434343434343434343434
99999999999999999999999999
99999999999999999999999999
46464646464646464646464646
48484848484848484848484848
59595959595959595959595959
49494949494949494949494949
48484848484848484848484848
87878787878787878787878787
99999999999999999999999999
29292929292929292929292929
34343434343434343434343434
44444444444444444444444444
75757575757575757575757575
46464646464646464646464646
48484848484848484848484848
58585858585858585858585858
49494949494949494949494949
48484848484848484848484848
47474747474747474747474747
43434343434343434343434343
29292929292929292929292929
38383838383838383838383838
49494949494949494949494949
79797979797979797979797979
46464646464646464646464646
48484848484848484848484848
48484848484848484848484848
99999999999999999999999999
48484848484848484848484848
77777777777777777777777777
49494949494949494949494949
29292929292929292929292929
34343434343434343434343434
44444444444444444444444444
79797978787878787878787878
76767676767676767676767676
49494949494949494949494949
48484848484848484848484848
49494949494949494949494949
48484848484848484848484848
47474747474747474747474747
49494949494949494949494949
29292929292929292929292929
34343434343434343434343434
49494949494949494949494949
99999999999999999999999999
46464646464646464646464646
48484848484848484848484848
48484848484848484848484848
49494949494949494949494949
45454545454545454545454545
47474747474747474747474747
59595959595959595959595959
29292929292929292929292929
34343434343434343434343434
44444444444444444444444444
79797979797979797979797979
46464646464646464646464646
45454545454545454525252525
48484848484848484848484848
49494949494949494949494949
48484848484848484848484848
47474747474747474747474747
43434343434343434343434343
69696969696969696969696969
39393939393939393939393939
99999999999999999999999999
99999999999999999999999999
46464646464646464141414141
48484848484848484848484848
99999999999999999999999999
49494949494949494949494949
48484848484848484848484848
47474747474747474747474747
99999999999999999999999999
59595959595959595959595959
39393939393939393939393939
99999999999999999999999999
99999999999999999999999999
46464646464646464646464646
78787878787878787878787878
99999999999999999999999999
49494949494949494949494949
48484848484848484848484848
47474747474747474747474747
99999999999999999999999999
59595959595959595959595959
34343434343434343434343434
44444444444444444444444444
76767676767676767676767676
46464646464646464646464646
78787878787878787878787878
48484848484848484848484848
49494949494949494949494949
48484848484848484848484848
47474747474747474747474747
43434343434343434343434343
29292929292929292929292929
14141414141414141414141414
44444444444444444444444444
99999999999999999999999999
46464646464646464646464646
48484848484848484848484848
48484848484848484848484848
49494949494949494949494949
48484848484848484848484848
47474747474747474747474747
45454545454545454545454545
29292929292929292929292929
99999999999999999999999999
99999999999999999999999999
99999999999999999999999999
46464646464646464646464646
49494949494949494949494949
99999999999999999999999999
99999999999999999999999999
48484848484848484848484848
49494949494949494949494949
99999999999999999999999999
79797979797979797979797979
99999999999999999999999999
99999999999999999999999999
99999999999999999999999999
46464646464646464646464646
49494949494949494949494949
99999999999999999999999999
99999999999999999999999999
48484848484848484848484848
48484848484848484848484848
99999999999999999999999999
79797979797979797979797979
99999999999999999999999999
99999999999999999999999999
99999999999999999999999999
46464646464646464646464646
99999999999999999999999999
99999999999999999999999999
99999999999999999999999999
98989898989898989898989898
99999999999999999999999999
99999999999999999999999999
99999999999999999999999999
38383838383838383838383838
29292929292929292929292929
79797979797979797979797979
46464646464646464646464646
48484848484848484848484848
48484848484848484848484848
99999999999999999999999999
48484848484848484848484848
77777777777777777777777777
49494949494949494949494949
29292929292929292929292929
84848484848484848484848484
99999999999999999999999999
99999999999999999999999999
46464646464646464646464646
48484848484848484848484848
48484848484848484848484848
49494949494949494949494949
48484848484848484848484848
47474747474747474747474747
99999999999999999999999999
29292929292929292929292929
39393939393939393939393939
99999999999999999999999999
99999999999999999999999999
46464646464646464646464646
48484848484848484848484848
99999999999999999999999999
49494949494949494949494949
48484848484848484848484848
49494949494949494949494949
99999999999999999999999999
99999999999999999999999949
39393939393939393939393939
99999999999595989898989898
99999999999999999999999999
46464646464646464646464646
48484848484848484848484848
99999999999999999999999999
59595959595959595656565656
48484848484848484848484848
49494949494949494949494949
99999999999999999898989898
96969696969696969696969696
39393939393939393939393939
99999999999999999999999999
99999999999999999999999999
46464646464646464646464646
49494949494949494949494949
99999999999999999999999999
59595959595959595959595959
48484848484848484848484848
49494949494949494949494949
99999999999999999999999999
96969696969696969696969696
38383838383838383838383838
49494949494949494949494949
99999999999999999999999999
49494949494949393939393939
48484848484848484848484848
48484848484848484848484848
99999999999999999999999999
48484848484848484848484848
77777777777777777777777777
49494949494949494949494949
29292929292929292929292929
39393939393939393939393939
99999999999999999999999999
99999999999999999999999999
46464646464646464646464646
88888888888888888888888888
99999999999999999999999999
49494949494949494949494949
48484848484848484848484848
47474747474747474747474747
99999999999999999999999999
56565656565656565656565656
34343434343434343434343434
44444444444444444444444444
99999999999999999999999999
76767676767676767676767676
49494949494949494949494949
48484848484848484848484848
49494949494944444444444444
48484848484848484848484848
47474747474747474747474747
49494949494949494949494949
29292929292929292929292929
34343434343434343434343434
44444444444444444444444444
79797979797979797979797979
76767676767676767676767676
42424242424242424242424242
48484848484848484848484848
49494949494949494949494949
48484848484848484848484848
47474747474747474747474747
43434343434343434343434343
69696969696969696969696969
34343434343434343434343434
44444444444444444444444444
76767676767676767272727272
46464646464646464646464646
98989898989898989898989898
48484848484848484848484848
49494949494949494949494949
48484848484848484848484848
47474747474747474747474747
43434343434343434343434343
29292929292929292929292929
84848484848484848484848484
79797979797979797979797979
99999999999999999999999999
46464646464646464646464646
48484848484848484848484848
48484848484848484848484848
49494949494949494949494949
48484848484848484848484848
47474747474747474747474747
99999999999999999999999999
29292929292929292929292929
34343434343434343434343434
44444444444444444444444444
99999999999999999999999999
46464646464646464646464646
48484848484848484848484848
48484848484848484848484848
49494949494949494949494949
48484848484848484848484848
46464646464646464646464646
45454545454545454545454545
29292929292929292929292929
34343434343434343434343434
99999999999999999999999999
99999999999999999999999999
46464646464646464646464646
48484848484848484848484848
59595959595959595959595959
49494949494949494949494949
48484848484848481818181818
47474747474747474747474747
99999999999999999999999999
29292929292929292929292929
39393939373737373737373737
99999999999999999999999999
99999999999999999999999999
46464646464646464646464646
48484848484848484848484848
99999999999999999999999999
49494949494949494949494949
48484848484848484848484848
47474747474747474747474747
49494949494949494949494949
59595959595959595959595959
39393939393939393939393939
99999999999999999999999999
99999999999999999999999999
46464646464646464646464646
98989898989898989898989898
99999999999999999999999999
99999999999999999999999999
48484848484848484848484848
49494949494949494949494949
99999999999999999999999999
99999999999999999999999999
34343434343434343434343434
44444444444444444444444444
75757575757575757575757575
46464646464646464646464646
48484848484848484848484848
58585858585858585858585858
48484848484848484848484848
48484848484848484848484848
47474747474747474747474747
43434343434343434343434343
29292929292929292929292929
35353535353535353535353535
44444444444444444444444444
78787878787878787878787878
46464646464646464646464646
48484848484848484848484848
48484848484848484848484848
49494949494949494949494949
48484848484848484848484848
47474747474747474747474747
43434343434343434343434343
29292929292929292929292929
36363636363636363636363636
99999999999999999999999999
99999999999999999999999999
46464646464646464646464646
49494949494949494949494949
99999999999999999999999999
59595959595959595959595959
48484848484848484848484848
49494949494949494949494949
99999999999999999999999999
96969696969696969696969696
34343434343434343434343434
44444444444444444444444444
75757575757575757575757575
96969696969696969696969696
48484848484848484848484848
48484848484848484848484848
49494949494949494949494949
48484848484848484848484848
47474747474747474747474747
43434343434343434343434343
29292929292929292929292929
59595959595959595959595959
99999999999999999999999999
99999999999999999999999999
46464646464646464646464646
69696969696969696969696969
99999999999999999999999999
99999999999999999999999999
48484848484848484848484848
49494949494949494949494949
99999999999999999999999999
99999999999999999999999999
39393939393939393939393939
99999999999999999999999999
99999999999999999999999999
46464646464646464646464646
49494949494949494949494949
99999999999999999999999999
49494949494949494949494949
48484848484848484848484848
48484848484848484848484848
99999999999999999999999999
99999999999999999999999999
35353535353535353535353535
99999999999999999999999999
99999999999999999999999999
46464646464646464646464646
46464646464646464646464646
99999999999999999999999999
49494949494949494949494949
48484848484848484848484848
97979797979797979797979797
99999999999999999999999999
29292929292929292929292929
38383838383838383838383838
49494949494949494949494949
99999999999999999999999999
49494949494949393939393939
48484848484848484848484848
48484848484848484848454545
99999999999999999999999999
41414141414141414141414141
77777777777777777777777777
49494949494949494949494949
29292929292929292929292929
59595959595959585858585858
99999999999999999999999999
99999999999999999999999999
46464646464646464646464646
69696969696969696969696969
99999999999999999999999999
99999999999999999999999999
48484848484848484848484848
49494949494949494949494949
99999999999999999999999999
99999999999999999999999999
34343434343434343434343434
99999999999999999999999999
99999999999999999999999999
66666666666666666666666666
48484848484848484848484848
99999999999999999999999999
49494949494949494949494949
48484848484848484848484848
47474747474747474747474747
99999999999999999999995959
29292929292929292929292929
51515151515151515151515151
99999999999999999999999999
99999999999999999999999999
46464646464646464646464646
49494949494949494949494949
99999999999999999999999999
99999999999999999999999999
48484848484848484848484848
49494949494949494949494949
99999999999999999999999999
99999999999999999999999999
99999999999999999999999999
89898989898989898989898989
99999999999999999999999999
46464646464646464646464646
49494949494949494949494949
99999999999999999999999999
99999999999999999999999999
48484848484848484848484848
49494949494949494949494949
99999999999999999999999999
79797979797979797979797979
36363636363636363636363636
99999999999999999999999999
99999999999999999999898989
46464646464646464646464646
49494949494949494949494949
99999999999999999999999999
59595959595959595959595959
48484848484848484848484848
49494949494949494949494949
99999999999999999999999999
96969696969696969696969696
59595959595959595959595959
99999999999999999999999999
95959595959595959595959595
46464646464646464646464646
49494949494949494949494949
99999999999999999999999999
99999999999999999999999999
48484848484848484848484848
49494949494949494949494949
99999999999999999999999999
99999999999999999999999999
99999999999999999999999999
99999999999999999999995959
99999999999999999999999999
46464646464646464646464646
99999999999999999999999999
99999999999999999999999999
99999999999999999999999999
98989898989898989898989898
99999999999999999999999999
99999999999999999999999999
99999999999999999999999999
37373737373737373737373737
44444444444444444444444444
99999999999999999999999999
47474747474747474747474747
48484848484848484848484848
48484848484848484848484848
49494949494949494949494949
48484848484848484848484848
47474747474747474747474747
45454545454545454545454545
29292929292929292929292929
31313131313131313131313131
99999999999999999999999999
99999999999999999999999999
46464646464646464646464646
48484848484848484848484848
99999999999999999999999999
49494949494949494949494949
48484848484848484848484848
47474747474747474747474747
99999999999999999999999999
39393939393939393939393939
34343434343434343434343434
44444444444444444444444444
75757575757575757575757575
46464646464646464646464646
48484848484848484848484848
58585858585858585858585858
49494949494949494949494949
48484848484848484848484848
47474747474747474747474747
48484848484848484848484848
29292929292929292929292929
34343434343434343434343434
44444444444444444444444444
99999999999999999999999999
76767676767676767676767676
46464646464646464646464646
48484848484848484848484848
49494949494949494949494949
48484848484848484848484848
47474747474747474747474747
49494949494949494949494949
29292929292929292929292929
99999999999999999999999999
99999999999999999999999999
99999999999999999999999999
49494949494949494949494949
99999999999999999999999999
99999999999999999999999999
99999999999999999999999999
59595959595959595959595959
99999999999999999999999999
99999999999999999999999999
99999999999999999996969696
34343434343434343434343434
44444444444444444444444444
99999999999999999999999999
76767676767676767676767676
49494949494949494949494949
48484848484848484848484848
49494949494949494949494949
48484848484848484848484848
47474747474747474747474747
69696969696969696969696969
29292929292929292929292929
34343434343434343434343434
44444444444444444444444444
76767676767676767676767676
49494949494949494949494949
48484848484848484848484848
48484848484848484848484848
49494949494949494949494949
48484848484848484848484848
47474747474747474747474747
43434343434343434343434343
29292929292929292929292929
34343434343434343434343434
44444444444444444444444444
77777777777777777777777777
46464646464646464646464646
49494949494949494949494949
48484848484848484848484848
49494949494949494949494949
48484848484848484848484848
47474747474747474747474747
43434343434343434343434343
29292929292929292927272727
39393939373737373737373737
99999999999999999999999999
99999999999999999999999999
46464646464646464646464646
48484848484848484848484847
99999999999999999999999999
49494949494949494949494949
48484848484848484848484848
47474747474747474747474747
59595959595959595959595959
59595959595959595959595959
39393939393939393939393939
99999999999595959898989898
99999999999999999999999999
56565656565656565656565656
49494949494949494949494949
99999999999999999999999999
59595959595959595959595959
48484848484848484848484848
49494949494949494949494949
99999999999999999898989898
96969696969696969696969696
34343434343434343434343434
99999999999999999999999999
99999999999999999999999999
66666666666666666666666666
48484848484848484848484848
99999999999999999999999999
49494949494949494949494949
48484848484848482828282828
67676767676767676767676767
99999999999999999999995959
29292929292929292929292929
34343434343434343434343434
44444444444444444444444444
79797979797979797979797979
46464646464646464646464646
48484848484848484848484848
48484848484848484848484848
49494949494949494949494949
48484848484848484848484848
47474747474747474747474747
43434343434343434343434343
24242424242424242424242424
34343434343434343434343434
44444444444444444444444444
79797979797979797979797979
46464646464646464646464646
48484848484848484848484848
45454545454545454545454545
49494949494949494949494949
48484848484848484848484848
47474747474747474747474747
43434343434343434343434343
29292929292929292929292929
38383838383838383838383838
49494949494949494949494949
79797979797979797979797979
46464646464646464646464646
48484848484848484848484848
48484848484848484848484848
99999999999999999999999999
48484848484848484848484848
77777777777777777777777777
59595955555555555555555555
29292929292929292929292929
99999999999999999999999999
99999999999999999999999999
99999999999999999999999999
49494949494949494949494949
99999999999999999999999999
99999999494949494949494949
99999999999999999999999999
99999999999999999999999999
99999999999999999999999999
99999999999999999999999999
99999999999999999999999999
34343434343434343434343434
99999999997979797979797979
99999999999999999999999999
46464646464646464646464646
48484848484848484848484848
48484848484848484848484848
59595959595959595959595959
48484848484848484848484848
45454545454545454545454545
99999999999999999999999999
29292929292929292929292929
34343434343434343434343434
44444444444444444444444444
99999999999999999999959595
46464646464646464646464646
48484848484848484848484848
48484848484848484848484848
49494949494949494949494949
48484848484848484848484848
47474747474747474747474747
45454545454545454545454545
29292929292929292929292929
34343434343434343434343434
44444444444444444444444444
99999999999999999999999999
46464646464646464646464646
48484848484848484848484848
48484848484848484848484848
49494949494949494949494949
48484848484848484848484848
47474747474747474747474747
49494949494949494949494949
79797979797979797979797979
99999999999999999999999999
99999999999999999999999999
95959595959595959595959595
46464646464646464646464646
49494949494949494949494949
99999999999999999999999999
99999999999999999999999999
48484848484848484848484848
99999999999999999999999999
99999999999999999999999999
99999999999999999999999999
34343434343434343434343434
99999999999999999999999999
99999999999999999999999999
66666666666666666666666666
48484848484848484848484848
99999999999999999999999999
49494949494949494949494949
48484848484848484848484848
47474747474747474747474747
99999999999999999999999999
29292929292929292929292929
51515151515151515151515151
99999999999999999999999999
99999999999999999999999999
46464646464646464646464646
42424242424242424242424242
99999999999999999999999999
99999999999999999999999999
48484848484848484848484848
49494949494949494949494949
99999999999999999999999999
99999999999999999999999999
34343434343434343434343434
44444444444444444444444444
99999999999999999999999999
46464646464646464646464646
48484848484848484848484848
58585858585858585858585858
49494949494949494949494949
48484848484848484848484848
47474747474747474747474747
49494949494949494949494949
79797979797979797979797979
99999999999999999999999999
99999999999999999999999999
99999999999999999999999999
46464545454545454545454545
99999999999999999999999999
99999999999999999999999999
99999999999999999999999999
48484848484848484848484848
99999999999999999999999999
99999999999999999999999999
99999999999999999999999999
34343434343434343434343434
49494949494949494949494949
99999999999999999999999999
46464646464646464646464646
48484848484848484848484848
48484848484848484848484848
49494949494949494949494949
48484848484848484848484848
47474747474747474747474747
79797979797979797979797979
29292929292929292929292929
34343434343434343434343434
44444444444444444444444444
99999994949494949494949494
47474747474747474747474747
48484848484848484848484848
48484848484848484848484848
45454545454545454545454545
48484848484848484848484848
47474747474747474747474747
45454545454545454545454545
29292929292929292929292929
35353535353535353535353535
99999999999999999999999999
99999999999999999999999999
46464646464646464646464646
48484848484848484848484848
99999999999959595959595959
47474747474747474747474747
48484848484848484848484848
97979797979797979797979797
99999999999999999999999999
29292929292929292929292929
34343434343434343434343434
44444444444444444444444444
99999999999999999999999999
46464646464646464646464646
68686868686868686868686868
48484848484848484848484848
49494949494949494949494949
48484848484848484848484848
47474747474747474747474747
49494949494949494949494949
29292929292929292929292929
34343434343434343434343434
99999999999999999999999998
99999999999999999999999999
46464646464646464646464646
48484848484848484848484848
59595959595959595959595959
49494949494949494949494949
48484848484848484848484848
47474747474747474747474747
99999999999999999999999999
29292929292929292929292929
99999999999999999999999999
99999999999999999999999999
99999999999999999999999999
46464646464646464646464646
49494949494949494949494949
99999999999999999999999999
99999999999999999999999999
48484848484848484848484847
49494949494949494949494949
99999999999999999999999999
99999999999999999999999999
39393939393939393939393939
99999999999999999999999999
99999999999999999999999999
46464646464646464646464646
49494949494949494949494949
99999999999999999999999999
59595959595959595959595959
78787878787878787878747474
49494949494949494949494949
99999999999999999898989898
96969696969696969696969696
36363636363636363636363635
99999999999999999999999999
99999999999999999999999999
96969696969696969696969696
49494949494949494949494949
99999999999999999999999999
59595959595959595959595959
48484848484848484848484848
49494949494949494949494949
99999999999999999999999999
96969696969696969696969696
39393939393939393939393939
99999999999999999999999999
99999999999999999999999999
45454545454545454545454545
88888888888888888888888888
99999999999999999999999999
49494949494949494949494949
48484848484848484848484848
47474747474747474747474747
99999999999999999999999999
56565656565656565656565656
34343434343434343434343434
45454545454545454545454545
97979797979797979797979797
46464646464646464646464646
48484848484848484848484848
48484848484848484848484848
49494949494949494949494949
48484848484848484848484444
47474747474747474747474747
49494949494949494949494949
29292929292929292929292929
34343434343434343434343434
45454545454545454545151515
99999999999999999999999999
46464646464646464646464646
48484848484848484848484848
48484848484848484848484848
49494949494949494949494949
48484848484848484848484848
47474747474747474747474747
89898989898989898989898989
29292929292929292929292929
39393939393939393939393939
99999999999999999999999999
99999999999999999999999999
46464646464646464646464646
48484848484848484848484848
99999999999999797979797979
49494949494949494949494949
48484848484848484848484848
47474747474747474747474747
99999999999999999999999999
99999999999999999999999999
34343434343434343434343434
49494949494949494949494949
99999999999999999999999999
46464646464646464646464646
48484848484848484848484848
48484848484848484848484848
49494949494949494949494949
48484848484848484848484848
47474747474747474747474746
57575757575757575757575757
29292929292929292929292929
53535353535353535353535353
99999999999999999999999999
99999999999999999999989898
46464646464646464646464646
49494949494949494949494949
99999999999999999999999999
99999999999999999999999999
48484848484848484848484848
49494949494949494949494949
99999999999999999999999999
99999999999999999999999999
34343434343434343434343434
44444444444444444444444444
79797978787878787878787878
79797979797979797979797979
49494949494949494949494949
48484848484848484848484848
49494949494949494949494949
48484848484848484848484848
47474747474747474747474747
49494949494949494949494949
29292929292929292929292929
36363636363636363636363636
99999999999999999999999999
99999999999999999999999999
96969696969696969696969696
48484848484848484848484848
99999999999999999999999999
49494949494949494949494949
48484848484848484848484848
47474747474747474747474747
99999999999999999999999999
29292929292929292929292929
34343434343434343434343434
44444444444444444444444444
99999999999999999999999999
76767676767676767676767676
19191919191919191919191919
48484848484848484848484848
49494949494949494949494949
48484848484848484848484848
47474747474747474747474747
49494949494949494949494949
29292929292929292929292929
34343434343434343434343434
44444444444444444444444444
77777737373737373737373737
46464646464646464646464646
48484848484848484848484848
48484848484848484848484848
49494949494949494949494949
98989898989898989898989898
47474747474747474747474747
43434343434343434343434343
29292929292929292929292929
35353535353535353535353535
99999999999999999999999999
99999999999999999999999999
46464646464646464646464646
48484848484848484848484848
99999999999999999999999999
49494949494949494949494949
68686868686868686868686868
47474747474747474747474747
99999999999999999999999999
29292929292929292929292929
34343434343434343431313131
44444444444444444444444444
99999999999999999999999999
46464646464646464646464646
48484848484848484848484848
48484848484848484848484848
49494949494949494949494949
48484848484848484848484848
47474747474747474747474747
45454545454545454545454545
59595959595959595959595959
34343434343434343434343434
99999999999999999999999999
99999999999999999999999999
66666666666666666666666666
58585858585858585858585858
99999999999999999999999999
49494949494949494949494949
48484848484848484848484848
47474747474747474747474747
99999999999999999999999999
29292929292929292929292929
34343434343434343434343434
49494949494949494949494949
99999999999999999999999999
46464646464646464646464646
48484848484848484848484848
48484848484848484848484848
49494949494949494949494949
46464646464646464646464646
47474747474747474747474747
49494949494949494949494949
29292929292929292929292929
54545454545454545454545454
44444444444444444444444444
99999999999999999999999999
46464646464646464646464646
48484848484848484848484848
48484848484848484848484848
49494949494949494949494949
48484848484848484848484848
47474747474747474747474747
49494949494949494949494949
79797979797979797979797979
34343434343434343434343434
44444444444444242424242424
99999999999999999999999999
46464646464646464646464646
45454545454545454545454545
48484848484848484848484848
49494949494949494949494949
48484848484848484848484848
47474747474747474747474747
65656565656565656565656565
29292929292929292929292929
34343434343434343434343434
44444444444444444444444444
79797978787878787878787878
79797979797979797979797979
49494949494949494949494949
48484848484848484848484848
89898989898989898989898989
48484848484848484848484848
47474747474747474747474747
49494949494949494949494949
29292929292929292929292929
99999999999999999999999999
99999999999999999999999999
99999999999999999999999999
49494949494949494949494949
99999999999999999999999999
99999999999999999999999999
99999979797979797979797979
59595959595959595959595959
99999999999999999999999999
99999999999999999999999999
99999999999999999996969696
34343434343434343434343434
99999999999999999999999999
99999999999999999999999999
46464646464646464646464646
48484848484848484848484848
59595959595959595959595959
59595959595959595959595959
48484848484848484848484848
87878787878787878787878787
99999999999999999999999999
29292929292929292929292929
34343434343434343434343434
44444444444444444444444444
76767676767676767272727272
96969696969696969696969696
98989898989898989898989898
48484848484848484848484848
49494949494949494949494949
48484848484848484848484848
47474747474747474747474747
43434343434343434343434343
29292929292828282828282828
39393939393939393939393939
99999999999999999999999999
99999999999999999999999999
46464646464646464646464646
49494949494949494949494949
99999999999999999999999999
59595959595959595959595959
48484848484848484848484848
49494949494949494949494949
99999999999999999898989898
99999999999999999999999999
34343434343434343434343434
44444444444444444444444444
77777777777777777777777777
46464646464646464646464646
48484848484848484848484848
48484848484848484848484848
49494949494949494949494949
48484848484848484848484848
47474747474747474747474747
42424242424242424242424242
29292929292929292929292929
39393939393939393939393939
99999999999999999999999999
99999999999999999999999999
46464646464646262626262626
48484848484848484848484848
99999999999999999999999999
49494949494949494949494949
48484848484848484848484848
29292929292929292929292929
99999999999999999999999999
99999999999999999999999999
34343434343434343434343434
44444444444444444444444444
99999999999999999999999999
49494949494949494949494949
48484848484848484848484848
48484848484848484848484848
49494949494949494949494949
48484848484848484848484848
47474747474747474747473737
49494949494949494949494949
29292929292929292929292929
34343434343434343434343434
99999999999999999999999999
99999999999999999999999999
69696969696969696969696969
58585858585858585858585858
99999999999999999999999999
49494949494949494949494949
48484848484848484848484848
47474747474747474747474747
99999999999999999999999999
29292929292929292929292929
34343434343434343434343434
49494949494949494949494949
99999999999999999999999999
46464646464646464646464646
48484848484848484848484848
48484848484848484848484848
49494949494949494949494949
48484848484848484848484848
47474747474747474747474747
57575757575757575757575757
69696969696969696969696969
31313131313131313131313131
49494949494949494949494949
99999999999999999999999898
46464646464646464646464646
48484848484848484848484848
48484848484848484848484848
49494949494949494949494949
48484848484848484848484848
47474747474747474747474747
79797979797979797979797979
29292929292929292929292929
59595959595959585858585858
99999999999999999999999999
99999999999999999999999999
46464646464646464646464646
19191919191919191919191919
99999999999999999999999999
99999999999999999999999999
48484848484848484848484848
49494949494949494949494949
99999999999999999999999999
99999999999999999999999999
39393939393939393939393939
99999999999999999999999999
99999999999999999999999999
46464646464646464646464646
47474747474747474747474747
99999999999999999999999999
49494949494949494949494949
48484848484848484848484848
47474747474747474747474747
99999999999999696969696969
59595959595959595959595959
34343434343434343434343434
84848484848484848484848484
99999999999999999999999999
76767676767676767676767676
48484848484848484848484848
48484848484848484848484848
49494949494949494949494949
48484848484848484848484848
47474747474747474747474747
49494949494949494949494949
29292929292929292929292929
39393939393939393939393939
99999999999999999999999999
99999999999999999999999999
46464646464646464646464646
48484848484848484848484848
99999999999999999999999999
49494949494949494949494949
48484848484848484848484848
47474747474747474747474747
96969696969696969696969696
79797979797979797979797979
36363636363636363636363636
99999999999999999999999999
99999999999999999999898989
46464646464646464646464646
49494949444444444444444444
79797979797979797979797979
59595959595959595959595959
48484848484848484848484848
49494949494949494949494949
99999999999999999999999999
96969696969696969696969696
36363636363636363636363636
44444444444444444444444444
79797978787878787878787878
79797979797979797979797979
49494949494949494949494949
48484848484848484848484848
49494949494949494949494919
48484848484848484848484848
47474747474747474747474747
49494949494949494949494949
29292929292929292929292929
53535353535353535353535353
49494949494949494949494949
99999999999999999999999999
46464646464646464646464646
49494949494949494949494949
99999999999999999999999999
97979797979797979797979797
48484848484848484848484848
49494949494949494949494949
99999999999999999999999999
99999999999999999999999999
35353535353535353535353535
99999999999999999999999999
99999999999999999999999999
46464646464646464646464646
78787878787878787878787878
99999999999999999999999999
49494949494949494949494949
48484848484848484848484848
97979797979797979797979797
99999999999999999999999999
29292929292929292929292929
39393939393939393939393939
99999999999999999999999999
99999999999999999999999999
46464646464646464646464646
48484848484848484848484848
99999999999999999999999999
49494949494949494949494949
48484848484848484848484848
41414141414141414141414141
49494949494949494949494949
59595959595959595959595959
39393939393939393939393939
69696969696969696969696969
99999999999999999999999999
46464646464646464646464646
48484848484848484848484848
99999999999999999999999999
49494949494949494949494949
48484848484848484848484848
47474747474747474747474747
99999999999999999999999999
39393939393939393939393939
39393939393939393939393939
99999999999999999999999999
99999999999999999999999999
46464646464646464646464646
48484848484848484848484848
99999999999999999999999999
49494949494949494949494949
48484848484848484848484848
47474747474747474747474746
97979797979797979797979797
99999999999999999999999999
34343434343434343434343434
44444444444444444444444444
79797979797979797979797979
49494949494949494949494949
48484848484848484848484848
48484848484848484848484848
49494949494949494949494949
48484848484848484848484848
47474747474747474747474747
43434343434343434343434343
29292929292929292929292929
38383838383838383838383838
49494949494949494949494949
99999999999999999999999999
46464646464646464646464646
48484848484848484848484848
48484848484848484848484848
99999999999999999999999999
48484848484848484848484848
45454545454545454545454545
49494949494949494949494949
29292929292929292929292929
38383838383838383838383838
99999999999999999999999999
79797979797979797979797979
46464646464646464646464646
48484848484848484848484848
48484848484848484848484848
99999999999999999999999999
48484848484848484848484848
77777777777777777777777777
59595955555555555555555555
29292929292929292929292929
34343434343434343434343434
44444444444444444444444444
99999999999999999999999999
46464646464646464646464646
48484848484848484848484848
48484848484848484848484848
49494949494949494949494949
48484848484848484848484848
67676767676767676767676767
45454545454545454545454545
29292929292929292929292929
39393939393939393939393939
99999999999595959595959595
99999999999999999999999999
46464646464646464646464646
49494949494949494949494949
99999999999999999999999999
59595959595959595959595959
48484848484848484848484848
49494949494949494949494949
99999999989898989898989898
96969696969696969696969696
34343434343434343434343434
44444444444444444444444444
73737373737373737373737373
79797979797979797979797979
49494949494949494949494949
48484848484848484848484848
89898989898989898989898989
48484848484848484848484848
47474747474747474747474747
49494949494949494949494949
29292929292929292929292929
32323232323232323232323232
99999999999999999999999999
99999999999999999999999999
46464646464646464646464646
49494949494949494949494949
99999999999999999999999999
49494949494949494949494949
48484848484848484848484848
48484848484848484848484848
99999999999999999999999999
99999999999999999999999999
59595959594949494949494949
99999999999999999999999999
99999999999999999999999999
46464646464646464646464646
45454545454545454545454545
99999999999999999999999999
99999999999999999999999999
48484848484848484848484848
49494949494949494949494949
99999999999999999999999999
99999999999999999999999999
38383838383838383838383838
49494949494949494949494949
99999999999999999999999999
46464646464646464646464646
48484848484848484848484848
48484848484848484848484848
99999999999999999999999999
48484848484848484848484848
77777777777777777777777777
49494949494949494949494949
19191919191919191919191919
39393939393939393939393939
99999999999999999999999999
99999999999999999999999999
46464646464646464646464646
48484848484848484828282828
99999999999999999999999999
49494949494949494949494949
48484848484848484848484848
47474747474747474747474747
99999999999999999999999999
59595959595959595959595959
39393939393939393939393939
99999999999595959595959595
99999999999999999999999999
46464646464646464646464646
49494949494949494949494949
99999999999999999999999999
59595959595959595959595959
48484848484848484848484848
79797979797979797979797979
99999999999999999999999999
96969696969696969696969696
36363636363636363636363636
44444444444444444444444444
99999999999999999999959595
46464646464646464646464646
48484848484848484848484848
48484848484848484848484848
49494949494949494949494949
48484848484848484848484848
47474747474747474747474747
45454545454545454545454545
29292929292929292929292929
35353535353535353535353535
99999999999999999999999999
99999999999999999999999999
46464646464646464646464646
48484848484848484848484848
99999999999999999999999999
49494949494949494949494949
68686868686868686868686868
47474747474747474747474747
99999999999999999999999999
23232323232323232323232323
99999999999999999999999999
99999999999999999999999999
99999999999999999999999999
49494949494949494949494949
99999999999999999999999999
99999999999999999999999999
99999999999999999999999999
59595959595959595959595959
97979797979797979797979797
99999999999999999999999999
99999999999999999996969696
34343434343434343434343434
99999999999999999999999999
99999999999999999999999999
69696969696969696969696969
48484848484848484848484848
99999999999999999999999999
49494949494949494949494949
48484848484848484848484848
47474747474747474747474747
99999999999999999999999999
29292929292929292929292929
34343434343434343434343434
44444444444444444444444444
99999999999999999999999999
46464646464646464646464646
48484848484848484848484848
56565656565656565656565656
49494949494949494949494949
48484848484848484848484848
47474747474747474747474747
49494949494949494949494949
79797979797979797979797979
39393939393939393939393939
99999999999999999999999999
99999999999999999999999999
46464646464646464646464646
49494949494949494949494949
99999999999999999999999999
59595959595959595959595959
48484848484848484848484848
41414141414141414141414141
99999999999999999999999999
99999999999999999999999999
39393939393939393939393939
99999999998989898989898989
49494949494949494949494949
46464646464646464646464646
49494949494949494949494949
99999999999999999999999999
49494949494949494949494949
48484848484848484848484848
49494949494949494949494949
99999999999999999999999999
99999999999999999999999999
53535353535353535353535353
99999999999999999999999999
99999999999999999999999999
46464646464646464646464646
49494949494949494949494949
99999999999999999999999999
97979797979797979797979797
88888888888888888888888888
49494949494949494949494949
99999999999999999999999999
99999999999999999999999999
53535353535353535353535353
99999999999999999999999999
97979797979797979797979797
46464646464646464646464646
49494949494949494949494949
99999999999999999999999999
97979797979797979797979797
88888888888888888888888888
49494949494949494949494949
99999999999999999999999999
99999999999999999999999999
51515151515151515151515151
99999999999999999999999999
99999999999999999999999999
46464646464646464646464646
49494949494949494949494949
99999999999999999999999999
99999999999999999999999999
48484848484848484848484848
99999999999999999999999999
99999999999999999999999999
99995959595959595959595959
39393939393939393939393939
99999999999999999999999999
99999999999999999999999999
46464646464646464646464646
48484848484848484848484848
99999999999999999999999999
99999999999999999999999999
78787878787878787878787878
49494949494949494949494949
99999999999999999999999999
99999999999999999999999999
34343434343434343434343434
45454545454545454545151515
99999999999999999999999999
46464646464646464646464646
48484848484848484848484848
48484848484848484848484848
49494949494949494949494949
88888888888888888888888888
47474747474747474747474747
89898989898989898989898989
29292929292929292929292929
89898989898989898989898989
99999999999999999999999999
99999999999999999999999999
46464646464646464646464646
59595959595959595959595959
99999999999999999999999999
99999999999999999999999999
48484848484848484848484848
99999999999999999999999999
99999989898989898989898989
99999999999999999999999999
34343434343434343434343434
99999999999999999999999999
99999999999999999999999999
47474747474747474747474747
48484848484848484848484848
59595959595959595959595959
49494949494949494949494949
48484848484848484848484848
47474747474747474747474747
99999999999999999999999999
29292929292929292929292929
36363636363636363636363636
44444444444444444444444444
99999999999999999999959595
46464646464646464646464646
47474747474747474747474747
48484848484848484848484848
49494949494949494949494949
48484848484848484848484848
47474747474747474747474747
45454545454545454545454545
29292929292929292929292929
39393939393939393939393939
99999999999595989898989898
99999999999999999999999999
46464646464646464646464646
48484848484848484848484848
99999999999999999999999999
59595959595959595656565656
48484848484848484848484848
48484848484848484848484848
99999999999999999898989898
96969696969696969696969696
39393939393939393939393939
99999999999999999999999999
99999999999999999999999999
46464646464646464646464646
49494949494949494949494949
99999999999999999999999999
59595959595959595959595959
45454545454545454545454545
49494949494949494949494949
99999999999999999999999999
99999999999999999999999999
34343434342424242424242424
99999999999999999999999999
99999999999999999999999999
66666666666666666666666666
48484848484848484848484848
99999999999999999999999999
41414141414141414141414141
48484848484848484848484848
47474747474747474747474747
99999999999999999999995959
29292929292929292929292929
99999999999999999999999999
99999999999999999999999999
99999999999999999999999999
46464646464646464646464646
49494949494949494949494949
99999999999999999999999999
99999999999999999999999999
48484848484848484848484848
49494949494949494949494949
99999999999999999999696969
79797979797979797979797979
34343434343434343434343434
44444444444444444444444444
99999797979797979797979797
46464646464646464646464646
48484848484848484848484848
48484848484848484848484848
46464646464646464646464646
48484848484848484848484848
47474747474747474747474747
45454545454545454545454545
29292929292929292929292929
48484848484848484848484848
49494949494949494949494949
99999999999999999999999999
46464646464646464646464646
48484848484848484848484848
48484848484848484848484848
99999999999999999999999999
48484848484848484848484848
77777777777777777777777777
49494949494949494949494949
29292929292929292929292929
34343434343434343434343434
45454545454545454545151515
99999999999999999999999999
46464646464646464646464646
78787878787878787878787878
48484848484848484848484848
49494949494949494949494949
48484848484844444444444444
47474747474747474747474747
89898989898989898989898989
29292929292929292929292929
99999999999999999999999999
99999999999999999999999999
99999999999999999999999999
49494949494949494949494949
99999999999999999999999999
99999999494949494949494949
99999999999999999999999999
99999999999999999999999999
99999999999999999999999999
99999999999999999999999999
99999999999999999898989898
34343434343434343434343434
44444444444444444444444444
99999999999999999999999999
69696969696969696969696969
48484848484848484848484848
48484848484848484848484848
49494949494949494949494949
48484848484848484848484848
47474747474747474747473737
49494949494949494949494949
29292929292929292929292929
34343434343434343434343434
44444444444444444444444444
79797978787878787878787878
79797979797979797979797979
49494949494949494949494949
48484848484848484848484848
89898989898989898989898989
48484848484848484848484848
46464646464646464646464646
49494949494949494949494949
29292929292929292929292929
34343434343434343434343434
44444444444444444444444444
99999999999999999999999999
49494949494949494949494949
48484848484848484848484848
48484848484848484848484848
49494949494949494949494949
48484848484848484848484848
45454545454545454545454545
49494949494949494949494949
29292929292929292929292929
38383838383838383838383838
49494949494949494949494949
99999999999999999999999999
46464646464646464646464646
48484848484848484848484848
48484848484848484848484848
99999999999999999999999999
48484848484848484848484848
47474747474747474747474747
79797979797979797979797979
29292929292929292929292929
44444444444444444444444444
99999999999999999999999999
99999999999999999999999999
46464646464646464646464646
48484848484848484848484848
47474747474747474747474747
49494949494949494949494949
48484848484848484848484848
47474747474747474747474747
99999999999999999999999999
29292929292929292929292929
35353535353535353535353535
44444444444444444444444444
76767676767676767676767676
46464646464646464646464646
48484848484848484848484848
48484848484848484848484848
49494949494949494949491919
48484848484848484848484848
47474747474747474747474747
43434343434343434343434343
29292929292929292929292929
38383838383838383838383838
49494949494949494949494949
79797979797979797979797979
46464646464646464646464646
48484848484848484848484848
49494949494949494949494949
99999999999999999999999999
48484848484848484848484848
77777777777777777777777777
49494949494949494949494949
29292929292929292929292929
39393939393939393939393939
99999999999999999999999999
99999999999999999999999999
49494949494949494949494949
48484848484848484848484848
99999999999999999999999999
49494949494949494949494949
48484848484848484848484848
47474747474747474747474747
99999999999999999999999999
56565656565656565656565656
