3361650339
10 8 50
9999999999999999
9999999999999999
9999999999999999
9999999999999999
9999999999999999
9999999999999999
9999999999999999
9999999999999999
9999999999999999
9999999999999999
9999999999999999
9999999999999999
5555555555555555
9999999999999999
9999999999999999
9999999999999999
9999999999999999
9999999999999999
9999999999999999
9999999999999999
9999999999999999
9999999999999999
3333333333333333
9999999999999999
9999999999999999
9999999999999999
9999999999999999
9999999999999999
9999999999999999
9999999999999999
9999999999999999
9999999999999999
2222222222222222
9999999999999999
9999999999999999
9999999999999999
9999999999999999
9999999999999999
9999999999999999
9999999999999999
9999999999999999
5555555555555555
3333333333333333
9999999999999999
9999999999999999
9999999999999999
9999999999999999
9999999999999999
9999999999999999
9999999999999999
9999999999999999
3333333333333333
3333333333333333
9999999999999999
9999999999999999
9999999999999999
9999999999999999
9999999999999999
9999999999999999
9999999999999999
9999999999999999
2222222222222222
3333333333333333
9999999999999999
9999999999999999
9999999999999999
9999999999999999
9999999999999999
9999999999999999
9999999999999999
9999999999999999
3333333333333333
3333333333333333
9999999999999999
9999999999999999
5555555555555555
9999999999999999
9999999999999999
9999999999999999
9999999999999999
9999999999999999
3333333333333333
3333333333333333
9999999999999999
9999999999999999
7777777777777777
9999999999999999
9999999999999999
9999999999999999
9999999999999999
9999999999999999
3333333333333333
3333333333333333
9999999999999999
9999999999999999
6666666666666666
9999999999999999
9999999999999999
9999999999999999
9999999999999999
9999999999999999
3333333333333333
3333333333333333
9999999999999999
5555555555555555
7777777777777777
9999999999999999
9999999999999999
9999999999999999
9999999999999999
9999999999999999
3333333333333333
3333333333333333
9999999999999999
3333333333333333
7777777777777777
9999999999999999
9999999999999999
9999999999999999
9999999999999999
9999999999999999
3333333333333333
3333333333333333
9999999999999999
4444444444444444
7777777777777777
9999999999999999
9999999999999999
9999999999999999
9999999999999999
9999999999999999
3333333333333333
3333333333333333
9999999999999999
5555555555555555
7777777777777777
5555555555555555
9999999999999999
9999999999999999
9999999999999999
9999999999999999
3333333333333333
3333333333333333
9999999999999999
5555555555555555
7777777777777777
7777777777777777
9999999999999999
9999999999999999
9999999999999999
9999999999999999
3333333333333333
3333333333333333
9999999999999999
5555555555555555
7777777777777777
6666666666666666
9999999999999999
9999999999999999
9999999999999999
9999999999999999
3333333333333333
3333333333333333
9999999999999999
5555555555555555
7777777777777777
7777777777777777
5555555555555555
9999999999999999
9999999999999999
9999999999999999
3333333333333333
3333333333333333
9999999999999999
5555555555555555
7777777777777777
7777777777777777
3333333333333333
9999999999999999
9999999999999999
9999999999999999
3333333333333333
3333333333333333
9999999999999999
5555555555555555
7777777777777777
7777777777777777
4444444444444444
9999999999999999
9999999999999999
9999999999999999
3333333333333333
3333333333333333
9999999999999999
5555555555555555
7777777777777777
7777777777777777
4444444444444444
4444444444444444
9999999999999999
9999999999999999
3333333333333333
3333333333333333
9999999999999999
5555555555555555
7777777777777777
7777777777777777
4444444444444444
2222222222222222
9999999999999999
9999999999999999
3333333333333333
3333333333333333
9999999999999999
5555555555555555
7777777777777777
7777777777777777
4444444444444444
3333333333333333
9999999999999999
9999999999999999
3333333333333333
3333333333333333
9999999999999999
5555555555555555
7777777777777777
7777777777777777
4444444444444444
3333333333333333
5555555555555555
9999999999999999
3333333333333333
3333333333333333
9999999999999999
5555555555555555
7777777777777777
7777777777777777
4444444444444444
3333333333333333
3333333333333333
9999999999999999
3333333333333333
3333333333333333
9999999999999999
5555555555555555
7777777777777777
7777777777777777
4444444444444444
3333333333333333
2222222222222222
5555555555555555
3333333333333333
3333333333333333
9999999999999999
5555555555555555
7777777777777777
7777777777777777
4444444444444444
3333333333333333
3333333333333333
3333333333333333
3333333333333333
3333333333333333
9999999999999999
5555555555555555
7777777777777777
7777777777777777
4444444444444444
3333333333333333
3333333333333333
4444444444444444
3333333333333333
3333333333333333
9999999999999999
5555555555555555
7777777777777777
7777777777777777
4444444444444444
3333333333333333
3333333333333333
4444444444444444
3333333333333333
3333333333333333
5555555555555555
5555555555555555
7777777777777777
7777777777777777
4444444444444444
3333333333333333
3333333333333333
4444444444444444
3333333333333333
3333333333333333
7777777777777777
5555555555555555
7777777777777777
7777777777777777
4444444444444444
3333333333333333
3333333333333333
4444444444444444
3333333333333333
3333333333333333
6666666666666666
5555555555555555
7777777777777777
7777777777777777
4444444444444444
3333333333333333
3333333333333333
4444444444444444
3333333333333333
3333333333333333
7777777777777777
5555555555555555
7777777717171717
7717171717171717
4444444444444444
3333333333333333
3333333333333333
4444444444444444
3333333333333333
3333333333333333
7777777777777777
5555555555555555
6767676767676767
7777777777777777
4444444444444444
3333333333333333
3333333333333333
4444444444444444
3333333333333333
3333333333333333
7777777777777777
5555555555555555
7676767676767676
7777777777777777
4444444444444444
3333333333333333
3333333333333333
4444444444444444
3333333333333333
3333333333333333
7777777777777777
5555555555555555
7676767676767676
6767676767676767
4444444444444444
3333333333333333
3333333333333333
4444444444444444
3333333333333333
3333333333333333
7777777777777777
5555555555555555
7676767676767676
7676767676767676
4444444444444444
3333333333333333
3333333333333333
4444444444444444
3333333333333333
3333333333333333
7777777777777777
4545454545454545
7676767676767676
7777777777777777
4444444444444444
3333333333333333
3333333333333333
4444444444444444
3333333333333333
4343434343434343
6767676767676767
4545454545454545
7676767676767676
7777777777777777
4444444444444444
3333333333333333
3333333333333333
4444444444444444
3333333333333333
4343434343434343
7676767676767676
4545454545454545
7676767676767676
7777777777777777
4444444444444444
3333333333333333
3333333333333333
4444444444444444
3333333333333333
4343434343434343
7777777777777777
4545454545454545
7676767676767676
7777777777777777
3434343434343434
3333333333333333
3333333333333333
4444444444444444
3333333333333333
4343434343434343
7777777777777777
4545454545454545
7676767676767676
7777777777777777
4343434343434343
3333333333333333
3333333333333333
4444444444444444
2323232323232323
4343434343434343
7777777777777777
4545454545454545
7676767676767676
7777777777777777
4444444444444444
3333333333333333
3333333333333333
4444444444444444
3232323232323232
4343434343434343
7777777777777777
4545454545454545
7676767676767676
7777777777777777
4444444444444444
3333333333333333
3333333333333333
4444444444444444
3333333333333333
3333333333333333
7777777777777777
4545454545454545
7676767676767676
7777777777777777
4444444444444444
3333333333333333
3333333333333333
3434343434343434
3333333333333333
4343434343434343
7777777777777777
4545454545454545
7676767676767676
7777777777777777
4444444444444444
3333333333333333
3333333333333333
4343434343434343
3333333333333333
4343434343434343
7777777777777777
4545454545454545
7676767676767676
7777777777777777
4444444444444444
3333333333333333
3333333333333333
4444444444444444
3333333333333333
4343434343434343
7777777777777777
4545454545454545
7676767676767676
7777777777777777
4444444444444444
2323232323232323
3333333333333333
4444444444444444
3333333333333333
4343434343434343
7777777777777777
4545454545454545
7676767676767676
7777777777777777
4444444444444444
3232323232323232
3333333333333333
4444444444444444
3333333333333333
4343434343434343
7777777777777777
4545454545454545
7676767676767676
7777777777777777
4444444444444444
3333333333333333
2323232323232323
4444444444444444
3333333333333333
4343434343434343
7777777777777777
4545454545454545
7676767676767676
7777777777777777
4444444444444444
3333333333333333
3232323232323232
