2900525922
14 15 100
999999999999999999999999999999
999999999999999999999999999999
999999999999999999999999999999
999999999999999999999999999999
999999999999999999999999999999
999999999999999999999999999999
999999999999999999999999999999
999999999999999999999999999999
999999999999999999999999999999
999999999999999999999999999999
999999999999999999999999999999
999999999999999999999999999999
999999999999999999999999999999
999999999999999999999999999999
999999999999999999999999999999
999999999999999999999999999999
999999999999999999999999999999
999999999999999999999999999999
999999999999999999999999999999
999999999999999999999999999999
999999999999999999999999999999
999999999999999999999999999999
999999999999999999999999999999
999999999999999999999999999999
999999999999999999999999999999
999999999999999999999999999999
999999999999999999999999999999
555555555555555555555555555555
999999999999999999999999999999
999999999999999999999999999999
999999999999999999999999999999
999999999999999999999999999999
999999999999999999999999999999
999999999999999999999999999999
999999999999999999999999999999
999999999999999999999999999999
999999999999999999999999999999
999999999999999999999999999999
999999999999999999999999999999
999999999999999999999999999999
999999999999999999999999999999
777777777777777777777777777777
999999999999999999999999999999
999999999999999999999999999999
999999999999999999999999999999
999999999999999999999999999999
999999999999999999999999999999
999999999999999999999999999999
999999999999999999999999999999
999999999999999999999999999999
999999999999999999999999999999
999999999999999999999999999999
999999999999999999999999999999
999999999999999999999999999999
999999999999999999999999999999
666666666666666666666666666666
999999999999999999999999999999
999999999999999999999999999999
999999999999999999999999999999
999999999999999999999999999999
999999999999999999999999999999
999999999999999999999999999999
999999999999999999999999999999
999999999999999999999999999999
999999999999999999999999999999
999999999999999999999999999999
999999999999999999999999999999
555555555555555555555555555555
999999999999999999999999999999
666666666666666666666666666666
999999999999999999999999999999
999999999999999999999999999999
999999999999999999999999999999
999999999999999999999999999999
999999999999999999999999999999
999999999999999999999999999999
999999999999999999999999999999
999999999999999999999999999999
999999999999999999999999999999
999999999999999999999999999999
999999999999999999999999999999
333333333333333333333333333333
999999999999999999999999999999
666666666666666666666666666666
999999999999999999999999999999
999999999999999999999999999999
999999999999999999999999999999
999999999999999999999999999999
999999999999999999999999999999
999999999999999999999999999999
999999999999999999999999999999
999999999999999999999999999999
999999999999999999999999999999
999999999999999999999999999999
999999999999999999999999999999
444444444444444444444444444444
999999999999999999999999999999
666666666666666666666666666666
999999999999999999999999999999
999999999999999999999999999999
999999999999999999999999999999
999999999999999999999999999999
999999999999999999999999999999
555555555555555555555555555555
999999999999999999999999999999
999999999999999999999999999999
999999999999999999999999999999
999999999999999999999999999999
999999999999999999999999999999
555555555555555555555555555555
999999999999999999999999999999
666666666666666666666666666666
999999999999999999999999999999
999999999999999999999999999999
999999999999999999999999999999
999999999999999999999999999999
999999999999999999999999999999
777777777777777777777777777777
999999999999999999999999999999
999999999999999999999999999999
999999999999999999999999999999
999999999999999999999999999999
999999999999999999999999999999
555555555555555555555555555555
999999999999999999999999999999
666666666666666666666666666666
999999999999999999999999999999
999999999999999999999999999999
999999999999999999999999999999
999999999999999999999999999999
999999999999999999999999999999
666666666666666666666666666666
999999999999999999999999999999
999999999999999999999999999999
999999999999999999999999999999
999999999999999999999999999999
999999999999999999999999999999
555555555555555555555555555555
999999999999999999999999999999
666666666666666666666666666666
999999999999999999999999999999
999999999999999999999999999999
555555555555555555555555555555
999999999999999999999999999999
999999999999999999999999999999
666666666666666666666666666666
999999999999999999999999999999
999999999999999999999999999999
999999999999999999999999999999
999999999999999999999999999999
999999999999999999999999999999
555555555555555555555555555555
999999999999999999999999999999
666666666666666666666666666666
999999999999999999999999999999
999999999999999999999999999999
333333333333333333333333333333
999999999999999999999999999999
999999999999999999999999999999
666666666666666666666666666666
999999999999999999999999999999
999999999999999999999999999999
999999999999999999999999999999
999999999999999999999999999999
999999999999999999999999999999
555555555555555555555555555555
999999999999999999999999999999
666666666666666666666666666666
999999999999999999999999999999
999999999999999999999999999999
222222222222222222222222222222
999999999999999999999999999999
999999999999999999999999999999
666666666666666666666666666666
999999999999999999999999999999
999999999999999999999999999999
999999999999999999999999999999
999999999999999999999999999999
999999999999999999999999999999
555555555555555555555555555555
999999999999999999999999999999
666666666666666666666666666666
999999999999999999999999999999
999999999999999999999999999999
333333333333333333333333333333
999999999999999999999999999999
555555555555555555555555555555
666666666666666666666666666666
999999999999999999999999999999
999999999999999999999999999999
999999999999999999999999999999
999999999999999999999999999999
999999999999999999999999999999
555555555555555555555555555555
999999999999999999999999999999
666666666666666666666666666666
999999999999999999999999999999
999999999999999999999999999999
333333333333333333333333333333
999999999999999999999999999999
777777777777777777777777777777
666666666666666666666666666666
999999999999999999999999999999
999999999999999999999999999999
999999999999999999999999999999
999999999999999999999999999999
999999999999999999999999999999
555555555555555555555555555555
999999999999999999999999999999
666666666666666666666666666666
999999999999999999999999999999
999999999999999999999999999999
333333333333333333333333333333
999999999999999999999999999999
666666666666666666666666666666
666666666666666666666666666666
999999999999999999999999999999
999999999999999999999999999999
999999999999999999999999999999
999999999999999999999999999999
999999999999999999999999999999
555555555555555555555555555555
999999999999999999999999999999
666666666666666666666666666666
999999999999999999999999999999
999999999999999999999999999999
333333333333333333333333333333
555555555555555555555555555555
666666666666666666666666666666
666666666666666666666666666666
999999999999999999999999999999
999999999999999999999999999999
999999999999999999999999999999
999999999999999999999999999999
999999999999999999999999999999
555555555555555555555555555555
999999999999999999999999999999
666666666666666666666666666666
999999999999999999999999999999
999999999999999999999999999999
333333333333333333333333333333
777777777777777777777777777777
666666666666666666666666666666
666666666666666666666666666666
999999999999999999999999999999
999999999999999999999999999999
999999999999999999999999999999
999999999999999999999999999999
999999999999999999999999999999
555555555555555555555555555555
999999999999999999999999999999
666666666666666666666666666666
999999999999999999999999999999
999999999999999999999999999999
333333333333333333333333333333
666666666666666666666666666666
666666666666666666666666666666
666666666666666666666666666666
999999999999999999999999999999
999999999999999999999999999999
999999999999999999999999999999
999999999999999999999999999999
999999999999999999999999999999
555555555555555555555555555555
999999999999999999999999999999
666666666666666666666666666666
999999999999999999999999999999
999999999999999999999999999999
333333333333333333333333333333
666666666666666666666666666666
666666666666666666666666666666
666666666666666666666666666666
999999999999999999999999999999
999999999999999999999999999999
999999999999999999999999999999
999999999999999999999999999999
999999999999999999999999999999
555555555555555555555555555555
555555555555555555555555555555
666666666666666666666666666666
999999999999999999999999999999
999999999999999999999999999999
333333333333333333333333333333
666666666666666666666666666666
666666666666666666666666666666
666666666666666666666666666666
999999999999999999999999999999
999999999999999999999999999999
999999999999999999999999999999
999999999999999999999999999999
999999999999999999999999999999
555555555555555555555555555555
333333333333333333333333333333
666666666666666666666666666666
999999999999999999999999999999
999999999999999999999999999999
333333333333333333333333333333
666666666666666666666666666666
666666666666666666666666666666
666666666666666666666666666666
999999999999999999999999999999
999999999999999999999999999999
999999999999999999999999999999
999999999999999999999999999999
999999999999999999999999999999
555555555555555555555555555555
444444444444444444444444444444
666666666666666666666666666666
999999999999999999999999999999
999999999999999999999999999999
333333333333333333333333333333
666666666666666666666666666666
666666666666666666666666666666
666666666666666666666666666666
999999999999999999999999999999
999999999999999999999999999999
555555555555555555555555555555
999999999999999999999999999999
999999999999999999999999999999
555555555555555555555555555555
555555555555555555555555555555
666666666666666666666666666666
999999999999999999999999999999
999999999999999999999999999999
333333333333333333333333333333
666666666666666666666666666666
666666666666666666666666666666
666666666666666666666666666666
999999999999999999999999999999
999999999999999999999999999999
777777777777777777777777777777
999999999999999999999999999999
999999999999999999999999999999
555555555555555555555555555555
555555555555555555555555555555
666666666666666666666666666666
999999999999999999999999999999
999999999999999999999999999999
333333333333333333333333333333
666666666666666666666666666666
666666666666666666666666666666
666666666666666666666666666666
999999999999999999999999999999
999999999999999999999999999999
666666666666666666666666666666
999999999999999999999999999999
999999999999999999999999999999
555555555555555555555555555555
555555555555555555555555555555
666666666666666666666666666666
999999999999999999999999999999
999999999999999999999999999999
333333333333333333333333333333
666666666666666666666666666666
666666666666666666666666666666
666666666666666666666666666666
999999999999999999999999999999
999999999999999999999999999999
777777777777777777777777777777
999999999999999999999999999999
555555555555555555555555555555
555555555555555555555555555555
555555555555555555555555555555
666666666666666666666666666666
999999999999999999999999999999
999999999999999999999999999999
333333333333333333333333333333
666666666666666666666666666666
666666666666666666666666666666
666666666666666666666666666666
999999999999999999999999999999
999999999999999999999999999999
777777777777777777777777777777
999999999999999999999999999999
333333333333333333333333333333
555555555555555555555555555555
555555555555555555555555555555
666666666666666666666666666666
999999999999999999999999999999
999999999999999999999999999999
333333333333333333333333333333
666666666666666666666666666666
666666666666666666666666666666
666666666666666666666666666666
999999999999999999999999999999
999999999999999999999999999999
777777777777777777777777777777
999999999999999999999999999999
444444444444444444444444444444
555555555555555555555555555555
555555555555555555555555555555
666666666666666666666666666666
999999999999999999999999999999
555555555555555555555555555555
333333333333333333333333333333
666666666666666666666666666666
666666666666666666666666666666
666666666666666666666666666666
999999999999999999999999999999
999999999999999999999999999999
777777777777777777777777777777
999999999999999999999999999999
555555555555555555555555555555
555555555555555555555555555555
555555555555555555555555555555
666666666666666666666666666666
999999999999999999999999999999
333333333333333333333333333333
333333333333333333333333333333
666666666666666666666666666666
666666666666666666666666666666
666666666666666666666666666666
999999999999999999999999999999
999999999999999999999999999999
777777777777777777777777777777
999999999999999999999999999999
555555555555555555555555555555
555555555555555555555555555555
555555555555555555555555555555
666666666666666666666666666666
999999999999999999999999999999
222222222222222222222222222222
333333333333333333333333333333
666666666666666666666666666666
666666666666666666666666666666
666666666666666666666666666666
999999999999999999999999999999
999999999999999999999999999999
777777777777777777777777777777
999999999999999999999999999999
555555555555555555555555555555
555555555555555555555555555555
555555555555555555555555555555
666666666666666666666666666666
999999999999999999999999999999
333333333333333333333333333333
333333333333333333333333333333
666666666666666666666666666666
666666666666666666666666666666
666666666666666666666666666666
555555555555555555555555555555
999999999999999999999999999999
777777777777777777777777777777
999999999999999999999999999999
555555555555555555555555555555
555555555555555555555555555555
555555555555555555555555555555
666666666666666666666666666666
999999999999999999999999999999
333333333333333333333333333333
333333333333333333333333333333
666666666666666666666666666666
666666666666666666666666666666
666666666666666666666666666666
777777777777777777777777777777
999999999999999999999999999999
777777777777777777777777777777
999999999999999999999999999999
555555555555555555555555555555
555555555555555555555555555555
555555555555555555555555555555
666666666666666666666666666666
999999999999999999999999999999
333333333333333333333333333333
333333333333333333333333333333
666666666666666666666666666666
666666666666666666666666666666
666666666666666666666666666666
666666666666666666666666666666
999999999999999999999999999999
777777777777777777777777777777
999999999999999999999999999999
555555555555555555555555555555
555555555555555555555555555555
555555555555555555555555555555
666666666666666666666666666666
999999999999999999999999999999
333333333333333333333333333333
333333333333333333333333333333
666666666666666666666666666666
666666666666666666666666666666
666666666666666666666666666666
666666666666666666666666666666
555555555555555555555555555555
777777777777777777777777777777
999999999999999999999999999999
555555555555555555555555555555
555555555555555555555555555555
555555555555555555555555555555
666666666666666666666666666666
999999999999999999999999999999
333333333333333333333333333333
333333333333333333333333333333
666666666666666666666666666666
666666666666666666666666666666
666666666666666666666666666666
666666666666666666666666666666
333333333333333333333333333333
777777777777777777777777777777
999999999999999999999999999999
555555555555555555555555555555
555555555555555555555555555555
555555555555555555555555555555
666666666666666666666666666666
999999999999999999999999999999
333333333333333333333333333333
333333333333333333333333333333
666666666666666666666666666666
666666666666666666666666666666
666666666666666666666666666666
666666666666666666666666666666
444444444444444444444444444444
777777777777777777777777777777
999999999999999999999999999999
555555555555555555555555555555
555555555555555555555555555555
555555555555555555555555555555
666666666666666666666666666666
222222222222222222222222222222
333333333333333333333333333333
333333333333333333333333333333
666666666666666666666666666666
666666666666666666666666666666
666666666666666666666666666666
666666666666666666666666666666
555555555555555555555555555555
777777777777777777777777777777
999999999999999999999999999999
555555555555555555555555555555
555555555555555555555555555555
555555555555555555555555555555
666666666666666666666666666666
111111111111111111111111111111
333333333333333333333333333333
333333333333333333333333333333
666666666666666666666666666666
666666666666666666666666666666
666666666666666666666666666666
666666666666666666666666666666
555555555555555555555555555555
777777777777777777777777777777
999999999999999999999999999999
555555555555555555555555555555
555555555555555555555555555555
555555555555555555555555555555
666666666666666666666666666666
111111111111111111111111111111
333333333333333333333333333333
333333333333333333333333333333
666666666666666666666666666666
666666666666666666666666666666
666666666666666666666666666666
666666666666666666666666666666
555555555555555555555555555555
777777777777777777777777777777
555555555555555555555555555555
555555555555555555555555555555
555555555555555555555555555555
555555555555555555555555555555
666666666666666666666666666666
111111111111111111111111111111
333333333333333333333333333333
333333333333333333333333333333
666666666666666666666666666666
666666666666666666666666666666
666666666666666666666666666666
666666666666666666666666666666
555555555555555555555555555555
777777777777777777777777777777
333333333333333333333333333333
555555555555555555555555555555
555555555555555555555555555555
555555555555555555555555555555
666666666666666666666666666666
111111111111111111111111111111
333333333333333333333333333333
333333333333333333333333333333
666666666666666666666666666666
666666666666666666666666666666
666666666666666666666666666666
666666666666666666666666666666
555555555555555555555555555555
777777777777777777777777777777
444444444444444444444444444444
555555555555555555555555555555
555555555555555555555555555555
555555555555555555555555555555
666666666666666666666666666666
111111111111111111111111111111
333333333333333333333333333333
333333333333333333333333333333
666666666616161616161616161616
666666661616161616161616161616
666666666666666666661616161616
666666666666666666666666666666
555555555555555555555555555555
777777777777777777777777777777
555555555555555555555555555555
555555555555555555555555555555
555555555555555555555555555555
555555555555555555555555555555
666666666666666666666666661616
111111111111111111111111111111
333333333333333333333333333333
333333333333333333333333333333
666666666666666666666666666666
666666666666666666666666666666
666666666666666666666666666666
666666666666666666666666666666
555555555555555555555555555555
777777777777777777777777777777
555555555555555555555555555555
555555555555555555555555555555
555555555555555555555555555555
555555555555555555555555555555
565656565656565656565656565656
111111111111111111111111111111
333333333333333333333333333333
333333333333333333333333333333
666666666666666666666666666666
666666666666666666666666666666
565656565656565656565656565656
666666666666666666666666666666
555555555555555555555555555555
777777777777777777777777777777
555555555555555555555555555555
555555555555555555555555555555
555555555555555555555555555555
555555555555555555555555555555
565656565656565656565656565656
111111111111111111111111111111
333333333333333333333333333333
333333333333333333333333333333
666666666666666666666666666666
666666666666666666666666666666
656565656565656565656565656565
666666666666666666666666666666
555555555555555555555555555555
777777777777777777777777777777
555555555555555555555555555555
555555555555555555555555555555
555555555555555555555555555555
555555555555555555555555555555
565656565656565656565656565656
111111111111111111111111111111
333333333333333333333333333333
333333333333333333333333333333
565656565656565656565656565656
666666666666666666666666666666
656565656565656565656565656565
666666666666666666666666666666
555555555555555555555555555555
777777777777777777777777777777
555555555555555555555555555555
555555555555555555555555555555
555555555555555555555555555555
555555555555555555555555555555
565656565656565656565656565656
111111111111111111111111111111
333333333333333333333333333333
333333333333333333333333333333
656565656565656565656565656565
666666666666666666666666666666
656565656565656565656565656565
666666666666666666666666666666
555555555555555555555555555555
777777777777777777777777777777
555555555555555555555555555555
555555555555555555555555555555
555555555555555555555555555555
555555555555555555555555555555
565656565656565656565656565656
111111111111111111111111111111
333333333333333333333333333333
333333333333333333333333333333
666666666666666666666666666666
666666666666666666666666666666
656565656565656565656565656565
666666666666666666666666666666
555555555555555555555555555555
777777777777777777777777777777
555555555555555555555555555555
555555555555555555555555555555
454545454545454545454545454545
555555555555555555555555555555
565656565656565656565656565656
111111111111111111111111111111
333333333333333333333333333333
333333333333333333333333333333
666666666666666666666666666666
666666666666666666666666666666
656565656565656565656565656565
666666666666666666666666666666
555555555555555555555555555555
777777777777777777777777777777
555555555555555555555555555555
555555555555555555555555555555
545454545454545454545454545454
555555555555555555555555555555
565656565656565656565656565656
111111111111111111111111111111
333333333333333333333333333333
333333333333333333333333333333
666666666666666666666666666666
565656565656565656565656565656
656565656565656565656565656565
666666666666666666666666666666
555555555555555555555555555555
777777777777777777777777777777
555555555555555555555555555555
555555555555555555555555555555
555555555555555555555555555555
555555555555555555555555555555
565656565656565656565656565656
111111111111111111111111111111
333333333333333333333333333333
333333333333333333333333333333
666666666666666666666666666666
656565656565656565656565656565
656565656565656565656565656565
666666666666666666666666666666
555555555555555555555555555555
777777777777777777777777777777
555555555555555555555555555555
555555555555555555555555555555
555555555555555555555555555555
555555555555555555555555555555
565656565656565656565656565656
111111111111111111111111111111
333333333333333333333333333333
333333333333333333333333333333
666666666666666666666666666666
656565656565656565656565656565
656565656565656565656565656565
666666666666666666666666666666
555555555555555555555555555555
676767676767676767676767676767
555555555555555555555555555555
555555555555555555555555555555
555555555555555555555555555555
555555555555555555555555555555
565656565656565656565656565656
111111111111111111111111111111
333333333333333333333333333333
333333333333333333333333333333
666666666666666666666666666666
656565656565656565656565656565
656565656565656565656565656565
666666666666666666666666666666
555555555555555555555555555555
767676767676767676767676767676
555555555555555555555555555555
555555555555555555555555555555
555555555555555555555555555555
555555555555555555555555555555
565656565656565656565656565656
111111111111111111111111111111
333333333333333333333333333333
333333333333333333333333333333
666666666666666666666666666666
656565656565656565656565656565
656565656565656565656565656565
666666666666666666666666666666
555555555555555555555555555555
767676767676767676767676767676
555555555555555555555555555555
454545454545454545454545454545
555555555555555555555555555555
555555555555555555555555555555
565656565656565656565656565656
111111111111111111111111111111
333333333333333333333333333333
333333333333333333333333333333
666666666666666666666666666666
656565656565656565656565656565
656565656565656565656565656565
666666666666666666666666666666
555555555555555555555555555555
767676767676767676767676767676
555555555555555555555555555555
545454545454545454545454545454
555555555555555555555555555555
555555555555555555555555555555
565656565656565656565656565656
111111111111111111111111111111
333333333333333333333333333333
333333333333333333333333333333
666666666666666666666666666666
656565656565656565656565656565
656565656565656565656565656565
666666666666666666666666666666
555555555555555555555555555555
767676767676767676767676767676
555555555555555555555555555555
555555555555555555555555555555
555555555555555555555555555555
454545454545454545454545454545
565656565656565656565656565656
111111111111111111111111111111
333333333333333333333333333333
333333333333333333333333333333
666666666666666666666666666666
656565656565656565656565656565
656565656565656565656565656565
666666666666666666666666666666
555555555555555555555555555555
767676767676767676767676767676
555555555555555555555555555555
555555555555555555555555555555
555555555555555555555555555555
545454545454545454545454545454
565656565656565656565656565656
111111111111111111111111111111
333333333333333333333333333333
333333333333333333333333333333
666666666666666666666666666666
656565656565656565656565656565
656565656565656565656565656565
565656565656565656565656565656
555555555555555555555555555555
767676767676767676767676767676
555555555555555555555555555555
555555555555555555555555555555
555555555555555555555555555555
545454545454545454545454545454
565656565656565656565656565656
111111111111111111111111111111
333333333333333333333333333333
333333333333333333333333333333
666666666666666666666666666666
656565656565656565656565656565
656565656565656565656565656565
565656565656565656565656565656
454545454545454545454545454545
565656565656565656565656565656
555555555555555555555555555555
555555555555555555555555555555
555555555555555555555555555555
545454545454545454545454545454
565656565656565656565656565656
111111111111111111111111111111
333333333333333333333333333333
333333333333333333333333333333
666666666666666666666666666666
656565656565656565656565656565
656565656565656565656565656565
565656565656565656565656565656
545454545454545454545454545454
565656565656565656565656565656
555555555555555555555555555555
555555555555555555555555555555
555555555555555555555555555555
545454545454545454545454545454
565656565656565656565656565656
111111111111111111111111111111
333333333333333333333333333333
232323232323232323232323232323
666666666666666666666666666666
656565656565656565656565656565
656565656565656565656565656565
565656565656565656565656565656
555555555555555555555555555555
565656565656565656565656565656
555555555555555555555555555555
555555555555555555555555555555
555555555555555555555555555555
545454545454545454545454545454
565656565656565656565656565656
111111111111111111111111111111
333333333333333333333333333333
323232323232323232323232323232
666666666666666666666666666666
656565656565656565656565656565
656565656565656565656565656565
565656565656565656565656565656
555555555555555555555555555555
565656565656565656565656565656
555555555555555555555555555555
555555555555555555555555555555
555555555555555555555555555555
545454545454545454545454545454
565656565656565656565656565656
111111111111111111111111111111
333333333333333333333333333333
333333333333333333333333333333
666666666666666666666666666666
656565656565656565656565656565
656565656565656565656565656565
565656565656565656565656565656
555555555555555555555555555555
565656565656565656565656565656
454545454545454545454545454545
555555555555555555555555555555
555555555555555555555555555555
545454545454545454545454545454
565656565656565656565656565656
111111111111111111111111111111
333333333333333333333333333333
333333333333333333333333333333
666666666666666666666666666666
656565656565656565656565656565
656565656565656565656565656565
565656565656565656565656565656
555555555555555555555555555555
565656565656565656565656565656
545454545454545454545454545454
555555555555555555555555555555
555555555555555555555555555555
545454545454545454545454545454
565656565656565656565656565656
111111111111111111111111111111
232323232323232323232323232323
333333333333333333333333333333
666666666666666666666666666666
656565656565656565656565656565
656565656565656565656565656565
565656565656565656565656565656
555555555555555555555555555555
565656565656565656565656565656
555555555555555555555555555555
555555555555555555555555555555
555555555555555555555555555555
545454545454545454545454545454
565656565656565656565656565656
111111111111111111111111111111
323232323232323232323232323232
333333333333333333333333333333
666666666666666666666666666666
656565656565656565656565656565
656565656565656565656565656565
565656565656565656565656565656
555555555555555555555555555555
565656565656565656565656565656
555555555555555555555555555555
555555555555555555555555555555
555555555555555555555555555555
545454545454545454545454545454
565656565656565656565656565656
111111111111111111111111111111
333333333333333333333333333333
333333333333333333333333333333
666666666666666666666666666666
656565656565656565656565656565
656565656565656565656565656565
565656565656565656565656565656
555555555555555555555555555555
565656565656565656565656565656
555555555555555555555555555555
555555555555555555555555555555
555555555555555555555555555555
545454545454545454545454545454
565656565656565656565656565656
111111111111111111111111111111
333333333333333333333333333333
333333333333333333333333333333
666666666666666666666666666666
656565656565656565656565656565
656565656565656565656565656565
565656565656565656565656565656
555555555555555555555555555555
565656565656565656565656565656
555555555555555555555555555555
555555555555555555555555555555
555555555555555555555555555555
545454545454545454545454545454
565656565656565656565656565656
111111111111111111111111111111
333333333333333333333333333333
333333333333333333333333333333
666666666616161616161616161616
656565656515151515151515151515
656565656565656565151515151515
565656565656565656565656565656
555555555555555555555555555555
767676767676767676767676767676
555555555555555555555555555555
555555555555555555555555555555
555555555555555515151515151515
545454545454545454545454545454
565656565656565656565656565656
111111111111111111111111111111
333333333333333333333333333333
333333333333333333333333333333
666666666666666666666666666666
656565656565656565656565656565
676767676767676767676767575757
666666666666666666666666666666
555555555555555555555555555555
767676767676767676767676767676
555555555555555555555555555555
555555555555555555555555555555
555555555555555555555555555555
545454545454545454545454545454
565656565656565656565656565656
111111111111111111111111111111
333333333333333333333333333333
333333333333333333333333333333
666666666666666666666666666666
656565656565656565656565656565
696969696969696969696969595959
666666666666666666666666666666
555555555555555555555555555555
767676767676767676767676767676
555555555555555555555555555555
555555555555555555555555555555
555555555555555555555555555555
545454545454545454545454545454
565656565656565656565656565656
969696969696969696969696969696
333333333333333333333333333333
333333333333333333333333333333
666666666666666666666666666666
666666666666666666666666666666
666666666666666666666666666666
666666666666666666666666666666
555555555555555555555555555555
777777777777777777777777777777
999999999999999999999999999999
555555555555555555555555555555
555555555555555555555555555555
555555555555555555555555555555
666666666666666666666666666666
111111111111111111111111111111
333333333333333333333333333333
333333333333333333333333333333
666666666666666666666666666666
666666666666666666666666666666
161616161616161616161616161616
666666666666666666666666666666
555555555555555555555555555555
777777777777777777777777777777
555555555555555555555555555555
555555555555555555555555555555
555555252525252525252525252525
555555555555555555555555555555
666666666666666666666666666666
797979797979797979797979797979
333333333333333333333333333333
333333333333333333333333333333
666666666666666666666666666666
666666666666666666666666666666
666666666666666666666666666666
777777777777777777777777777777
999999999999999999999999999999
777777777777777777777777777777
999999999999999999999999999999
555555555555555555555555555555
555555555555555555555555555555
555555555555555555555555555555
666666666666666666666666666666
999999999999999999999999999999
999999999999999999999999999999
333333333333333333333333333333
666666666666666666666666666666
666666666666666666666666666666
666666666666666666666666666666
999999999999999999999999999999
949494949494949494949494949494
777777777777777777777777777777
999999999999999999999999999999
555555555555555555555555555555
555555555555555555555555555555
555555555555555555555555555555
666666666666666666666666666666
999999999999999999999999797979
999999999999999999999999999999
333333333333333333333333333333
666666666666666666666666666666
666666666666666666666666666666
666666666666666666666666666666
989898989898989898989898989898
999999999999999999999999999999
999999999999999999999999999999
999999999999999999999999999999
999999999999999999999999999999
555555555555555555555555555555
999999999999999999999999999999
666666666666666666666666666666
999999999999999999999999999999
333333333333333333333333333333
333333333333333333333333333333
666666666666666666666666666666
666666666666666666666666666666
666666666666666666666666666666
969696969696969696969696969696
999999999999999999999999999999
777777777777777777777777777777
999999999999999999999999494949
555555555555555555555555555555
555555555555555555555555555555
555555555555555555555555555555
666666666666666666666666666666
111111111111111111111111111111
333333333333333333333333333333
333333333333333333333333333333
666666666666666666666666666666
666666666666666666666666666666
666666666666666666666666666666
666666666666666666666666666666
555555555555555555555555555555
777777777777777777777777777777
555555555555555555555555555555
151515151515151515151515141414
555555555555555555555555555555
555555555555555555555555555555
666666666666666666666666666666
999999999999999999999999999999
999999999999999999999999999999
555555555555555555555555555555
999999999999999999999999999999
999999999999999999999999999999
666666666666666666666666666666
999999999999999999999999999999
959595959595959595959595959595
999999999999999999999999999999
999999999999999999999999999999
999999999999999999999999999999
555555555555555555555555555555
999999999999999999999999999999
666666666666666666666666666666
111111111111111111111111111111
333333333333333333333333333333
333333333333333333333333333333
666666666666666666666666666666
656565656565656565656565656565
656565656565656565656565656565
666666666666666666666666666666
555555555555555555555555555555
777777777777777777777777777777
555555555555555555555555555555
555555555555555555555555555555
959595959595959595959595959595
555555555555555555555555555555
565656565656565656565656565656
797979797979797979797979797979
434343434343434343434343434343
333333333333333333333333333333
666666666666666666666666666666
666666666666666666666666666666
666666666666666666666666666666
777777777777777777777777777777
999999999999999999999999999999
777777777777777777777777777777
999999999999999999999999999999
555555555555555555555555555555
555555555555555555555555555555
555555555555555555555555555555
666666666666666666666666666666
111111111111111111111111111111
333333333333333333333333333333
333333333333333333333333333333
666666666666666666666666666666
666666666666666666666666666666
666666666666666666666666666666
666666666666666666666666666666
555555555555555555555555555555
777777777777777777777777777777
555555555555555555555555555555
555555555555555555555555555555
959595959595959595959595959595
555555555555555555555555555555
666666666666666666666666666666
999999999999999999999999999999
999999999999999999999999999999
333333333333333333333333333333
616161616161616161616161616161
666666666666666666666666666666
666666666666666666666666666666
999999999999999999999999999999
999999999999999999999999999999
777777777777777777777777777777
999999999999999999999999999999
999999999999999999999999999999
555555555555555555555555555555
555555555555555555555555555555
666666666666666666666666666666
999999999999999999999999999999
999999999999999999999999999999
333333333333333333333333333333
666666666666666666666666666666
666666666666666666666666666666
666666666666666666666666666666
989898989898989898989898989898
999999999999999999999999999999
999999999999999999999999999999
999999999999999999999999999999
999999999999999999999999999999
545454545454545454545454545454
999999999999999999999999999999
666666666666666666666666666666
999999999999999999999999999999
333333333333333333333333333333
333333333333333333333333333333
666666666666666666666666666666
636363636363636363636363636363
666666666666666666666666666666
969696969696969696969696969696
999999999999999999999999999999
777777777777777777777777777777
999999999999999999999999494949
555555555555555555555555555555
555555555555555555555555555555
555555555555535353535353535353
666666666666666666666666666666
111111111111111111111111111111
333333333333333333333333333333
333333333333333333333333333333
666666666666666666666666666666
656565656565656565656565656565
696969696969696969696969696969
565656565656565656565656565656
555555555555555555555555555555
565656565656565656565656565656
555555555555555555555555555555
555555555555555555555555555555
555555555555555555555555555555
545454545454545454545454545454
565656565656565656565656565656
999999999999999999999999999999
333333333333333333333333333333
333333333333333333333333333333
666666666666666666666666666666
666666666666666666666666666666
666666666666666666666666666666
666666666666666666666666666666
555555555555555555555555555555
777777777777777777777777777777
999999999999999999999999999999
555555555555555555555555555555
555555555555555555555555555555
515151515151515151515151515151
666666666666666666666666666666
999999999999999999999999999999
333333333333333333333333333333
333333333333333333333333333333
969696969696969696969696969696
666666666666666666666666666666
666666666666666666666666666666
666666666666666666666666666666
555555555555555555555555555555
777777777777777777777777777777
999999999999999999999999999999
555555555555555555555555555555
555555555555555555555555555555
555555555555555555555555555555
666666666666666666666666666666
999999999999999999999999999999
333333333333333333333333333333
333333333333333333333333333333
969696969696969696969696969696
666666666666666666666666666666
666666666666666666666666666666
666666666666666666666666666666
555555555555555555555555555555
777777777777777777777777777777
999999999999999999999999999999
555555555555555555555555555555
555555555555555555555555555555
545454545454545454545454545454
666666666666666666666666666666
999999999999999999999999999999
333333333333333333333333333333
333333333333333333333333333333
666666666666666666666666666666
696969696969696969696969696969
666666666666666666666666666666
999999999999999999999999999999
999999999999999999999999999999
777777777777777777777777777777
999999999999999999999999999999
555555555555555555555555555555
555555555555555555555555555555
555555555555555555555555555555
666666666666666666666666666666
969696969696969696969696969696
333333333333333333333333333333
333333333333333333333333333333
666666666666666666666666666666
666666666666666666666666666666
666666666666666666666666666666
666666666666666666666666666666
555555555555555555555555555555
777777777777777777777777777777
999999999999999999999999999999
555555555555555555555555555555
959595959595959595959595959595
555555555555555555555555555555
666666666666666666666666666666
999999999999999999999999999999
333333333333333333333333333333
333333333333333333333333333333
666666666666666666666666666666
666666666666666666666666666666
666666666666666666666666666666
777777777777777777777777777777
979797979797979798989898989898
777777777777777777777777777777
999999999999999999999999999999
555555555555555555555555555555
555555555555555555555555555555
555555555555555555555555555555
666666666666666666666666666666
999999999999999999999999999999
333333333333333333333333333333
333333333333333333333333333333
464646464646464646464646464646
666666666666666666666666666666
666666666666666666666666666666
666666666666666666666666666666
555555555555555555555555555555
777777777777777777777777777777
999999999999999999999999999999
555555555555555555555555555555
555555555555555555555555555555
545454545454545454545454545454
666666666666666666666666666666
999999999999999999999999999999
333333333333333333333333333333
333333333333333333333333333333
969696969696969696969696969696
666666666666666666666666666666
666666666666666666666666666666
999999999999999999999999999999
999999999999999999999999999999
777777777777777777777777777777
999999999999999999999999999999
555555555555555555555555555555
555555555555555555555555555555
555555555555555555555555555555
666666666666666666666666666666
111111111111111111111111111111
333333333333333333333333333333
333333333333333333333333333333
666666666666666666666666666666
656565656565454545454545454545
656565656565656565656565656565
666666666666666666666666666666
555555555555555555555555555555
777777777777777777777777777777
555555555555555555555555555555
555555555555555555555555555555
959595959595959595959595959595
555555555555555555555555555555
868686868686868686868686868686
999999999999999999999999797979
999999999999999999999999999999
333333333333333333333333333333
666666666666666666666666666666
666666666666666666666666666666
666666666666666666666666666666
989898989898989898989898989898
999999999999999999999999999999
999999999999999999999999999999
999999999999999999999999999999
999999999999999999999999999999
151515151515151515151515151515
999999999999999999999999999999
666666666666666666666666666666
999999999999999999999999999999
999999999999999999999999999999
333333333333333333333333333333
666666666666666666666666666666
363636363636363636363636363636
666666666666666666666666666666
999999999999999999999999999999
999999999999999999999999999999
999999999999999999999999999999
999999999999999999999999999999
999999999999999999999999999999
555555555555555555555555555555
999999999999999999999999999999
666666666666666666666666666666
999999999999999999999999999999
999999999999999999999999999999
333333333333333333333333333333
666666666666666666666666666666
666666666666666666666666666666
666666666666666666666666666666
999999999999999999999999999999
999999999999999999999999999999
777777777777777777777777777777
999999999999999999999999999999
999999999999999999999999999999
555555555555555555555555555555
555555555555555555555555555555
464646464646464646464646464646
999999999999999999999999999999
333333333333333333333333333333
333333333333333333333333333333
666666666666666666666666666666
696969696969696969696969696969
666666666666666666666666666666
999999999999999999999999999999
999999999999999999999999999999
797979797979797979797979797979
999999999999999999999999999999
555555555555555555555555555555
555555555555555555555555555555
555555555555555555555555555555
666666666666666666666666666666
