2288468699
17 16 100
99999999999999999999999999999999
99999999999999999999999999999999
99999999999999999999999999999999
99999999999999999999999999999999
99999999999999999999999999999999
99999999999999999999999999999999
99999999999999999999999999999999
99999999999999999999999999999999
99999999999999999999999999999999
99999999999999999999999999999999
99999999999999999999999999999999
99999999999999999999999999999999
99999999999999999999999999999999
99999999999999999999999999999999
99999999999999999999999999999999
99999999999999999999999999999999
99999999999999999999999999999999
99999999999999999999999999999999
99999999999999999999999999999999
99999999999999999999999999999999
99999999999999999999999999999999
99999999999999999999999999999999
99999999999999999999999999999999
99999999999999999999999999999999
55555555555555555555555555555555
99999999999999999999999999999999
99999999999999999999999999999999
99999999999999999999999999999999
99999999999999999999999999999999
99999999999999999999999999999999
99999999999999999999999999999999
99999999999999999999999999999999
99999999999999999999999999999999
99999999999999999999999999999999
99999999999999999999999999999999
99999999999999999999999999999999
99999999999999999999999999999999
99999999999999999999999999999999
99999999999999999999999999999999
99999999999999999999999999999999
99999999999999999999999999999999
77777777777777777777777777777777
99999999999999999999999999999999
99999999999999999999999999999999
99999999999999999999999999999999
99999999999999999999999999999999
99999999999999999999999999999999
99999999999999999999999999999999
99999999999999999999999999999999
99999999999999999999999999999999
99999999999999999999999999999999
99999999999999999999999999999999
99999999999999999999999999999999
99999999999999999999999999999999
99999999999999999999999999999999
99999999999999999999999999999999
99999999999999999999999999999999
99999999999999999999999999999999
66666666666666666666666666666666
99999999999999999999999999999999
99999999999999999999999999999999
99999999999999999999999999999999
99999999999999999999999999999999
99999999999999999999999999999999
99999999999999999999999999999999
99999999999999999999999999999999
99999999999999999999999999999999
99999999999999999999999999999999
99999999999999999999999999999999
99999999999999999999999999999999
99999999999999999999999999999999
99999999999999999999999999999999
99999999999999999999999999999999
99999999999999999999999999999999
99999999999999999999999999999999
66666666666666666666666666666666
99999999999999999999999999999999
99999999999999999999999999999999
99999999999999999999999999999999
99999999999999999999999999999999
55555555555555555555555555555555
99999999999999999999999999999999
99999999999999999999999999999999
99999999999999999999999999999999
99999999999999999999999999999999
99999999999999999999999999999999
99999999999999999999999999999999
99999999999999999999999999999999
99999999999999999999999999999999
99999999999999999999999999999999
99999999999999999999999999999999
99999999999999999999999999999999
66666666666666666666666666666666
99999999999999999999999999999999
99999999999999999999999999999999
99999999999999999999999999999999
99999999999999999999999999999999
77777777777777777777777777777777
99999999999999999999999999999999
99999999999999999999999999999999
99999999999999999999999999999999
99999999999999999999999999999999
99999999999999999999999999999999
99999999999999999999999999999999
99999999999999999999999999999999
99999999999999999999999999999999
99999999999999999999999999999999
99999999999999999999999999999999
99999999999999999999999999999999
66666666666666666666666666666666
99999999999999999999999999999999
99999999999999999999999999999999
99999999999999999999999999999999
99999999999999999999999999999999
66666666666666666666666666666666
99999999999999999999999999999999
99999999999999999999999999999999
99999999999999999999999999999999
99999999999999999999999999999999
99999999999999999999999999999999
99999999999999999999999999999999
99999999999999999999999999999999
99999999999999999999999999999999
99999999999999999999999999999999
55555555555555555555555555555555
99999999999999999999999999999999
66666666666666666666666666666666
99999999999999999999999999999999
99999999999999999999999999999999
99999999999999999999999999999999
99999999999999999999999999999999
66666666666666666666666666666666
99999999999999999999999999999999
99999999999999999999999999999999
99999999999999999999999999999999
99999999999999999999999999999999
99999999999999999999999999999999
99999999999999999999999999999999
99999999999999999999999999999999
99999999999999999999999999999999
99999999999999999999999999999999
33333333333333333333333333333333
99999999999999999999999999999999
66666666666666666666666666666666
99999999999999999999999999999999
99999999999999999999999999999999
99999999999999999999999999999999
99999999999999999999999999999999
66666666666666666666666666666666
99999999999999999999999999999999
99999999999999999999999999999999
99999999999999999999999999999999
99999999999999999999999999999999
99999999999999999999999999999999
99999999999999999999999999999999
99999999999999999999999999999999
99999999999999999999999999999999
99999999999999999999999999999999
22222222222222222222222222222222
99999999999999999999999999999999
66666666666666666666666666666666
99999999999999999999999999999999
99999999999999999999999999999999
99999999999999999999999999999999
99999999999999999999999999999999
66666666666666666666666666666666
99999999999999999999999999999999
99999999999999999999999999999999
99999999999999999999999999999999
99999999999999999999999999999999
99999999999999999999999999999999
99999999999999999999999999999999
99999999999999999999999999999999
99999999999999999999999999999999
99999999999999999999999999999999
33333333333333333333333333333333
99999999999999999999999999999999
66666666666666666666666666666666
99999999999999999999999999999999
99999999999999999999999999999999
99999999999999999999999999999999
55555555555555555555555555555555
66666666666666666666666666666666
99999999999999999999999999999999
99999999999999999999999999999999
99999999999999999999999999999999
99999999999999999999999999999999
99999999999999999999999999999999
99999999999999999999999999999999
99999999999999999999999999999999
99999999999999999999999999999999
99999999999999999999999999999999
33333333333333333333333333333333
99999999999999999999999999999999
66666666666666666666666666666666
99999999999999999999999999999999
99999999999999999999999999999999
99999999999999999999999999999999
77777777777777777777777777777777
66666666666666666666666666666666
99999999999999999999999999999999
99999999999999999999999999999999
99999999999999999999999999999999
99999999999999999999999999999999
99999999999999999999999999999999
99999999999999999999999999999999
99999999999999999999999999999999
99999999999999999999999999999999
99999999999999999999999999999999
33333333333333333333333333333333
99999999999999999999999999999999
66666666666666666666666666666666
99999999999999999999999999999999
99999999999999999999999999999999
99999999999999999999999999999999
66666666666666666666666666666666
66666666666666666666666666666666
99999999999999999999999999999999
99999999999999999999999999999999
99999999999999999999999999999999
99999999999999999999999999999999
99999999999999999999999999999999
99999999999999999999999999999999
99999999999999999999999999999999
99999999999999999999999999999999
99999999999999999999999999999999
33333333333333333333333333333333
99999999999999999999999999999999
66666666666666666666666666666666
99999999999999999999999999999999
99999999999999999999999999999999
99999999999999999999999999999999
66666666666666666666666666666666
66666666666666666666666666666666
55555555555555555555555555555555
99999999999999999999999999999999
99999999999999999999999999999999
99999999999999999999999999999999
99999999999999999999999999999999
99999999999999999999999999999999
99999999999999999999999999999999
99999999999999999999999999999999
99999999999999999999999999999999
33333333333333333333333333333333
99999999999999999999999999999999
66666666666666666666666666666666
99999999999999999999999999999999
99999999999999999999999999999999
99999999999999999999999999999999
66666666666666666666666666666666
66666666666666666666666666666666
77777777777777777777777777777777
99999999999999999999999999999999
99999999999999999999999999999999
99999999999999999999999999999999
99999999999999999999999999999999
99999999999999999999999999999999
99999999999999999999999999999999
99999999999999999999999999999999
99999999999999999999999999999999
33333333333333333333333333333333
99999999999999999999999999999999
66666666666666666666666666666666
99999999999999999999999999999999
99999999999999999999999999999999
99999999999999999999999999999999
66666666666666666666666666666666
66666666666666666666666666666666
66666666666666666666666666666666
99999999999999999999999999999999
99999999999999999999999999999999
99999999999999999999999999999999
99999999999999999999999999999999
99999999999999999999999999999999
99999999999999999999999999999999
99999999999999999999999999999999
99999999999999999999999999999999
33333333333333333333333333333333
99999999999999999999999999999999
66666666666666666666666666666666
99999999999999999999999999999999
99999999999999999999999999999999
55555555555555555555555555555555
66666666666666666666666666666666
66666666666666666666666666666666
77777777777777777777777777777777
99999999999999999999999999999999
99999999999999999999999999999999
99999999999999999999999999999999
99999999999999999999999999999999
99999999999999999999999999999999
99999999999999999999999999999999
99999999999999999999999999999999
99999999999999999999999999999999
33333333333333333333333333333333
99999999999999999999999999999999
66666666666666666666666666666666
99999999999999999999999999999999
99999999999999999999999999999999
77777777777777777777777777777777
66666666666666666666666666666666
66666666666666666666666666666666
77777777777777777777777777777777
99999999999999999999999999999999
99999999999999999999999999999999
99999999999999999999999999999999
99999999999999999999999999999999
99999999999999999999999999999999
99999999999999999999999999999999
99999999999999999999999999999999
99999999999999999999999999999999
33333333333333333333333333333333
99999999999999999999999999999999
66666666666666666666666666666666
99999999999999999999999999999999
99999999999999999999999999999999
66666666666666666666666666666666
66666666666666666666666666666666
66666666666666666666666666666666
77777777777777777777777777777777
99999999999999999999999999999999
99999999999999999999999999999999
99999999999999999999999999999999
99999999999999999999999999999999
99999999999999999999999999999999
99999999999999999999999999999999
99999999999999999999999999999999
99999999999999999999999999999999
33333333333333333333333333333333
55555555555555555555555555555555
66666666666666666666666666666666
99999999999999999999999999999999
99999999999999999999999999999999
66666666666666666666666666666666
66666666666666666666666666666666
66666666666666666666666666666666
77777777777777777777777777777777
99999999999999999999999999999999
99999999999999999999999999999999
99999999999999999999999999999999
99999999999999999999999999999999
99999999999999999999999999999999
99999999999999999999999999999999
99999999999999999999999999999999
99999999999999999999999999999999
33333333333333333333333333333333
77777777777777777777777777777777
66666666666666666666666666666666
99999999999999999999999999999999
99999999999999999999999999999999
66666666666666666666666666666666
66666666666666666666666666666666
66666666666666666666666666666666
77777777777777777777777777777777
99999999999999999999999999999999
99999999999999999999999999999999
99999999999999999999999999999999
99999999999999999999999999999999
99999999999999999999999999999999
99999999999999999999999999999999
99999999999999999999999999999999
99999999999999999999999999999999
33333333333333333333333333333333
66666666666666666666666666666666
66666666666666666666666666666666
99999999999999999999999999999999
99999999999999999999999999999999
66666666666666666666666666666666
66666666666666666666666666666666
66666666666666666666666666666666
77777777777777777777777777777777
99999999999999999999999999999999
99999999999999999999999999999999
99999999999999999999999999999999
55555555555555555555555555555555
99999999999999999999999999999999
99999999999999999999999999999999
99999999999999999999999999999999
99999999999999999999999999999999
33333333333333333333333333333333
66666666666666666666666666666666
66666666666666666666666666666666
99999999999999999999999999999999
99999999999999999999999999999999
66666666666666666666666666666666
66666666666666666666666666666666
66666666666666666666666666666666
77777777777777777777777777777777
99999999999999999999999999999999
99999999999999999999999999999999
99999999999999999999999999999999
77777777777777777777777777777777
99999999999999999999999999999999
99999999999999999999999999999999
99999999999999999999999999999999
99999999999999999999999999999999
33333333333333333333333333333333
66666666666666666666666666666666
66666666666666666666666666666666
99999999999999999999999999999999
99999999999999999999999999999999
66666666666666666666666666666666
66666666666666666666666666666666
66666666666666666666666666666666
77777777777777777777777777777777
99999999999999999999999999999999
99999999999999999999999999999999
99999999999999999999999999999999
88888888888888888888888888888888
99999999999999999999999999999999
99999999999999999999999999999999
99999999999999999999999999999999
99999999999999999999999999999999
33333333333333333333333333333333
66666666666666666666666666666666
66666666666666666666666666666666
99999999999999999999999999999999
99999999999999999999999999999999
66666666666666666666666666666666
66666666666666666666666666666666
66666666666666666666666666666666
77777777777777777777777777777777
99999999999999999999999999999999
99999999999999999999999999999999
99999999999999999999999999999999
99999999999999999999999999999999
99999999999999999999999999999999
99999999999999999999999999999999
99999999999999999999999999999999
99999999999999999999999999999999
33333333333333333333333333333333
66666666666666666666666666666666
66666666666666666666666666666666
99999999999999999999999999999999
99999999999999999999999999999999
66666666666666666666666666666666
66666666666666666666666666666666
66666666666666666666666666666666
77777777777777777777777777777777
99999999999999999999999999999999
99999999999999999999999999999999
55555555555555555555555555555555
99999999999999999999999999999999
99999999999999999999999999999999
99999999999999999999999999999999
99999999999999999999999999999999
99999999999999999999999999999999
33333333333333333333333333333333
66666666666666666666666666666666
66666666666666666666666666666666
99999999999999999999999999999999
99999999999999999999999999999999
66666666666666666666666666666666
66666666666666666666666666666666
66666666666666666666666666666666
77777777777777777777777777777777
99999999999999999999999999999999
99999999999999999999999999999999
77777777777777777777777777777777
99999999999999999999999999999999
99999999999999999999999999999999
99999999999999999999999999999999
99999999999999999999999999999999
99999999999999999999999999999999
33333333333333333333333333333333
66666666666666666666666666666666
66666666666666666666666666666666
99999999999999999999999999999999
99999999999999999999999999999999
66666666666666666666666666666666
66666666666666666666666666666666
66666666666666666666666666666666
77777777777777777777777777777777
99999999999999999999999999999999
99999999999999999999999999999999
66666666666666666666666666666666
99999999999999999999999999999999
99999999999999999999999999999999
99999999999999999999999999999999
99999999999999999999999999999999
99999999999999999999999999999999
33333333333333333333333333333333
66666666666666666666666666666666
66666666666666666666666666666666
99999999999999999999999999999999
99999999999999999999999999999999
66666666666666666666666666666666
66666666666666666666666666666666
66666666666666666666666666666666
77777777777777777777777777777777
99999999999999999999999999999999
55555555555555555555555555555555
66666666666666666666666666666666
99999999999999999999999999999999
99999999999999999999999999999999
99999999999999999999999999999999
99999999999999999999999999999999
99999999999999999999999999999999
33333333333333333333333333333333
66666666666666666666666666666666
66666666666666666666666666666666
99999999999999999999999999999999
99999999999999999999999999999999
66666666666666666666666666666666
66666666666666666666666666666666
66666666666666666666666666666666
77777777777777777777777777777777
99999999999999999999999999999999
77777777777777777777777777777777
66666666666666666666666666666666
99999999999999999999999999999999
99999999999999999999999999999999
99999999999999999999999999999999
99999999999999999999999999999999
99999999999999999999999999999999
33333333333333333333333333333333
66666666666666666666666666666666
66666666666666666666666666666666
99999999999999999999999999999999
99999999999999999999999999999999
66666666666666666666666666666666
66666666666666666666666666666666
66666666666666666666666666666666
77777777777777777777777777777777
99999999999999999999999999999999
66666666666666666666666666666666
66666666666666666666666666666666
99999999999999999999999999999999
99999999999999999999999999999999
55555555555555555555555555555555
99999999999999999999999999999999
99999999999999999999999999999999
33333333333333333333333333333333
66666666666666666666666666666666
66666666666666666666666666666666
99999999999999999999999999999999
99999999999999999999999999999999
66666666666666666666666666666666
66666666666666666666666666666666
66666666666666666666666666666666
77777777777777777777777777777777
99999999999999999999999999999999
66666666666666666666666666666666
66666666666666666666666666666666
99999999999999999999999999999999
99999999999999999999999999999999
77777777777777777777777777777777
99999999999999999999999999999999
99999999999999999999999999999999
33333333333333333333333333333333
66666666666666666666666666666666
66666666666666666666666666666666
99999999999999999999999999999999
99999999999999999999999999999999
66666666666666666666666666666666
66666666666666666666666666666666
66666666666666666666666666666666
77777777777777777777777777777777
99999999999999999999999999999999
66666666666666666666666666666666
66666666666666666666666666666666
99999999999999999999999999999999
99999999999999999999999999999999
66666666666666666666666666666666
99999999999999999999999999999999
99999999999999999999999999999999
33333333333333333333333333333333
66666666666666666666666666666666
66666666666666666666666666666666
99999999999999999999999999999999
99999999999999999999999999999999
66666666666666666666666666666666
66666666666666666666666666666666
66666666666666666666666666666666
77777777777777777777777777777777
99999999999999999999999999999999
66666666666666666666666666666666
66666666666666666666666666666666
99999999999999999999999999999999
99999999999999999999999999999999
66666666666666666666666666666666
55555555555555555555555555555555
99999999999999999999999999999999
33333333333333333333333333333333
66666666666666666666666666666666
66666666666666666666666666666666
99999999999999999999999999999999
99999999999999999999999999999999
66666666666666666666666666666666
66666666666666666666666666666666
66666666666666666666666666666666
77777777777777777777777777777777
99999999999999999999999999999999
66666666666666666666666666666666
66666666666666666666666666666666
99999999999999999999999999999999
99999999999999999999999999999999
66666666666666666666666666666666
33333333333333333333333333333333
99999999999999999999999999999999
33333333333333333333333333333333
66666666666666666666666666666666
66666666666666666666666666666666
99999999999999999999999999999999
99999999999999999999999999999999
66666666666666666666666666666666
66666666666666666666666666666666
66666666666666666666666666666666
77777777777777777777777777777777
99999999999999999999999999999999
66666666666666666666666666666666
66666666666666666666666666666666
99999999999999999999999999999999
99999999999999999999999999999999
66666666666666666666666666666666
22222222222222222222222222222222
99999999999999999999999999999999
33333333333333333333333333333333
66666666666666666666666666666666
66666666666666666666666666666666
99999999999999999999999999999999
99999999999999999999999999999999
66666666666666666666666666666666
66666666666666666666666666666666
66666666666666666666666666666666
77777777777777777777777777777777
99999999999999999999999999999999
66666666666666666666666666666666
66666666666666666666666666666666
99999999999999999999999999999999
99999999999999999999999999999999
66666666666666666666666666666666
33333333333333333333333333333333
99999999999999999999999999999999
33333333333333333333333333333333
66666666666666666666666666666666
66666666666666666666666666666666
99999999999999999999999999999999
99999999999999999999999999999999
66666666666666666666666666666666
66666666666666666666666666666666
66666666666666666666666666666666
77777777777777777777777777777777
55555555555555555555555555555555
66666666666666666666666666666666
66666666666666666666666666666666
99999999999999999999999999999999
99999999999999999999999999999999
66666666666666666666666666666666
33333333333333333333333333333333
99999999999999999999999999999999
33333333333333333333333333333333
66666666666666666666666666666666
66666666666666666666666666666666
99999999999999999999999999999999
99999999999999999999999999999999
66666666666666666666666666666666
66666666666666666666666666666666
66666666666666666666666666666666
77777777777777777777777777777777
77777777777777777777777777777777
66666666666666666666666666666666
66666666666666666666666666666666
99999999999999999999999999999999
99999999999999999999999999999999
66666666666666666666666666666666
33333333333333333333333333333333
99999999999999999999999999999999
33333333333333333333333333333333
66666666666666666666666666666666
66666666666666666666666666666666
99999999999999999999999999999999
99999999999999999999999999999999
66666666666666666666666666666666
66666666666666666666666666666666
66666666666666666666666666666666
77777777777777777777777777777777
66666666666666666666666666666666
66666666666666666666666666666666
66666666666666666666666666666666
99999999999999999999999999999999
99999999999999999999999999999999
66666666666666666666666666666666
33333333333333333333333333333333
99999999999999999999999999999999
33333333333333333333333333333333
66666666666666666666666666666666
66666666666666666666666666666666
99999999999999999999999999999999
55555555555555555555555555555555
66666666666666666666666666666666
66666666666666666666666666666666
66666666666666666666666666666666
77777777777777777777777777777777
66666666666666666666666666666666
66666666666666666666666666666666
66666666666666666666666666666666
99999999999999999999999999999999
99999999999999999999999999999999
66666666666666666666666666666666
33333333333333333333333333333333
99999999999999999999999999999999
33333333333333333333333333333333
66666666666666666666666666666666
66666666666666666666666666666666
99999999999999999999999999999999
77777777777777777777777777777777
66666666666666666666666666666666
66666666666666666666666666666666
66666666666666666666666666666666
77777777777777777777777777777777
66666666666666666666666666666666
66666666666666666666666666666666
66666666666666666666666666666666
99999999999999999999999999999999
99999999999999999999999999999999
66666666666666666666666666666666
33333333333333333333333333333333
99999999999999999999999999999999
33333333333333333333333333333333
66666666666666666666666666666666
66666666666666666666666666666666
99999999999999999999999999999999
66666666666666666666666666666666
66666666666666666666666666666666
66666666666666666666666666666666
66666666666666666666666666666666
77777777777777777777777777777777
66666666666666666666666666666666
66666666666666666666666666666666
66666666666666666666666666666666
99999999999999999999999999999999
55555555555555555555555555555555
66666666666666666666666666666666
33333333333333333333333333333333
99999999999999999999999999999999
33333333333333333333333333333333
66666666666666666666666666666666
66666666666666666666666666666666
99999999999999999999999999999999
66666666666666666666666666666666
66666666666666666666666666666666
66666666666666666666666666666666
66666666666666666666666666666666
77777777777777777777777777777777
66666666666666666666666666666666
66666666666666666666666666666666
66666666666666666666666666666666
99999999999999999999999999999999
33333333333333333333333333333333
66666666666666666666666666666666
33333333333333333333333333333333
99999999999999999999999999999999
33333333333333333333333333333333
66666666666666666666666666666666
66666666666666666666666666666666
99999999999999999999999999999999
66666666666666666666666666666666
66666666666666666666666666666666
66666666666666666666666666666666
66666666666666666666666666666666
77777777777777777777777777777777
66666666666666666666666666666666
66666666666666666666666666666666
66666666666666666666666666666666
99999999999999999999999999999999
44444444444444444444444444444444
66666666666666666666666666666666
33333333333333333333333333333333
99999999999999999999999999999999
33333333333333333333333333333333
66666666666666666666666666666666
66666666666666666666666666666666
99999999999999999999999999999999
66666666666666666666666666666666
66666666666666666666666666666666
66666666666666666666666666666666
66666666666666666666666666666666
77777777777777777777777777777777
66666666666666666666666666666666
66666666666666666666666666666666
66666666666666666666666666666666
99999999999999999999999999999999
44444444444444444444444444444444
66666666666666666666666666666666
33333333333333333333333333333333
99999999999999999999999999999999
33333333333333333333333333333333
66666666666666666666666666666666
66666666666666666666666666666666
55555555555555555555555555555555
66666666666666666666666666666666
66666666666666666666666666666666
66666666666666666666666666666666
66666666666666666666666666666666
77777777777777777777777777777777
66666666666666666666666666666666
66666666666666666666666666666666
66666666666666666666666666666666
99999999999999999999999999999999
44444444444444444444444444444444
66666666666666666666666666666666
33333333333333333333333333333333
99999999999999999999999999999999
33333333333333333333333333333333
66666666666666666666666666666666
66666666666666666666666666666666
77777777777777777777777777777777
66666666666666666666666666666666
66666666666666666666666666666666
66666666666666666666666666666666
66666666666666666666666666666666
77777777777777777777777777777777
66666666666666666666666666666666
66666666666666666666666666666666
66666666666666666666666666666666
99999999999999999999999999999999
44444444444444444444444444444444
66666666666666666666666666666666
33333333333333333333333333333333
99999999999999999999999999999999
33333333333333333333333333333333
66666666666666666666666666666666
66666666666666666666666666666666
66666666666666666666666666666666
66666666666666666666666666666666
66666666666666666666666666666666
66666666666666666666666666666666
66666666666666666666666666666666
77777777777777777777777777777777
66666666666666666666666666666666
66666666666666666666666666666666
66666666666666666666666666666666
99999999999999999999999999999999
44444444444444444444444444444444
66666666666666666666666666666666
33333333333333333333333333333333
55555555555555555555555555555555
33333333333333333333333333333333
66666666666666666666666666666666
66666666666666666666666666666666
66666666666666666666666666666666
66666666666666666666666666666666
66666666666666666666666666666666
66666666666666666666666666666666
66666666666666666666666666666666
77777777777777777777777777777777
66666666666666666666666666666666
66666666666666666666666666666666
66666666666666666666666666666666
99999999999999999999999999999999
44444444444444444444444444444444
66666666666666666666666666666666
33333333333333333333333333333333
33333333333333333333333333333333
33333333333333333333333333333333
66666666666666666666666666666666
66666666666666666666666666666666
66666666666666666666666666666666
66666666666666666666666666666666
66666666666666666666666666666666
66666666666666666666666666666666
66666666666666666666666666666666
77777777777777777777777777777777
66666666666666666666666666666666
66666666666666666666666666666666
66666666666666666666666666666666
99999999999999999999999999999999
44444444444444444444444444444444
66666666666666666666666666666666
33333333333333333333333333333333
44444444444444444444444444444444
33333333333333333333333333333333
66666666666666666666666666666666
66666666666666666666666666666666
66666666666666666666666666666666
66666666666666666666666666666666
66666666666666666666666666666666
66666666666666666666666666666666
66666666666666666666666666666666
77777777777777777777777777777777
66666666666666666666666666666666
66666666666666666666666666666666
66666666666666666666666666666666
99991111111111111111111111111111
44444444444444444444444444444444
66666666666666666666666666666666
33333333333333333333333333333333
44444444444444444444444444444444
33333333333333333333333333333333
66666666666666666666666666666666
66666666666666666616161616161616
66666666666666666666666666666666
66666666666666666666666666666666
66666666666666666666666666666666
66666666666666666666666666666666
66666666666616161616161616161616
77777777777777771717171717171717
66666666666666666666666666666666
66666666666666666666666666666666
66666666666666666666666666666666
89898989898989898989898989898989
44444444444444444444444444444444
66666666666666666666666666666666
33333333333333333333333333333333
44444444444444444444444444444444
33333333333333333333333333333333
66666666666666666666666666666666
66666666666666666666666666666666
66666666666666666666666666666666
66666666666666666666666666666666
66666666666666666666666666666666
66666666666666666666666666666666
66666666666666666666666666666666
77777777777777777777777777777777
66666666666666666666666666666666
66666666666666666666666666666666
66666666666666666666666666666666
98989898989898989898989898989898
44444444444444444444444444444444
66666666666666666666666666666666
33333333333333333333333333333333
44444444444444444444444444444444
33333333333333333333333333333333
66666666666666666666666666666666
66666666666666666666666666666666
66666666666666666666666666666666
66666666666666666666666666666666
66666666666666666666666666666666
66666666666666666666666666666666
66666666666666666666666666666666
77777777777777777777777777777777
66666666666666666666666666666666
66666666666666666666666666666666
66666666666666666666666666666666
99999999999999999999999999999999
44444444444444444444444444444444
66666666666666666666666666666666
33333333333333333333333333333333
44444444444444444444444444444444
33333333333333333333333333333333
66666666666666666666666666666666
66666666666666666666666666666666
66666666666666666666666666666666
66666666666666666666666666666666
66666666666666666666666666666666
66666666666666666666666666666666
56565656565656565656565656565656
77777777777777777777777777777777
66666666666666666666666666666666
66666666666666666666666666666666
66666666666666666666666666666666
99999999999999999999999999999999
44444444444444444444444444444444
66666666666666666666666666666666
33333333333333333333333333333333
44444444444444444444444444444444
33333333333333333333333333333333
66666666666666666666666666666666
66666666666666666666666666666666
66666666666666666666666666666666
66666666666666666666666666666666
66666666666666666666666666666666
66666666666666666666666666666666
65656565656565656565656565656565
77777777777777777777777777777777
66666666666666666666666666666666
66666666666666666666666666666666
66666666666666666666666666666666
99999999999999999999999999999999
44444444444444444444444444444444
66666666666666666666666666666666
33333333333333333333333333333333
44444444444444444444444444444444
33333333333333333333333333333333
66666666666666666666666666666666
56565656565656565656565656565656
66666666666666666666666666666666
66666666666666666666666666666666
66666666666666666666666666666666
66666666666666666666666666666666
66666666666666666666666666666666
77777777777777777777777777777777
66666666666666666666666666666666
66666666666666666666666666666666
66666666666666666666666666666666
99999999999999999999999999999999
44444444444444444444444444444444
66666666666666666666666666666666
33333333333333333333333333333333
44444444444444444444444444444444
33333333333333333333333333333333
66666666666666666666666666666666
65656565656565656565656565656565
66666666666666666666666666666666
66666666666666666666666666666666
66666666666666666666666666666666
66666666666666666666666666666666
66666666666666666666666666666666
77777777777777777777777777777777
66666666666666666666666666666666
66666666666666666666666666666666
66666666666666666666666666666666
99999999999999999999999999999999
44444444444444444444444444444444
66666666666666666666666666666666
33333333333333333333333333333333
44444444444444444444444444444444
33333333333333333333333333333333
66666666666666666666666666666666
66666666666666666666666666666666
66666666666666666666666666666666
66666666666666666666666666666666
66666666666666666666666666666666
66666666666666666666666666666666
66666666666666666666666666666666
67676767676767676767676767676767
66666666666666666666666666666666
66666666666666666666666666666666
66666666666666666666666666666666
99999999999999999999999999999999
44444444444444444444444444444444
66666666666666666666666666666666
33333333333333333333333333333333
44444444444444444444444444444444
33333333333333333333333333333333
66666666666666666666666666666666
66666666666666666666666666666666
66666666666666666666666666666666
66666666666666666666666666666666
66666666666666666666666666666666
66666666666666666666666666666666
66666666666666666666666666666666
76767676767676767676767676767676
66666666666666666666666666666666
66666666666666666666666666666666
66666666666666666666666666666666
99999999999999999999999999999999
44444444444444444444444444444444
66666666666666666666666666666666
33333333333333333333333333333333
44444444444444444444444444444444
33333333333333333333333333333333
66666666666666666666666666666666
66666666666666666666666666666666
66666666666666666666666666666666
66666666666666666666666666666666
66666666666666666666666666666666
56565656565656565656565656565656
66666666666666666666666666666666
76767676767676767676767676767676
66666666666666666666666666666666
66666666666666666666666666666666
66666666666666666666666666666666
99999999999999999999999999999999
44444444444444444444444444444444
66666666666666666666666666666666
33333333333333333333333333333333
44444444444444444444444444444444
33333333333333333333333333333333
66666666666666666666666666666666
66666666666666666666666666666666
66666666666666666666666666666666
66666666666666666666666666666666
66666666666666666666666666666666
65656565656565656565656565656565
66666666666666666666666666666666
76767676767676767676767676767676
66666666666666666666666666666666
66666666666666666666666666666666
66666666666666666666666666666666
99999999999999999999999999999999
44444444444444444444444444444444
66666666666666666666666666666666
33333333333333333333333333333333
44444444444444444444444444444444
33333333333333333333333333333333
56565656565656565656565656565656
66666666666666666666666666666666
66666666666666666666666666666666
66666666666666666666666666666666
66666666666666666666666666666666
66666666666666666666666666666666
66666666666666666666666666666666
76767676767676767676767676767676
66666666666666666666666666666666
66666666666666666666666666666666
66666666666666666666666666666666
99999999999999999999999999999999
44444444444444444444444444444444
66666666666666666666666666666666
33333333333333333333333333333333
44444444444444444444444444444444
33333333333333333333333333333333
65656565656565656565656565656565
66666666666666666666666666666666
66666666666666666666666666666666
66666666666666666666666666666666
66666666666666666666666666666666
66666666666666666666666666666666
66666666666666666666666666666666
76767676767676767676767676767676
66666666666666666666666666666666
66666666666666666666666666666666
66666666666666666666666666666666
99999999999999999999999999999999
44444444444444444444444444444444
66666666666666666666666666666666
33333333333333333333333333333333
44444444444444444444444444444444
33333333333333333333333333333333
66666666666666666666666666666666
66666666666666666666666666666666
66666666666666666666666666666666
66666666666666666666666666666666
56565656565656565656565656565656
66666666666666666666666666666666
66666666666666666666666666666666
76767676767676767676767676767676
66666666666666666666666666666666
66666666666666666666666666666666
66666666666666666666666666666666
99999999999999999999999999999999
44444444444444444444444444444444
66666666666666666666666666666666
33333333333333333333333333333333
44444444444444444444444444444444
33333333333333333333333333333333
56565656565656565656565656565656
66666666666666666666666666666666
66666666666666666666666666666666
66666666666666666666666666666666
56565656565656565656565656565656
66666666666666666666666666666666
66666666666666666666666666666666
76767676767676767676767676767676
66666666666666666666666666666666
56565656565656565656565656565656
66666666666666666666666666666666
99999999999999999999999999999999
44444444444444444444444444444444
66666666666666666666666666666666
33333333333333333333333333333333
44444444444444444444444444444444
33333333333333333333333333333333
56565656565656565656565656565656
66666666666666666666666666666666
66666666666666666666666666666666
66666666666666666666666666666666
56565656565656565656565656565656
66666666666666666666666666666666
66666666666666666666666666666666
76767676767676767676767676767676
66666666666666666666666666666666
65656565656565656565656565656565
66666666666666666666666666666666
99999999999999999999999999999999
44444444444444444444444444444444
66666666666666666666666666666666
33333333333333333333333333333333
44444444444444444444444444444444
33333333333333333333333333333333
56565656565656565656565656565656
66666666666666666666666666666666
66666666666666666666666666666666
66666666666666666666666666666666
56565656565656565656565656565656
66666666666666666666666666666666
66666666666666666666666666666666
76767676767676767676767676767676
66666666666666666666666666666666
66666666666666666666666666666666
56565656565656565656565656565656
99999999999999999999999999999999
44444444444444444444444444444444
66666666666666666666666666666666
33333333333333333333333333333333
44444444444444444444444444444444
33333333333333333333333333333333
56565656565656565656565656565656
66666666666666666666666666666666
66666666666666666666666666666666
66666666666666666666666666666666
56565656565656565656565656565656
66666666666666666666666666666666
66666666666666666666666666666666
76767676767676767676767676767676
66666666666666666666666666666666
66666666666666666666666666666666
65656565656565656565656565656565
99999999999999999999999999999999
44444444444444444444444444444444
56565656565656565656565656565656
33333333333333333333333333333333
44444444444444444444444444444444
33333333333333333333333333333333
56565656565656565656565656565656
66666666666666666666666666666666
66666666666666666666666666666666
66666666666666666666666666666666
56565656565656565656565656565656
66666666666666666666666666666666
66666666666666666666666666666666
76767676767676767676767676767676
66666666666666666666666666666666
66666666666666666666666666666666
66666666666666666666666666666666
99999999999999999999999999999999
44444444444444444444444444444444
65656565656565656565656565656565
33333333333333333333333333333333
44444444444444444444444444444444
33333333333333333333333333333333
56565656565656565656565656565656
66666666666666666666666666666666
66666666666666666666666666666666
66666666666666666666666666666666
56565656565656565656565656565656
66666666666666666666666666666666
66666666666666666666666666666666
76767676767676767676767676767676
66666666666666666666666666666666
66666666666666666666666666666666
66666666666666666666666666666666
99999999999999999999999999999999
44444444444444444444444444444444
66666666666666666666666666666666
33333333333333333333333333333333
44444444444444444444444444444444
33333333333333333333333333333333
56565656565656565656565656565656
66666666666666666666666666666666
66666666666666666666666666666666
66666666666666666666666666666666
56565656565656565656565656565656
66666666666666666666666666666666
66666666666666666666666666666666
76767676767676767676767676767676
56565656565656565656565656565656
66666666666666666666666666666666
66666666666666666666666666666666
99999999999999999999999999999999
44444444444444444444444444444444
66666666666666666666666666666666
33333333333333333333333333333333
44444444444444444444444444444444
33333333333333333333333333333333
56565656565656565656565656565656
66666666666666666666666666666666
66666666666666666666666666666666
66666666666666666666666666666666
56565656565656565656565656565656
66666666666666666666666666666666
66666666666666666666666666666666
76767676767676767676767676767676
65656565656565656565656565656565
66666666666666666666666666666666
66666666666666666666666666666666
99999999999999999999999999999999
44444444444444444444444444444444
66666666666666666666666666666666
33333333333333333333333333333333
44444444444444444444444444444444
33333333333333333333333333333333
56565656565656565656565656565656
66666666666666666666666666666666
66666666666666666666666666666666
56565656565656565656565656565656
56565656565656565656565656565656
66666666666666666666666666666666
66666666666666666666666666666666
76767676767676767676767676767676
66666666666666666666666666666666
66666666666666666666666666666666
66666666666666666666666666666666
99999999999999999999999999999999
44444444444444444444444444444444
66666666666666666666666666666666
33333333333333333333333333333333
44444444444444444444444444444444
33333333333333333333333333333333
56565656565656565656565656565656
66666666666666666666666666666666
66666666666666666666666666666666
65656565656565656565656565656565
56565656565656565656565656565656
66666666666666666666666666666666
66666666666666666666666666666666
76767676767676767676767676767676
66666666666666666666666666666666
66666666666666666666666666666666
66666666666666666666666666666666
99999999999999999999999999999999
44444444444444444444444444444444
66666666666666666666666666666666
33333333333333333333333333333333
44444444444444444444444444444444
23232323232323232323232323232323
56565656565656565656565656565656
66666666666666666666666666666666
66666666666666666666666666666666
66666666666666666666666666666666
56565656565656565656565656565656
66666666666666666666666666666666
66666666666666666666666666666666
76767676767676767676767676767676
66666666666666666666666666666666
66666666666666666666666666666666
66666666666666666666666666666666
99999999999999999999999999999999
44444444444444444444444444444444
66666666666666666666666666666666
33333333333333333333333333333333
44444444444444444444444444444444
32323232323232323232323232323232
56565656565656565656565656565656
66666666666666666666666666666666
66666666666666666666666666666666
66666666666666666666666666666666
56565656565656565656565656565656
66666666666666666666666666666666
66666666666666666666666666666666
76767676767676767676767676767676
66666666666666666666666666666666
66666666666666666666666666666666
66666666666666666666666666666666
99999999999999999999999999999999
44444444444444444444444444444444
66666666666666666666666666666666
33333333333333333333333333333333
44444444444444444444444444444444
33333333333333333333333333333333
56565656565656565656565656565656
66666666666666666666666666666666
56565656565656565656565656565656
66666666666666666666666666666666
56565656565656565656565656565656
66666666666666666666666666666666
66666666666666666666666666666666
76767676767676767676767676767676
66666666666666666666666666666666
66666666666666666666666666666666
66666666666666666666666666666666
99999999999999999999999999999999
44444444444444444444444444444444
66666666666666666666666666666666
33333333333333333333333333333333
44444444444444444444444444444444
33333333333333333333333333333333
56565656565656565656565656565656
66666666666666666666666666666666
65656565656565656565656565656565
66666666666666666666666666666666
56565656565656565656565656565656
66666666666666666666666666666666
66666666666666666666666666666666
76767676767676767676767676767676
66666666666666666666666666666666
66666666666666666666666666666666
66666666666666666666666666666666
99999999999999999999999999999999
34343434343434343434343434343434
66666666666666666666666666666666
33333333333333333333333333333333
44444444444444444444444444444444
33333333333333333333333333333333
56565656565656565656565656565656
66666666666666666666666666666666
66666666666666666666666666666666
66666666666666666666666666666666
56565656565656565656565656565656
66666666666666666666666666666666
66666666666666666666666666666666
76767676767676767676767676767676
66666666666666666666666666666666
66666666666666666666666666666666
66666666666666666666666666666666
99999999999999999999999999999999
43434343434343434343434343434343
66666666666666666666666666666666
33333333333333333333333333333333
44444444444444444444444444444444
33333333333333333333333333333333
56565656565656565656565656565656
66666666666666666666666666666666
66666666666666666666666666666666
66666666666666666666666666666666
56565656565656565656565656565656
66666666666666666666666666666666
66666666666666666666666666666666
76767676767676767676767676767676
66666666666666666666666666666666
66666666666666666666666666666666
66666666666666666666666666666666
99999999999999999999999999999999
44444444444444444444444444444444
66666666666666666666666666666666
23232323232323232323232323232323
44444444444444444444444444444444
33333333333333333333333333333333
56565656565656565656565656565656
66666666666666666666666666666666
66666666666666666666666666666666
66666666666666666666666666666666
56565656565656565656565656565656
66666666666666666666666666666666
66666666666666666666666666666666
76767676767676767676767676767676
66666666666666666666666666666666
66666666666666666666666666666666
66666666666666666666666666666666
99999999999999999999999999999999
44444444444444444444444444444444
66666666666666666666666666666666
32323232323232323232323232323232
44444444444444444444444444444444
33333333333333333333333333333333
56565656565656565656565656565656
66666666666666666666666666666666
66666666666666666666666666666666
66666666666666666666666666666666
56565656565656565656565656565656
66666666666666666666666666666666
66666666666666666666666666666666
76767676767676767676767676767676
66666666666666666666666666666666
66666666666666666666666666666666
66666666666666666666666666666666
99999999999999999999999999999999
44444444444444444444444444444444
66666666666666666666666666666666
33333333333333333333333333333333
34343434343434343434343434343434
33333333333333333333333333333333
56565656565656565656565656565656
66666666666666666666666666666666
66666666666666666666666666666666
66666666666666666666666666666666
56565656565656565656565656565656
66666666666666666666666666666666
66666666666666666666666666666666
76767676767676767676767676767676
66666666666666666666666666666666
66666666666666666666666666666666
66666666666666666666666666666666
99999999999999999999999999999999
44444444444444444444444444444444
66666666666666666666666666666666
33333333333333333333333333333333
43434343434343434343434343434343
33333333333333333333333333333333
56565656565656565656565656565656
66666666666666666666666666666666
66666666666666666666666666666666
66666666666666666666666666666666
56565656565656565656565656565656
66666666666666666666666666666666
66666666666666666666666666666666
76767676767676767676767676767676
66666666666666666666666666666666
66666666666666666666666666666666
66666666666666666666666666666666
99991111111111111111111111111111
44444444444444444444444444444444
66666666666666666666666666666666
33333333333333333333333333333333
44444444444444444444444444444444
33333333333333333333333333333333
66666666666666666666666666666666
66666666666666666616161616161616
66666666666666666666666666666666
66666666666666666666666666666666
56565656565656565656565656565656
66666666666666666666666666666666
66666666666616161616161616161616
76767676767676761616161616161616
66666666666666666666666666666666
66666666666666666666666666666666
66666666666666666666666666666666
99999998989898989898989898989898
99999999999999999999999999999999
99999999999999999999999999999999
99999999999999999999999999999999
99999999999999999999999999999999
33333333333333333333333333333333
99999999999999999999999999999999
66666666666666666666666666666666
99999999999999999999999999999999
99999999999999999999999999999999
77777777777777777777777777777777
66666666666666666666666666666666
66666666666666666666666666666666
77777777777777777777777777777777
99999999999999999999999999999999
99999999999999999999999999999999
99999999999999999999999999999999
99999999999999999999999999999999
99999999999999999999999999999999
66666666666666666666666666666666
55555555555555555555555555555555
99999999999999999999999999999999
33333333333333333333333333333333
66666666666666666666666666666666
66666666666666666666666666666666
99999999999999999999999999999999
99999999999999999999999999999999
56565656565656565656565656565656
66666666666666666666666666666666
66666666666666666666666666666666
77777777777777777777777777777777
99999999999999999999999999999999
66666666666666666666666666666666
66666666666666666666666666666666
99999999999999999999999999999999
44444444444444444444444444444444
66666666666666666666666666666666
33333333333333333333333333333333
44444444444444444444444444444444
33333333333333333333333333333333
66666666666666666666666666666666
66666666666666666666666666666666
66666666666666666666666666666666
66666666666666666666666666666666
66666666666666666666666666666666
69696969696969696969696969696969
66666666666666666666666666666666
76767676767676767676767676767676
66666666666666666666666666666666
66666666666666666666666666666666
66666666666666666666666666666666
99999999999999999999999999999999
99999999999999999999999999999999
66666666666666666666666666666666
55555555555555555555555555555555
99999999999999999999999999999999
33333333333333333333333333333333
66666666666666666666666666666666
66666666666666666666666666666666
99999999999999999999999999999999
99999999999999999999999999999999
56565656565656565656565656565656
66666666666666666666666666666666
66666666666666666666666666666666
37373737373737373737373737373737
99999999999999999999999999999999
66666666666666666666666666666666
66666666666666666636363636363636
99999999999999999999999999999999
99999999999999999999999999999999
99999999999999999999999999999999
99999999999999999999999999999999
96969696969696969696969696969696
55555555555555555555555555555555
99999999999999999999999999999999
66666666666666666666666666666666
99999999999999999999999999999999
99999999999999999999999999999999
99999999999999999999999999999999
99999999999999999999999999999999
66666666666666666666666666666666
99999999999999999999999999999999
99999999999999999999999999999999
99999999999999999999999999999999
99999999999999999999999999999999
99999999999999999999999999999999
99999999999999999999999999999999
66666666666666666666666666666666
55555555555555555555555555555555
99999999999999999999999999999999
33333333333333333333333333333333
66666666666666666666666666666666
86868686868686868686868686868686
99999999999999999999999999999999
99999999999999999999999999999999
56565656565656565656565656565656
66666666666666666666666666666666
66666666666666666666666666666666
77777777777777777777777777777777
99999999999999999999999999999999
66666666666666666666666666666666
66666666666666666666666666666666
99999999999999999999999999999999
99999999999999999999999999999999
66666666666666666666666666666666
99999999999999999999999999999999
99999999999999999999999999999999
33333333333333333333333333333333
66666666666666666666666666666666
66666666666666666666666666666666
99999999999999999999999999999999
98989898989898989898989898989898
66666666666666666666666666666666
66666666666666666666666666666666
66666666666666666666666666666666
77777777777777777777777777777777
99999999999999999999999999999999
66666666666666666666666666666666
66666666666666666666666666666666
99999999999999999999999999999999
99999999999999999999999999999999
99999999999999999999999999999998
99999999999999999999999999999999
99999999999999999999999999999999
33333333333333333333333333333333
99999999999999999999999999999999
46464646464646464646464646464646
99999999999999999999999999999999
99999999999999999999999999999999
77777777777777777777777777777777
66666666666666666666666666666666
66666666666666666666666666666666
77777777777777777777777777777777
99999999999999999999999999999999
99999999999999999999999999999999
99999999999999999999999999999999
99999999999999999999999999999999
44444444444444444444444444444444
66666666666666666666666666666666
33333333333333333333333333333333
44444444444444444444444444444444
33333333333333333333333333333333
66666666666666666666666666666666
66666666666666666666666666666666
66666666666666666666666666666666
66666666666666666666666666666666
66666666666666666666666666666666
69696969696969696969696969696969
66666666666666666666666666666666
76767676767676767676767676767676
66666666666666666666666666666666
96969696969696969696969696969696
66666666666666666666666666666666
99999999999999999999999999999999
69696969696969696969696969696969
99999999999999999999999999999999
99999999999999999999999999999999
99999999999999999999999999999999
33333333333333333333333333333333
77777777777777777777777777777777
66666666666666666666666666666666
99999999999999999999999999999999
99999999999999999999999999999999
66666666666666666666666666666666
66666666666666666666666666666666
66666666666666666666666666666666
77777777777777777777777777777777
99999999999999999999999999999999
99999999999999999999999999999999
99999999999999999999999999999999
95959595959595959595959595959595
44444444444444444444444444444444
66666666666666666666666666666666
33333333333333333333333333333333
55555555555555555555555555555555
33333333333333333333333333333333
66666666666565656565656565656565
66666666666666666666666666666666
66666666666666666666666666666666
66666666666666666666666666666666
66666666666666666666666666666666
66666666666666666666666666666666
66666666666666666666666666666666
77777777777777777777777777777777
66666666666666666666666666666666
66666666666666666666666666666666
66666666666666666666666666666666
99999999999999999999999999999999
99999999999999999999999999999999
99999999999999999999999999999999
49494949494949494949494949494949
99999999999999999999999999999999
33333333333333333333333333333333
66666666666666666666666666666666
66666666666666666666666666666666
99999999999999999999999999999999
99999999999999999999999999999999
66666666666666666666666666666666
66666666666666666666666666666666
66666666666666666666666666666666
77777777777777777777777777777777
99999999999999999999999999999999
99999999999999999999999999999999
77777777777777777777777777777777
99999999999999999999999999999999
99999999999999999999999999999999
66666666666666666666666666666666
38383838383838383838383838383838
99999999999999999999999999999999
33333333333333333333333333333333
66666666666666666666666666666666
66666666666666666666666666666666
99999999999999999999999999999999
66666666666666666666666666666666
66666666666666666666666666666666
66666666666666666666666666666666
66666666666666666666666666666666
77777777777777777777777777777777
66666666666666666666666666666666
66666666666666666666666666666666
66666666666666666666666666666666
