3113362824
15 12 100
999999999999999999999999
999999999999999999999999
999999999999999999999999
999999999999999999999999
999999999999999999999999
999999999999999999999999
999999999999999999999999
999999999999999999999999
999999999999999999999999
999999999999999999999999
999999999999999999999999
999999999999999999999999
999999999999999999999999
999999999999999999999999
999999999999999999999999
999999999999999999999999
999999999999999999999999
555555555555555555555555
999999999999999999999999
999999999999999999999999
999999999999999999999999
999999999999999999999999
999999999999999999999999
999999999999999999999999
999999999999999999999999
999999999999999999999999
999999999999999999999999
999999999999999999999999
999999999999999999999999
999999999999999999999999
999999999999999999999999
999999999999999999999999
333333333333333333333333
999999999999999999999999
999999999999999999999999
999999999999999999999999
999999999999999999999999
999999999999999999999999
999999999999999999999999
999999999999999999999999
999999999999999999999999
999999999999999999999999
999999999999999999999999
999999999999999999999999
999999999999999999999999
999999999999999999999999
999999999999999999999999
222222222222222222222222
999999999999999999999999
999999999999999999999999
999999999999999999999999
999999999999999999999999
999999999999999999999999
999999999999999999999999
999999999999999999999999
999999999999999999999999
999999999999999999999999
999999999999999999999999
999999999999999999999999
999999999999999999999999
999999999999999999999999
999999999999999999999999
333333333333333333333333
999999999999999999999999
999999999999999999999999
999999999999999999999999
999999999999999999999999
999999999999999999999999
999999999999999999999999
999999999999999999999999
444444444444444444444444
999999999999999999999999
999999999999999999999999
999999999999999999999999
999999999999999999999999
999999999999999999999999
999999999999999999999999
333333333333333333333333
999999999999999999999999
999999999999999999999999
999999999999999999999999
999999999999999999999999
999999999999999999999999
999999999999999999999999
999999999999999999999999
666666666666666666666666
999999999999999999999999
999999999999999999999999
999999999999999999999999
999999999999999999999999
999999999999999999999999
999999999999999999999999
333333333333333333333333
999999999999999999999999
999999999999999999999999
999999999999999999999999
999999999999999999999999
999999999999999999999999
999999999999999999999999
999999999999999999999999
555555555555555555555555
999999999999999999999999
999999999999999999999999
999999999999999999999999
999999999999999999999999
999999999999999999999999
999999999999999999999999
333333333333333333333333
999999999999999999999999
999999999999999999999999
999999999999999999999999
999999999999999999999999
999999999999999999999999
999999999999999999999999
999999999999999999999999
555555555555555555555555
999999999999999999999999
444444444444444444444444
999999999999999999999999
999999999999999999999999
999999999999999999999999
999999999999999999999999
333333333333333333333333
999999999999999999999999
999999999999999999999999
999999999999999999999999
999999999999999999999999
999999999999999999999999
999999999999999999999999
999999999999999999999999
555555555555555555555555
999999999999999999999999
222222222222222222222222
999999999999999999999999
999999999999999999999999
999999999999999999999999
999999999999999999999999
333333333333333333333333
999999999999999999999999
999999999999999999999999
999999999999999999999999
999999999999999999999999
999999999999999999999999
999999999999999999999999
999999999999999999999999
555555555555555555555555
999999999999999999999999
333333333333333333333333
999999999999999999999999
999999999999999999999999
999999999999999999999999
999999999999999999999999
333333333333333333333333
999999999999999999999999
555555555555555555555555
999999999999999999999999
999999999999999999999999
999999999999999999999999
999999999999999999999999
999999999999999999999999
555555555555555555555555
999999999999999999999999
444444444444444444444444
999999999999999999999999
999999999999999999999999
999999999999999999999999
999999999999999999999999
333333333333333333333333
999999999999999999999999
333333333333333333333333
999999999999999999999999
999999999999999999999999
999999999999999999999999
999999999999999999999999
999999999999999999999999
555555555555555555555555
999999999999999999999999
444444444444444444444444
999999999999999999999999
999999999999999999999999
999999999999999999999999
999999999999999999999999
333333333333333333333333
999999999999999999999999
444444444444444444444444
999999999999999999999999
999999999999999999999999
999999999999999999999999
999999999999999999999999
999999999999999999999999
555555555555555555555555
999999999999999999999999
444444444444444444444444
999999999999999999999999
999999999999999999999999
999999999999999999999999
999999999999999999999999
333333333333333333333333
999999999999999999999999
444444444444444444444444
999999999999999999999999
999999999999999999999999
999999999999999999999999
999999999999999999999999
444444444444444444444444
555555555555555555555555
999999999999999999999999
444444444444444444444444
999999999999999999999999
999999999999999999999999
999999999999999999999999
999999999999999999999999
333333333333333333333333
999999999999999999999999
444444444444444444444444
999999999999999999999999
999999999999999999999999
999999999999999999999999
999999999999999999999999
666666666666666666666666
555555555555555555555555
999999999999999999999999
444444444444444444444444
999999999999999999999999
999999999999999999999999
999999999999999999999999
999999999999999999999999
333333333333333333333333
999999999999999999999999
444444444444444444444444
999999999999999999999999
999999999999999999999999
999999999999999999999999
999999999999999999999999
555555555555555555555555
555555555555555555555555
999999999999999999999999
444444444444444444444444
999999999999999999999999
999999999999999999999999
999999999999999999999999
999999999999999999999999
333333333333333333333333
999999999999999999999999
444444444444444444444444
999999999999999999999999
999999999999999999999999
999999999999999999999999
999999999999999999999999
555555555555555555555555
555555555555555555555555
555555555555555555555555
444444444444444444444444
999999999999999999999999
999999999999999999999999
999999999999999999999999
999999999999999999999999
333333333333333333333333
999999999999999999999999
444444444444444444444444
999999999999999999999999
999999999999999999999999
999999999999999999999999
999999999999999999999999
555555555555555555555555
555555555555555555555555
777777777777777777777777
444444444444444444444444
999999999999999999999999
999999999999999999999999
999999999999999999999999
999999999999999999999999
333333333333333333333333
999999999999999999999999
444444444444444444444444
999999999999999999999999
999999999999999999999999
999999999999999999999999
999999999999999999999999
555555555555555555555555
555555555555555555555555
666666666666666666666666
444444444444444444444444
999999999999999999999999
999999999999999999999999
999999999999999999999999
444444444444444444444444
333333333333333333333333
999999999999999999999999
444444444444444444444444
999999999999999999999999
999999999999999999999999
999999999999999999999999
999999999999999999999999
555555555555555555555555
555555555555555555555555
666666666666666666666666
444444444444444444444444
999999999999999999999999
999999999999999999999999
999999999999999999999999
222222222222222222222222
333333333333333333333333
999999999999999999999999
444444444444444444444444
999999999999999999999999
999999999999999999999999
999999999999999999999999
999999999999999999999999
555555555555555555555555
555555555555555555555555
666666666666666666666666
444444444444444444444444
999999999999999999999999
999999999999999999999999
999999999999999999999999
333333333333333333333333
333333333333333333333333
999999999999999999999999
444444444444444444444444
999999999999999999999999
999999999999999999999999
999999999999999999999999
999999999999999999999999
555555555555555555555555
555555555555555555555555
666666666666666666666666
444444444444444444444444
999999999999999999999999
999999999999999999999999
999999999999999999999999
444444444444444444444444
333333333333333333333333
555555555555555555555555
444444444444444444444444
999999999999999999999999
999999999999999999999999
999999999999999999999999
999999999999999999999999
555555555555555555555555
555555555555555555555555
666666666666666666666666
444444444444444444444444
999999999999999999999999
999999999999999999999999
999999999999999999999999
444444444444444444444444
333333333333333333333333
777777777777777777777777
444444444444444444444444
999999999999999999999999
999999999999999999999999
999999999999999999999999
999999999999999999999999
555555555555555555555555
555555555555555555555555
666666666666666666666666
444444444444444444444444
999999999999999999999999
999999999999999999999999
999999999999999999999999
444444444444444444444444
333333333333333333333333
888888888888888888888888
444444444444444444444444
999999999999999999999999
999999999999999999999999
999999999999999999999999
999999999999999999999999
555555555555555555555555
555555555555555555555555
666666666666666666666666
444444444444444444444444
999999999999999999999999
999999999999999999999999
999999999999999999999999
444444444444444444444444
333333333333333333333333
999999999999999999999999
444444444444444444444444
444444444444444444444444
999999999999999999999999
999999999999999999999999
999999999999999999999999
555555555555555555555555
555555555555555555555555
666666666666666666666666
444444444444444444444444
999999999999999999999999
999999999999999999999999
999999999999999999999999
444444444444444444444444
333333333333333333333333
999999999999999999999999
444444444444444444444444
222222222222222222222222
999999999999999999999999
999999999999999999999999
999999999999999999999999
555555555555555555555555
555555555555555555555555
666666666666666666666666
444444444444444444444444
999999999999999999999999
999999999999999999999999
999999999999999999999999
444444444444444444444444
333333333333333333333333
999999999999999999999999
444444444444444444444444
333333333333333333333333
999999999999999999999999
999999999999999999999999
999999999999999999999999
555555555555555555555555
555555555555555555555555
666666666666666666666666
444444444444444444444444
999999999999999999999999
999999999999999999999999
999999999999999999999999
444444444444444444444444
333333333333333333333333
999999999999999999999999
444444444444444444444444
444444444444444444444444
444444444444444444444444
999999999999999999999999
999999999999999999999999
555555555555555555555555
555555555555555555555555
666666666666666666666666
444444444444444444444444
999999999999999999999999
999999999999999999999999
999999999999999999999999
444444444444444444444444
333333333333333333333333
999999999999999999999999
444444444444444444444444
444444444444444444444444
666666666666666666666666
999999999999999999999999
999999999999999999999999
555555555555555555555555
555555555555555555555555
666666666666666666666666
444444444444444444444444
999999999999999999999999
999999999999999999999999
999999999999999999999999
444444444444444444444444
333333333333333333333333
999999999999999999999999
444444444444444444444444
444444444444444444444444
555555555555555555555555
999999999999999999999999
999999999999999999999999
555555555555555555555555
555555555555555555555555
666666666666666666666666
444444444444444444444444
999999999999999999999999
999999999999999999999999
999999999999999999999999
444444444444444444444444
333333333333333333333333
999999999999999999999999
444444444444444444444444
444444444444444444444444
666666666666666666666666
444444444444444444444444
999999999999999999999999
555555555555555555555555
555555555555555555555555
666666666666666666666666
444444444444444444444444
999999999999999999999999
999999999999999999999999
999999999999999999999999
444444444444444444444444
333333333333333333333333
999999999999999999999999
444444444444444444444444
444444444444444444444444
666666666666666666666666
666666666666666666666666
999999999999999999999999
555555555555555555555555
555555555555555555555555
666666666666666666666666
444444444444444444444444
999999999999999999999999
999999999999999999999999
999999999999999999999999
444444444444444444444444
333333333333333333333333
999999999999999999999999
444444444444444444444444
444444444444444444444444
666666666666666666666666
555555555555555555555555
999999999999999999999999
555555555555555555555555
555555555555555555555555
666666666666666666666666
444444444444444444444444
999999999999999999999999
999999999999999999999999
999999999999999999999999
444444444444444444444444
333333333333333333333333
999999999999999999999999
444444444444444444444444
444444444444444444444444
666666666666666666666666
555555555555555555555555
999999999999999999999999
555555555555555555555555
555555555555555555555555
666666666666666666666666
444444444444444444444444
999999999999999999999999
777777777777777777777777
999999999999999999999999
444444444444444444444444
333333333333333333333333
999999999999999999999999
444444444444444444444444
444444444444444444444444
666666666666666666666666
555555555555555555555555
999999999999999999999999
555555555555555555555555
555555555555555555555555
666666666666666666666666
444444444444444444444444
999999999999999999999999
444444444444444444444444
999999999999999999999999
444444444444444444444444
333333333333333333333333
999999999999999999999999
444444444444444444444444
444444444444444444444444
666666666666666666666666
555555555555555555555555
999999999999999999999999
555555555555555555555555
555555555555555555555555
666666666666666666666666
444444444444444444444444
999999999999999999999999
555555555555555555555555
555555555555555555555555
444444444444444444444444
333333333333333333333333
999999999999999999999999
444444444444444444444444
444444444444444444444444
666666666666666666666666
555555555555555555555555
999999999999999999999999
555555555555555555555555
555555555555555555555555
666666666666666666666666
444444444444444444444444
999999999999999999999999
777777777777777777777777
777777777777777777777777
444444444444444444444444
333333333333333333333333
999999999999999999999999
444444444444444444444444
444444444444444444444444
666666666666666666666666
555555555555555555555555
999999999999999999999999
555555555555555555555555
555555555555555555555555
666666666666666666666666
444444444444444444444444
999999999999999999999999
777777777777777777777777
666666666666666666666666
444444444444444444444444
333333333333333333333333
999999999999999999999999
444444444444444444444444
444444444444444444444444
666666666666666666666666
555555555555555555555555
999999999999999999999999
555555555555555555555555
555555555555555555555555
666666666666666666666666
444444444444444444444444
999999999999999999999999
777777777777777777777777
777777777777777777777777
444444444444444444444444
333333333333333333333333
999999999999999999999999
444444444444444444444444
444444444444444444444444
666666666666666666666666
555555555555555555555555
999999999999999999999999
555555555555555555555555
555555555555555555555555
666666666666666666666666
444444444444444444444444
444444444444444444444444
777777777777777777777777
777777777777777777777777
444444444444444444444444
333333333333333333333333
999999999999999999999999
444444444444444444444444
444444444444444444444444
666666666666666666666666
555555555555555555555555
999999999999999999999999
555555555555555555555555
555555555555555555555555
666666666666666666666666
444444444444444444444444
222222222222222222222222
777777777777777777777777
777777777777777777777777
444444444444444444444444
333333333333333333333333
999999999999999999999999
444444444444444444444444
444444444444444444444444
666666666666666666666666
555555555555555555555555
999999999999999999999999
555555555555555555555555
555555555555555555555555
666666666666666666666666
444444444444444444444444
333333333333333333333333
777777777777777777777777
777777777777777777777777
444444444444444444444444
333333333333333333333333
999999999999999999999999
444444444444444444444444
444444444444444444444444
666666666666666666666666
555555555555555555555555
444444444444444444444444
555555555555555555555555
555555555555555555555555
666666666666666666666666
444444444444444444444444
444444444444444444444444
777777777777777777777777
777777777777777777777777
444444444444444444444444
333333333333333333333333
999999999999999999999999
444444444444444444444444
444444444444444444444444
666666666666666666666666
555555555555555555555555
666666666666666666666666
555555555555555555555555
555555555555555555555555
666666666666666666666666
444444444444444444444444
444444444444444444444444
777777777777777777777777
777777777777777777777777
444444444444444444444444
333333333333333333333333
999999999999999999999999
444444444444444444444444
444444444444444444444444
666666666666666666666666
555555555555555555555555
555555555555555555555555
555555555555555555555555
555555555555555555555555
666666666666666666666666
444444444444444444444444
444444444444444444444444
777777777777777777777777
777777777777777777777777
444444444444444444444444
333333333333333333333333
999999999999999999111111
444444444444444444444444
444444444444444444444444
666666666666666666666666
555555555555555555555555
555555555555555555555555
555555555555555555555555
555555555555555555551515
666666666666666666661616
444444444444444444444444
444444444444444444444444
777777777777777777777777
777777777777777777777777
444444444444444444444444
333333333333333333333333
898989898989898989898989
444444444444444444444444
444444444444444444444444
666666666666666666666666
555555555555555555555555
555555555555555555555555
555555555555555555555555
555555555555555555555555
666666666666666666666666
444444444444444444444444
444444444444444444444444
777777777777777777777777
777777777777777777777777
444444444444444444444444
333333333333333333333333
989898989898989898989898
444444444444444444444444
444444444444444444444444
666666666666666666666666
555555555555555555555555
555555555555555555555555
555555555555555555555555
555555555555555555555555
666666666666666666666666
444444444444444444444444
444444444444444444444444
777777777777777777777777
777777777777777777777777
444444444444444444444444
333333333333333333333333
989898989898989898989898
444444444444444444444444
444444444444444444444444
666666666666666666666666
555555555555555555555555
555555555555555555555555
555555555555555555555555
454545454545454545454545
666666666666666666666666
444444444444444444444444
444444444444444444444444
777777777777777777777777
777777777777777777777777
444444444444444444444444
333333333333333333333333
989898989898989898989898
444444444444444444444444
444444444444444444444444
666666666666666666666666
555555555555555555555555
555555555555555555555555
555555555555555555555555
545454545454545454545454
666666666666666666666666
444444444444444444444444
444444444444444444444444
777777777777777777777777
777777777777777777777777
444444444444444444444444
333333333333333333333333
989898989898989898989898
444444444444444444444444
444444444444444444444444
666666666666666666666666
555555555555555555555555
555555555555555555555555
555555555555555555555555
545454545454545454545454
565656565656565656565656
444444444444444444444444
444444444444444444444444
777777777777777777777777
777777777777777777777777
444444444444444444444444
333333333333333333333333
989898989898989898989898
444444444444444444444444
444444444444444444444444
666666666666666666666666
555555555555555555555555
555555555555555555555555
555555555555555555555555
545454545454545454545454
656565656565656565656565
444444444444444444444444
444444444444444444444444
777777777777777777777777
777777777777777777777777
444444444444444444444444
333333333333333333333333
989898989898989898989898
444444444444444444444444
444444444444444444444444
666666666666666666666666
555555555555555555555555
555555555555555555555555
454545454545454545454545
545454545454545454545454
656565656565656565656565
444444444444444444444444
444444444444444444444444
777777777777777777777777
777777777777777777777777
444444444444444444444444
333333333333333333333333
989898989898989898989898
444444444444444444444444
444444444444444444444444
666666666666666666666666
555555555555555555555555
555555555555555555555555
545454545454545454545454
545454545454545454545454
656565656565656565656565
444444444444444444444444
444444444444444444444444
777777777777777777777777
777777777777777777777777
444444444444444444444444
333333333333333333333333
989898989898989898989898
444444444444444444444444
444444444444444444444444
565656565656565656565656
555555555555555555555555
555555555555555555555555
545454545454545454545454
545454545454545454545454
656565656565656565656565
444444444444444444444444
444444444444444444444444
777777777777777777777777
777777777777777777777777
444444444444444444444444
333333333333333333333333
989898989898989898989898
444444444444444444444444
444444444444444444444444
656565656565656565656565
555555555555555555555555
555555555555555555555555
545454545454545454545454
545454545454545454545454
656565656565656565656565
444444444444444444444444
444444444444444444444444
777777777777777777777777
777777777777777777777777
444444444444444444444444
333333333333333333333333
989898989898989898989898
343434343434343434343434
444444444444444444444444
656565656565656565656565
555555555555555555555555
555555555555555555555555
545454545454545454545454
545454545454545454545454
656565656565656565656565
444444444444444444444444
444444444444444444444444
777777777777777777777777
777777777777777777777777
444444444444444444444444
333333333333333333333333
989898989898989898989898
434343434343434343434343
444444444444444444444444
656565656565656565656565
555555555555555555555555
555555555555555555555555
545454545454545454545454
545454545454545454545454
656565656565656565656565
444444444444444444444444
444444444444444444444444
777777777777777777777777
777777777777777777777777
444444444444444444444444
333333333333333333333333
989898989898989898989898
444444444444444444444444
444444444444444444444444
656565656565656565656565
555555555555555555555555
555555555555555555555555
545454545454545454545454
545454545454545454545454
656565656565656565656565
444444444444444444444444
444444444444444444444444
676767676767676767676767
777777777777777777777777
444444444444444444444444
333333333333333333333333
989898989898989898989898
444444444444444444444444
444444444444444444444444
656565656565656565656565
555555555555555555555555
555555555555555555555555
545454545454545454545454
545454545454545454545454
656565656565656565656565
343434343434343434343434
444444444444444444444444
676767676767676767676767
777777777777777777777777
444444444444444444444444
333333333333333333333333
989898989898989898989898
444444444444444444444444
444444444444444444444444
656565656565656565656565
555555555555555555555555
555555555555555555555555
545454545454545454545454
545454545454545454545454
656565656565656565656565
434343434343434343434343
444444444444444444444444
676767676767676767676767
676767676767676767676767
444444444444444444444444
333333333333333333333333
989898989898989898989898
444444444444444444444444
444444444444444444444444
656565656565656565656565
555555555555555555555555
555555555555555555555555
545454545454545454545454
545454545454545454545454
656565656565656565656565
444444444444444444444444
444444444444444444444444
676767676767676767676767
767676767676767676767676
444444444444444444444444
333333333333333333333333
989898989898989898989898
444444444444444444444444
444444444444444444444444
656565656565656565656565
555555555555555555555555
555555555555555555555555
545454545454545454545454
545454545454545454545454
656565656565656565656565
444444444444444444444444
444444444444444444444444
676767676767676767676767
777777777777777777777777
444444444444444444444444
232323232323232323232323
989898989898989898989898
444444444444444444444444
444444444444444444444444
656565656565656565656565
555555555555555555555555
555555555555555555555555
545454545454545454545454
545454545454545454545454
656565656565656565656565
444444444444444444444444
444444444444444444444444
676767676767676767676767
777777777777777777777777
444444444444444444444444
323232323232323232323232
989898989898989898989898
444444444444444444444444
444444444444444444444444
656565656565656565656565
555555555555555555555555
555555555555555555555555
545454545454545454545454
545454545454545454545454
656565656565656565656565
444444444444444444444444
444444444444444444444444
676767676767676767676767
777777777777777777777777
444444444444444444444444
333333333333333333333333
989898989898989898989898
444444444444444444444444
444444444444444444444444
656565656565656565656565
454545454545454545454545
555555555555555555555555
545454545454545454545454
545454545454545454545454
656565656565656565656565
444444444444444444444444
444444444444444444444444
676767676767676767676767
777777777777777777777777
444444444444444444444444
333333333333333333333333
989898989898989898989898
444444444444444444444444
444444444444444444444444
656565656565656565656565
545454545454545454545454
555555555555555555555555
545454545454545454545454
545454545454545454545454
656565656565656565656565
444444444444444444444444
444444444444444444444444
676767676767676767676767
777777777777777777777777
444444444444444444444444
333333333333333333333333
989898989898989898989898
444444444444444444444444
343434343434343434343434
656565656565656565656565
545454545454545454545454
555555555555555555555555
545454545454545454545454
545454545454545454545454
656565656565656565656565
444444444444444444444444
444444444444444444444444
676767676767676767676767
777777777777777777777777
444444444444444444444444
333333333333333333333333
989898989898989898989898
444444444444444444444444
434343434343434343434343
656565656565656565656565
545454545454545454545454
555555555555555555555555
545454545454545454545454
545454545454545454545454
656565656565656565656565
444444444444444444444444
444444444444444444444444
676767676767676767676767
777777777777777777777777
343434343434343434343434
333333333333333333333333
989898989898989898989898
444444444444444444444444
444444444444444444444444
656565656565656565656565
545454545454545454545454
555555555555555555555555
545454545454545454545454
545454545454545454545454
656565656565656565656565
444444444444444444444444
444444444444444444444444
676767676767676767676767
777777777777777777777777
434343434343434343434343
333333333333333333333333
989898989898989898989898
444444444444444444444444
444444444444444444444444
656565656565656565656565
545454545454545454545454
555555555555555555555555
545454545454545454545454
545454545454545454545454
656565656565656565656565
444444444444444444444444
444444444444444444444444
676767676767676767676767
777777777777777777777777
434343434343434343434343
333333333333333333333333
989898989898989898989898
444444444444444444444444
444444444444444444444444
656565656565656565656565
545454545454545454545454
454545454545454545454545
545454545454545454545454
545454545454545454545454
656565656565656565656565
444444444444444444444444
444444444444444444444444
676767676767676767676767
777777777777777777777777
434343434343434343434343
333333333333333333333333
989898989898989898989898
444444444444444444444444
444444444444444444444444
656565656565656565656565
545454545454545454545454
545454545454545454545454
545454545454545454545454
545454545454545454545454
656565656565656565656565
444444444444444444444444
444444444444444444444444
676767676767676767676767
777777777777777777777777
434343434343434343434343
333333333333333333333333
989898989898989898989898
444444444444444444444444
444444444444444444444444
656565656565656565656565
545454545454545454545454
545454545454545454545454
545454545454545454545454
545454545454545454545454
656565656565656565656565
444444444444444444444444
343434343434343434343434
676767676767676767676767
777777777777777777777777
434343434343434343434343
333333333333333333333333
989898989898989898989898
444444444444444444444444
444444444444444444444444
656565656565656565656565
545454545454545454545454
545454545454545454545454
545454545454545454545454
545454545454545454545454
656565656565656565656565
444444444444444444444444
434343434343434343434343
676767676767676767676767
777777777777777777777777
434343434343434343434343
333333333333333333333333
989898989898989898111111
444444444444444444444444
444444444444444444444444
656565656565656565656565
545454545454545454545454
545454545454545454545454
545454545454545454545454
545454545454545454541414
656565656565656565651515
444444444444444444444444
444444444444444444444444
676767676767676767676767
777777777777777777777777
444444444444444444444444
333333333333333333333333
989898989898989898989898
444444444444444444444444
444444444444444444444444
666666666666666666666666
555555555555555555555555
555555555555555555555555
585858585858585858585858
545454545454545454545454
656565656565656565656565
444444444444444444444444
444444444444444444444444
777777777757575757575757
777777777777777777777777
444444444444444444444444
333333333333333333333333
999999999999999999999999
444444444444444444444444
444444444444444444444444
666666666661616161616161
555555555555555555555555
999999999999999999999999
555555555555555555555555
555555555555555555555555
666666666666666666666666
454545454545454545454545
444444444444444444444444
777777777777777777777777
777777777777777777777777
444444444444444444444444
333333333333333333333333
989898989898989898989898
494949494949494949494949
444444444444444444444444
666666666666666666666666
555555555555555555555555
555555555555555555555555
555555555555555555555555
545454545454545454545454
656565656565656565656565
444444444444444444444444
444444444444444444444444
777777777777777777777777
777777777777777777777777
444444444444444444444444
131313131313131313131313
989898989898989898989898
494949494949494949494949
444444444444444444444444
666666666666666666666666
555555555555555555555555
555555555555555555555555
555555555555555555555555
545454545454545454545454
656565656565656565656565
444444444444444444444444
444444444444444444444444
777777777777777777777777
777777777777777777777777
444444444444444444444444
333333333333333333333333
989898989898989898989898
444444444444444444444444
444444444444444444444444
959595959595959595959595
545454545454545454545454
555555555555555555555555
545454545454545454545454
545454545454545454545454
656565656565656565656565
444444444444444444444444
444444444444444444444443
676767676767676767676767
777777777777777777777777
444444444444444444444444
333333333333333333333333
989898989898989898989898
444444444444444444444444
545454545454545454545454
656565656565656565656565
545454545454545454545454
555555555555555555555555
545454545454545454545454
545454545454545454545454
656565656565656565656565
444444444444444444444444
444444444444444444444444
676767676767676767676767
777777777777777777777777
444444444444444444444444
333333333333333333333333
999999999999999999999999
444444444444444444444444
444444444444444444444444
666666666666666666666666
555555555555555555555555
999999999696969696969696
555555555555555555555555
555555555555555555555555
666666666666666666666666
444444444444444444444444
999999999999999999999999
979797979797979797979797
777777777777777777777777
444444444444444444444444
333333333333333333333333
989898989898989898989898
444444444444444444444444
474747474747474747474747
666666666666666666666666
555555555555555555555555
555555555555555555555555
555555555555555555555555
545454545454545454545454
666666666666666666666666
444444444444444444444444
444444444444444444444444
777777777777777777777777
999999999999999999999999
444444444444444444444444
535353535353535353535353
888888888888888888888888
444444444444444444444444
999999999999999999999999
999999999999999999999999
999949494949494949494949
999999999999999999999999
555555555555555555555555
555555555555555555555555
666666666666666666666666
444444444444444444444444
999999999999999999999999
999999999999999999999999
777777777777777777777777
444444444444444444444444
333333333333333333333333
989898989898989898989898
444444444444444444444444
444444444444444444444444
959595959595959595959595
545454545454545454545454
555555555555555555555555
545454545454545454545454
545454545454545454545454
656565656565656565656565
444444444444444444444444
949494949494949494949493
676767676767676767676767
777777777777777777777777
444444444444444444444444
333333333333333333333333
999999999999999999999999
444444444444444444444444
474747474747474747474747
666666666666666666666666
555555555555555555555555
555555555555555555555555
555555555555555555555555
545454545454545454545454
666666666666666666666666
444444444444444444444444
444444444444444444444444
777777777777777777777777
999999999999999999999999
999999999999999999999999
333333333333333333333333
999999999999999999997979
444444444444444444444444
999999999999999999999999
999999999999999999999999
999999999999999999999999
999999999999999999999999
555555555555555555555555
595959595959595959595959
666666666666666666666666
444444444444444444444444
999999999999999999999999
999999999999999999999999
777777777777777777777777
444444444444444444444444
333333333333333333333333
999999999999999999999999
444444444444444444444444
444444444444444444444444
666666666666666666666666
555555555555555555555555
999999999696969696969696
555555555555555555555555
555555555555555555555555
686868686868686868686868
444444444444444444444444
999999999999999999999999
979797979797979797979797
777777777777777777777777
444444444444444444444444
333333333333333333333333
989898989898989898989898
444444444444444444444444
444444444444444444444444
656565656565656565656565
555555555555555555555555
555555555555555555555555
545454545454545454545454
646464646464646464646464
656565656565656565656565
444444444444444444444444
444444444444444444444444
676767676767676767676767
999999999999999999999999
444444444444444444444444
333333333333333333333333
999999999999999999999999
444444444444444444444444
444444444444444444444444
666666666666666666666666
555555555555555555555555
999999999999999999999999
555555555555555555555555
656565656565656565656565
666666666666666666666666
444444444444444444444444
999999999999999999999999
999999999999999999999999
999999999999999999999999
999999999999999999999999
333333333333333333333333
999999999999999999999898
999999999999999999999999
999999999999999999999999
999999999999999999999999
999999999999999999999999
797979797979797979797979
999999999999999999999999
555555555555555555555555
999999999999999999999999
999999999999999999999999
999999999999999999999999
999999999999999999999999
999999999999999999999999
444444444443434343434343
333333333333333333333333
999999999999999999999999
444444444444444444444444
999999999999999999999999
999999999999999999999999
999999999999999999999999
999999999999999999999999
595959595959595959595959
555555555555555555555555
666666666666666666666666
444444444444444444444444
999999999999999999999999
999999999999999999999999
999999999999999999999999
444444444444444444444444
333333333333333332323232
999999999999999999999999
444444444444444444444444
949494949494949494949494
666666666666666666666666
666666666666666666666666
999999999999999999999999
555555555555555555555555
555555555555555555555555
666666666666666666666666
444444444444444444444444
999999999999999999999999
999999999999999999999999
797979797979797979797979
444444444444444444444444
333333333333333333333333
898989898989898989898989
444444444444444444444444
444444444444444444444444
666666666666666666666666
555555555555555555555555
555555555555555555555555
555555555555555555555555
555555555555555555555555
666666666666666666666666
444444444444444444444444
444444444444444444444444
777777777777777777777777
999999999999999999999999
444444444444444444444444
333333333333333333333333
999999999999999999999999
444444444444444444444444
444444444444444444444444
666666666666666666666666
555555555555555555555555
999999999999999999999999
555535353535353535353535
656565656565656565656565
666666666666666666666666
444444444444444444444444
999999999999999999999999
999999999999999999999999
777777777777777777777777
444444444444444444444444
333333333333333333333333
989898989898989898989898
444444444444444444444444
444444444444444444444444
656565656565656565656565
555555555555555555555555
555555555555555555555555
545454545454545454545454
545454545454545454545454
696969696969696969696969
444444444444444444444444
444444444444444444444444
676767676767676767676767
777777777777777777777777
131313131313131313131313
333333333333333333333333
989898989898989898989898
444444444444444444444444
444444444444444444444444
656565656565656565656565
545454545454545454545454
545454545454545454545454
545454545454545454545454
545454545454545454545454
656565656565656565656565
444444444444444444444444
434343434343434343434343
676767676767272727272727
777777777777777777777777
444444444444444444444444
333333333333333333333333
989898989898989898989898
444444444444444444444444
545454545454545454545454
656565656565656565656565
545454545454545454545454
555555555555555555555555
545454545454545454545454
545454545454545454545454
656565656565656565656565
484848484848484848484848
444444444444444444444444
676767676767676767676767
