3367540481
10 8 100
9999999999999999
9999999999999999
9999999999999999
9999999999999999
9999999999999999
9999999999999999
9999999999999999
9999999999999999
9999999999999999
9999999999999999
9999999999999999
9999999999999999
9999999999999999
9999999999999999
9999999999999999
9999999999999999
9999999999999999
9999999999999999
9999999999999999
5555555555555555
9999999999999999
9999999999999999
9999999999999999
9999999999999999
9999999999999999
9999999999999999
9999999999999999
9999999999999999
9999999999999999
3333333333333333
9999999999999999
9999999999999999
9999999999999999
9999999999999999
9999999999999999
9999999999999999
9999999999999999
9999999999999999
9999999999999999
4444444444444444
9999999999999999
9999999999999999
5555555555555555
9999999999999999
9999999999999999
9999999999999999
9999999999999999
9999999999999999
9999999999999999
5555555555555555
9999999999999999
9999999999999999
3333333333333333
9999999999999999
9999999999999999
9999999999999999
9999999999999999
9999999999999999
9999999999999999
5555555555555555
9999999999999999
9999999999999999
4444444444444444
9999999999999999
9999999999999999
9999999999999999
9999999999999999
9999999999999999
9999999999999999
5555555555555555
9999999999999999
9999999999999999
4444444444444444
9999999999999999
9999999999999999
9999999999999999
9999999999999999
4444444444444444
9999999999999999
5555555555555555
9999999999999999
9999999999999999
4444444444444444
9999999999999999
9999999999999999
9999999999999999
9999999999999999
6666666666666666
9999999999999999
5555555555555555
9999999999999999
9999999999999999
4444444444444444
9999999999999999
9999999999999999
9999999999999999
9999999999999999
5555555555555555
9999999999999999
5555555555555555
9999999999999999
9999999999999999
4444444444444444
9999999999999999
4444444444444444
9999999999999999
9999999999999999
5555555555555555
9999999999999999
5555555555555555
9999999999999999
9999999999999999
4444444444444444
9999999999999999
6666666666666666
9999999999999999
9999999999999999
5555555555555555
9999999999999999
5555555555555555
9999999999999999
9999999999999999
4444444444444444
9999999999999999
5555555555555555
9999999999999999
9999999999999999
5555555555555555
9999999999999999
5555555555555555
9999999999999999
9999999999999999
4444444444444444
9999999999999999
5555555555555555
4444444444444444
9999999999999999
5555555555555555
9999999999999999
5555555555555555
9999999999999999
9999999999999999
4444444444444444
9999999999999999
5555555555555555
6666666666666666
9999999999999999
5555555555555555
9999999999999999
5555555555555555
9999999999999999
9999999999999999
4444444444444444
9999999999999999
5555555555555555
5555555555555555
9999999999999999
5555555555555555
9999999999999999
5555555555555555
9999999999999999
5555555555555555
4444444444444444
9999999999999999
5555555555555555
5555555555555555
9999999999999999
5555555555555555
9999999999999999
5555555555555555
9999999999999999
3333333333333333
4444444444444444
9999999999999999
5555555555555555
5555555555555555
9999999999999999
5555555555555555
9999999999999999
5555555555555555
9999999999999999
4444444444444444
4444444444444444
9999999999999999
5555555555555555
5555555555555555
9999999999999999
5555555555555555
9999999999999999
5555555555555555
9999999999999999
4444444444444444
4444444444444444
9999999999999999
5555555555555555
5555555555555555
9999999999999999
5555555555555555
6666666666666666
5555555555555555
9999999999999999
4444444444444444
4444444444444444
9999999999999999
5555555555555555
5555555555555555
9999999999999999
5555555555555555
3333333333333333
5555555555555555
9999999999999999
4444444444444444
4444444444444444
9999999999999999
5555555555555555
5555555555555555
9999999999999999
5555555555555555
4444444444444444
5555555555555555
9999999999999999
4444444444444444
4444444444444444
9999999999999999
5555555555555555
5555555555555555
5555555555555555
5555555555555555
6666666666666666
5555555555555555
9999999999999999
4444444444444444
4444444444444444
9999999999999999
5555555555555555
5555555555555555
7777777777777777
5555555555555555
6666666666666666
5555555555555555
9999999999999999
4444444444444444
4444444444444444
9999999999999999
5555555555555555
5555555555555555
6666666666666666
5555555555555555
6666666666666666
5555555555555555
5555555555555555
4444444444444444
4444444444444444
9999999999999999
5555555555555555
5555555555555555
6666666666666666
5555555555555555
6666666666666666
5555555555555555
7777777777777777
4444444444444444
4444444444444444
9999999999999999
5555555555555555
5555555555555555
6666666666666666
5555555555555555
6666666666666666
5555555555555555
6666666666666666
4444444444444444
4444444444444444
9999999999999999
5555555555555555
5555555555555555
6666666666666666
5555555555555555
6666666666666666
5555555555555555
6666666666666666
4444444444444444
4444444444444444
4444444444444444
5555555555555555
5555555555555555
6666666666666666
5555555555555555
6666666666666666
5555555555555555
6666666666666666
4444444444444444
4444444444444444
6666666666666666
5555555555555555
5555555555555555
6666666666666666
5555555555555555
6666666666666666
5555555555555555
6666666666666666
4444444444444444
4444444444444444
7777777777777777
5555555555555555
5555555555555555
6666666666666666
5555555555555555
6666666666666666
5555555555555555
6666666666666666
4444444444444444
4444444444444444
7777777777777777
5555555555555555
5555555555551515
6666666666666666
5555555555555515
6666666666666666
5555555555555555
6666666666666666
4444444444444444
4444444444444444
7777777777777777
5555555555555555
5555555555555555
6666666666666666
5555555555555555
6666666666666666
4545454545454545
6666666666666666
4444444444444444
4444444444444444
7777777777777777
5555555555555555
5555555555555555
6666666666666666
5555555555555555
6666666666666666
5454545454545454
6666666666666666
4444444444444444
4444444444444444
7777777777777777
5555555555555555
5555555555555555
6666666666666666
4545454545454545
6666666666666666
5555555555555555
6666666666666666
4444444444444444
4444444444444444
7777777777777777
5555555555555555
5555555555555555
6666666666666666
5454545454545454
6666666666666666
5555555555555555
6666666666666666
4444444444444444
4444444444444444
7777777777777777
5555555555555555
4545454545454545
6666666666666666
5555555555555555
6666666666666666
5555555555555555
6666666666666666
4444444444444444
4444444444444444
7777777777777777
5555555555555555
5454545454545454
6666666666666666
5555555555555555
6666666666666666
5555555555555555
6666666666666666
4444444444444444
4444444444444444
7777777777777777
4545454545454545
5555555555555555
6666666666666666
5555555555555555
6666666666666666
5555555555555555
6666666666666666
4444444444444444
4444444444444444
7777777777777777
5454545454545454
5555555555555555
6666666666666666
5555555555555555
6666666666666666
5555555555555555
6666666666666666
4444444444444444
3434343434343434
7777777777777777
5555555555555555
5555555555555555
6666666666666666
5555555555555555
6666666666666666
5555555555555555
6666666666666666
4444444444444444
4343434343434343
7777777777777777
5555555555555555
5555555555555555
6666666666666666
5555555555555555
6666666666666666
5555555555555555
6666666666666666
4444444444444444
4444444444444444
7777777777777777
5555555555555555
5555555555555555
6666666666666666
5555555555555555
5656565656565656
5555555555555555
6666666666666666
4444444444444444
4444444444444444
7777777777777777
5555555555555555
5555555555555555
6666666666666666
5555555555555555
6565656565656565
5555555555555555
6666666666666666
4444444444444444
4444444444444444
6767676767676767
5555555555555555
5555555555555555
6666666666666666
5555555555555555
6666666666666666
5555555555555555
6666666666666666
4444444444444444
4444444444444444
6767676767676767
5555555555555555
5555555555555555
5656565656565656
5555555555555555
6666666666666666
5555555555555555
6666666666666666
4444444444444444
4444444444444444
6767676767676767
5555555555555555
5555555555555555
6565656565656565
5555555555555555
6666666666666666
5555555555555555
6666666666666666
3434343434343434
4444444444444444
6767676767676767
5555555555555555
5555555555555555
6666666666666666
5555555555555555
6666666666666666
5555555555555555
6666666666666666
4343434343434343
4444444444444444
6767676767676767
5555555555555555
5555555555555555
6666666666666666
5555555555555555
6666666666666666
5555555555555555
5656565656565656
4444444444444444
4444444444444444
6767676767676767
5555555555555555
5555555555555555
6666666666666666
5555555555555555
6666666666666666
5555555555555555
6565656565656565
4444444444444444
4444444444444444
6767676767676767
5555555555555555
5555555555555555
6666666666666666
5555555555555555
6666666666666666
5555555555555555
6565656565656565
4444444444444444
4444444444444444
6767676767676767
5555555555555555
5555555555551515
6666666666666666
5555555555555515
6666666666666666
5555555555555555
6666666666666666
4444444444444444
4444444444444444
7777777777777777
5555555555555555
5555555555555555
6969696969696969
5555555555555555
6666666666666666
5555555555555555
9595959595959595
4444444444444444
4444444444444444
6767676767676767
5555552525252525
5555555555555555
6666666666666666
5555555555555555
6666666666666666
5555555555555555
6262626262626262
4444444444444444
4444444444444444
6767676767676767
5555555555552525
5555555555555555
6666666666666666
5555555555555555
6666666666666666
5555555555555555
9999999999999999
9999999999999999
4444444444444444
9999999999999999
9999999999999999
9999999999999999
9999999999999999
9999999999999999
9999999999999999
8585858585858585
9999999999999999
9999999999999898
4444444444444444
9999999999999999
6666666666666666
9696969696969696
9999999999999999
5555555555555555
9999999999999999
5555555555555555
9999999999999999
4444444444444444
4444444444444444
9999999999999999
5555555555555555
5959595959595959
9999999999999998
5555555555555555
9999999999999999
5555555555555555
9999999999999999
9999999999999999
4545454545454545
9999999999999999
9999999999999696
9999999999999999
9999999999999999
6666666666666666
9999999999999999
5555555555555555
9999999999999999
9999999999999999
4444444444444444
9999999999999999
5555555555555555
5555555555555555
9999999999999999
5555555555555555
9999999999999999
5555555525252525
9999999999999999
4444444444444444
5454545454545454
9999999999999999
5555555555555555
5959595959595959
9999999999999998
5555555555555555
9999999999999999
5555555555555555
6565656565656565
4444444444444444
4444444444444444
6767676767676767
5555555555555555
5555555555555555
6666666666666666
5555555555555555
6666666666666666
7575757575757575
9999999999999999
4444444444444444
4444444444444444
9999999999999999
5555555555555555
5555555555555555
9999999999999999
5555555555555555
6666666666666666
5959595959595959
6666666666666666
4444444444444444
4444444444444444
7777774747474747
5555555555555555
5555555555555555
6666666666666666
5555555555555555
6969696969696969
5555555555555555
6666666666666666
4545454545454545
4444444444444444
7777777777777777
5555555555555555
5555555555555555
6666666666666666
5555555555555555
6666666666666666
5555555555555555
6666666666666666
4444444444444444
4444444444444444
6767676767676767
5555555555555555
5555555555555555
6666666666666626
5555555555555555
7676767676767676
5555555555555555
9999999999999999
5555555555555555
4444444444444444
9999999999999999
5555555555555555
5555555555555555
9999999999999999
6565656565656565
9999999999999999
5555555555555555
6565656565656565
4444444444444444
4444444444444444
6767676767676767
5555555555555555
3535353535353535
6666666666666666
5555555555555555
6666666666666666
5555555555555555
9999999999999999
5555555555555555
4444444444444444
9999999999999999
5555555555555555
5555555555555555
9999999999999999
6969696969696969
9999999999999999
5555555555555555
6565656565656565
4444444444444444
7474747474747474
6767676767676767
5555555555555555
5555555555555555
6666661616161616
5555555555555555
6666666666666666
5555555555555555
9999999999999999
9999999999999898
4444444444444444
9999999997979797
6666666666666666
9696969696969696
9999999999999999
9595959595959595
9999999999999999
5555555555555555
6666666666666666
4444444444444444
4444444444444434
9999999999999999
6565656565656565
5555555555555555
6666666666666666
5555555555555555
6666666666666666
5555555555555555
9999999999999999
4747474747474747
4444444444444444
9999999999999999
5555555555555555
5555555555555555
9999999999999999
5555555555151515
6666666666666666
5959595959595959
6565656565656565
4444444444444444
4444444444444444
6767676767676767
5555555555555555
5555555555555555
6666666666666666
5555555555555555
6666664646464646
9595959595959595
9999999999999999
9999999999999999
4646464646464646
9999999997979797
6666666666666666
9696969696969696
9999999999999999
9595959595959595
9999999999999999
5555555555555555
9898989898989898
4444444444444444
4444444444444444
9999999999999999
5555555555555555
5555555555555555
6666666666666666
5555555555555555
6666666666666666
5555555555555555
9999999999999999
9999999999999999
4444444444444444
9999999999999999
6666666666666666
9999999999999999
9999999999999999
5555555252525252
9999999999999999
5555555555555555
9999999999999999
9999999999999999
4545454545454545
9999999999999999
9999999999999999
9999999999999999
9999999999999999
6666666666666666
9999999999999999
5555555555555555
9999999999999999
4444444444444444
4444444444444444
9999999999999999
5555555555555555
9595959595959595
6666666666666666
5555555555555555
6666666666666666
5555555555555555
9999999999999999
4444444444444444
4444444444444444
9999999999999999
5555555555555555
5959595959595959
9999999999999999
5555555555555555
6666666666666666
5959595959595959
6969696969696969
4444444444444444
4444444444444444
6767676767676767
5555555555555555
5555555555555555
6666666666666666
5555555555525252
6666666666666666
7575757575757575
9999999999999999
4444444444444444
4444444444444444
9999999999999999
5555555555555555
6969696969696969
9999999999999999
5555555555515151
6666666666666666
5959595959595959
6666666666666666
4444444444444444
4444444444444444
6767676767676767
5555555555555555
5555555555555555
6868686868686828
5555555555555555
7676767676767676
5555555555555555
9999999999999999
9999999999999999
4545454545454545
9999999999999999
9999999999999999
9999999999999999
9999999999999999
6666666666666666
9999999999999999
5959595959595959
9999999999999999
5959595959595959
4444444444444444
9999999999999999
5555555555555555
5555555555555555
9999999999999999
5555555555555555
9999999999999999
5555555555555555
1919191919191919
4444444444444444
4444444444444444
6767676767676767
5555555555555555
5555555555555555
6666666666666666
5555555555555555
6666666666666666
7575757575757575
9898989898989898
4444444444444444
4444444444444444
9999999999999999
5555555555555555
9595959595959595
6666666666666666
5555555555555555
6666666666666666
5555555555555555
6161616161616161
4444444444444444
4444444444444444
6767676767676767
5555555555555555
5555555555555555
6666666666666666
5555555555555555
6666666666666666
5555555555555555
9999999999999999
4444444444444444
4444444444444444
9999999999999999
5555555555555555
6969696969696969
9999999999999999
5555555555555555
6666666666666666
5858585858585858
2626262626262626
4444444444444444
4444444444444444
6767676767676767
5555555555555555
5555555555555555
6666666666666666
5555555555555555
6666666666666666
5555555555555555
9999999999999999
4444444444444444
4242424242424242
9999999999999999
5555555555555555
5555555555555555
7777777777777777
5555555555555555
6666666666666666
5555555555555555
9797979797979797
4444444444444444
4444444444444444
9999999999999999
5555555555555555
5959595959595959
9999999999999999
5555555555555555
6666666666666666
5959595959595959
6666666666666666
4545454545454545
4444444444444444
7979797979797979
5555555555555555
5555555555555555
6666666666666666
5555555555555555
6666666666666666
5555555555555555
6666666666666666
4545454545454545
4444444444444444
9999999999999999
5555555555555555
5555555555555555
6666666666666666
5555555555555555
6666666666666666
5555555555555555
9999999999999999
9999999999999999
4444444444444444
9999999999999999
5959595959595959
9999999999999999
9999999999999999
5555555555555555
9999999999999999
5555555555555555
9999999999999999
5555555555555555
4444444444444444
9999999999999999
5555555555555555
9595959595959595
9999999999999999
6565656565656565
9999999999999999
5555555555555555
9797979797979797
4444444444444444
4444444444444444
9999999999999999
5555555555555555
5959595959595959
9999999999999999
5555555555555555
9999999999999999
5555555555555555
9999999999999999
9999999999999999
4444444444444444
9999999999999999
9696969696969696
9999999999999999
9999999999999999
5555555252525252
9999999999999999
5555555555555555
9999999999999999
5959595959595959
4444444444444444
9999999999999999
5555555555555555
9595959595959595
9999999999999999
5555555555555555
9999999999999999
5555555555555555
9999999999999999
4444444444444444
4444444444444444
9999999999999999
5555555555555555
4545454545454545
9999999999999999
5555555555555555
6666666665656565
5555555555555555
