2828279746
15 9 300
999999999999999999
999999999999999999
999999999999999999
999999999999999999
999999999999999999
999999999999999999
999999999999999999
999999999999999999
999999999999999999
999999999999999999
999999999999999999
999999999999999999
999999999999999999
999999999999999999
999999999999999999
999999999999999999
999999999999999999
999999999999999999
999999999999999999
999999999999999999
999999999999999999
999999999999999999
999999999999999999
595959595959595959
999999999999999999
999999999999999999
999999999999999999
999999999999999999
999999999999999999
999999999999999999
999999999999999999
999999999999999999
999999999999999999
999999999999999999
999999999999999999
999999999999999999
999999999999999999
999999999999999999
393939393939393939
999999999999999999
999999999999999999
999999999999999999
999999999999999999
999999999999999999
999999999999999999
999999999999999999
999999999999999999
999999999999999999
999999999999999999
999999999999999999
999999999999999999
999999999999999999
999999999999999999
494949494949494949
999999999999999999
999999999999999999
999999999999999999
999999999999999999
999999999999999999
999999999999999999
999999999999999999
999999999999999999
999999999999999999
999999999999999999
999999999999999999
999999999999999999
999999999999999999
999999999999999999
494949494949494949
999999999999999999
595959595959595959
999999999999999999
999999999999999999
999999999999999999
999999999999999999
999999999999999999
999999999999999999
999999999999999999
999999999999999999
999999999999999999
999999999999999999
999999999999999999
999999999999999999
494949494949494949
999999999999999999
393939393939393939
999999999999999999
999999999999999999
999999999999999999
999999999999999999
999999999999999999
999999999999999999
999999999999999999
999999999999999999
999999999999999999
999999999999999999
999999999999999999
999999999999999999
494949494949494949
999999999999999999
292929292929292929
999999999999999999
999999999999999999
999999999999999999
999999999999999999
999999999999999999
999999999999999999
999999999999999999
999999999999999999
999999999999999999
999999999999999999
999999999999999999
999999999999999999
454545454545454545
999999999999999999
393939393939393939
999999999999999999
999999999999999999
999999999999999999
999999999999999999
999999999999999999
999999999999999999
999999999999999999
999999999999999999
999999999999999999
999999999999999999
999999999999999999
999999999999999999
434343434343434343
999999999999999999
393939393939393939
999999999999999999
999999999999999999
999999999999999999
999999999999999999
999999999999999999
999999999999999999
999999999999999999
999999999999999999
999999999999999999
999999999999999999
999999999999999999
999999999999999999
444444444444444444
999999999999999999
393939393939393939
999999999999999999
999999999999999999
999999999999999999
999999999999999999
999999999999999999
999999999999999999
999999999999999999
999999999999999999
999999999999999999
999999999999999999
999999999999999999
999999999999999999
444444444444444444
999999999999999999
353535353535353535
999999999999999999
999999999999999999
999999999999999999
999999999999999999
999999999999999999
999999999999999999
999999999999999999
999999999999999999
999999999999999999
999999999999999999
999999999999999999
999999999999999999
444444444444444444
999999999999999999
333333333333333333
999999999999999999
999999999999999999
999999999999999999
999999999999999999
999999999999999999
999999999999999999
999999999999999999
999999999999999999
999999999999999999
999999999999999999
999999999999999999
999999999999999999
444444444444444444
999999999999999999
323232323232323232
999999999999999999
999999999999999999
999999999999999999
999999999999999999
999999999999999999
999999999999999999
999999999999999999
595959595959595959
999999999999999999
999999999999999999
999999999999999999
999999999999999999
444444444444444444
999999999999999999
323232323232323232
999999999999999999
999999999999999999
999999999999999999
999999999999999999
999999999999999999
999999999999999999
999999999999999999
393939393939393939
999999999999999999
999999999999999999
999999999999999999
999999999999999999
444444444444444444
999999999999999999
323232323232323232
999999999999999999
999999999999999999
999999999999999999
999999999999999999
999999999999999999
999999999999999999
999999999999999999
494949494949494949
999999999999999999
999999999999999999
999999999999999999
999999999999999999
444444444444444444
999999999999999999
323232323232323232
999999999999999999
999999999999999999
999999999999999999
999999999999999999
999999999999999999
999999999999999999
999999999999999999
494949494949494949
999999999999999999
999999999999999999
999999999999999999
999999999999999999
444444444444444444
999999999999999999
323232323232323232
595959595959595959
999999999999999999
999999999999999999
999999999999999999
999999999999999999
999999999999999999
999999999999999999
494949494949494949
999999999999999999
999999999999999999
999999999999999999
999999999999999999
444444444444444444
999999999999999999
323232323232323232
393939393939393939
999999999999999999
999999999999999999
999999999999999999
999999999999999999
999999999999999999
999999999999999999
494949494949494949
999999999999999999
999999999999999999
999999999999999999
999999999999999999
444444444444444444
999999999999999999
323232323232323232
494949494949494949
999999999999999999
999999999999999999
999999999999999999
999999999999999999
999999999999999999
999999999999999999
494949494949494949
999999999999999999
999999999999999999
595959595959595959
999999999999999999
444444444444444444
999999999999999999
323232323232323232
595959595959595959
999999999999999999
999999999999999999
999999999999999999
999999999999999999
999999999999999999
999999999999999999
494949494949494949
999999999999999999
999999999999999999
797979797979797979
999999999999999999
444444444444444444
999999999999999999
323232323232323232
595959595959595959
999999999999999999
999999999999999999
999999999999999999
999999999999999999
999999999999999999
999999999999999999
494949494949494949
999999999999999999
999999999999999999
696969696969696969
999999999999999999
444444444444444444
999999999999999999
323232323232323232
595959595959595959
999999999999999999
999999999999999999
999999999999999999
999999999999999999
999999999999999999
999999999999999999
454545454545454545
999999999999999999
999999999999999999
797979797979797979
999999999999999999
444444444444444444
999999999999999999
323232323232323232
595959595959595959
999999999999999999
999999999999999999
999999999999999999
999999999999999999
999999999999999999
999999999999999999
434343434343434343
999999999999999999
999999999999999999
797979797979797979
999999999999999999
444444444444444444
999999999999999999
323232323232323232
595959595959595959
999999999999999999
999999999999999999
999999999999999999
999999999999999999
999999999999999999
999999999999999999
424242424242424242
999999999999999999
999999999999999999
797979797979797979
999999999999999999
444444444444444444
999999999999999999
323232323232323232
595959595959595959
999999999999999999
999999999999999999
999999999999999999
999999999999999999
999999999999999999
999999999999999999
434343434343434343
999999999999999999
999999999999999999
797979797979797979
999999999999999999
444444444444444444
999999999999999999
323232323232323232
555555555555555555
999999999999999999
999999999999999999
999999999999999999
999999999999999999
999999999999999999
999999999999999999
434343434343434343
999999999999999999
999999999999999999
797979797979797979
999999999999999999
444444444444444444
999999999999999999
323232323232323232
575757575757575757
999999999999999999
999999999999999999
999999999999999999
999999999999999999
999999999999999999
999999999999999999
434343434343434343
999999999999999999
999999999999999999
797979797979797979
999999999999999999
444444444444444444
999999999999999999
323232323232323232
585858585858585858
999999999999999999
999999999999999999
999999999999999999
999999999999999999
595959595959595959
999999999999999999
434343434343434343
999999999999999999
999999999999999999
797979797979797979
999999999999999999
444444444444444444
999999999999999999
323232323232323232
595959595959595959
999999999999999999
999999999999999999
999999999999999999
999999999999999999
393939393939393939
999999999999999999
434343434343434343
999999999999999999
999999999999999999
797979797979797979
999999999999999999
444444444444444444
999999999999999999
323232323232323232
595959595959595959
999999999999999999
999999999999999999
999999999999999999
999999999999999999
292929292929292929
999999999999999999
434343434343434343
999999999999999999
999999999999999999
797979797979797979
999999999999999999
444444444444444444
999999999999999999
323232323232323232
595959595959595959
999999999999999999
999999999999999999
999999999999999999
999999999999999999
393939393939393939
999999999999999999
434343434343434343
999999999999999999
999999999999999999
757575757575757575
999999999999999999
444444444444444444
999999999999999999
323232323232323232
595959595959595959
999999999999999999
999999999999999999
999999999999999999
999999999999999999
393939393939393939
999999999999999999
434343434343434343
999999999999999999
999999999999999999
737373737373737373
999999999999999999
444444444444444444
999999999999999999
323232323232323232
595959595959595959
999999999999999999
999999999999999999
999999999999999999
999999999999999999
393939393939393939
999999999999999999
434343434343434343
999999999999999999
999999999999999999
727272727272727272
999999999999999999
444444444444444444
999999999999999999
323232323232323232
595959595959595959
999999999999999999
999999999999999999
999999999999999999
595959595959595959
393939393939393939
999999999999999999
434343434343434343
999999999999999999
999999999999999999
727272727272727272
999999999999999999
444444444444444444
999999999999999999
323232323232323232
595959595959595959
999999999999999999
999999999999999999
999999999999999999
797979797979797979
393939393939393939
999999999999999999
434343434343434343
999999999999999999
999999999999999999
727272727272727272
999999999999999999
444444444444444444
999999999999999999
323232323232323232
595959595959595959
999999999999999999
999999999999999999
999999999999999999
898989898989898989
393939393939393939
999999999999999999
434343434343434343
999999999999999999
999999999999999999
727272727272727272
999999999999999999
444444444444444444
999999999999999999
323232323232323232
595959595959595959
999999999999999999
999999999999999999
999999999999999999
999999999999999999
393939393939393939
999999999999999999
434343434343434343
999999999999999999
595959595959595959
727272727272727272
999999999999999999
444444444444444444
999999999999999999
323232323232323232
595959595959595959
999999999999999999
999999999999999999
999999999999999999
999999999999999999
393939393939393939
999999999999999999
434343434343434343
999999999999999999
797979797979797979
727272727272727272
999999999999999999
444444444444444444
999999999999999999
323232323232323232
595959595959595959
999999999999999999
999999999999999999
999999999999999999
999999999999999999
393939393939393939
999999999999999999
434343434343434343
999999999999999999
898989898989898989
727272727272727272
999999999999999999
444444444444444444
999999999999999999
323232323232323232
595959595959595959
999999999999999999
999999999999999999
999999999999999999
999999999999999999
353535353535353535
999999999999999999
434343434343434343
999999999999999999
898989898989898989
727272727272727272
999999999999999999
444444444444444444
999999999999999999
323232323232323232
595959595959595959
999999999999999999
999999999999999999
999999999999999999
999999999999999999
373737373737373737
999999999999999999
434343434343434343
999999999999999999
898989898989898989
727272727272727272
999999999999999999
444444444444444444
999999999999999999
323232323232323232
595959595959595959
999999999999999999
999999999999999999
999999999999999999
999999999999999999
363636363636363636
999999999999999999
434343434343434343
999999999999999999
898989898989898989
727272727272727272
999999999999999999
444444444444444444
999999999999999999
323232323232323232
595959595959595959
999999999999999999
999999999999999999
999999999999999999
999999999999999999
373737373737373737
999999999999999999
434343434343434343
999999999999999999
898989898989898989
727272727272727272
595959595959595959
444444444444444444
999999999999999999
323232323232323232
595959595959595959
999999999999999999
999999999999999999
999999999999999999
999999999999999999
373737373737373737
999999999999999999
434343434343434343
999999999999999999
898989898989898989
727272727272727272
393939393939393939
444444444444444444
999999999999999999
323232323232323232
595959595959595959
999999999999999999
999999999999999999
999999999999999999
999999999999999999
373737373737373737
999999999999999999
434343434343434343
999999999999999999
898989898989898989
727272727272727272
494949494949494949
444444444444444444
999999999999999999
323232323232323232
595959595959595959
999999999999999999
999999999999999999
999999999999999999
959595959595959595
373737373737373737
999999999999999999
434343434343434343
999999999999999999
898989898989898989
727272727272727272
494949494949494949
444444444444444444
999999999999999999
323232323232323232
595959595959595959
999999999999999999
999999999999999999
999999999999999999
939393939393939393
373737373737373737
999999999999999999
434343434343434343
999999999999999999
898989898989898989
727272727272727272
494949494949494949
444444444444444444
999999999999999999
323232323232323232
595959595959595959
999999999999999999
999999999999999999
999999999999999999
929292929292929292
373737373737373737
999999999999999999
434343434343434343
999999999999999999
898989898989898989
727272727272727272
494949494949494949
444444444444444444
999999999999999999
323232323232323232
595959595959595959
999999999999999999
999999999999999999
999999999999999999
939393939393939393
373737373737373737
999999999999999999
434343434343434343
999999999999999999
898989898989898989
727272727272727272
494949494949494949
444444444444444444
999999999999999999
323232323232323232
595959595959595959
999999999999999999
595959595959595959
999999999999999999
939393939393939393
373737373737373737
999999999999999999
434343434343434343
999999999999999999
898989898989898989
727272727272727272
494949494949494949
444444444444444444
999999999999999999
323232323232323232
595959595959595959
999999999999999999
393939393939393939
999999999999999999
939393939393939393
373737373737373737
999999999999999999
434343434343434343
999999999999999999
898989898989898989
727272727272727272
494949494949494949
444444444444444444
999999999999999999
323232323232323232
595959595959595959
999999999999999999
494949494949494949
999999999999999999
939393939393939393
373737373737373737
999999999999999999
434343434343434343
999999999999999999
858585858585858585
727272727272727272
494949494949494949
444444444444444444
999999999999999999
323232323232323232
595959595959595959
999999999999999999
595959595959595959
999999999999999999
939393939393939393
373737373737373737
999999999999999999
434343434343434343
999999999999999999
838383838383838383
727272727272727272
494949494949494949
444444444444444444
999999999999999999
323232323232323232
595959595959595959
999999999999999999
595959595959595959
999999999999999999
939393939393939393
373737373737373737
999999999999999999
434343434343434343
999999999999999999
828282828282828282
727272727272727272
494949494949494949
444444444444444444
999999999999999999
323232323232323232
595959595959595959
999999999999999999
595959595959595959
999999999999999999
939393939393939393
373737373737373737
999999999999999999
434343434343434343
999999999999999999
838383838383838383
727272727272727272
494949494949494949
444444444444444444
999999999999999999
323232323232323232
595959595959595959
999999999999999999
595959595959595959
595959595959595959
939393939393939393
373737373737373737
999999999999999999
434343434343434343
999999999999999999
838383838383838383
727272727272727272
494949494949494949
444444444444444444
999999999999999999
323232323232323232
595959595959595959
999999999999999999
595959595959595959
393939393939393939
939393939393939393
373737373737373737
999999999999999999
434343434343434343
999999999999999999
838383838383838383
727272727272727272
494949494949494949
444444444444444444
999999999999999999
323232323232323232
595959595959595959
999999999999999999
595959595959595959
494949494949494949
939393939393939393
373737373737373737
999999999999999999
434343434343434343
999999999999999999
838383838383838383
727272727272727272
454545454545454545
444444444444444444
999999999999999999
323232323232323232
595959595959595959
999999999999999999
595959595959595959
494949494949494949
939393939393939393
373737373737373737
999999999999999999
434343434343434343
999999999999999999
838383838383838383
727272727272727272
474747474747474747
444444444444444444
999999999999999999
323232323232323232
595959595959595959
999999999999999999
595959595959595959
494949494949494949
939393939393939393
373737373737373737
999999999999999999
434343434343434343
999999999999999999
838383838383838383
727272727272727272
484848484848484848
444444444444444444
999999999999999999
323232323232323232
595959595959595959
999999999999999999
595959595959595959
494949494949494949
939393939393939393
373737373737373737
999999999999999999
434343434343434343
595959595959595959
838383838383838383
727272727272727272
494949494949494949
444444444444444444
999999999999999999
323232323232323232
595959595959595959
999999999999999999
595959595959595959
494949494949494949
939393939393939393
373737373737373737
999999999999999999
434343434343434343
797979797979797979
838383838383838383
727272727272727272
494949494949494949
444444444444444444
999999999999999999
323232323232323232
595959595959595959
999999999999999999
595959595959595959
494949494949494949
939393939393939393
373737373737373737
999999999999999999
434343434343434343
696969696969696969
838383838383838383
727272727272727272
494949494949494949
444444444444444444
999999999999999999
323232323232323232
595959595959595959
999999999999999999
595959595959595959
494949494949494949
939393939393939393
373737373737373737
999999999999999999
434343434343434343
797979797979797979
838383838383838383
727272727272727272
494949494949494949
444444444444444444
999999999999999999
323232323232323232
595959595959595959
999999999999999999
555555555555555555
494949494949494949
939393939393939393
373737373737373737
999999999999999999
434343434343434343
797979797979797979
838383838383838383
727272727272727272
494949494949494949
444444444444444444
999999999999999999
323232323232323232
595959595959595959
999999999999999999
535353535353535353
494949494949494949
939393939393939393
373737373737373737
999999999999999999
434343434343434343
797979797979797979
838383838383838383
727272727272727272
494949494949494949
444444444444444444
999999999999999999
323232323232323232
595959595959595959
999999999999999999
545454545454545454
494949494949494949
939393939393939393
373737373737373737
999999999999999999
434343434343434343
797979797979797979
838383838383838383
727272727272727272
494949494949494949
444444444444444444
999999999999999999
323232323232323232
595959595959595959
999999999999999999
555555555555555555
454545454545454545
939393939393939393
373737373737373737
999999999999999999
434343434343434343
797979797979797979
838383838383838383
727272727272727272
494949494949494949
444444444444444444
999999999999999999
323232323232323232
595959595959595959
999999999999999999
555555555555555555
474747474747474747
939393939393939393
373737373737373737
999999999999999999
434343434343434343
797979797979797979
838383838383838383
727272727272727272
494949494949494949
444444444444444444
999999999999999999
323232323232323232
595959595959595959
999999999999999999
555555555555555555
464646464646464646
939393939393939393
373737373737373737
595959595959595959
434343434343434343
797979797979797979
838383838383838383
727272727272727272
494949494949494949
444444444444444444
999999999999999999
323232323232323232
595959595959595959
999999999999999999
555555555555555555
464646464646464646
939393939393939393
373737373737373737
393939393939393939
434343434343434343
797979797979797979
838383838383838383
727272727272727272
494949494949494949
444444444444444444
999999999999999999
323232323232323232
595959595959595959
999999999999999999
555555555555555555
464646464646464646
939393939393939393
373737373737373737
494949494949494949
434343434343434343
797979797979797979
838383838383838383
727272727272727272
494949494949494949
444444444444444444
999999999999999999
323232323232323232
595959595959595959
999999999999999999
555555555555555555
464646464646464646
939393939393939393
373737373737373737
494949494949494949
434343434343434343
797979797979797979
838383838383838383
727272727272727272
494949494949494949
444444444444444444
999999999999999999
323232323232323232
595959595959595959
595959595959595959
555555555555555555
464646464646464646
939393939393939393
373737373737373737
494949494949494949
434343434343434343
797979797979797979
838383838383838383
727272727272727272
494949494949494949
444444444444444444
999999999999999999
323232323232323232
595959595959595959
393939393939393939
555555555555555555
464646464646464646
939393939393939393
373737373737373737
494949494949494949
434343434343434343
797979797979797979
838383838383838383
727272727272727272
494949494949494949
444444444444444444
999999999999999999
323232323232323232
595959595959595959
494949494949494949
555555555555555555
464646464646464646
939393939393939393
373737373737373737
494949494949494949
434343434343434343
797979797979797979
838383838383838383
727272727272727272
494949494949494949
444444444444444444
595959595959595959
323232323232323232
595959595959595959
595959595959595959
555555555555555555
464646464646464646
939393939393939393
373737373737373737
494949494949494949
434343434343434343
797979797979797979
838383838383838383
727272727272727272
494949494949494949
444444444444444444
393939393939393939
323232323232323232
595959595959595959
595959595959595959
555555555555555555
464646464646464646
939393939393939393
373737373737373737
494949494949494949
434343434343434343
797979797979797979
838383838383838383
727272727272727272
494949494949494949
444444444444444444
494949494949494949
323232323232323232
595959595959595959
595959595959595959
555555555555555555
464646464646464646
939393939393939393
373737373737373737
494949494949494949
434343434343434343
757575757575757575
838383838383838383
727272727272727272
494949494949494949
444444444444444444
494949494949494949
323232323232323232
595959595959595959
595959595959595959
555555555555555555
464646464646464646
939393939393939393
373737373737373737
494949494949494949
434343434343434343
737373737373737373
838383838383838383
727272727272727272
494949494949494949
444444444444444444
494949494949494949
323232323232323232
595959595959595959
595959595959595959
555555555555555555
464646464646464646
939393939393939393
373737373737373737
494949494949494949
434343434343434343
727272727272727272
838383838383838383
727272727272727272
494949494949494949
444444444444444444
494949494949494949
323232323232323232
595959595959595959
595959595959595959
555555555555555555
464646464646464646
939393939393939393
373737373737373737
454545454545454545
434343434343434343
727272727272727272
838383838383838383
727272727272727272
494949494949494949
444444444444444444
494949494949494949
323232323232323232
595959595959595959
595959595959595959
555555555555555555
464646464646464646
939393939393939393
373737373737373737
434343434343434343
434343434343434343
727272727272727272
838383838383838383
727272727272727272
494949494949494949
444444444444444444
494949494949494949
323232323232323232
595959595959595959
595959595959595959
555555555555555555
464646464646464646
939393939393939393
373737373737373737
444444444444444444
434343434343434343
727272727272727272
838383838383838383
727272727272727272
494949494949494949
444444444444444444
494949494949494949
323232323232323232
595959595959595959
595959595959595959
555555555555555555
464646464646464646
939393939393939393
373737373737373737
454545454545454545
434343434343434343
727272727272727272
838383838383838383
727272727272727272
494949494949494949
444444444444444444
494949494949494949
323232323232323232
595959595959595959
555555555555555555
555555555555555555
464646464646464646
939393939393939393
373737373737373737
454545454545454545
434343434343434343
727272727272727272
838383838383838383
727272727272727272
494949494949494949
444444444444444444
494949494949494949
323232323232323232
595959595959595959
575757575757575757
555555555555555555
464646464646464646
939393939393939393
373737373737373737
454545454545454545
434343434343434343
727272727272727272
838383838383838383
727272727272727272
494949494949494949
444444444444444444
494949494949494949
323232323232323232
595959595959595959
565656565656565656
555555555555555555
464646464646464646
939393939393939393
373737373737373737
454545454545454545
434343434343434343
727272727272727272
838383838383838383
727272727272727272
494949494949494949
444444444444444444
454545454545454545
323232323232323232
595959595959595959
575757575757575757
555555555555555555
464646464646464646
939393939393939393
373737373737373737
454545454545454545
434343434343434343
727272727272727272
838383838383838383
727272727272727272
494949494949494949
444444444444444444
434343434343434343
323232323232323232
595959595959595959
575757575757575757
555555555555555555
464646464646464646
939393939393939393
373737373737373737
454545454545454545
434343434343434343
727272727272727272
838383838383838383
727272727272727272
494949494949494949
444444444444444444
444444444444444444
323232323232323232
595959595959595959
575757575757575757
555555555555555555
464646464646464646
959595959595959595
373737373737373737
454545454545454545
434343434343434343
727272727272727272
838383838383838383
727272727272727272
494949494949494949
444444444444444444
444444444444444444
323232323232323232
595959595959595959
575757575757575757
555555555555555555
464646464646464646
939393939393939393
373737373737373737
454545454545454545
434343434343434343
727272727272727272
838383838383838383
727272727272727272
494949494949494949
444444444444444444
444444444444444444
323232323232323232
595959595959595959
575757575757575757
555555555555555555
464646464646464646
929292929292929292
373737373737373737
454545454545454545
434343434343434343
727272727272727272
838383838383838383
727272727272727272
494949494949494949
444444444444444444
444444444444444444
323232323232323232
595959595959595959
575757575757575757
555555555555555555
464646464646464646
939393931313131313
373737373737373737
454545454545454545
434343434343434343
727272727272727272
838383838383131313
727272727272721212
494949494949494949
444444444444444444
444444444444444444
323232323232323232
595959595959595151
575757575757575757
555555555555555555
464646464646464646
939393939393939393
373737373737373737
454545454545454545
434343434343434343
727272727272727272
838383838383838383
727272727272727272
494949494949494949
444444444444444444
444444444444444444
323232323232323232
494949494949494949
575757575757575757
555555555555555555
464646464646464646
939393939393939393
373737373737373737
454545454545454545
434343434343434343
727272727272727272
838383838383838383
727272727272727272
494949494949494949
444444444444444444
444444444444444444
323232323232323232
585858585858585858
575757575757575757
555555555555555555
464646464646464646
838383838383838383
373737373737373737
454545454545454545
434343434343434343
727272727272727272
838383838383838383
727272727272727272
494949494949494949
444444444444444444
444444444444444444
323232323232323232
595959595959595959
575757575757575757
555555555555555555
464646464646464646
929292929292929292
373737373737373737
454545454545454545
434343434343434343
727272727272727272
838383838383838383
727272727272727272
494949494949494949
444444444444444444
444444444444444444
323232323232323232
595959595959595959
575757575757575757
555555555555555555
464646464646464646
939393939393939393
373737373737373737
454545454545454545
434343434343434343
727272727272727272
838383838383838383
626262626262626262
494949494949494949
444444444444444444
444444444444444444
323232323232323232
595959595959595959
575757575757575757
555555555555555555
464646464646464646
939393939393939393
373737373737373737
454545454545454545
434343434343434343
727272727272727272
838383838383838383
717171717171717171
494949494949494949
444444444444444444
444444444444444444
323232323232323232
595959595959595959
575757575757575757
555555555555555555
464646464646464646
939393939393939393
373737373737373737
454545454545454545
434343434343434343
727272727272727272
737373737373737373
727272727272727272
494949494949494949
444444444444444444
444444444444444444
323232323232323232
595959595959595959
575757575757575757
555555555555555555
464646464646464646
939393939393939393
373737373737373737
454545454545454545
434343434343434343
727272727272727272
828282828282828282
727272727272727272
494949494949494949
444444444444444444
444444444444444444
323232323232323232
595959595959595959
575757575757575757
555555555555555555
464646464646464646
939393939393939393
373737373737373737
454545454545454545
434343434343434343
727272727272727272
838383838383838383
727272727272727272
494949494949494949
343434343434343434
444444444444444444
323232323232323232
595959595959595959
575757575757575757
555555555555555555
464646464646464646
939393939393939393
373737373737373737
454545454545454545
434343434343434343
727272727272727272
838383838383838383
727272727272727272
494949494949494949
434343434343434343
444444444444444444
323232323232323232
595959595959595959
575757575757575757
555555555555555555
464646464646464646
939393939393939393
373737373737373737
454545454545454545
434343434343434343
727272727272727272
838383838383838383
727272727272727272
393939393939393939
444444444444444444
444444444444444444
323232323232323232
595959595959595959
575757575757575757
555555555555555555
464646464646464646
939393939393939393
373737373737373737
454545454545454545
434343434343434343
727272727272727272
838383838383838383
727272727272727272
484848484848484848
444444444444444444
444444444444444444
323232323232323232
595959595959595959
575757575757575757
555555555555555555
464646464646464646
939393939393939393
373737373737373737
454545454545454545
434343434343434343
727272727272727272
838383838383838383
727272727272727272
494949494949494949
444444444444444444
444444444444444444
222222222222222222
595959595959595959
575757575757575757
555555555555555555
464646464646464646
939393939393939393
373737373737373737
454545454545454545
434343434343434343
727272727272727272
838383838383838383
727272727272727272
494949494949494949
444444444444444444
444444444444444444
313131313131313131
595959595959595959
575757575757575757
555555555555555555
464646464646464646
939393939393939393
272727272727272727
454545454545454545
434343434343434343
727272727272727272
838383838383838383
727272727272727272
494949494949494949
444444444444444444
444444444444444444
323232323232323232
595959595959595959
575757575757575757
555555555555555555
464646464646464646
939393939393939393
363636363636363636
454545454545454545
434343434343434343
727272727272727272
838383838383838383
727272727272727272
494949494949494949
444444444444444444
444444444444444444
323232323232323232
595959595959595959
575757575757575757
555555555555555555
464646464646464646
939393939393939393
373737373737373737
454545454545454545
434343434343434343
727272727272727272
838383838383838383
727272727272727272
494949494949494949
444444444444444444
444444444444444444
323232323232323232
595959595959595959
575757575757575757
454545454545454545
464646464646464646
939393939393939393
373737373737373737
454545454545454545
434343434343434343
727272727272727272
838383838383838383
727272727272727272
494949494949494949
444444444444444444
444444444444444444
323232323232323232
595959595959595959
575757575757575757
545454545454545454
464646464646464646
939393939393939393
373737373737373737
454545454545454545
434343434343434343
626262626262626262
838383838383838383
727272727272727272
494949494949494949
444444444444444444
444444444444444444
323232323232323232
595959595959595959
575757575757575757
555555555555555555
464646464646464646
939393939393939393
373737373737373737
454545454545454545
434343434343434343
717171717171717171
838383838383838383
727272727272727272
494949494949494949
444444444444444444
444444444444444444
323232323232323232
595959595959595959
575757575757575757
555555555555555555
464646464646464646
939393939393939393
373737373737373737
454545454545454545
333333333333333333
717171717171717171
838383838383838383
727272727272727272
494949494949494949
444444444444444444
444444444444444444
323232323232323232
595959595959595959
575757575757575757
555555555555555555
464646464646464646
939393939393939393
373737373737373737
454545454545454545
424242424242424242
717171717171717171
838383838383838383
727272727272727272
494949494949494949
444444444444444444
444444444444444444
323232323232323232
595959595959595959
575757575757575757
555555555555555555
464646464646464646
939393939393939393
373737373737373737
454545454545454545
434343434343434343
717171717171717171
838383838383838383
727272727272727272
494949494949494949
444444444444444444
444444444444444444
323232323232323232
595959595959595959
474747474747474747
555555555555555555
464646464646464646
939393939393939393
373737373737373737
454545454545454545
434343434343434343
717171717171717171
838383838383838383
727272727272727272
494949494949494949
444444444444444444
444444444444444444
323232323232323232
595959595959595959
565656565656565656
555555555555555555
464646464646464646
939393939393939393
373737373737373737
454545454545454545
434343434343434343
717171717171717171
838383838383838383
727272727272727272
494949494949494949
444444444444444444
444444444444444444
323232323232323232
595959595959595959
575757575757575757
555555555555555555
363636363636363636
939393939393939393
373737373737373737
454545454545454545
434343434343434343
717171717171717171
838383838383838383
727272727272727272
494949494949494949
444444444444444444
444444444444444444
323232323232323232
595959595959595959
575757575757575757
555555555555555555
454545454545454545
939393939393939393
373737373737373737
454545454545454545
434343434343434343
717171717171717171
838383838383838383
727272727272727272
494949494949494949
444444444444444444
343434343434343434
323232323232323232
595959595959595959
575757575757575757
555555555555555555
464646464646464646
939393939393939393
373737373737373737
454545454545454545
434343434343434343
717171717171717171
838383838383838383
727272727272727272
494949494949494949
444444444444444444
434343434343434343
323232323232323232
595959595959595959
575757575757575757
555555555555555555
464646464646464646
939393939393939393
373737373737373737
353535353535353535
434343434343434343
717171717171717171
838383838383838383
727272727272727272
494949494949494949
444444444444444444
444444444444444444
323232323232323232
595959595959595959
575757575757575757
555555555555555555
464646464646464646
939393939393939393
373737373737373737
444444444444444444
434343434343434343
717171717171717171
838383838383838383
727272727272727272
494949494949494949
444444444444444444
444444444444444444
323232323232323232
595959595959595959
575757575757575757
555555555555555555
464646464646464646
939393931313131313
373737373737373737
454545454545454545
434343434343434343
717171717171717171
838383838383131313
727272727272721212
494949494949494949
444444444444444444
444444444444444444
323232323232323232
595959595959595151
575757575757575757
555555555555555555
464646464646464646
999999999999999999
171717171717171717
999999999999999999
434343434343434343
999999999999999999
898989898989898989
727272727272727272
999999999999999999
444444444444444444
999999999999999999
323232323232323232
595959595959595959
999999999999999999
999999999999999999
999999999999999999
939393939393939393
373737373737373737
535353535353535353
434343434343434343
797979797979797979
838383838383838383
727272727272727272
494949494949494949
444444444444444444
999999999999999999
323222222222222222
595959595959595959
999999999999999999
555555555555555555
464646464646464646
939393939393939393
373737373737373737
454545454545454545
434343434343434343
727272727272727272
838383838383838383
727272727272727272
494949494949494949
444444444444444444
444444444444444444
323232323232323232
595959595959595959
585858585858585858
555555555555555555
464646464646464646
999999999999999999
373737373737373737
999999999999999999
838383838383838383
999999999999999999
898989898989898989
727272727272727272
999999999999999999
444444444444444444
999999999999999999
323232323232323131
595959595959595959
999999999999999999
999999999999999999
999999999999999999
939393939393939393
373737373737373737
494949494949494949
434343434343434343
737373737373737373
838383838383838383
727272727272727272
494949494949494949
747474747474747474
494949494949494949
323232323232323232
595959595959595959
595959595959595959
555555555555555555
464646464646464646
959595959595959595
373737373737373737
999999999999999999
454545454545454545
999999999999999999
898989898989898989
727272727272727272
494949494949494949
444444444444444444
999999999999999999
323232323232323232
595959595959595959
999999999999999999
999999999999999999
999999999999999999
939393939393939393
171717171717171717
454545454545454545
434343434343434343
727272727272727272
838383838383838383
727272727272727272
494949494949494949
444444444444444444
494949494949494949
323232323232323232
595959595959595959
575757575757575757
555555555555555555
464646464646464646
939393939393939393
373737373737373737
999999999999999999
434343434343434343
797979797979797979
838383838383838383
727272727272727272
484848484848484848
444444444444444444
999999999999999999
323232323232323232
595959595959595959
999999999999999999
555555552525252525
474747474747474747
939393939393939393
373737373737373737
494949484848484848
434343434343434343
737373737373737373
838383838383838383
727272727272727272
494949494949494949
747474747474747474
494949494949494949
353535353535353535
595959595959595959
595959595959595959
555555555555555555
464646464646464646
434343434343434343
373737373737363636
494949494949494949
434343434343434343
757575757575757575
838383838383838383
727272727272727272
494949494949494949
444444444444444444
494949494949494949
323232323232323232
595959595959595959
595959595959595959
555555555555555555
464646464646464646
939393939393939393
373737373737373737
444444444444444444
434343434343434343
727272727272727272
838383838383333333
727272727272727272
494949494949494949
444444444444444444
454545454545454545
323232323232323232
595959595959595959
595959595959595959
555555555555555555
464646464646464646
939393939393939393
373737373737373737
494949494949494949
434343434343434343
797979797979797979
838383838383838383
727272727272727272
494949494949494949
444444444444444444
999999999999999999
323232323232323232
999999999999999999
595959595959595959
555555555555555555
464646464646464646
939393939393939393
373737373737373737
454545454545454545
434343434343434343
727272727272727272
838383838383838383
727272727272727272
474747474747474747
444444444444444444
444444444444444444
323232323232323232
595959595959595959
575757575757575757
555555555555555555
464646464646464646
949494949494949494
595959595959595959
999999999999999999
434343434343434343
999999999999999999
999999999999999999
797979797979797979
999999999999999999
444444444444444444
999999999999999999
323232323232323232
595959595959595959
999999999999999999
999999999999999999
999999999999999999
999999999999999999
999999999999999999
999999999999999999
454545454545454545
999999999999999999
999999999999999999
797979797979797979
999999999999999999
444444444444444444
999999999999999999
727272727272727272
595959595959595959
999999999999999999
999999999999999999
999999999999999999
939393939393939393
373737373737373737
454545454545454545
434343434343434343
727272727272727272
939393939393939393
727272727272727272
494949494949494949
444444444444444444
454545454545454545
323232323232323232
595959595959595959
575757575757575757
555555555555555555
464646464646464646
939393939393939393
373737373737373737
454545454545454545
434343434343434343
727272727272727272
838383838383838383
727272727272727272
494949494949494949
464646464646464646
494949494949494949
323232323232323232
595959595959595959
575757575757575757
555555555555555555
464646464646464646
939393939393939393
373737373737373737
454545454545454545
434343434343434343
727272727272727272
838383838383838383
727272727272727272
494949494949494949
444444444444444444
494949494949494949
323232323232323232
595959595959595959
595959595959595959
595959595959595959
464646464646464646
939393939393939393
373737373737373737
454545454545454545
434343434343434343
727272727272727272
838383838383838383
727272727272727272
494949494949494949
444444444444444444
484848484848484848
323232323232323232
595959595959595959
595959595959595959
555555555555555555
464646464646464646
939393939393939393
373737373737373737
999999999999999999
434343434343434343
797979797979797979
838383838383838383
727272727272727272
595959595959595959
444444444444444444
999999999999999999
323232323232323232
595959595959595959
999999999999999999
555555555555555555
474747474747474747
939393939393939393
171717171717171717
454545454545454545
434343434343434343
727272727272727272
838383838383838383
727272727272727272
494949494949494949
444444444444444444
444444444444444444
323232323232323232
595959595959595959
575757575757575757
555555555555555555
464646464646464646
939393939393939393
373737373737373737
454545454545454545
434343434343434343
727272727272727272
838383838383838383
727272727272727272
494949494949494949
444444444444444444
545454545454545454
323232323232323232
595959595959595959
575757575757575757
555555555555555555
464646464646464646
939393939393939393
373737373737373737
999999999999999999
434343434343434343
999999999999999999
898989898989898989
727272727272727272
494949494949494949
494949494949494949
999999999999999999
323232323232323232
595959595959595959
999999999999999999
595959595959595959
999999999999999999
939393939393939393
373737373737373737
989898989898989898
434343434343434343
999999999999999999
838383838383838383
727272727272727272
494949494949494949
444444444444444444
999999999999999999
323232323232323232
595959595959595959
999999999999999999
595959595959595959
595959595959595959
939393939393939393
313131313131313131
454545454545454545
434343434343434343
727272727272727272
838383838383838383
727272727272727272
494949494949494949
444444444444444444
494949494949494949
323232323232323232
595959595959595959
595959595959595959
555555555555555554
464646464646464646
999999999999999999
373737373737373737
999999999999999999
131313131313131313
999999999999999999
898989898989898989
727272727272727272
494949494949494949
444444444444444444
999999999999999999
323232323232323232
595959595959595959
999999999999999999
999999999999999999
999999999999999999
939393939393939393
373737373737373737
999999999999999999
434343434343434343
787878787878787878
838383838383838383
727272727272727272
494949494949494949
444444444444444444
999999999999999999
323232323232323232
595959595959595959
999999999999999999
555555555555555555
494949494949494949
999999999999999999
373737373737373737
999999999999999999
434343434343434343
999999999999999999
898989898989898989
797979797979797979
999999999999999999
444444444444444444
999999999999999999
323232323232323232
595959595959595959
999994949494949494
999999999999999999
999999999999999999
939393939393939393
373737373737373737
454545454545454545
434343434343434343
727272727272727272
838383838383838383
727272727272727272
494949494949494949
444444444444444444
545454545454545454
828282828282828282
595959595959595959
575757575757575757
555555555555555555
464646464646464646
999999999999999999
999999999999999999
999999999999999999
999999999999999999
999999999999999999
999999999999999999
999999999999999999
999999999999999999
979797979797979797
999999999999999999
999999999999999999
999999999999999999
999999999999999999
999999999999999999
999999999999999999
999999999999999999
313131313131313131
999999999999999999
434343434343434343
999999999999999999
898989898989898989
727272727272727272
999959595959595959
444444444444444444
999999999999999999
323232323232323232
595959595959595959
999999999999999999
999999999999999999
999999999999999999
999999999999999999
999999999999999999
999999999999999999
999999999999999999
999999999999999999
999999999999999999
999999979797979797
999999999999999999
484848484848484848
999999999999999999
333333333333333333
999999999999999999
999999999999999999
999999999999999999
999999999999999999
939393939393939393
373737373737373737
494949494949494949
434343434343434343
595959595959595959
838383838383838383
727272727272727272
494949494949494949
444444444444444444
999999999999999999
323232323232323232
595959595959595959
595959595959595959
555555555555555555
464646464646464646
939393939393939393
373737373737373737
454545454545454545
434343434343434343
727272727272727272
838383838383838383
727272727272727272
494949494949494949
444444444444444444
414141414141414141
323232323232323232
595959595959595959
595959595959595959
555555555555535353
464646464646464646
999999999999999999
373737373737373737
999999999999999999
434343434343434343
999999999999999999
898989898989898989
727272727272727272
999999999999999999
414141414141414141
999999999999999999
323232323232323232
595959595959595959
999999999999999999
999999999999999999
999999999999999999
999999999999999999
999999999999999999
999999999999999999
494949494949494949
999999999999999999
999999999999999999
727272727272727272
999999999999999999
444444444444444444
999999999999999999
323232323232323232
595959595959595959
999999999999999999
999999999999999999
999999999999999999
959595959595959595
373737373737373737
454545454545454545
434343434343434343
727272727272727272
838383838383838383
727272727272727272
494949494949494949
444444444444444444
444444444444444444
323232323232323232
595959595959595959
575757575757575757
555555555555555555
666666666666666666
939393939393939393
373737373737373737
494949494949494949
434343434343434343
737373737373737373
838383838383838383
727272727272727272
494949494949494949
797979797979797979
494949494949494949
323232323232323232
595959595959595959
595959595959595959
555555555555555555
464646464646464646
999999999999999999
999999999999999999
999999999999999999
999999999999999999
999999999999999999
999999999999999999
999999999999999999
999999999999999999
454545454545454545
999999999999999999
393939392929292929
999999999999999999
999999999999999999
999999999999999999
999999999999999999
939393939393939393
373737373737373737
494949494949494949
434343434343434343
797979797979797979
838383838383838383
626262626262626262
494949494949494949
444444444444444444
999999999999999999
323232323232323232
595959595959595959
999999999999999999
555555555555555555
464646464646464646
939393939393939393
373737373737373737
494949494949494949
434343434343434343
737373737373737373
838383838383838383
767676767676767676
494949494949494949
444444444444444444
494949494949494949
323232323232323232
595959595959595959
595959595959595959
555555555555555555
464646464646464646
999999999999999999
999999999999999999
999999999999999999
454545454545454545
999999999999999999
999999999999999999
797979797979797979
999999999999999999
444444444444444444
999999999999999999
383838383838383838
595959595959595959
999999999999999999
999999999999999999
999999999999999999
939393939393939393
373737373737373737
494949494949494949
434343434343434343
797979797979797979
838383838383838383
727272727272727272
494949494949494949
444444444444444444
595959595959595959
323232323232222222
595959595959595959
595959595959595959
555555555555555555
464646464646464646
999999999999999999
999999999999999999
999999999999999999
999999999999999999
999999999999999999
999999999999999999
999999999999999999
999999999999999999
474747474747474747
999999999999999999
393939393939393939
999999999999999999
999999999999999999
999999999999999999
999999999999999999
959595959595959595
373737373737373737
454545454545454545
434343434343434343
727272727272727272
898989898989898989
727272727272727272
494949494949494949
444444444444444444
444444444444444444
323232323232323232
595959595959595959
575757575757575757
555555555555555555
666666666666666666
939393939393939393
373737373737373737
494949494949494949
434343434343434343
737373737373737373
838383838383838383
727272727272727272
494949494949494949
444444444444444444
494949494949494949
323232323232323232
595959595959595959
595959595959595959
555555555555555555
969696969696969696
939393939393939393
373737373737373737
494949494949494949
434343434343434343
757575757575757575
737373737373737373
727272727272727272
494949494949494949
444444444444444444
494949494949494949
323232323232323232
595959595959595959
595959595959595959
555555555555555555
464646464646464646
999999999999999999
999999999999999999
999999999999999999
454545454545454545
999999999999999999
999999999999999999
797979797979797979
797979797979797979
444444444444444444
999999999999999999
323232323232323232
595959595959595959
999999999999999999
999999999999999999
999999999999999999
939393939393939393
313131313131313131
999999999999999999
434343434343434343
999999999999999999
838383838383838383
727272727272727272
484848484848484848
444444444444444444
999999999999999494
323232323232323232
595959595959595959
999999999999999999
595959595959595959
494949494949494949
696969696969696969
393939393939393939
999999999999999999
434343434343434343
999999999999999999
999999999999999999
757575757575757575
999999999999999999
444444444444444444
999999999999999999
323232323232323232
595959595959595959
999999999999999999
999999999999999999
999999999999999999
999999999999999999
999999999999999999
989898989898989898
454545454545454545
999999999999999999
999999999999999999
797979797979797979
797979797979797979
444444444444444444
999999999999999999
323232323232323232
595959595959595959
999999999999999999
999999999999999999
999999999999999999
939393939393939393
373737373737373737
454545454545454545
434343434343434343
737373737373737373
838383838383838383
727272727272727272
494949494949494949
797979797979797979
494949494949494949
323232323232323232
595959595959595959
595959595959595959
555555555555555555
464646464646464646
939393939393939393
373737373737373737
999999999999999999
434323232323232323
797979797979797979
838383838383838383
727272727272727272
595959595959595959
444444444444444444
999999999999999999
323232323232323232
595959595959595959
999999999999999999
555555555555555555
474747474747474747
939393939393939393
373737373737373737
494949494949494949
434343434343434343
757575757575757575
838383838383838383
727272727272727272
494949494949494949
444444444444444444
494949494949494949
383838383838383838
595959595959595959
595959595959595959
555555555555552525
464646464646464646
939393939393939393
373737373737373737
494949494949494949
434343434343434343
737373737373737373
838383838383838383
727272727272727272
494949494949494949
797979797979797979
494949494949494949
353535353535353535
595959595959595959
595959595959595959
555555555555555555
464646464646464646
939393939393939393
373737373737373737
999999999999999999
434343434343434343
898989898989898989
838383838383838383
727272727272727272
494949494949494949
444444444444444444
999999999999999999
323232323232323232
595959595959595959
999999999999999999
595959595959595959
494949494949494949
999999999999999999
999999999999999999
999999999999999999
454545454545454545
999999999999999999
999999999999999999
797979797979797979
797979797979797979
444444444444444444
999999999999999999
323232323232323232
696969696969696969
999999999999999999
999999999999999999
999999999999999998
939393939393939393
373737373737373737
454545454545454545
434343434343434343
767676767676767676
939393939393939393
727272727272727272
494949494949494949
444444444444444444
454545454545454545
323232323232323232
595959595959595959
575757575757575757
555555555555555555
464646464646464646
999999999999999999
393939393939393939
999999999999999999
414141414141414141
999999999999999999
898989898989898989
727272727272727272
999999999999999999
444444444444444444
999999999999999999
323232323232323232
595959595959595959
999999999999999999
999999999999999999
999999999999999999
999999999999999999
595959595959595959
999999999999999999
434343434343434343
999999999999999999
999999999999999999
797979797979797979
999999999999999999
474747474747474747
999999999999999999
323232323232323232
595959595959595959
999999999999999999
999999999999999999
999999999999999999
999999999999999999
999999999999999999
999999999999999999
999999999999999999
999999999999999999
999999999999999999
494949494949494949
999999999999999999
494949494949494949
999999999999999999
999999999999999999
999999999999999999
999999999999999999
999999999999999999
999999999999999999
939393939393939393
373737373737373737
494949494949494949
474747474747474747
797979797979797979
838383838383838383
727272727272727272
494949494949494949
444444444444444444
494949494949494949
323232323232323232
595959595959595959
595959595959595959
555555555555555555
464646464646464646
999999999999999999
393939393939393939
999999999999999999
434343434343434343
999999999999999999
999999999999999999
757575757575757575
999999999999999999
464646464646464646
999999999999999999
323232323232323232
595959595959595959
999999999999999999
999999999999999999
999999999999999999
939393939393939393
373737373737373737
999999999999999999
434343434343434343
797979797979797979
838383838383838383
929292929292929292
494949494949494949
444444444444444444
999999999999999999
323232323232323232
595959595959595959
999999999999999999
555555555555555555
474747474747474747
939393939393939393
373737373737373737
494949494949494949
434343434343434343
737373737373737373
838383838383838383
727272727272727272
494949494949494949
797979797979797979
494949494949494949
383838383838383838
595959595959595959
595959595959595959
555555555555555555
464646464646464646
939393939393939393
373737373737373737
999999999999999999
434343434343434343
999999999999999969
858585858585858585
727272727272727272
494949494949494949
444444444444444444
999999999999999999
323232323232323232
595959595959595959
999999999999999999
595959595959595959
999999999999999999
999999999999999999
393939393939393939
999999999999999999
434343434343434343
999999999999999999
999999999999999999
787878787878787878
999999999995959595
444444444444444444
999999999999999999
323232323232323232
595959595959595959
999999999999999999
999999999999999999
999999999999999999
939393939393939393
373737373737373737
454545454545454545
434343434343434343
727272727272727272
939393939393939393
727272727272727272
414141414141414141
444444444444444444
454545454545454545
323232323232323232
595959595959595959
575757575757575757
555555555555555555
464646464646464646
999999999999999999
898989898989898989
999999999999999999
494949494949494949
999999999999999999
999999999999999999
999999999999999999
999999999999999999
444444444444444444
999999999999999999
323232323232323232
595959595959595959
999999999999999999
999999999999999999
999999999999999999
999999999999999999
999999999999999999
999999999999999999
999999999999999898
999999999999999999
999999999999999999
999999999999999999
999999999999999999
444444444444444444
999999999999999999
353535353535353535
999999999999999999
999999999999999999
999999999999999999
999999999999999999
999999999999999999
373737373737373737
999999999999999999
636363636363636363
999999999999999999
898989898989898989
727272727272727272
494949494949494949
444444444444444444
999999999999999999
323232323232323232
595959595959595959
999999999999999999
999999999999999999
999999999999999999
999999999999999999
373737373737373737
999999999999999999
434343434343434343
999999999999999999
898989898989898989
727272727272727272
999999999999999999
444444444444444444
999999999999999999
323232323231313131
595959595959595959
999999999999999999
999999999999999999
999999999999999999
939393939393939393
373737373737373737
454545454545454545
434343434343434343
727272727272727272
838383838383838383
727272727272727272
494949494949494949
444444444444444444
444444444444444444
323232323232323232
595959595959595959
676767676767676767
555555555555555555
464646464646464646
959595959595959595
373737373737373737
999999999999999999
131313131313131313
999999999999999999
898989898989898989
727272727272727272
494949494949494949
444444444444444444
999999999999999999
323232323232323232
595959595959595959
999999999999999999
999999999999999999
999999999999999999
939393939393939393
373737373737373737
999999999999696969
434343434343434343
797979797979797979
838383838383838383
727272727272727272
595959595959595959
444444444444444444
999999999999999999
323232323232323232
595959595959595959
999999999999999999
595959595959595959
474747474747474747
939393939393939393
373737373737373737
494949494949494949
474747474747474747
797979797979797979
898989898989898989
727272727272727272
494949494949494949
444444444444444444
494949494949494949
323232323232323232
595959595959595959
595959595919191919
555555555555555555
464646464646464646
939393939393939393
373737373737373737
949494949494949494
434343434343434343
797979797979797979
838383838383838383
929292929292929292
494949494949494949
444444444444444444
999999999999999999
323232323232323232
595959595959595959
999999999999999999
555555555555555555
474747474747474747
999999999999999999
373737373737373737
999999999999999999
434343434343434343
959595959595959595
898989898989898989
727272727272727272
999999999999999999
444444444444444444
999999999999999999
323232323231313131
595959595959595959
999999999999999999
999999999999999999
999999999999999999
999999999999999999
999999999999999999
999999999999999999
999999999999999999
999999999999999999
999999999999999999
898989898989898989
999999999999999999
454545454545454545
999999999999999999
393939392929292929
999999999999999999
999999999999999999
999999999999999999
999999999999999999
939393939393939393
373737373737373737
999989898989898989
434343434343434343
999999999999999999
838383838383838383
424242424242424242
494949494949494949
444444444444444444
999999999999999999
323232323232323232
595959595959595959
999999999999999999
595959595959595959
494949494949494949
939393939393939393
373737373737373737
444444444444444444
464646464646464646
727272727272727272
838383838383838383
727272727272727272
494949494949494949
444444444444444444
494949494949494949
323232323232323232
595959595959595959
595959595959595959
555555555555555554
464646464646464646
939393939393939393
373737373737373737
454545454545454545
434343434343434343
797979797979797979
838383838383838383
727272727272727272
494949494949494949
444444444444444444
444444444444444444
323232323232323232
595959595959595959
575757575757575757
555555555555555555
464646464646464646
999999999999999999
999999999999999999
999999999999999999
999999999999999999
999999999999999999
999999999999999999
999999999999999999
999999999999999999
454545454545454545
999989898989898989
393939392929292929
999999999999999999
999999999999999999
999999999999999999
999999999999999999
939393939393939393
373737373737373737
595959595959595959
434343434343434343
797979797979797979
838383838383838383
727272727272727272
494949494949494949
444444444444444444
999999999999999999
323232323232323232
595959595959595959
999999999999999999
575757575757575757
464646461616161616
999999999999999999
999999999999999999
999999999999999999
999999999999999999
999999999999999999
999999999999999999
999999999999999999
999999999999999999
454545454545454545
999989898989898989
494949492929292929
999999999999999999
999999999999999999
999999999999999999
999999999999999999
939393939393939393
373737373737373737
949494949494949494
434343434343434343
797979797979797979
838383838383838383
929292929292929292
494949494949494949
444444444444444444
999999999999999999
373737373737373737
595959595959595959
999999999999999999
555555555555555555
474747474747474747
939393939393939393
373737373737373737
454545454545454545
434343434343434343
727272727272727272
838383838383838383
727272727272727272
494949494949494949
444444444444444444
444444444444444444
363636363636363636
595959595959594949
575757575757575757
555555555555555555
464646464646464646
434343434343434343
373737373737373737
949494949494949494
434343434343434343
797979797979797979
838383838383838383
929292929292929292
494949494949494949
444444444444444444
999999999999999999
373737373737373737
595959595959595959
999999999999999999
555555555555555555
474747474747474747
939393939393939393
373737373737373737
999999999999999999
434343434343434343
999999999999999999
838383838383838383
727272727272727272
494949494949494949
444444444444444444
999999999999999999
373737373737373737
595959595959595959
999999999999999999
595959595959595959
595959595959595959
969696969696969696
373737373737373737
999999999999999999
434343434343434343
787878787878787878
838383838383838383
727272727272727272
494949494949494949
444444444444444444
999999999999999999
323232323232323232
595959595959595959
999999999999999999
555555555555555555
494949494949494949
939393939393939393
373737373737373737
999999999999999999
434343434343434343
797979797979797979
939393939393939393
727272727272727272
494949494949494949
444444444444444444
999999999999999999
323232323232323232
595959595959595959
999999999999999999
555555555555555555
494949494949494949
939393939393939393
373737373737373737
454545454545454545
434343434343434343
727272727272727272
737373737373737373
727272727272727272
494949494949494949
444444444444444444
444434343434343434
323232323232323232
595959595959595959
676767676767676767
555555555555555555
464646464646464646
939393939393939393
373737373737373737
999999999999999999
434343434343434343
999999999999999999
898989898989898989
727272727272727272
494949493939393939
444444444444444444
999999999999999999
323232323232323232
595959595959595959
999999999999999999
999999999999999999
999999999999999999
939393939393939393
373737373737373737
414141414141414141
434343434343434343
727272727272727272
838383838383838383
727272727272727272
494949494949494949
444444444444444444
484848484848484848
323232323232323232
595959595959595959
595959595959595959
555555555555555555
464646464646464646
939393939393939393
373737373737373737
454545454545454545
434343434343434343
727272727272727272
838383838383838383
787878787878787878
494949494949494949
444444444444444444
454545454545454545
323232323232323232
595959595959595959
575757575757575757
555555555555555555
464646464646464646
939393939393939393
373737373737373737
494949494949494949
131313131313131313
797979797929292929
838383838383838383
727272727272727272
494949494949494949
444444444444444444
999999999999999999
323232323232323232
999999999999999999
595959595959595959
555555555555555555
464646464646464646
939393939393939393
373737373737373737
999999999999999999
434343434343434343
898989898989898989
838383838383838383
727272727272727272
494949494949494949
444444444444444444
999999999999999999
323232323232323232
595959595959595959
999999999999999989
595959595959595959
595959595959595959
939393939393939393
373737373737373737
999999999999999999
434343434343434343
797979797979797979
434343434343434343
727272727272727272
494949494949494949
444444444444444444
999999999999999999
323232323232323232
595959595959595959
999999999999999999
555555555555555555
494949494949494949
939393939393939393
373737373737373737
999999999999999999
434343434343434343
797979797979797979
838383838383838383
727272727272727272
494949494949494949
444444444444444444
999999999999999999
323232323232323232
595959595959595959
999999999999999999
555555555555555555
696969696969696969
939393939393939393
373737373737373737
454545454545454545
434343434343434343
727272727272727272
838383838383737373
727272727272727272
494949494949494949
444444444444444444
454545454545454545
323232323232323232
595959595959595959
575757575757575757
575757575757575757
464646464646464646
939393939393939393
373737373737373737
494949494949494949
474747474747474747
797979797979797979
838383838383838383
727272727272727272
494949494949494949
474747474747474747
494949494949494949
323232323232323232
595959595959595959
595959595959595959
555555555555555555
464646464646464646
999999999999999999
999999999999999999
999999999999999999
454545454545454545
999999999999999999
999999999999999999
797979797979797979
999999999999998989
444444444444444444
999999999999999999
323232323232323232
595959595959595959
999999999999999999
999999999999999999
999999999999999999
939393939393939393
373737373737373737
999999999999999999
464646464646464646
797979797979797979
838383838383838383
727272727272727272
494949494949494949
444444444444444444
999999999999999999
323232323232323232
595959595959595959
999999999999999999
555555555555555555
494949494949494949
999999999999999999
393939393939393939
696969696969696969
434343434343434343
999999999999999999
999999999999999999
757575757575757575
999999999999999999
464646464646464646
999999999999999999
323232323232323232
595959595959595959
999999999999999999
999999999999999999
999999999999999999
939393939393939393
373737373737373737
494949494949494949
434343434343434343
737373737373737373
838383838383838383
727272727272727272
494949494949494949
444444444444444444
595959595959595959
323232323232323232
595959595959595959
595959595959595959
555555555555555555
464646464646464646
939393939393939393
373737373737373737
454545454545454545
434343434343434343
797979797979797979
838383838383838383
727272727272727272
494949494949494949
444444444444444444
454545454545454545
323232323232323232
595959595959595959
575757575757575757
555555555555555555
464646464646464646
939393939393939393
373737373737373737
999999999999999999
434343434343434343
797979797979797979
838383838383838383
727272727272727272
797979797979797979
444444444444444444
999999999999999999
323232323232323232
595959595959595959
999999999999999999
555555555555555555
494949494949494949
999999999999999999
999999999999999999
999999999999999999
454545454545454545
999999999999999999
999999999999998989
797979797979797979
999999999999999999
444444444444444444
999999999999999999
323232323232323232
595959595959595959
999999999999999999
999999999999999999
999999999999999999
939393939393939393
373737373737373737
999999999999999999
474747474747474747
797979797979797979
838383838383838383
727272727272727272
494949494949494949
444444444444444444
999999999999999999
323232323232323232
595959595959595959
999999999999999999
595959595959595959
494949494949494949
939393939393939393
373737373737373737
999999999999999999
434343434343434343
999999999999999999
838383838383838383
797979797979797979
494949494949494949
444444444444444444
999999999999999999
373737373737373737
595959595959595959
999999999999494949
595959595959595959
595959595959595959
999999999999999999
999999999999999999
999999999999999999
999999999999999898
999999999999999999
999999999999999999
999999999999999999
999999999999999999
444444444444444444
999999999999999999
353535353535353535
999999999999999898
999999999999999999
999999999999999999
999999999999999999
939393939393939393
373737373737373737
494949494949494949
434343434343434343
797979797979797979
838383838383838383
727272727272727272
494949494949494949
444444444444444444
999999999999999999
727272727272727272
595959595959595959
595959595959595959
555555555555555555
464646464646464646
939393939393939393
373737373737373737
424242424242424242
434343434343434343
717171717171717171
838383838383838383
727272727272727272
494949494949494949
444444444444444444
444444444444444444
323232323232323232
595959595959595959
575757575757575757
555555555555555555
464646464646464646
989898989898989898
373737373737373737
494949494949494949
434343434343434343
737373737373737373
838383838383838383
727272727272727272
494949494949494949
444444444444444444
595959595959595959
323232323232323232
595959595959595959
595959595959595959
555555555555555553
464646464646464646
939393939393939393
373737373737373737
454545454545454545
434343434343434343
727272727272727272
838383838383838383
727272727272727272
494949494949494949
444444444444444444
454545454545454545
323232323232323232
595959595959595959
575757575757575757
525252525252525252
464646464646464646
999999999999999999
999999999999999999
999999999999999999
959595959595959595
999999999999999999
999999999999999999
999999999999999999
999999999999999999
999999979797979797
999999999999999999
999999999999999999
999999999999999999
999999999999999999
999999999999999999
999999999999999999
939393939393939393
373737373737373737
454545454545454545
434343434343434343
727272727272727272
838383838343434343
727272727272727272
494949494949494949
454545454545454545
545454545454545454
323232323232323232
595959595959595959
575757575757575757
555555555555555555
464646464646464646
959595959595959595
373737373737373737
454545454545454545
434343434343434343
727272727272727272
898989898989898989
727272727272727272
494949494949494949
444444444444444444
444444444444444444
323232323232323232
595959595959595959
575757575757575757
595959595959595959
666666662626262626
999999999999999999
999999999999999999
999999999999999999
999999999999999999
999999999999999999
999999999999999999
999999999999999999
999999999999999999
484848484848484848
999999999999999999
333333333333333333
999999999999999999
999999999999999999
999999999999999999
999999999999999999
999999999999999999
999999999999999999
999999999999999999
999999999999999999
999989898989898989
999999999999999999
999999999999999999
999999999999999999
444444444444444444
999999999999999999
393939393939393939
999999999999999999
999999999999999999
999999999999999999
999999999999999999
999999999999999999
393939393939393939
999999999999999999
434343434343434343
999999999999999999
999999999999999999
757575757575757575
999999999999999999
464646464646464646
999999999999997979
323232323232323232
595959595959595959
999999999999999999
999999999999999999
999999999999999999
939393939393939393
373737373737373737
454545454545454545
434343434343434343
727272727272727272
898989898989898989
727272727272727272
494949494949494949
444444444444444444
484848484848484838
323232323232323232
595959595959595959
595959595959595959
555555555555555555
464646464646464646
999999999999999999
999999999999999999
999999999999999999
999999999999999999
999999999999999999
999999999999999999
999999999999999999
969696969696969696
494949494949494949
999999999999999999
999999999999999999
999995959595959595
999999999999999999
999999999999999999
999999999999999999
999999999999999999
999999999999999999
999999999999999999
454545454545454545
999999999999999999
999999999999998989
797979797979797979
999999999999999999
424242424242424242
999999979797979797
323232323232323232
595959595959595959
999999999999999999
999999999999999999
999999999999999999
939393939393535353
373737373737373737
989898989898989898
434343434343434343
999999999999999999
838383838383838383
727272727272727272
595959595959595959
444444444444444444
999999999999999999
323232323232323232
595959595959595959
999999999999999999
595959595959595959
595959595959595959
939393939393939393
373737373737373737
454545454545454545
434343434343434343
727272727272727272
838383838383838383
727272727272727272
494949494949494949
444444444444444444
545454545454545454
828282828282828282
696969696969696969
575757575757575757
555555555555555555
464646464646464646
939393939393939393
373737373737373737
494949494949494949
414141414141414141
797979797979797979
838383838383838383
727272727272727272
494949494949494949
474747474747474747
494949494949494949
323232323232323232
595959595959595959
595959595959595959
555555555555555555
464646464646464646
939393939393939393
373737373737373737
999999999999999999
434343434343434343
898989898989898989
838383838383838383
727272727272727272
474747474747474747
444444444444444444
999999999999999999
323232323232323232
595959595959595959
999999999999999999
595959595959595959
494949494949494949
999999999999999999
373737373737373737
999999999999999999
434343434343434343
999999999999999999
898989898989898989
727272727272727272
999999999999999999
444444444444444444
494949494949494949
323232323231313131
595959595959595959
999999999999999999
999999999999999999
999999999999999999
939393939393939393
373737373737373737
454545454545454545
434343434343434343
727272727272727272
838383838383838383
727272727272727271
393939393939393939
444444444444444444
545454545454545454
828282828282828282
696969696969696969
575757575757575757
555555555555555555
464646464646464646
999999998989898989
373737373737373737
999999999999999999
838383838383838383
999999999999999999
898989898989898989
727272727272727272
999999999999999999
444444444444444444
999999999999999999
323232323232323131
999999999999999999
999999999999999999
999999999999999999
999999999999999999
939393939393939393
373737373737373737
989898989898989898
434343434343434343
999999999999999999
838383838383838383
929292929292929292
494949494949494949
444444444444444444
999999999999999999
323232323232323232
595959595959595959
999999999999999999
595959595959595959
595959595959595959
939393939393939393
373737373737373737
454545454545454545
434343434343434343
727272727272727272
838383838383838383
727272727272727272
494949494949494949
464646464646464646
454545454545454545
323232323232323232
595959595959595959
575757575757575757
555555555555555555
464646464646464646
969696969696969696
373737373737373737
454545454545454545
434343434343434343
727272727272727272
838383838383838383
727272727272727272
494949494949494949
444444444444444444
444444444444444444
363636363636363636
595959595959594949
575757575757575757
555555555555555555
464646464646464646
999999999999999999
373737373737373737
454545454545454545
434343434343434343
727272727272727272
939393939393939393
727272727272727272
494949494949494949
444444444444444444
454545454545454545
323232323232323232
595959595959595959
575757575757575757
555555555555555555
464646464646464646
969696969696969696
373737373737373737
999999999999999999
434343434343434343
797979797979797979
838383838383838383
727272727272727272
494949494949494949
444444444444444444
999999999999999999
323232323232323232
595959595959595959
999999999999999999
595959595959595959
494949494949494949
939393939393939393
373737373737373737
454545454545454545
434343434343434343
727272727272727272
838383838383838383
929292929292929292
494949494949494949
444444444444444444
444444444444444444
323232323232323232
595959595959595959
676767676767676767
555555555555555555
464646464646464646
939393919191919191
373737373737373737
454545454545454545
232323232323232323
797979797979797979
838383838383838383
727272727272727272
494949494949494949
444444444444444444
454545454545454545
323232323232323232
595959595959595959
575757575757575757
555555555555555555
464646464646464646
939393939393939393
373737373737373737
999999999999999999
434343434343434343
797979797979797979
838383838383838383
727272727272727272
494949494949494949
444444444444444444
999999999999999999
424242424242424242
595959595959595959
999999999999999999
555555555555555555
474747474747474747
939393939393939393
373737373737373737
494949494949494949
434343434343434343
737373737373737373
838383838383838383
767676767676767676
494949494949494949
444444444444444444
494949494949494949
323232323232323232
595959595959595959
585858585858585858
555555555555535353
464646464646464646
939393939393939393
373737373737373737
454545454545454545
434343434343434343
525252525252525252
838343434343434343
727272727272727272
494949494949494949
444444444444444444
545454545454545454
828282828282828282
595959595959595959
575757575757575757
555555555555555555
464646464646464646
939393939393939393
373737373737373737
454545454545454545
434343434343434343
727272727272727272
838383838383838383
727272727272727272
494949494949494949
434343434343434343
484848484848484848
323232323232323232
595959595959595959
595959595959595959
555555555555555555
464646464646464646
939393939393939393
373737373737373737
989898989898989898
434343434343434343
999999999999999999
838383838383838383
727272727272727272
494949494949494949
444441414141414141
999999999999999999
323232323232323232
595959595959595959
969696969696969696
595959595959595959
595959595959595959
999999999999999999
999999999999999999
999999999999999999
999999999999999999
999999999999999999
999999999999999999
999999999999999999
898989898989898989
444444444444444444
999999999999999999
393939393939393939
999999999999999999
999999999999999999
999999999999999999
999999999999999999
939393939393939393
373737373737373737
999999999999999999
434343434343434343
797979797979797979
838383838383838383
323232323232323232
494949494949494949
444444444444444444
999999999999999999
323232323232323232
595959595959595959
999999999999999999
555555555555555555
696969696968686868
939393939393939393
373737373737373737
434343434343434343
474747474747474747
797979797979797979
838383838383838383
727272727272323232
494949494949494949
474747474747474747
494949494949494949
323232323232323232
595959595959595959
595959595959595959
555555555555555555
464646464646464646
959595959595959595
373737373737373737
454545454545454545
434343434343434343
727272727272727272
838383838383838383
727272727272727272
494949494949494949
444444444444444444
444444444444444444
313131313131313131
595959595959595959
575757575757575757
555555555555555555
666666666666666666
939393939393939393
373737373737373737
454545454545454545
434343434343434343
727272727272727272
838383838383838383
727272727272727272
999999999999999999
444444444444444444
494949494949494949
323232323232323232
595959595959595959
575757575757575757
555555555555555555
464646464646464646
939393939393939393
373737373737373737
454545454545454545
434343434343434343
727272727272727272
838383838383838383
727272727272727272
696969696969696969
464646464646464646
454545454545454545
323232323232323232
595959595959595959
575757575757575757
555555555555555555
464646464646464646
939393939393939393
373737373737373737
999999999999999999
434343434343434343
797979797979797979
838383838383838383
727272727272323232
494949494949494949
444444444444444444
999999999999999999
828282828282828282
595959595959595959
999999999999999999
555555555555555555
474747474747474747
939393939393939393
373737373737373737
353535353535353535
434343434343434343
727272727272727272
838383838383838383
727272727272727272
696969696969696969
464646464646464646
454545454545454545
323232323232323232
595959595959555555
575757575757575757
555555555555555555
464646464646464646
939393939393939393
171717171717171717
454545454545454545
434343434343434343
717171717171717171
838383838383838383
727272727272727272
494949494949494949
444444444444444444
444444444444444444
323232323232323232
595959595959595959
575757575757575757
555555555555555555
464646464646464646
999999999999999999
999999999999999999
999999999999999999
959595959595959595
959595959595959595
999999999999999999
999999999999999999
999999999999999999
999999979797979797
999999999999999999
999999999999999999
999999999999999999
999999999999999999
999999999999999999
999995959595959595
939393939393939393
373737373737373737
999999999999999999
434343434343434343
999999999999999999
858585858585858585
727272727272727272
494949494949494949
444444444444444444
999999999999999999
828282828282828282
595959595959595959
999999999999999999
595959595959595959
999999999999999999
939393939393939393
373737373737373737
494949494949494949
434343434343434343
737373737373737373
838383838383838383
727272727272727272
494949494949494949
444444444444444444
474747474747474747
323232323232323232
595959595959595959
595959595959595959
555555555555555555
464646464646464646
939393939393939393
373737373737373737
454545454545454545
434343434343434343
767676767676767676
939393939393939393
727272727272727272
494949494949494949
444444444444444444
454545454545454545
626262626262626262
595959595959595959
575757575757575757
555555555555555555
464646464646464646
939393939393939393
373737373737373737
949494949494949494
434343434343434343
999999999999999999
838383838383838383
797979797979797979
494949494949494949
444444444444444444
999999999999999999
373737373737373737
595959595959595959
999999999999999999
595959595959595959
595959595959595959
939393939393939393
373737373737373737
999999999999999999
434343434343434343
797979797979797979
838383838383838383
727272727272727272
797979797979797979
444444444444444444
999999999999999999
323232323232323232
595959595959595959
999999999999999999
555555555555555555
484848484848484848
939393939393939393
373737373737373737
969696969696969696
434343434343434343
787878787878787878
838383838383838383
727272727272727272
494949494949494949
444444444444444444
999999999999999999
323232323232323232
595959595959595959
999999999999999999
555555555555555555
494949494949494949
999999999999999999
999999999999999999
999999999999999999
595959595959595959
999999999999999999
999999999999999999
999999999999999999
999999999999999999
444444444444444444
999999999999999999
727272727272727272
999999999999999999
999999999999999999
999999999999999999
999999999999999999
949494949494949494
999999999999999999
999999999999999999
999999999999999898
999999999999999999
999999999999999999
999999999999999999
999999999999999999
444444444444444444
999999999999999999
353535353535353535
999999999999999999
999999999999999999
999999999999999999
999999999999999999
999999999999999999
373737373737373737
444444444444444444
464646464646464646
727272727272727272
838383838383838383
727272727272727272
494949494949494949
444444444444444444
494949494949494949
323232323232323232
595959595959595959
595959595959595959
555555555555555554
464646464646464646
939393939393939393
373737373737373737
858585858585858585
434343434343434343
727272727272727272
838383838383838383
727272727272727272
494949494949494949
444444444444444444
444444444444444444
323232323232323232
595959595959595959
575757575757575757
555555555555555555
464646464646464646
939393939393939393
373737373737373737
999999999999999999
434343434343434343
797979797979797979
838383838383838383
727272727272727272
494949494949494949
444444444444444444
999999999999999999
313131313131313131
595959595959595959
999999999999999999
555555555555555555
474747474747474747
969696969696969696
373737373737373737
999999999999999999
434343434343434343
797979797979797979
838383838383838383
797979797979797979
494949494949494949
444444444444444444
999999999999999999
323232323232323232
595959595959595939
999999999999999999
595959595959595959
494949494949494949
969696969696969696
373737373737373737
454545454545454545
434343434343434343
929292929292929292
838383838383838383
727272727272727272
494949494949494949
444444444444444444
444444444444444444
363636363636363636
595959595959594949
575757575757575757
555555555555555555
464646464646464646
939393939393939393
313131313131313131
494949494949494949
474747474747474747
797979797979797979
838383838383838383
727272727272727272
494949494949494949
474747474747474747
494949494949494949
323232323232323232
595959595959595959
595959595959595959
555555555555555555
464646464646464646
999999999999999999
313131313131313131
999999999999999999
434343434343434343
999999999999999999
999999999999999999
757575757575757575
999999999999999999
444444444444444444
999999999999999999
323232323232323232
595959595959595959
999999999999999999
999999999999999999
999999999999999999
939393939393939393
373737373737373737
999999999999999999
434343434343434343
696969696969696969
838383838383838383
797979797979797979
494949494949494949
444444444444444444
999999999999999999
373737373737373737
595959595959595959
999999999999494949
595959595959595959
595957575757575757
939393939393939393
373737373737373737
454545454545454545
434343434343434343
727272727272727272
898989898989898989
727272727272727272
494945454545454545
464646464646464646
494949494949494949
323232323232323232
595959595959595959
575757575757575757
555555555555555555
464646464646464646
999999999999999999
999999999999999999
999999999999999999
454545454545454545
949494949494949494
999999999999999999
797979797979797979
999999999999999999
444444444444444444
999999999999999999
727272727272727272
595959595959595959
999999999999999999
999999999999999999
999999999999999999
939393939393939393
373737373737373737
494949494949494949
535353535353535353
737373737373737373
838383838383838383
727272727272727272
494949494949494949
797979797979797979
494949494949494949
323232323232323232
595959595959595959
595959595959595959
555555555555555555
464646464646464646
989898989898989898
373737373737373737
454545454545454545
434343434343434343
727272727272727272
838383838383838383
727272727272727272
494949494949494949
444444444444444444
444444444444444444
323232323232323232
595959595959595959
575757575757575757
555555555555555555
464646464646464646
939393939393939393
171717171717171717
999999999999999999
434343434343434343
797979797979797979
838383838383838383
929292929292929292
494949494949494949
444444444444444444
999999999999999999
323232323232323232
595959595959595959
999999999999999999
555555555555555555
474747474747474747
