2761579009
14 11 100
9999999999999999999999
9999999999999999999999
9999999999999999999999
9999999999999999999999
9999999999999999999999
9999999999999999999999
9999999999999999999999
9999999999999999999999
9999999999999999999999
9999999999999999999999
9999999999999999999999
9999999999999999999999
9999999999999999999999
9999999999999999999999
9999999999999999999999
9999999999999999999999
9999999999999999999999
9999999999999999999999
9999999999999999999999
9999999999999999999999
9999999999999999999999
9999999999999999999999
5555555555555555555555
9999999999999999999999
9999999999999999999999
9999999999999999999999
9999999999999999999999
9999999999999999999999
9999999999999999999999
9999999999999999999999
9999999999999999999999
9999999999999999999999
9999999999999999999999
9999999999999999999999
9999999999999999999999
9999999999999999999999
7777777777777777777777
9999999999999999999999
9999999999999999999999
9999999999999999999999
9999999999999999999999
9999999999999999999999
9999999999999999999999
9999999999999999999999
9999999999999999999999
9999999999999999999999
9999999999999999999999
9999999999999999999999
9999999999999999999999
9999999999999999999999
6666666666666666666666
9999999999999999999999
9999999999999999999999
9999999999999999999999
9999999999999999999999
9999999999999999999999
9999999999999999999999
9999999999999999999999
9999999999999999999999
9999999999999999999999
9999999999999999999999
9999999999999999999999
7777777777777777777777
9999999999999999999999
7777777777777777777777
9999999999999999999999
9999999999999999999999
9999999999999999999999
9999999999999999999999
9999999999999999999999
9999999999999999999999
9999999999999999999999
9999999999999999999999
9999999999999999999999
9999999999999999999999
9999999999999999999999
4444444444444444444444
9999999999999999999999
7777777777777777777777
9999999999999999999999
9999999999999999999999
9999999999999999999999
9999999999999999999999
9999999999999999999999
9999999999999999999999
9999999999999999999999
9999999999999999999999
9999999999999999999999
9999999999999999999999
9999999999999999999999
3333333333333333333333
9999999999999999999999
7777777777777777777777
9999999999999999999999
9999999999999999999999
9999999999999999999999
9999999999999999999999
9999999999999999999999
9999999999999999999999
9999999999999999999999
9999999999999999999999
9999999999999999999999
9999999999999999999999
9999999999999999999999
4444444444444444444444
9999999999999999999999
7777777777777777777777
4444444444444444444444
9999999999999999999999
9999999999999999999999
9999999999999999999999
9999999999999999999999
9999999999999999999999
9999999999999999999999
9999999999999999999999
9999999999999999999999
9999999999999999999999
9999999999999999999999
4444444444444444444444
9999999999999999999999
7777777777777777777777
6666666666666666666666
9999999999999999999999
9999999999999999999999
9999999999999999999999
9999999999999999999999
9999999999999999999999
9999999999999999999999
9999999999999999999999
9999999999999999999999
9999999999999999999999
9999999999999999999999
4444444444444444444444
9999999999999999999999
7777777777777777777777
5555555555555555555555
9999999999999999999999
9999999999999999999999
9999999999999999999999
9999999999999999999999
9999999999999999999999
9999999999999999999999
9999999999999999999999
9999999999999999999999
9999999999999999999999
9999999999999999999999
4444444444444444444444
9999999999999999999999
7777777777777777777777
5555555555555555555555
9999999999999999999999
5555555555555555555555
9999999999999999999999
9999999999999999999999
9999999999999999999999
9999999999999999999999
9999999999999999999999
9999999999999999999999
9999999999999999999999
9999999999999999999999
4444444444444444444444
9999999999999999999999
7777777777777777777777
5555555555555555555555
9999999999999999999999
3333333333333333333333
9999999999999999999999
9999999999999999999999
9999999999999999999999
9999999999999999999999
9999999999999999999999
9999999999999999999999
9999999999999999999999
9999999999999999999999
4444444444444444444444
9999999999999999999999
7777777777777777777777
5555555555555555555555
9999999999999999999999
4444444444444444444444
9999999999999999999999
9999999999999999999999
9999999999999999999999
9999999999999999999999
9999999999999999999999
9999999999999999999999
9999999999999999999999
6666666666666666666666
4444444444444444444444
9999999999999999999999
7777777777777777777777
5555555555555555555555
9999999999999999999999
5555555555555555555555
9999999999999999999999
9999999999999999999999
9999999999999999999999
9999999999999999999999
9999999999999999999999
9999999999999999999999
9999999999999999999999
3333333333333333333333
4444444444444444444444
9999999999999999999999
7777777777777777777777
5555555555555555555555
9999999999999999999999
5555555555555555555555
9999999999999999999999
9999999999999999999999
9999999999999999999999
9999999999999999999999
9999999999999999999999
9999999999999999999999
9999999999999999999999
4444444444444444444444
4444444444444444444444
9999999999999999999999
7777777777777777777777
5555555555555555555555
9999999999999999999999
5555555555555555555555
9999999999999999999999
9999999999999999999999
9999999999999999999999
9999999999999999999999
5555555555555555555555
9999999999999999999999
9999999999999999999999
6666666666666666666666
4444444444444444444444
9999999999999999999999
7777777777777777777777
5555555555555555555555
9999999999999999999999
5555555555555555555555
9999999999999999999999
9999999999999999999999
9999999999999999999999
9999999999999999999999
7777777777777777777777
9999999999999999999999
9999999999999999999999
6666666666666666666666
4444444444444444444444
9999999999999999999999
7777777777777777777777
5555555555555555555555
9999999999999999999999
5555555555555555555555
9999999999999999999999
9999999999999999999999
9999999999999999999999
9999999999999999999999
6666666666666666666666
9999999999999999999999
9999999999999999999999
6666666666666666666666
4444444444444444444444
9999999999999999999999
7777777777777777777777
5555555555555555555555
9999999999999999999999
5555555555555555555555
9999999999999999999999
9999999999999999999999
9999999999999999999999
5555555555555555555555
7777777777777777777777
9999999999999999999999
9999999999999999999999
6666666666666666666666
4444444444444444444444
9999999999999999999999
7777777777777777777777
5555555555555555555555
9999999999999999999999
5555555555555555555555
9999999999999999999999
9999999999999999999999
9999999999999999999999
3333333333333333333333
7777777777777777777777
9999999999999999999999
9999999999999999999999
6666666666666666666666
4444444444444444444444
9999999999999999999999
7777777777777777777777
5555555555555555555555
9999999999999999999999
5555555555555555555555
9999999999999999999999
9999999999999999999999
9999999999999999999999
4444444444444444444444
7777777777777777777777
9999999999999999999999
9999999999999999999999
6666666666666666666666
4444444444444444444444
9999999999999999999999
7777777777777777777777
5555555555555555555555
9999999999999999999999
5555555555555555555555
9999999999999999999999
9999999999999999999999
9999999999999999999999
4444444444444444444444
7777777777777777777777
9999999999999999999999
4444444444444444444444
6666666666666666666666
4444444444444444444444
9999999999999999999999
7777777777777777777777
5555555555555555555555
9999999999999999999999
5555555555555555555555
9999999999999999999999
9999999999999999999999
9999999999999999999999
4444444444444444444444
7777777777777777777777
9999999999999999999999
6666666666666666666666
6666666666666666666666
4444444444444444444444
9999999999999999999999
7777777777777777777777
5555555555555555555555
9999999999999999999999
5555555555555555555555
9999999999999999999999
9999999999999999999999
9999999999999999999999
4444444444444444444444
7777777777777777777777
9999999999999999999999
5555555555555555555555
6666666666666666666666
4444444444444444444444
9999999999999999999999
7777777777777777777777
5555555555555555555555
9999999999999999999999
5555555555555555555555
9999999999999999999999
9999999999999999999999
9999999999999999999999
4444444444444444444444
7777777777777777777777
9999999999999999999999
5555555555555555555555
6666666666666666666666
4444444444444444444444
9999999999999999999999
7777777777777777777777
5555555555555555555555
9999999999999999999999
5555555555555555555555
5555555555555555555555
9999999999999999999999
9999999999999999999999
4444444444444444444444
7777777777777777777777
9999999999999999999999
5555555555555555555555
6666666666666666666666
4444444444444444444444
9999999999999999999999
7777777777777777777777
5555555555555555555555
9999999999999999999999
5555555555555555555555
7777777777777777777777
9999999999999999999999
9999999999999999999999
4444444444444444444444
7777777777777777777777
9999999999999999999999
5555555555555555555555
6666666666666666666666
4444444444444444444444
9999999999999999999999
7777777777777777777777
5555555555555555555555
9999999999999999999999
5555555555555555555555
6666666666666666666666
9999999999999999999999
5555555555555555555555
4444444444444444444444
7777777777777777777777
9999999999999999999999
5555555555555555555555
6666666666666666666666
4444444444444444444444
9999999999999999999999
7777777777777777777777
5555555555555555555555
9999999999999999999999
5555555555555555555555
6666666666666666666666
9999999999999999999999
3333333333333333333333
4444444444444444444444
7777777777777777777777
9999999999999999999999
5555555555555555555555
6666666666666666666666
4444444444444444444444
9999999999999999999999
7777777777777777777777
5555555555555555555555
9999999999999999999999
5555555555555555555555
6666666666666666666666
9999999999999999999999
4444444444444444444444
4444444444444444444444
7777777777777777777777
9999999999999999999999
5555555555555555555555
6666666666666666666666
4444444444444444444444
9999999999999999999999
7777777777777777777777
5555555555555555555555
9999999999999999999999
5555555555555555555555
6666666666666666666666
9999999999999999999999
5555555555555555555555
4444444444444444444444
7777777777777777777777
5555555555555555555555
5555555555555555555555
6666666666666666666666
4444444444444444444444
9999999999999999999999
7777777777777777777777
5555555555555555555555
9999999999999999999999
5555555555555555555555
6666666666666666666666
9999999999999999999999
5555555555555555555555
4444444444444444444444
7777777777777777777777
7777777777777777777777
5555555555555555555555
6666666666666666666666
4444444444444444444444
9999999999999999999999
7777777777777777777777
5555555555555555555555
9999999999999999999999
5555555555555555555555
6666666666666666666666
9999999999999999999999
5555555555555555555555
4444444444444444444444
7777777777777777777777
6666666666666666666666
5555555555555555555555
6666666666666666666666
4444444444444444444444
9999999999999999999999
7777777777777777777777
5555555555555555555555
9999999999999999999999
5555555555555555555555
6666666666666666666666
9999999999999999999999
5555555555555555555555
4444444444444444444444
7777777777777777777777
6666666666666666666666
5555555555555555555555
6666666666666666666666
4444444444444444444444
5555555555555555555555
7777777777777777777777
5555555555555555555555
9999999999999999999999
5555555555555555555555
6666666666666666666666
9999999999999999999999
5555555555555555555555
4444444444444444444444
7777777777777777777777
6666666666666666666666
5555555555555555555555
6666666666666666666666
4444444444444444444444
7777777777777777777777
7777777777777777777777
5555555555555555555555
9999999999999999999999
5555555555555555555555
6666666666666666666666
9999999999999999999999
5555555555555555555555
4444444444444444444444
7777777777777777777777
6666666666666666666666
5555555555555555555555
6666666666666666666666
4444444444444444444444
8888888888888888888888
7777777777777777777777
5555555555555555555555
9999999999999999999999
5555555555555555555555
6666666666666666666666
9999999999999999999999
5555555555555555555555
4444444444444444444444
7777777777777777777777
6666666666666666666666
5555555555555555555555
6666666666666666666666
4444444444444444444444
8888888888888888888888
7777777777777777777777
5555555555555555555555
9999999999999999999999
5555555555555555555555
6666666666666666666666
6666666666666666666666
5555555555555555555555
4444444444444444444444
7777777777777777777777
6666666666666666666666
5555555555555555555555
6666666666666666666666
4444444444444444444444
8888888888888888888888
7777777777777777777777
5555555555555555555555
9999999999999999999999
5555555555555555555555
6666666666666666666666
3333333333333333333333
5555555555555555555555
4444444444444444444444
7777777777777777777777
6666666666666666666666
5555555555555555555555
6666666666666666666666
4444444444444444444444
8888888888888888888888
7777777777777777777777
5555555555555555555555
9999999999999999999999
5555555555555555555555
6666666666666666666666
4444444444444444444444
5555555555555555555555
4444444444444444444444
7777777777777777777777
6666666666666666666666
5555555555555555555555
6666666666666666666666
4444444444444444444444
8888888888888888888888
7777777777777777777777
5555555555555555555555
4444444444444444444444
5555555555555555555555
6666666666666666666666
6666666666666666666666
5555555555555555555555
4444444444444444444444
7777777777777777777777
6666666666666666666666
5555555555555555555555
6666666666666666666666
4444444444444444444444
8888888888888888888888
7777777777777777777777
5555555555555555555555
2222222222222222222222
5555555555555555555555
6666666666666666666666
6666666666666666666666
5555555555555555555555
4444444444444444444444
7777777777777777777777
6666666666666666666666
5555555555555555555555
6666666666666666666666
4444444444444444444444
8888888888888888888888
7777777777777777777777
5555555555555555555555
3333333333333333333333
5555555555555555555555
6666666666666666666666
6666666666666666666666
5555555555555555555555
4444444444444444444444
7777777777777777171111
6666666666666666666666
5555555555555555555555
6666666666666666666666
4444444444444444444444
8888888888888888888888
7777777777777777171111
5555555555555555555555
4444444444444444444444
5555555555555555555555
6666666666666666666666
6666666666666666666666
5555555555555555555555
4444444444444444444444
7777777777777777777777
6666666666666666666666
5555555555555555555555
6666666666666666666666
4444444444444444444444
8888888888888888888888
6767676767676767676767
5555555555555555555555
4444444444444444444444
5555555555555555555555
6666666666666666666666
6666666666666666666666
5555555555555555555555
4444444444444444444444
7777777777777777777777
6666666666666666666666
5555555555555555555555
6666666666666666666666
4444444444444444444444
8888888888888888888888
7676767676767676767676
5555555555555555555555
4444444444444444444444
5555555555555555555555
6666666666666666666666
6666666666666666666666
5555555555555555555555
4444444444444444444444
6767676767676767676767
6666666666666666666666
5555555555555555555555
6666666666666666666666
4444444444444444444444
8888888888888888888888
7676767676767676767676
5555555555555555555555
4444444444444444444444
5555555555555555555555
6666666666666666666666
6666666666666666666666
5555555555555555555555
4444444444444444444444
7676767676767676767676
6666666666666666666666
5555555555555555555555
6666666666666666666666
4444444444444444444444
8888888888888888888888
7676767676767676767676
5555555555555555555555
4444444444444444444444
5555555555555555555555
6666666666666666666666
6666666666666666666666
5555555555555555555555
4444444444444444444444
7676767676767676767676
6666666666666666666666
5555555555555555555555
5656565656565656565656
4444444444444444444444
8888888888888888888888
7676767676767676767676
5555555555555555555555
4444444444444444444444
5555555555555555555555
6666666666666666666666
6666666666666666666666
5555555555555555555555
4444444444444444444444
7676767676767676767676
6666666666666666666666
5555555555555555555555
6565656565656565656565
4444444444444444444444
8888888888888888888888
7676767676767676767676
5555555555555555555555
4444444444444444444444
5555555555555555555555
6666666666666666666666
6666666666666666666666
5555555555555555555555
4444444444444444444444
7676767676767676767676
6666666666666666666666
5555555555555555555555
6565656565656565656565
3434343434343434343434
8888888888888888888888
7676767676767676767676
5555555555555555555555
4444444444444444444444
5555555555555555555555
6666666666666666666666
6666666666666666666666
5555555555555555555555
4444444444444444444444
7676767676767676767676
6666666666666666666666
5555555555555555555555
6565656565656565656565
4343434343434343434343
8888888888888888888888
7676767676767676767676
5555555555555555555555
4444444444444444444444
5555555555555555555555
6666666666666666666666
6666666666666666666666
5555555555555555555555
4444444444444444444444
7676767676767676767676
6666666666666666666666
5555555555555555555555
6565656565656565656565
4444444444444444444444
8888888888888888888888
7676767676767676767676
4545454545454545454545
4444444444444444444444
5555555555555555555555
6666666666666666666666
6666666666666666666666
5555555555555555555555
4444444444444444444444
7676767676767676767676
6666666666666666666666
5555555555555555555555
6565656565656565656565
4444444444444444444444
8888888888888888888888
7676767676767676767676
5454545454545454545454
4444444444444444444444
5555555555555555555555
6666666666666666666666
6666666666666666666666
5555555555555555555555
4444444444444444444444
7676767676767676767676
6666666666666666666666
5555555555555555555555
6565656565656565656565
4444444444444444444444
8888888888888888888888
7676767676767676767676
5555555555555555555555
4444444444444444444444
4545454545454545454545
6666666666666666666666
6666666666666666666666
5555555555555555555555
4444444444444444444444
7676767676767676767676
6666666666666666666666
5555555555555555555555
6565656565656565656565
4444444444444444444444
8888888888888888888888
7676767676767676767676
5555555555555555555555
4444444444444444444444
5454545454545454545454
6666666666666666666666
6666666666666666666666
5555555555555555555555
4444444444444444444444
7676767676767676767676
6666666666666666666666
5555555555555555555555
6565656565656565656565
4444444444444444444444
8888888888888888888888
7676767676767676767676
5555555555555555555555
4444444444444444444444
5555555555555555555555
5656565656565656565656
6666666666666666666666
5555555555555555555555
4444444444444444444444
7676767676767676767676
6666666666666666666666
5555555555555555555555
6565656565656565656565
4444444444444444444444
8888888888888888888888
7676767676767676767676
5555555555555555555555
4444444444444444444444
5555555555555555555555
6565656565656565656565
6666666666666666666666
5555555555555555555555
4444444444444444444444
7676767676767676767676
6666666666666666666666
4545454545454545454545
6565656565656565656565
4444444444444444444444
8888888888888888888888
7676767676767676767676
5555555555555555555555
4444444444444444444444
5555555555555555555555
6565656565656565656565
6666666666666666666666
5555555555555555555555
4444444444444444444444
7676767676767676767676
6666666666666666666666
5454545454545454545454
6565656565656565656565
4444444444444444444444
8888888888888888888888
7676767676767676767676
5555555555555555555555
4444444444444444444444
5555555555555555555555
6565656565656565656565
6666666666666666666666
5555555555555555555555
4444444444444444444444
7676767676767676767676
6666666666666666666666
5454545454545454545454
6565656565656565656565
4444444444444444444444
7878787878787878787878
7676767676767676767676
5555555555555555555555
4444444444444444444444
5555555555555555555555
6565656565656565656565
6666666666666666666666
5555555555555555555555
4444444444444444444444
7676767676767676767676
6666666666666666666666
5454545454545454545454
6565656565656565656565
4444444444444444444444
8787878787878787878787
7676767676767676767676
5555555555555555555555
4444444444444444444444
5555555555555555555555
6565656565656565656565
6666666666666666666666
5555555555555555555555
3434343434343434343434
7676767676767676767676
6666666666666666666666
5454545454545454545454
6565656565656565656565
4444444444444444444444
8787878787878787878787
7676767676767676767676
5555555555555555555555
4444444444444444444444
5555555555555555555555
6565656565656565656565
6666666666666666666666
5555555555555555555555
4343434343434343434343
7676767676767676767676
6666666666666666666666
5454545454545454545454
6565656565656565656565
4444444444444444444444
8787878787878787878787
7676767676767676767676
5555555555555555555555
4444444444444444444444
5555555555555555555555
6565656565656565656565
6666666666666666666666
5555555555555555555555
4444444444444444444444
7676767676767676767676
5656565656565656565656
5454545454545454545454
6565656565656565656565
4444444444444444444444
8787878787878787878787
7676767676767676767676
5555555555555555555555
4444444444444444444444
5555555555555555555555
6565656565656565656565
6666666666666666666666
5555555555555555555555
4444444444444444444444
7676767676767676767676
6565656565656565656565
5454545454545454545454
6565656565656565656565
4444444444444444444444
8787878787878787878787
7676767676767676767676
5555555555555555555555
4444444444444444444444
5555555555555555555555
6565656565656565656565
6666666666666666666666
5555555555555555555555
4444444444444444444444
7676767676767676767676
6565656565656565656565
5454545454545454545454
6565656565656565656565
4444444444444444444444
8787878787878787878787
7676767676767676767676
5555555555555555555555
4444444444444444444444
5555555555555555555555
6565656565656565656565
5656565656565656565656
5555555555555555555555
4444444444444444444444
7676767676767676767676
6565656565656565656565
5454545454545454545454
6565656565656565656565
4444444444444444444444
8787878787878787878787
7676767676767676767676
5555555555555555555555
4444444444444444444444
5555555555555555555555
6565656565656565656565
6565656565656565656565
4545454545454545454545
4444444444444444444444
7676767676767676767676
6565656565656565656565
5454545454545454545454
6565656565656565656565
4444444444444444444444
8787878787878787878787
7676767676767676767676
5555555555555555555555
4444444444444444444444
5555555555555555555555
6565656565656565656565
6666666666666666666666
5454545454545454545454
4444444444444444444444
7676767676767676767676
6565656565656565656565
5454545454545454545454
6565656565656565656565
4444444444444444444444
8787878787878787878787
7676767676767676767676
5555555555555555555555
4444444444444444444444
5555555555555555555555
6565656565656565656565
6666666666666666666666
5454545454545454545454
4444444444444444444444
7676767676767676767676
6565656565656565656565
5454545454545454545454
6565656565656565656565
4444444444444444444444
8787878787878787878787
7676767676767676767676
5555555555555555555555
3434343434343434343434
5555555555555555555555
6565656565656565656565
6666666666666666666666
5454545454545454545454
4444444444444444444444
7676767676767676767676
6565656565656565656565
5454545454545454545454
6565656565656565656565
4444444444444444444444
8787878787878787878787
7676767676767676767676
5555555555555555555555
4343434343434343434343
5555555555555555555555
6565656565656565656565
6666666666666666666666
5454545454545454545454
4444444444444444444444
7676767676767676161616
6565656565656565656565
5454545454545454545454
6565656565656565151515
4444444444444444444444
8787878787878787878787
7676767676767676161111
5555555555555555555555
4343434343434343434343
5555555555555555555555
6565656565656565656565
6666666666666666666666
5555555555555555555555
4444444444444444444444
3636363636363636363636
6666666666666666666666
5555555555555555555555
6565656565656565656565
4444444444444444444444
8888888888888888888888
7676767676767676767676
5555555555555555555555
4444444444444444444444
5555555555555555555555
6565656565656565656565
6666666666666666666666
5555555555555555555555
4444444444444444444444
7676767676767676767676
6666666666666666666666
5555555555555555555555
6565656565656565656565
4444444444444444444444
8888888888888888888888
7676767676767676767676
9595959595959595959595
4444444444444444444444
5555555555555555555555
6565656565656565656565
6666666666666666666666
9999999999999999999999
5555555555555555555555
7777777777777777777777
9999999999999999999898
9999999999999999999999
6666666666666666666666
4444444444444444444444
9999999999999999999999
7777777777777777777777
5555555555555555555555
9999999999999999999999
9595959595959595959595
9999999999999999999999
9999999999999999999999
5555555555555555555555
4444444444444444444444
7676767676767676767676
6666666666666666666666
5555555555555555555555
6565656565656565656565
4444444444444444444444
8888888888888888888888
7676767676767676767676
5555555555555555555555
4444444444444444444444
5555555555555555555555
6363636363636363636363
6666666666666666666666
5555555555555555555555
4444444444444444444444
7676767676767676767676
6666666666666666666666
5555555555555555555555
6565656565656565656565
4747474747474747474747
8888888888888888888888
7676767676767676767676
9595959595959595959595
4444444444444444444444
5555555555555555555555
6565656565656565656565
6666666666666666666666
5454545454545454545454
4444444444444444444444
7676767676767676767676
6565656565656565656565
5454545454545454545454
6565656565656565656565
4444444444444444444444
8787878787878787878686
7676767676767676767676
5555555555555555555555
4343434343434343434343
5959595959595959595959
6565656565656565656565
6666666666666666666666
5555555555555555555555
4444444444444444444444
7676767676767676767676
6666666666666666666666
5454545454545454545454
6565656565656565656565
7474747474747474747474
8787878787878787878787
7676767676767676767676
5555555555555555555555
4444444444444444444444
5555555555555555555555
6565656565656565656565
6666666666666666666666
9999999999999999999999
9999999999999999999999
9999999999999999999999
9999999999999999999999
9999999999999999999999
9999999999999999999999
4444444444444444444444
9999999999999999999999
7777777777777777777777
8585858585858585858585
9999999999999999999999
5555555555555555555555
9999999999999999999999
9999999999999999999999
5555555555555555555555
4444444444444444444444
7676767676767676767676
6666666666666666666666
5555555555555555555555
6565656565656565656565
4444444444444444444444
8888888888888888888888
7676767676767676767676
9595959595959595959595
8484848484848484848484
5555555555555555555555
6565656565656565656565
6666666666666666666666
5555555555555555555555
4444444444444444444444
7676767676767676767676
6666666666666666666666
5454545454545454545454
6565656565656565656565
4444444444444444444444
8888888888888888888888
7676767676767676767676
5555555555555555555555
4545454545454545454545
5555555555555555555555
6565656565656565656565
6666666666666666666666
9999999999999999999999
9999999999999999999999
9999999999999999999999
9999999999999999999999
9999999999999999999999
6666666666666666666666
4444444444444444444444
9999999999999999999999
7777777777777777777727
5555555555555555555555
9999999999999999999999
5555555555555555555555
9999999999999999999999
9999999999999999999999
5454545454545454545454
4444444444444444444444
7676767676767676767676
6565656565656565656565
5454545454545454545454
6565656565656565656565
4444444444444444444444
8787878787878787878787
7676767676767676767676
5555555555555555555555
4343434343434343434343
5555555555555555555555
6969696969696969696969
6666666666666666666666
6969696969696969696969
5555555555555555555555
7777777777777777777777
9999999999999999999999
9999999999999999999999
6666666666666666666666
4444444444444444444444
9999999999999999999999
7777777777777777777777
5555555555555555555555
9999999999999999999999
9595959595959595959595
9999999999999999999999
9999999999999999999999
5555555555555555555555
1414141414141414141414
7676767676767674747474
6666666666666666666666
5555555555555555555555
6565656565656565656565
4444444444444444444444
8888888888888888888888
7676767676767676767676
5555555555555555555555
4444444444444444444444
5555555555555555555555
6666666666666666666666
6666666666666666666666
5555555555555555555555
4444444444444444444444
9797979797979797979797
6666666666666666666666
5555555555555555555555
6666666666666666666666
4444444444444444444444
8888888888888888888888
7777777777777777777777
5555555555555555555555
9999999999999999999999
5555555555555555555555
6666666666666666666666
9999999999999999999999
5555555555555555555555
4444444444444444444444
2626262626262626262626
6666666666666666666666
5454545454545454545454
6565656565656565656565
4444444444444444444444
8787878787878787878787
7676767676767676767676
5555555555555555555555
4444444444444444444444
5555555555555555555555
6565656565656565656565
6666666666666666666666
5555555555555555555555
4444444444444444444444
9797979797979797979797
6666666666666666666666
5656565656565656565656
6666666666666666666666
4444444444444444444444
8888888888888888888888
7777777777777777777777
5555555555555555555555
9999999999999999999999
5555555555555555555555
6666666666666666666656
9999999999999999999999
5555555555555555555555
4444444444444444444444
7676767676767676767676
6565656565656565656565
5454545454545454545454
6565656565656565656565
4444444444444444444444
8787878787878787878787
7979797979797979797979
5555555555555555555555
4444444444444444444444
5555555555555555555555
6565656565656565656565
6565656565656565656565
5555555555555555555555
4444444444444444444444
7777777777777777777777
6666666666666666666666
5555555555555555555555
6666666666666666666666
4444444444444444444444
8888888888888888888888
7676767676767676767676
5555555555555555555555
4444444444444444444444
5555555555555555555555
6666666666666666666666
1616161616161616161616
5555555555555555555555
4444444444444444444444
9797979797979797979797
6666666666666666666666
5656565656565656565656
6969696969696969696969
4444444444444444444444
8888888888888888888888
7777777777777777777777
5555555555555555555555
9999999999999999999999
5555555555555555555555
6666666666666666666656
9999999999999999999999
5555555555555555555555
4444444444444444444444
9797979797979797979797
6666666666666666666666
5656565656565656565656
6666666666666666666666
4444444444444444444444
8686868686868686868686
7777777777777777777777
5555555555555555555555
9999999999999999999999
5555555555555555555554
6666666666666666666656
9999999999999999999999
5555555555555555555555
4444444444444444444444
7676767676767676767676
6565656565656565656565
5454545454545454545454
6565656565656565656565
4444444444444444444444
8989898989898989898989
7676767676767676767676
5555555555555555555555
4444444444444444444444
5555555555555555555555
6565656565656565656565
6565656565656565656565
5959595959595959595959
4444444444444444444444
7676767676767676767676
6565656565656565656565
5454545454545454545454
6565656565656565656565
4444444444444444444444
8787878787878787878787
7676767676767676767676
5555555555555555555555
4444444444444444444444
5555555555555555555555
6565656565656565656565
6666666666666666666666
5555555555555555555555
4444444242424242424242
7676767676767676767676
6666666666666666666666
5555555555555555555555
6565656565656565656565
4444444444444444444444
8888888888888888888888
7676767676767676767676
5555555555555555555555
4444444444444444444444
5555555555555555555555
6565656565656565656565
9696969696969696969696
5555555555555555555555
4444444444444444444444
9797979797979797979797
6969696969696969696969
5656565656565656565656
6969696969696969696969
4444444444444444444444
8888888888888888888888
7777777777777777777777
5555555555555555555555
9999999999999999999999
5555555555555555555555
6666666666666666666656
9999999999999999999999
5454545454545454545454
4444444444444444444444
7676767676767676767676
6565656565656565656565
5454545454545454545454
6969696969696969696969
4444444444444444444444
8787878787878787878787
7676767676767676767676
5555555555555555555555
4444444444444444444444
5555555555555555555555
6565656565656565656565
6666666666666666666666
5454545454545454545454
4444444444444444444444
7676767676767676767676
6565656565656565656565
5454545454545454545454
6565656565656565656565
4444444444444444444444
8787878787878787878787
7676767676767676767676
5555555555555555555555
4444444444444444444444
5555555555555555555555
6262626262626262626262
6666666666666666666666
