2700144664
10 10 100
99999999999999999999
99999999999999999999
99999999999999999999
99999999999999999999
99999999999999999999
99999999999999999999
99999999999999999999
99999999999999999999
99999999999999999999
99999999999999999999
99999999999999999999
55555555555555555555
99999999999999999999
99999999999999999999
99999999999999999999
99999999999999999999
99999999999999999999
99999999999999999999
99999999999999999999
99999999999999999999
99999999999999999999
77777777777777777777
99999999999999999999
99999999999999999999
99999999999999999999
99999999999999999999
99999999999999999999
99999999999999999999
99999999999999999999
99999999999999999999
99999999999999999999
66666666666666666666
99999999999999999999
99999999999999999999
99999999999999999999
99999999999999999999
99999999999999999999
99999999999999999999
99999999999999999999
99999999999999999999
99999999999999999999
66666666666666666666
99999999999999999999
99999999999999999999
55555555555555555555
99999999999999999999
99999999999999999999
99999999999999999999
99999999999999999999
99999999999999999999
99999999999999999999
66666666666666666666
99999999999999999999
99999999999999999999
77777777777777777777
99999999999999999999
99999999999999999999
99999999999999999999
99999999999999999999
99999999999999999999
99999999999999999999
66666666666666666666
99999999999999999999
99999999999999999999
66666666666666666666
99999999999999999999
99999999999999999999
99999999999999999999
99999999999999999999
99999999999999999999
99999999999999999999
66666666666666666666
99999999999999999999
99999999999999999999
77777777777777777777
99999999999999999999
99999999999999999999
99999999999999999999
99999999999999999999
55555555555555555555
99999999999999999999
66666666666666666666
99999999999999999999
99999999999999999999
77777777777777777777
99999999999999999999
99999999999999999999
99999999999999999999
99999999999999999999
33333333333333333333
99999999999999999999
66666666666666666666
99999999999999999999
99999999999999999999
77777777777777777777
99999999999999999999
99999999999999999999
99999999999999999999
99999999999999999999
44444444444444444444
55555555555555555555
66666666666666666666
99999999999999999999
99999999999999999999
77777777777777777777
99999999999999999999
99999999999999999999
99999999999999999999
99999999999999999999
55555555555555555555
77777777777777777777
66666666666666666666
99999999999999999999
99999999999999999999
77777777777777777777
99999999999999999999
99999999999999999999
99999999999999999999
99999999999999999999
55555555555555555555
66666666666666666666
66666666666666666666
99999999999999999999
99999999999999999999
77777777777777777777
99999999999999999999
99999999999999999999
99999999999999999999
99999999999999999999
55555555555555555555
66666666666666666666
66666666666666666666
99999999999999999999
99999999999999999999
77777777777777777777
44444444444444444444
99999999999999999999
99999999999999999999
99999999999999999999
55555555555555555555
66666666666666666666
66666666666666666666
99999999999999999999
99999999999999999999
77777777777777777777
66666666666666666666
99999999999999999999
99999999999999999999
99999999999999999999
55555555555555555555
66666666666666666666
66666666666666666666
99999999999999999999
99999999999999999999
77777777777777777777
77777777777777777777
99999999999999999999
99999999999999999999
99999999999999999999
55555555555555555555
66666666666666666666
66666666666666666666
44444444444444444444
99999999999999999999
77777777777777777777
77777777777777777777
99999999999999999999
99999999999999999999
99999999999999999999
55555555555555555555
66666666666666666666
66666666666666666666
66666666666666666666
99999999999999999999
77777777777777777777
77777777777777777777
99999999999999999999
99999999999999999999
99999999999999999999
55555555555555555555
66666666666666666666
66666666666666666666
77777777777777777777
99999999999999999999
77777777777777777777
77777777777777777777
99999999999999999999
99999999999999999999
99999999999999999999
55555555555555555555
66666666666666666666
66666666666666666666
77777777777777777777
99999999999999999999
77777777777777777777
77777777777777777777
44444444444444444444
99999999999999999999
99999999999999999999
55555555555555555555
66666666666666666666
66666666666666666666
77777777777777777777
99999999999999999999
77777777777777777777
77777777777777777777
22222222222222222222
99999999999999999999
99999999999999999999
55555555555555555555
66666666666666666666
66666666666666666666
77777777777777777777
99999999999999999999
77777777777777777777
77777777777777777777
33333333333333333333
99999999999999999999
99999999999999999999
55555555555555555555
66666666666666666666
66666666666666666666
77777777777777777777
44444444444444444444
77777777777777777777
77777777777777777777
44444444444444444444
99999999999999999999
99999999999999999999
55555555555555555555
66666666666666666666
66666666666666666666
77777777777777777777
66666666666666666666
77777777777777777777
77777777777777777777
44444444444444444444
99999999999999999999
99999999999999999999
55555555555555555555
66666666666666666666
66666666666666666666
77777777777777777777
77777777777777777777
77777777777777777777
77777777777777777777
44444444444444444444
99999999999999999999
99999999999999999999
55555555555555555555
66666666666666666666
66666666666666666666
77777777777777777777
77777777777777777777
77777777777777777777
77777777777777777777
44444444444444444444
99999999999999999999
44444444444444444444
55555555555555555555
66666666666666666666
66666666666666666666
77777777777777777777
77777777777777777777
77777777777777777777
77777777777777777777
44444444444444444444
99999999999999999999
22222222222222222222
55555555555555555555
66666666666666666666
66666666666666666666
77777777777777777777
77777777777777777777
77777777777777777777
77777777777777777777
44444444444444444444
99999999999999999999
33333333333333333333
55555555555555555555
66666666666666666666
66666666666666666666
77777777777777777777
77777777777777777777
77777777777777777777
77777777777777777777
44444444444444444444
44444444444444444444
44444444444444444444
55555555555555555555
66666666666666666666
66666666666666666666
77777777777777777777
77777777777777777777
77777777777777777777
77777777777777777777
44444444444444444444
22222222222222222222
44444444444444444444
55555555555555555555
66666666666666666666
66666666666666666666
77777777777777777777
77777777777777777777
77777777777777777777
77777777777777777777
44444444444444444444
33333333333333333333
44444444444444444444
55555555555555555555
66666666666666666666
66666666666666666666
77777777777777171717
77777777777777777777
77777777777777171717
77777777777777777777
44444444444444444444
44444444444444444444
44444444444444444444
55555555555555555555
66666666666666666666
66666666666666666666
77777777777777777777
77777777777777777777
67676767676767676767
77777777777777777777
44444444444444444444
44444444444444444444
44444444444444444444
55555555555555555555
66666666666666666666
66666666666666666666
77777777777777777777
77777777777777777777
76767676767676767676
77777777777777777777
44444444444444444444
44444444444444444444
44444444444444444444
55555555555555555555
66666666666666666666
56565656565656565656
77777777777777777777
77777777777777777777
77777777777777777777
77777777777777777777
44444444444444444444
44444444444444444444
44444444444444444444
55555555555555555555
66666666666666666666
65656565656565656565
77777777777777777777
77777777777777777777
77777777777777777777
77777777777777777777
44444444444444444444
44444444444444444444
44444444444444444444
55555555555555555555
66666666666666666666
66666666666666666666
67676767676767676767
77777777777777777777
77777777777777777777
77777777777777777777
44444444444444444444
44444444444444444444
44444444444444444444
55555555555555555555
66666666666666666666
66666666666666666666
76767676767676767676
77777777777777777777
77777777777777777777
77777777777777777777
44444444444444444444
44444444444444444444
44444444444444444444
55555555555555555555
66666666666666666666
66666666666666666666
77777777777777777777
77777777777777777777
77777777777777777777
67676767676767676767
44444444444444444444
44444444444444444444
44444444444444444444
55555555555555555555
66666666666666666666
66666666666666666666
77777777777777777777
77777777777777777777
77777777777777777777
76767676767676767676
44444444444444444444
44444444444444444444
44444444444444444444
55555555555555555555
56565656565656565656
66666666666666666666
77777777777777777777
77777777777777777777
77777777777777777777
77777777777777777777
44444444444444444444
44444444444444444444
44444444444444444444
55555555555555555555
65656565656565656565
66666666666666666666
77777777777777777777
77777777777777777777
77777777777777777777
77777777777777777777
44444444444444444444
44444444444444444444
44444444444444444444
55555555555555555555
66666666666666666666
66666666666666666666
77777777777777777777
67676767676767676767
77777777777777777777
77777777777777777777
44444444444444444444
44444444444444444444
44444444444444444444
55555555555555555555
66666666666666666666
66666666666666666666
77777777777777777777
76767676767676767676
77777777777777777777
77777777777777777777
44444444444444444444
44444444444444444444
44444444444444444444
55555555555555555555
66666666666666666666
66666666666666666666
77777777777777777777
77777777777777777777
77777777777777777777
77777777777777777777
44444444444444444444
44444444444444444444
44444444444444444444
45454545454545454545
66666666666666666666
66666666666666666666
77777777777777777777
77777777777777777777
77777777777777777777
77777777777777777777
44444444444444444444
44444444444444444444
44444444444444444444
54545454545454545454
66666666666666666666
66666666666666666666
77777777777777777777
77777777777777777777
77777777777777777777
77777777777777777777
34343434343434343434
44444444444444444444
44444444444444444444
54545454545454545454
66666666666666666666
66666666666666666666
77777777777777777777
77777777777777777777
77777777777777777777
77777777777777777777
43434343434343434343
44444444444444444444
44444444444444444444
54545454545454545454
66666666666666666666
66666666666666666666
77777777777777777777
77777777777777777777
77777777777777777777
77777777777777777777
44444444444444444444
44444444444444444444
34343434343434343434
54545454545454545454
66666666666666666666
66666666666666666666
77777777777777777777
77777777777777777777
77777777777777777777
77777777777777777777
44444444444444444444
44444444444444444444
43434343434343434343
54545454545454545454
66666666666666666666
66666666666666666666
77777777777777777777
77777777777777777777
77777777777777777777
77777777777777777777
44444444444444444444
34343434343434343434
44444444444444444444
54545454545454545454
66666666666666666666
66666666666666666666
77777777777777777777
77777777777777777777
77777777777777777777
77777777777777777777
44444444444444444444
43434343434343434343
44444444444444444444
54545454545454545454
66666666666666666666
66666666666666666666
77777777777777171717
77777777777777777777
77777777777777171717
77777777777777777777
44444444444444444444
44444444444444444444
44444444444444444444
54545454545454545454
99999999999999999999
99999999999999999999
69696969696969696969
99999999999999999999
99999999999999999999
99999999999999999999
99999999999999999999
99999999999999999999
99999999999999999999
99999999999999999999
99999999999999999999
66666666666262626262
99999999999999999999
99999999999999999999
77777777777777777777
99999999999999999999
99999999999999999999
99999999999999999999
99999999999999999999
75757575757575757575
66666666666666666666
66666666666666666666
77777777777777777777
77777777777777777777
77777777777777777777
77777777777777777777
94949494949494949494
99999999999999999999
99999999999999999999
55555555555555555555
86868686868686868686
66666666666666666666
77777777777777777777
77777777777777777777
77777777777777777777
77777272727272727272
94949494949494949494
99999999999999999999
99999999999999999999
55555555555555555555
66666666666666666666
66666666666666666666
77777777777777777777
99999999999999999999
75757575757575757575
77777777777777777777
44444444444444444444
99999999999999999999
99999999999999999999
55555555555555555555
96969696969696969696
66666666666666666666
77777777777777777777
99999999999999999999
77777777777777777777
77777777777777777777
44444444444444444444
99999999999999999999
99999999999999999999
55555555555555555555
66666666666666666666
66666666666666666666
77777777777777777777
99999999999999999999
77777777777777777777
77777777777777777777
99999999999999999999
99999999999999999999
99999999999999999999
52525252525252525252
63636363636363636363
66666666666666666666
77777777777777777777
77777777777777777777
77777777777777777777
77777777777777777777
44444444444444444444
44444444444444444444
44444444444444444444
54545454545454545454
66666666666666666666
66666666666666666666
77777777777777777777
77777777777777777777
77777777777777777777
77777777777777777777
44444444444444444444
94949494949494949494
44444444444444444444
54545454545454545454
99999999999999999999
96969696969696969696
69696969696969696969
99999999999999999999
99999999999999999999
99999999999999999999
99999999999999999999
99999999999999999999
99999999999999999999
99999999999999999999
66666666666666666666
66666666666666666666
99999999999999999999
99999999999999999999
77777777777777777777
79797979797979797979
99999999999999999999
99999999999999999999
99999999999999999999
55555555555555555555
66666666666666666666
76767676767676767676
99999999999999999999
99999999999999999999
77777777777777777777
77777777777777777777
99999999999999999999
99999999999999999999
99999999999999999999
55555555555555555555
66666666666666666666
66666666666666666666
77777777777777777777
78787878787878787878
77777777777777777777
77777777777777777777
94949494949494949494
99999999999999999999
99999999999999999999
55555555555555555555
66666666666666666666
66666666666666666666
77777777575757575757
99999999999999999999
77777777777777777777
67676767676767676767
99999999999999999999
99999999999999999999
99999999999999999999
55555555555555555555
66666666666666666666
66666666666666666666
79797979797979797979
77777777777777777777
77777777777777777777
77777777777777777777
44444444444444444444
99999999999999999999
44444444444444444444
55555555555555555555
66666666666666666666
66666666666666666666
99999999999999999999
96969696969696969696
77777777777777777777
79797979797979797979
99999999999999999999
99999999999999999999
99999999999999999999
55555555555555555555
66666666666666666666
66666666666666666666
77777777777777777777
77777777777777777777
78787878782828282828
77777777777777777777
44444444444444444444
44444444444444444444
44444444444444444444
54545454545454545454
79797979797979797979
66666666666666666666
99999999999999999999
99999999999999999999
77777777777777777777
99999999999999999999
99999999999999999999
99999999999999999999
99999999999999999999
55555555555555555555
66666666666666666666
66666666666666666666
99999999999999999999
99999999999998989898
77777777777777777777
95959595959595959595
99999999999999999999
99999999999999999999
99999999999999999999
55555555555555555555
66666666666666666666
66666666666666666666
77777777777777777777
77777777777777777777
77777777777777777777
97979797979797979797
44444444444444444444
99999999999999999999
44444444444444444444
55555555555555555555
66666666666666666666
66666666666666666666
79797979797979797979
99999999999999999999
77777777777777777777
77777777777777777777
99999999999999999999
99999999999999999999
99999999999999999999
55555555555555555555
66666666666666666666
69696969696969696969
77777777777777777777
77777777777777777777
77777777777737373737
77777777777777777777
44444444444444444444
99999999999999999999
44444444444444444444
55555555555555555555
66666666666666666666
66666666666666666666
77777777777777777777
99999999999999999999
77777777777777777777
97979797979797979797
44444444444444444444
99999999999999999999
99999999999999999999
55555555555555555555
66666666666666666666
66666666666666666666
77777777777777777777
77777777777777777777
77777777777777777777
79797979797979797979
44444444444444444444
44443434343434343434
44444444444444444444
55555555555555555555
66666666666666666666
66666666666666666666
79797979797979797979
99999999999999999999
78787878787878787878
77777777777777777777
99999999999999999999
99999999999999999999
99999999999999999999
55555555555555555555
66666666666666666666
66666666666666666665
77777777777777777777
99999999999999999999
77777777777777777777
97979797979797979797
44444444444444444444
99999999999999999999
99999999999999999999
55555555555555555555
96969696969696969696
66666666666666666666
77777777777777777777
99999999999999999999
77777777777777777777
97979797979797979797
44444444444444444444
99999999999999999999
99999999999999999999
55555555555555555555
66666666666666666666
66666666666666666665
77777777777777777777
99999999999999999999
77777777777777777777
97979797979797979797
74747474747474747474
99999999999999999999
99999999999999999999
55555555555555555555
95959595959595959595
66666666666666666666
99999999999999999999
99999999999999999999
77777777777777777777
99999999999999999999
99999999999999696969
99999999999999999999
99999999999999999999
55555555555555555555
66666666666666666666
66666666666666666666
67676767676767676767
77777777777777777777
77777777777777777777
77777777777777777777
44444444444444444444
44444444444444444444
44444444444444444444
54545454545454545454
96969696969696969696
66666666666666666666
77777777777777777777
99999999999999999999
77777777777777777777
97979797979797979797
44444444444444444444
99999999999999999999
99999999999999999999
75757575757575757575
66666666666666666666
66666666666666666666
77777777777777777777
77777777777777777777
77777777777777777777
97979797979797979797
44444444444444444444
44444444443434343434
44444444444444444444
55555555555555555555
66666666666666666666
66666666666666666666
77777777777777777777
99999999999999999999
77777777777777777777
77777777777777774747
44444444444444444444
99999999999999999999
99999999999999999999
55555555555555555555
66666666666666666666
66666666666666666666
79797979797979797979
99999999999999999999
78787878787878787878
79797979797979797979
99999999999999999999
99999999999999999999
99999999999999999999
55555555555555555555
96969696969696969696
66666666666666666666
77777777777777777777
99999999999999999999
77777777777777777777
77777777777777747474
84848484848484848484
99999999999999999999
99999999999999999999
55555555555555555555
66666666666666666666
66666666666666666665
77777777777777777777
99999999999999999999
77777757575757575757
97979797979797979797
44444444444444444444
99999999999999999999
99999999999999999999
55555555555555555555
66666666666666666666
96969696969696969696
77777777777777777777
77777777777777777777
77777777777777777777
77777777777777777777
94949494949494949494
99999999999999999999
99999999999999999999
55555555555555555555
66666666666666666666
56565656565656565656
77777777777777777777
77777777777777777777
77777777777777777777
77777777777777777777
44444444444444444444
99999999999999999999
44444444444444444444
55555555555555555555
69696969696969696969
66666666666666666666
77777777777777777777
78787878787878787878
77777777777777777777
77777777777777777777
94949494949494949494
99999999999999999999
99999999999999999999
55555555555555555555
26262626262626262626
66666666666666666666
77777777777777777777
99999999999999999999
77777777777777777777
77777777777777777777
44444444444444444444
99999999999999999999
99999999999999999999
55555555555555555555
66666666666666666666
66666666666666666666
78787878787878787878
99999999999999999999
77777777777777777777
97979797979797979797
74747474747474747474
99999999999999999999
99999999999999999999
55555555555555555555
66666666666666666666
66666666666666666666
79797969696969696969
99999999999999999999
77777777777777777777
77777777777777777777
99999999999999999999
99999999999999999999
99999999999999999999
65656565656565656565
66666666666666666666
66666666666666666666
99999999999999999999
94949494949494949494
77777777777777777777
99999999999999999999
99999999999999999999
99999999999999999999
99999999999999999999
55555151515151515151
66666666666666666666
66666666666666666666
77777777777777777777
77777777777777777777
77777777777777777777
77777777777777777777
44444444444444444444
99999999999999999999
44444444444444444444
85858585858585858585
66666666666666666666
66666666666666666666
77777777777777777777
99999999999999999999
79797979797979797979
97979797979797474747
44444444444444444444
99999999999999999999
99999999999999999999
55555555555555555555
66666666666666666666
66666666666666666666
77777777777777777777
78787878787878787878
77777777747474747474
97979797979797979797
94949494949494949494
99999999999999999999
99999999999999999999
55555555555555555555
95959595959595959595
66666666666666666666
99999999999999999999
99999997979797979797
77777777777777777777
99999999999999999999
99999999999999696969
99999999999999999999
49494949494949494949
55555555555555555555
