2712883473
15 9 100
999999999999999999
999999999999999999
999999999999999999
999999999999999999
999999999999999999
999999999999999999
999999999999999999
999999999999999999
999999999999999999
999999999999999999
999999999999999999
999999999999999999
999999999999999999
999999999999999999
999999999999999999
999999999999999999
999999999999999999
999999999999999999
999999999999999999
999999999999999999
999999999999999999
999999999999999999
999999999999999999
999999999999999999
999999999999999999
555555555555555555
999999999999999999
999999999999999999
999999999999999999
999999999999999999
999999999999999999
999999999999999999
999999999999999999
999999999999999999
999999999999999999
999999999999999999
999999999999999999
999999999999999999
999999999999999999
999999999999999999
333333333333333333
999999999999999999
999999999999999999
999999999999999999
999999999999999999
999999999999999999
999999999999999999
999999999999999999
999999999999999999
999999999999999999
999999999999999999
999999999999999999
999999999999999999
999999999999999999
999999999999999999
444444444444444444
999999999999999999
999999999999999999
999999999999999999
999999999999999999
999999999999999999
999999999999999999
999999999999999999
555555555555555555
999999999999999999
999999999999999999
999999999999999999
999999999999999999
999999999999999999
999999999999999999
555555555555555555
999999999999999999
999999999999999999
999999999999999999
999999999999999999
999999999999999999
999999999999999999
999999999999999999
333333333333333333
999999999999999999
999999999999999999
999999999999999999
999999999999999999
999999999999999999
999999999999999999
555555555555555555
999999999999999999
999999999999999999
999999999999999999
999999999999999999
999999999999999999
999999999999999999
999999999999999999
444444444444444444
999999999999999999
999999999999999999
999999999999999999
999999999999999999
999999999999999999
999999999999999999
555555555555555555
999999999999999999
999999999999999999
999999999999999999
999999999999999999
999999999999999999
999999999999999999
999999999999999999
444444444444444444
999999999999999999
999999999999999999
999999999999999999
555555555555555555
999999999999999999
999999999999999999
555555555555555555
999999999999999999
999999999999999999
999999999999999999
999999999999999999
999999999999999999
999999999999999999
999999999999999999
444444444444444444
999999999999999999
999999999999999999
999999999999999999
777777777777777777
999999999999999999
999999999999999999
555555555555555555
999999999999999999
999999999999999999
999999999999999999
999999999999999999
999999999999999999
999999999999999999
999999999999999999
444444444444444444
999999999999999999
999999999999999999
999999999999999999
666666666666666666
999999999999999999
999999999999999999
555555555555555555
999999999999999999
999999999999999999
999999999999999999
999999999999999999
999999999999999999
999999999999999999
999999999999999999
444444444444444444
999999999999999999
555555555555555555
999999999999999999
777777777777777777
999999999999999999
999999999999999999
555555555555555555
999999999999999999
999999999999999999
999999999999999999
999999999999999999
999999999999999999
999999999999999999
999999999999999999
444444444444444444
999999999999999999
333333333333333333
999999999999999999
777777777777777777
999999999999999999
999999999999999999
555555555555555555
999999999999999999
999999999999999999
999999999999999999
999999999999999999
999999999999999999
999999999999999999
999999999999999999
444444444444444444
999999999999999999
444444444444444444
999999999999999999
777777777777777777
999999999999999999
999999999999999999
555555555555555555
999999999999999999
999999999999999999
999999999999999999
999999999999999999
999999999999999999
999999999999999999
999999999999999999
444444444444444444
999999999999999999
444444444444444444
999999999999999999
777777777777777777
999999999999999999
999999999999999999
555555555555555555
999999999999999999
999999999999999999
999999999999999999
555555555555555555
999999999999999999
999999999999999999
999999999999999999
444444444444444444
999999999999999999
444444444444444444
999999999999999999
777777777777777777
999999999999999999
999999999999999999
555555555555555555
999999999999999999
999999999999999999
999999999999999999
777777777777777777
999999999999999999
999999999999999999
999999999999999999
444444444444444444
999999999999999999
444444444444444444
999999999999999999
777777777777777777
999999999999999999
999999999999999999
555555555555555555
999999999999999999
999999999999999999
999999999999999999
666666666666666666
999999999999999999
999999999999999999
999999999999999999
444444444444444444
999999999999999999
444444444444444444
999999999999999999
777777777777777777
555555555555555555
999999999999999999
555555555555555555
999999999999999999
999999999999999999
999999999999999999
666666666666666666
999999999999999999
999999999999999999
999999999999999999
444444444444444444
999999999999999999
444444444444444444
999999999999999999
777777777777777777
777777777777777777
999999999999999999
555555555555555555
999999999999999999
999999999999999999
999999999999999999
666666666666666666
999999999999999999
999999999999999999
999999999999999999
444444444444444444
999999999999999999
444444444444444444
999999999999999999
777777777777777777
666666666666666666
999999999999999999
555555555555555555
999999999999999999
999999999999999999
999999999999999999
666666666666666666
999999999999999999
999999999999999999
999999999999999999
444444444444444444
999999999999999999
444444444444444444
999999999999999999
777777777777777777
777777777777777777
999999999999999999
555555555555555555
999999999999999999
999999999999999999
555555555555555555
666666666666666666
999999999999999999
999999999999999999
999999999999999999
444444444444444444
999999999999999999
444444444444444444
999999999999999999
777777777777777777
777777777777777777
999999999999999999
555555555555555555
999999999999999999
999999999999999999
333333333333333333
666666666666666666
999999999999999999
999999999999999999
999999999999999999
444444444444444444
999999999999999999
444444444444444444
999999999999999999
777777777777777777
777777777777777777
999999999999999999
555555555555555555
999999999999999999
999999999999999999
222222222222222222
666666666666666666
999999999999999999
999999999999999999
999999999999999999
444444444444444444
999999999999999999
444444444444444444
999999999999999999
777777777777777777
777777777777777777
999999999999999999
555555555555555555
999999999999999999
666666666666666666
333333333333333333
666666666666666666
999999999999999999
999999999999999999
999999999999999999
444444444444444444
999999999999999999
444444444444444444
999999999999999999
777777777777777777
777777777777777777
999999999999999999
555555555555555555
999999999999999999
333333333333333333
333333333333333333
666666666666666666
999999999999999999
999999999999999999
999999999999999999
444444444444444444
999999999999999999
444444444444444444
999999999999999999
777777777777777777
777777777777777777
999999999999999999
555555555555555555
999999999999999999
222222222222222222
333333333333333333
666666666666666666
999999999999999999
999999999999999999
999999999999999999
444444444444444444
999999999999999999
444444444444444444
999999999999999999
777777777777777777
777777777777777777
555555555555555555
555555555555555555
999999999999999999
333333333333333333
333333333333333333
666666666666666666
999999999999999999
999999999999999999
999999999999999999
444444444444444444
999999999999999999
444444444444444444
999999999999999999
777777777777777777
777777777777777777
777777777777777777
555555555555555555
999999999999999999
333333333333333333
333333333333333333
666666666666666666
999999999999999999
999999999999999999
999999999999999999
444444444444444444
999999999999999999
444444444444444444
999999999999999999
777777777777777777
777777777777777777
666666666666666666
555555555555555555
999999999999999999
333333333333333333
333333333333333333
666666666666666666
555555555555555555
999999999999999999
999999999999999999
444444444444444444
999999999999999999
444444444444444444
999999999999999999
777777777777777777
777777777777777777
777777777777777777
555555555555555555
999999999999999999
333333333333333333
333333333333333333
666666666666666666
333333333333333333
999999999999999999
999999999999999999
444444444444444444
999999999999999999
444444444444444444
999999999999999999
777777777777777777
777777777777777777
777777777777777777
555555555555555555
999999999999999999
333333333333333333
333333333333333333
666666666666666666
444444444444444444
999999999999999999
999999999999999999
444444444444444444
999999999999999999
444444444444444444
999999999999999999
777777777777777777
777777777777777777
777777777777777777
555555555555555555
999999999999999999
333333333333333333
333333333333333333
666666666666666666
444444444444444444
999999999999999999
555555555555555555
444444444444444444
999999999999999999
444444444444444444
999999999999999999
777777777777777777
777777777777777777
777777777777777777
555555555555555555
999999999999999999
333333333333333333
333333333333333333
666666666666666666
444444444444444444
999999999999999999
777777777777777777
444444444444444444
999999999999999999
444444444444444444
999999999999999999
777777777777777777
777777777777777777
777777777777777777
555555555555555555
999999999999999999
333333333333333333
333333333333333333
666666666666666666
444444444444444444
999999999999999999
666666666666666666
444444444444444444
999999999999999999
444444444444444444
999999999999999999
777777777777777777
777777777777777777
777777777777777777
555555555555555555
999999999999999999
333333333333333333
333333333333333333
666666666666666666
444444444444444444
999999999999999999
666666666666666666
444444444444444444
999999999999999999
444444444444444444
555555555555555555
777777777777777777
777777777777777777
777777777777777777
555555555555555555
999999999999999999
333333333333333333
333333333333333333
666666666666666666
444444444444444444
999999999999999999
666666666666666666
444444444444444444
999999999999999999
444444444444444444
333333333333333333
777777777777777777
777777777777777777
777777777777777777
555555555555555555
999999999999999999
333333333333333333
333333333333333333
666666666666666666
444444444444444444
999999999999999999
666666666666666666
444444444444444444
999999999999999999
444444444444444444
444444444444444444
777777777777777777
777777777777777777
777777777777777777
555555555555555555
999999999999999999
333333333333333333
333333333333333333
666666666666666666
444444444444444444
999999999999999999
666666666666666666
444444444444444444
999999999999999999
444444444444444444
444444444444444444
777777777777777777
777777777777777777
777777777777777777
555555555555555555
555555555555555555
333333333333333333
333333333333333333
666666666666666666
444444444444444444
999999999999999999
666666666666666666
444444444444444444
999999999999999999
444444444444444444
444444444444444444
777777777777777777
777777777777777777
777777777777777777
555555555555555555
777777777777777777
333333333333333333
333333333333333333
666666666666666666
444444444444444444
999999999999999999
666666666666666666
444444444444444444
999999999999999999
444444444444444444
444444444444444444
777777777777777777
777777777777777777
777777777777777777
555555555555555555
666666666666666666
333333333333333333
333333333333333333
666666666666666666
444444444444444444
999999999999999999
666666666666666666
444444444444444444
555555555555555555
444444444444444444
444444444444444444
777777777777777777
777777777777777777
777777777777777777
555555555555555555
666666666666666666
333333333333333333
333333333333333333
666666666666666666
444444444444444444
999999999999999999
666666666666666666
444444444444444444
333333333333333333
444444444444444444
444444444444444444
777777777777777777
777777777777777777
777777777777777777
555555555555555555
666666666666666666
333333333333333333
333333333333333333
666666666666666666
444444444444444444
999999999999999999
666666666666666666
444444444444444444
444444444444444444
444444444444444444
444444444444444444
777777777777777777
777777777777777777
777777777777777777
555555555555555555
666666666666666666
333333333333333333
333333333333333333
666666666666666666
444444444444444444
555555555555555555
666666666666666666
444444444444444444
444444444444444444
444444444444444444
444444444444444444
777777777777777777
777777777777777777
777777777777777777
555555555555555555
666666666666666666
333333333333333333
333333333333333333
666666666666666666
444444444444444444
333333333333333333
666666666666666666
444444444444444444
444444444444444444
444444444444444444
444444444444444444
777777777777777777
777777777777777777
777777777777777777
555555555555555555
666666666666666666
333333333333333333
333333333333333333
666666666666666666
444444444444444444
444444444444444444
666666666666666666
444444444444444444
444444444444444444
444444444444444444
444444444444444444
777777777777777777
777777777777777777
777777777777777777
555555555555555555
666666666666666666
333333333333333333
333333333333333333
666666666666666666
444444444444444444
444444444444444444
666666666666666666
444444444444444444
444444444444444444
444444444444444444
444444444444444444
777777777777771717
777777777717171717
777777777777777777
555555551515151515
666666666666666666
333333333333333333
333333333333333333
666616161616161616
444444444444444444
444444444444444444
666666666666666666
444444444444444444
444444444444444444
444444444444444444
444444444444444444
676767676767676767
777777777777777777
777777777777777777
555555555555555555
666666666666666666
333333333333333333
333333333333333333
666666666666666666
444444444444444444
444444444444444444
666666666666666666
444444444444444444
444444444444444444
444444444444444444
444444444444444444
767676767676767676
777777777777777777
777777777777777777
555555555555555555
666666666666666666
333333333333333333
333333333333333333
666666666666666666
444444444444444444
444444444444444444
666666666666666666
444444444444444444
444444444444444444
444444444444444444
444444444444444444
777777777777777777
777777777777777777
777777777777777777
454545454545454545
666666666666666666
333333333333333333
333333333333333333
666666666666666666
444444444444444444
444444444444444444
666666666666666666
444444444444444444
444444444444444444
444444444444444444
444444444444444444
777777777777777777
777777777777777777
777777777777777777
545454545454545454
666666666666666666
333333333333333333
333333333333333333
666666666666666666
444444444444444444
444444444444444444
666666666666666666
444444444444444444
444444444444444444
444444444444444444
444444444444444444
777777777777777777
676767676767676767
777777777777777777
545454545454545454
666666666666666666
333333333333333333
333333333333333333
666666666666666666
444444444444444444
444444444444444444
666666666666666666
444444444444444444
444444444444444444
444444444444444444
444444444444444444
777777777777777777
767676767676767676
777777777777777777
545454545454545454
666666666666666666
333333333333333333
333333333333333333
666666666666666666
444444444444444444
444444444444444444
666666666666666666
444444444444444444
444444444444444444
444444444444444444
444444444444444444
777777777777777777
777777777777777777
777777777777777777
545454545454545454
666666666666666666
333333333333333333
333333333333333333
565656565656565656
444444444444444444
444444444444444444
666666666666666666
444444444444444444
444444444444444444
444444444444444444
444444444444444444
777777777777777777
777777777777777777
777777777777777777
545454545454545454
666666666666666666
333333333333333333
333333333333333333
656565656565656565
444444444444444444
444444444444444444
666666666666666666
444444444444444444
444444444444444444
444444444444444444
444444444444444444
777777777777777777
777777777777777777
676767676767676767
545454545454545454
666666666666666666
333333333333333333
333333333333333333
666666666666666666
444444444444444444
444444444444444444
666666666666666666
444444444444444444
444444444444444444
444444444444444444
444444444444444444
777777777777777777
777777777777777777
767676767676767676
545454545454545454
666666666666666666
333333333333333333
333333333333333333
666666666666666666
444444444444444444
444444444444444444
666666666666666666
343434343434343434
444444444444444444
444444444444444444
444444444444444444
777777777777777777
777777777777777777
777777777777777777
545454545454545454
666666666666666666
333333333333333333
333333333333333333
666666666666666666
444444444444444444
444444444444444444
666666666666666666
434343434343434343
444444444444444444
444444444444444444
444444444444444444
777777777777777777
777777777777777777
777777777777777777
545454545454545454
666666666666666666
333333333333333333
333333333333333333
666666666666666666
444444444444444444
444444444444444444
565656565656565656
444444444444444444
444444444444444444
444444444444444444
444444444444444444
777777777777777777
777777777777777777
777777777777777777
545454545454545454
666666666666666666
333333333333333333
333333333333333333
666666666666666666
444444444444444444
444444444444444444
656565656565656565
444444444444444444
444444444444444444
444444444444444444
444444444444444444
777777777777777777
777777777777777777
777777777777777777
545454545454545454
666666666666666666
333333333333333333
333333333333333333
666666666666666666
444444444444444444
444444444444444444
666666666666666666
444444444444444444
444444444444444444
343434343434343434
444444444444444444
777777777777777777
777777777777777777
777777777777777777
545454545454545454
666666666666666666
333333333333333333
333333333333333333
666666666666666666
444444444444444444
444444444444444444
666666666666666666
444444444444444444
444444444444444444
434343434343434343
444444444444444444
777777777777777777
777777777777777777
777777777777777777
545454545454545454
666666666666666666
333333333333333333
333333333333333333
666666666666666666
444444444444444444
444444444444444444
666666666666666666
444444444444444444
444444444444444444
444444444444444444
444444444444444444
777777777777777777
777777777777777777
777777777777777777
545454545454545454
565656565656565656
333333333333333333
333333333333333333
666666666666666666
444444444444444444
444444444444444444
666666666666666666
444444444444444444
444444444444444444
444444444444444444
444444444444444444
777777777777777777
777777777777777777
777777777777777777
545454545454545454
656565656565656565
333333333333333333
333333333333333333
666666666666666666
444444444444444444
444444444444444444
666666666666666666
444444444444444444
444444444444444444
444444444444444444
343434343434343434
777777777777777777
777777777777777777
777777777777777777
545454545454545454
666666666666666666
333333333333333333
333333333333333333
666666666666666666
444444444444444444
444444444444444444
666666666666666666
444444444444444444
444444444444444444
444444444444444444
434343434343434343
777777777777777777
777777777777777777
777777777777777777
545454545454545454
666666666666666666
333333333333333333
333333333333333333
666666666666666666
343434343434343434
444444444444444444
666666666666666666
444444444444444444
444444444444444444
444444444444444444
444444444444444444
777777777777777777
777777777777777777
777777777777777777
545454545454545454
666666666666666666
333333333333333333
333333333333333333
666666666666666666
434343434343434343
444444444444444444
666666666666666666
444444444444444444
444444444444444444
444444444444444444
444444444444444444
777777777777777777
777777777777777777
777777777777777777
545454545454545454
666666666666666666
333333333333333333
333333333333333333
666666666666666666
444444444444444444
444444444444444444
666666666666666666
444444444444444444
444444444444444444
444444444444444444
444444444444444444
777777777777777777
777777777777777777
777777777777777777
545454545454545454
666666666666666666
333333333333333333
232323232323232323
666666666666666666
444444444444444444
444444444444444444
666666666666666666
444444444444444444
444444444444444444
444444444444444444
444444444444444444
777777777777777777
777777777777777777
777777777777777777
545454545454545454
666666666666666666
333333333333333333
323232323232323232
666666666666666666
444444444444444444
444444444444444444
666666666666666666
444444444444444444
343434343434343434
444444444444444444
444444444444444444
777777777777777777
777777777777777777
777777777777777777
545454545454545454
666666666666666666
333333333333333333
333333333333333333
666666666666666666
444444444444444444
444444444444444444
666666666666666666
444444444444444444
434343434343434343
444444444444444444
444444444444444444
777777777777777777
777777777777777777
777777777777777777
545454545454545454
666666666666666666
333333333333333333
333333333333333333
666666666666666666
444444444444444444
343434343434343434
666666666666666666
444444444444444444
444444444444444444
444444444444444444
444444444444444444
777777777777777777
777777777777777777
777777777777777777
545454545454545454
666666666666666666
333333333333333333
333333333333333333
666666666666666666
444444444444444444
434343434343434343
666666666666666666
444444444444444444
444444444444444444
444444444444444444
444444444444444444
777777777777777777
777777777777777777
777777777777777777
545454545454545454
666666666666666666
333333333333333333
333333333333333333
666666666666666666
444444444444444444
444444444444444444
666666666666666666
444444444444444444
444444444444444444
444444444444444444
444444444444444444
777777777777777777
777777777777777777
777777777777777777
545454545454545454
666666666666666666
232323232323232323
333333333333333333
666666666666666666
444444444444444444
444444444444444444
666666666666666666
444444444444444444
444444444444444444
444444444444444444
444444444444444444
777777777777777777
777777777777777777
777777777777777777
545454545454545454
666666666666666666
323232323232323232
333333333333333333
666666666666666666
444444444444444444
444444444444444444
666666666666666666
444444444444444444
444444444444444444
444444444444444444
444444444444444444
777777777777771717
777777777717171717
777777777777777777
545454545414141414
666666666666666666
333333333333333333
333333333333333333
666616161616161616
444444444444444444
444444444444444444
666666666666666666
444444444444444444
444444444444444444
444444444444444444
444444444444444444
777777777777777777
777777777777777777
777777777777777777
545454545454545454
666666666666666666
535353535353535353
333333333333333333
666666666666666666
999999999999999999
999999999999999999
999999999999999999
444444444444444444
999999999999999999
444444444444444444
999999999999999999
777777777777777777
999999999999999999
949494949494949494
555555555555555555
999999999999999999
999999999999999999
999999999999999999
999999999999999999
999999999999999999
999999999999999999
999999999999999999
444444444444444444
999999999999999999
999999999999999999
999999999999999999
777777777777777777
999999989898989898
999999999999999999
555555555555555555
999999999999999999
999999999999999999
999999999999999999
999999999999999999
444444444444444444
999999999999999999
666666666666666666
444444444444444444
999999999999999999
444444444444444444
444444444444444444
777777777777777777
777777777777777777
777777777777777777
555555555555555555
777777777777777777
313131313131313131
333333333333333333
666666666666666666
999999999999999999
999999999999999999
999999999999999999
444444444444444444
999999999999999999
444444444444444444
999999999999999999
777777777777777777
777777777777777777
999999999999999999
555555555555555555
999999999999999999
333333333333333333
383838383838383838
666666666666666666
444444444444444444
999999999999999999
666666666666666666
444444444444444444
444444444444444444
444444444444444444
444444444444444444
777777777777777777
777777777777777777
777777777777777777
555555555555555555
666666666666666666
333333333333333333
636363636363636363
666666666666666666
949494949494949494
999999999999999999
999999999999999999
444444444444444444
999999999999999999
444444444444444444
999999999999999999
777777777777777777
999999999999999999
999999999999999999
555555555555555555
999999999999999999
999999999999999999
999999999999999999
666666666666666666
444444444444444444
999999999999999999
666666666666666666
444444444444444444
999999999999999999
444444444444444444
444444444444444444
797979797979797979
777777777777777777
777777777777777777
555555555555555555
999999999999999999
333333333333333333
333333333333333333
666666666666666666
999999999999999999
999999999999999999
999999999999999999
444444444444444444
999999999999999999
444444444444444444
999999999999999999
797979797979797979
777777777777777777
999999999999999999
555555555555555555
999999999999999999
333333333333333333
383838383838383838
666666666666666666
949494949494949494
999999999999999999
999999999999999999
444444444444444444
979797979797979797
444444444444444444
999999999999999999
777777777777777777
999999999999999999
999999999999999999
555555555555555555
999999999999999999
999999999999999999
999999999999999999
666666666666666666
444444444444444444
444444444444444444
666666666666666666
444444444444444444
444444444444444444
444444444444444444
444444444444444444
777777777777777777
777777777777777777
777777777777777777
545454545454545454
262626262626262626
535353535353535353
333333333333333333
666666666666666666
444444444444444444
999999999999999999
666666666666666666
444444444444444444
999999999999999999
444444444444444444
555555555555555555
777777777777777777
777777777777777777
777777777777777777
555555555555555555
797979797979797979
333333333333333333
333333333333333333
666666666666666666
444444444444444444
999999999999999999
777777777777777777
444444444444444444
999999999999999999
444444444444444444
999999999999999999
777777777777777777
777777777777777777
979797979797979797
555555555555555555
999999999999999999
333333333333333333
333333333333333333
666666666666666666
444444444444444444
555555555555555555
666666666666666666
444444444444444444
444444444444444444
444444444444444444
444444444444444444
777777777777777777
777777777777777777
777777777777777777
555555555555555555
565656565656565656
333333333333333333
333333333333333333
666666666666666666
444444444444444444
444444444444444444
666666666666666666
444444444444444444
444444444444444444
444444444444444444
444444444444444444
777777777777777777
979797979797979797
777777777777777777
545454545454545454
666666666666666666
333333333333333333
333333333333333333
666666666666666666
444444444444444444
999999999999999999
616161616161616161
444444444444444444
999999999999999999
444444444444444444
444444444444444444
797979797979797979
777777777777777777
777777777777777777
555555555555555555
999999999999999999
333333333333333333
333333333333333333
666666666666666666
999999999999999999
999999999999999999
999999999999999999
999999999999999999
999999999999999999
999999999999999999
999999999999999999
595959595959595959
999999999999999999
999999999999999999
999999999999999999
999999999999999999
999999999999999999
999999999999999999
999999999999999999
444444444444444444
999999999999999999
666666666666666666
444444444444444444
545454545454545454
444444444444444444
444444444444444444
777777777777777777
777777777777777777
777777777777777777
555555555555555555
666666666666666666
333333333333333333
333333333333333333
666666666666666666
444444444444444444
999999999999999999
777777777777777777
444444444444444444
999999999999999999
444444444444444444
999999999999999999
777777777777777777
777777777777777777
777777777777777777
959595959595959595
999999999999999999
333333333333333333
333333333333333333
666666666666666666
949494949494949494
999999999999999999
979797979797979797
444444444444444444
999999999999999999
444444444444444444
999999999999999999
777777777777777777
999999999999999999
999999999999999999
555555555555555555
999999999999999999
999999999999999999
999999999999999999
666666666666666666
999999999999999999
999999999999999999
999999999999999999
444444444444444444
999999999999999999
999999999999999999
999999999999999999
777777777777777777
494949494949494949
999999999999999999
555555555555555555
999999999999999999
999999999999999999
999999999999999999
999999999999999999
444444444444444444
555555555555555555
666666666666666666
444444444444444444
444444444444444444
444444444443434343
444444444444444444
777777777777777777
777777777777777777
777777777777777777
555555555555555555
666666666666666666
333333333333333333
636363636363636363
666666666666666666
