2886194708
14 9 100
999999999999999999
999999999999999999
999999999999999999
999999999999999999
999999999999999999
999999999999999999
999999999999999999
999999999999999999
999999999999999999
999999999999999999
999999999999999999
999999999999999999
999999999999999999
999999999999999999
999999999999999999
999999999999999999
999999999999999999
999999999999999999
999999999999999999
999999999999999999
999999999999999999
999999999999999999
999999999999999999
999999999999999999
999999999999999999
999999999999999999
555555555555555555
999999999999999999
999999999999999999
999999999999999999
999999999999999999
999999999999999999
999999999999999999
999999999999999999
999999999999999999
999999999999999999
999999999999999999
999999999999999999
999999999999999999
999999999999999999
333333333333333333
999999999999999999
999999999999999999
999999999999999999
999999999999999999
999999999999999999
999999999999999999
999999999999999999
999999999999999999
999999999999999999
999999999999999999
999999999999999999
999999999999999999
999999999999999999
444444444444444444
999999999999999999
999999999999999999
999999999999999999
999999999999999999
999999999999999999
999999999999999999
999999999999999999
999999999999999999
999999999999999999
999999999999999999
999999999999999999
999999999999999999
999999999999999999
555555555555555555
444444444444444444
999999999999999999
999999999999999999
999999999999999999
999999999999999999
999999999999999999
999999999999999999
999999999999999999
999999999999999999
999999999999999999
999999999999999999
999999999999999999
999999999999999999
555555555555555555
666666666666666666
999999999999999999
999999999999999999
999999999999999999
999999999999999999
999999999999999999
999999999999999999
999999999999999999
999999999999999999
999999999999999999
999999999999999999
999999999999999999
999999999999999999
555555555555555555
555555555555555555
999999999999999999
999999999999999999
999999999999999999
999999999999999999
999999999999999999
666666666666666666
999999999999999999
999999999999999999
999999999999999999
999999999999999999
999999999999999999
999999999999999999
555555555555555555
666666666666666666
999999999999999999
999999999999999999
999999999999999999
999999999999999999
999999999999999999
333333333333333333
999999999999999999
999999999999999999
999999999999999999
999999999999999999
999999999999999999
999999999999999999
555555555555555555
666666666666666666
999999999999999999
999999999999999999
999999999999999999
999999999999999999
999999999999999999
444444444444444444
999999999999999999
999999999999999999
999999999999999999
999999999999999999
999999999999999999
999999999999999999
555555555555555555
666666666666666666
555555555555555555
999999999999999999
999999999999999999
999999999999999999
999999999999999999
666666666666666666
999999999999999999
999999999999999999
999999999999999999
999999999999999999
999999999999999999
999999999999999999
555555555555555555
666666666666666666
333333333333333333
999999999999999999
999999999999999999
999999999999999999
999999999999999999
666666666666666666
999999999999999999
999999999999999999
999999999999999999
999999999999999999
999999999999999999
999999999999999999
555555555555555555
666666666666666666
444444444444444444
999999999999999999
999999999999999999
999999999999999999
999999999999999999
666666666666666666
999999999999999999
999999999999999999
999999999999999999
999999999999999999
999999999999999999
999999999999999999
555555555555555555
666666666666666666
555555555555555555
999999999999999999
999999999999999999
777777777777777777
999999999999999999
666666666666666666
999999999999999999
999999999999999999
999999999999999999
999999999999999999
999999999999999999
999999999999999999
555555555555555555
666666666666666666
555555555555555555
999999999999999999
999999999999999999
999999999999999999
999999999999999999
666666666666666666
999999999999999999
999999999999999999
999999999999999999
999999999999999999
999999999999999999
999999999999999999
555555555555555555
666666666666666666
555555555555555555
999999999999999999
999999999999999999
888888888888888888
999999999999999999
666666666666666666
999999999999999999
999999999999999999
999999999999999999
999999999999999999
999999999999999999
999999999999999999
555555555555555555
666666666666666666
555555555555555555
999999999999999999
555555555555555555
999999999999999999
999999999999999999
666666666666666666
999999999999999999
999999999999999999
999999999999999999
999999999999999999
999999999999999999
999999999999999999
555555555555555555
666666666666666666
555555555555555555
999999999999999999
333333333333333333
999999999999999999
999999999999999999
666666666666666666
999999999999999999
999999999999999999
999999999999999999
999999999999999999
999999999999999999
999999999999999999
555555555555555555
666666666666666666
555555555555555555
999999999999999999
444444444444444444
999999999999999999
999999999999999999
666666666666666666
999999999999999999
999999999999999999
999999999999999999
999999999999999999
999999999999999999
999999999999999999
555555555555555555
666666666666666666
555555555555555555
555555555555555555
555555555555555555
999999999999999999
999999999999999999
666666666666666666
999999999999999999
999999999999999999
999999999999999999
999999999999999999
999999999999999999
999999999999999999
555555555555555555
666666666666666666
555555555555555555
333333333333333333
555555555555555555
999999999999999999
999999999999999999
666666666666666666
999999999999999999
999999999999999999
999999999999999999
999999999999999999
999999999999999999
999999999999999999
555555555555555555
666666666666666666
555555555555555555
444444444444444444
555555555555555555
999999999999999999
999999999999999999
666666666666666666
999999999999999999
999999999999999999
999999999999999999
999999999999999999
999999999999999999
999999999999999999
555555555555555555
666666666666666666
555555555555555555
555555555555555555
555555555555555555
999999999999999999
999999999999999999
666666666666666666
999999999999999999
444444444444444444
999999999999999999
999999999999999999
999999999999999999
999999999999999999
555555555555555555
666666666666666666
555555555555555555
555555555555555555
555555555555555555
999999999999999999
999999999999999999
666666666666666666
999999999999999999
666666666666666666
999999999999999999
999999999999999999
999999999999999999
999999999999999999
555555555555555555
666666666666666666
555555555555555555
555555555555555555
555555555555555555
999999999999999999
999999999999999999
666666666666666666
999999999999999999
555555555555555555
999999999999999999
999999999999999999
999999999999999999
999999999999999999
555555555555555555
666666666666666666
555555555555555555
555555555555555555
555555555555555555
999999999999999999
999999999999999999
666666666666666666
999999999999999999
555555555555555555
999999999999999999
999999999999999999
444444444444444444
999999999999999999
555555555555555555
666666666666666666
555555555555555555
555555555555555555
555555555555555555
999999999999999999
999999999999999999
666666666666666666
999999999999999999
555555555555555555
999999999999999999
999999999999999999
666666666666666666
999999999999999999
555555555555555555
666666666666666666
555555555555555555
555555555555555555
555555555555555555
999999999999999999
999999999999999999
666666666666666666
999999999999999999
555555555555555555
999999999999999999
999999999999999999
555555555555555555
999999999999999999
555555555555555555
666666666666666666
555555555555555555
555555555555555555
555555555555555555
999999999999999999
999999999999999999
666666666666666666
888888888888888888
555555555555555555
999999999999999999
999999999999999999
666666666666666666
999999999999999999
555555555555555555
666666666666666666
555555555555555555
555555555555555555
555555555555555555
999999999999999999
999999999999999999
666666666666666666
444444444444444444
555555555555555555
999999999999999999
999999999999999999
666666666666666666
999999999999999999
555555555555555555
666666666666666666
555555555555555555
555555555555555555
555555555555555555
999999999999999999
999999999999999999
666666666666666666
666666666666666666
555555555555555555
999999999999999999
999999999999999999
666666666666666666
999999999999999999
555555555555555555
666666666666666666
555555555555555555
555555555555555555
555555555555555555
999999999999999999
999999999999999999
666666666666666666
555555555555555555
555555555555555555
999999999999999999
999999999999999999
666666666666666666
999999999999999999
555555555555555555
666666666666666666
555555555555555555
555555555555555555
555555555555555555
999999999999999999
999999999999999999
666666666666666666
555555555555555555
555555555555555555
444444444444444444
999999999999999999
666666666666666666
999999999999999999
555555555555555555
666666666666666666
555555555555555555
555555555555555555
555555555555555555
999999999999999999
999999999999999999
666666666666666666
555555555555555555
555555555555555555
222222222222222222
999999999999999999
666666666666666666
999999999999999999
555555555555555555
666666666666666666
555555555555555555
555555555555555555
555555555555555555
999999999999999999
999999999999999999
666666666666666666
555555555555555555
555555555555555555
333333333333333333
999999999999999999
666666666666666666
999999999999999999
555555555555555555
666666666666666666
555555555555555555
555555555555555555
555555555555555555
999999999999999999
999999999999999999
666666666666666666
555555555555555555
555555555555555555
444444444444444444
999999999999999999
666666666666666666
444444444444444444
555555555555555555
666666666666666666
555555555555555555
555555555555555555
555555555555555555
999999999999999999
999999999999999999
666666666666666666
555555555555555555
555555555555555555
444444444444444444
999999999999999999
666666666666666666
222222222222222222
555555555555555555
666666666666666666
555555555555555555
555555555555555555
555555555555555555
999999999999999999
999999999999999999
666666666666666666
555555555555555555
555555555555555555
444444444444444444
999999999999999999
666666666666666666
333333333333333333
555555555555555555
666666666666666666
555555555555555555
555555555555555555
555555555555555555
999999999999999999
666666666666666666
666666666666666666
555555555555555555
555555555555555555
444444444444444444
999999999999999999
666666666666666666
444444444444444444
555555555555555555
666666666666666666
555555555555555555
555555555555555555
555555555555555555
999999999999999999
999999999999999999
666666666666666666
555555555555555555
555555555555555555
444444444444444444
999999999999999999
666666666666666666
444444444444444444
555555555555555555
666666666666666666
555555555555555555
555555555555555555
555555555555555555
999999999999999999
888888888888888888
666666666666666666
555555555555555555
555555555555555555
444444444444444444
999999999999999999
666666666666666666
444444444444444444
555555555555555555
666666666666666666
555555555555555555
555555555555555555
555555555555555555
999999999999999999
888888888888888888
666666666666666666
555555555555555555
555555555555555555
444444444444444444
444444444444444444
666666666666666666
444444444444444444
555555555555555555
666666666666666666
555555555555555555
555555555555555555
555555555555555555
999999999999999999
888888888888888888
666666666666666666
555555555555555555
555555555555555555
444444444444444444
222222222222222222
666666666666666666
444444444444444444
555555555555555555
666666666666666666
555555555555555555
555555555555555555
555555555555555555
999999999999999999
888888888888888888
666666666666666666
555555555555555555
555555555555555555
444444444444444444
333333333333333333
666666666666666666
444444444444444444
555555555555555555
666666666666666666
555555555555555555
555555555555555555
555555555555555555
999999911111111111
888888888888888888
666666666616161616
555555555555555555
555555555555555555
444444444444444444
444444444444444444
666666666666666666
444444444444444444
555555555555555555
666666666666661616
555555555555555555
555555555555555555
555555555555555555
898989898989898989
888888888888888888
666666666666666666
555555555555555555
555555555555555555
444444444444444444
444444444444444444
666666666666666666
444444444444444444
555555555555555555
666666666666666666
555555555555555555
555555555555555555
555555555555555555
989898989898989898
888888888888888888
666666666666666666
555555555555555555
555555555555555555
444444444444444444
444444444444444444
666666666666666666
444444444444444444
555555555555555555
666666666666666666
555555555555555555
555555555555555555
555555555555555555
999999999999999999
888888888888888888
666666666666666666
555555555555555555
555555555555555555
444444444444444444
444444444444444444
666666666666666666
444444444444444444
555555555555555555
565656565656565656
555555555555555555
555555555555555555
555555555555555555
999999999999999999
888888888888888888
666666666666666666
555555555555555555
555555555555555555
444444444444444444
444444444444444444
666666666666666666
444444444444444444
555555555555555555
656565656565656565
555555555555555555
555555555555555555
555555555555555555
999999999999999999
888888888888888888
565656565656565656
555555555555555555
555555555555555555
444444444444444444
444444444444444444
666666666666666666
444444444444444444
555555555555555555
656565656565656565
555555555555555555
555555555555555555
555555555555555555
999999999999999999
888888888888888888
565656565656565656
555555555555555555
555555555555555555
444444444444444444
444444444444444444
666666666666666666
444444444444444444
454545454545454545
656565656565656565
555555555555555555
555555555555555555
555555555555555555
999999999999999999
888888888888888888
565656565656565656
555555555555555555
555555555555555555
444444444444444444
444444444444444444
666666666666666666
444444444444444444
545454545454545454
656565656565656565
555555555555555555
555555555555555555
555555555555555555
999999999999999999
888888888888888888
565656565656565656
555555555555555555
555555555555555555
444444444444444444
444444444444444444
565656565656565656
444444444444444444
545454545454545454
656565656565656565
555555555555555555
555555555555555555
555555555555555555
999999999999999999
888888888888888888
565656565656565656
555555555555555555
555555555555555555
444444444444444444
444444444444444444
656565656565656565
444444444444444444
545454545454545454
656565656565656565
555555555555555555
555555555555555555
555555555555555555
999999999999999999
787878787878787878
565656565656565656
555555555555555555
555555555555555555
444444444444444444
444444444444444444
656565656565656565
444444444444444444
545454545454545454
656565656565656565
555555555555555555
555555555555555555
454545454545454545
999999999999999999
787878787878787878
767676767676767676
555555555555555555
555555555555555555
444444444444444444
444444444444444444
656565656565656565
444444444444444444
545454545454545454
656565656565656565
555555555555555555
555555555555555555
545454545454545454
999999999999999999
787878787878787878
767676767676767676
555555555555555555
555555555555555555
444444444444444444
444444444444444444
656565656565656565
444444444444444444
545454545454545454
656565656565656565
454545454545454545
555555555555555555
555555555555555555
999999999999999999
787878787878787878
767676767676767676
555555555555555555
555555555555555555
444444444444444444
444444444444444444
656565656565656565
444444444444444444
545454545454545454
656565656565656565
545454545454545454
555555555555555555
555555555555555555
999999999999999999
787878787878787878
767676767676767676
555555555555555555
555555555555555555
444444444444444444
444444444444444444
656565656565656565
444444444444444444
545454545454545454
656565656565656565
555555555555555555
454545454545454545
555555555555555555
999999999999999999
787878787878787878
767676767676767676
555555555555555555
555555555555555555
444444444444444444
444444444444444444
656565656565656565
444444444444444444
545454545454545454
656565656565656565
555555555555555555
545454545454545454
555555555555555555
999999999999999999
787878787878787878
767676767676767676
555555555555555555
555555555555555555
444444444444444444
444444444444444444
656565656565656565
444444444444444444
545454545454545454
656565656565656565
555555555555555555
555555555555555555
555555555555555555
999999999999999999
787878787878787878
767676767676767676
555555555555555555
454545454545454545
444444444444444444
444444444444444444
656565656565656565
444444444444444444
545454545454545454
656565656565656565
555555555555555555
555555555555555555
555555555555555555
999999999999999999
787878787878787878
767676767676767676
555555555555555555
545454545454545454
444444444444444444
444444444444444444
656565656565656565
444444444444444444
545454545454545454
656565656565656565
555555555555555555
555555555555555555
555555555555555555
999999999999999999
787878787878787878
767676767676767676
555555555555555555
555555555555555555
343434343434343434
444444444444444444
656565656565656565
444444444444444444
545454545454545454
656565656565656565
555555555555555555
555555555555555555
555555555555555555
999999999999999999
787878787878787878
767676767676767676
555555555555555555
555555555555555555
434343434343434343
444444444444444444
656565656565656565
444444444444444444
545454545454545454
656565656565656565
555555555555555555
555555555555555555
555555555555555555
999999999999999999
787878787878787878
767676767676767676
454545454545454545
555555555555555555
444444444444444444
444444444444444444
656565656565656565
444444444444444444
545454545454545454
656565656565656565
555555555555555555
555555555555555555
555555555555555555
999999999999999999
787878787878787878
767676767676767676
545454545454545454
555555555555555555
444444444444444444
444444444444444444
656565656565656565
444444444444444444
545454545454545454
656565656565656565
555555555555555555
555555555555555555
555555555555555555
999999999999999999
787878787878787878
767676767676767676
555555555555555555
555555555555555555
444444444444444444
343434343434343434
656565656565656565
444444444444444444
545454545454545454
656565656565656565
555555555555555555
555555555555555555
555555555555555555
999999999999999999
787878787878787878
767676767676767676
555555555555555555
555555555555555555
444444444444444444
434343434343434343
656565656565656565
444444444444444444
545454545454545454
656565656565656565
555555555555555555
555555555555555555
555555555555555555
999999999999999999
787878787878787878
767676767676767676
555555555555555555
555555555555555555
444444444444444444
444444444444444444
656565656565656565
343434343434343434
545454545454545454
656565656565656565
555555555555555555
555555555555555555
555555555555555555
999999999999999999
787878787878787878
767676767676767676
555555555555555555
555555555555555555
444444444444444444
444444444444444444
656565656565656565
434343434343434343
545454545454545454
656565656565656565
555555555555555555
555555555555555555
555555555555555555
999999911111111111
787878787878787878
565656565616161616
555555555555555555
555555555555555555
444444444444444444
444444444444444444
656565656565656565
444444444444444444
545454545454545454
656565656565651515
555555555555555555
555555555555555555
555555555555555555
999999999999999999
494949494949494949
666666666666666666
888888888888888888
555555555555555555
999999999999999999
999999999999999999
666666666666666666
999999999999999999
555555555555555555
666666666666666666
999999999999999999
999999999999999999
999999999999999999
999999999999999999
999999999999999999
999999999999999999
969696969696969696
999999999999999999
999999999999999999
999999999999999999
999999999959595959
999999999999999999
555555555555555555
999999999999999999
555555555555555555
555555555555555555
555555555555555555
999999999999994949
999999999999999999
666666666666666666
999999999999999999
555555555555555555
999999999999999999
999999999999999999
666666666666666666
999999999999999999
959595959595959595
666666666666666666
555555555555555555
555555555555555555
545454545454545454
999999999999999999
989898989898989898
767676767676767676
555555555555555555
555555555555555555
444444444444444444
444444444444444444
656565656565656565
444444444444444444
545454545454545454
656565656565656565
555555555555555555
555555555555555555
515151515151515151
999999999999999999
888888888888888888
565656565656565656
555555555555555555
555555555555555555
444444444444444444
444444444444444444
656565656565656565
444444444444444444
545454545454545454
656565656565656565
555555555555555555
555555555555555555
252525252525252525
999999999999999999
888888888888888888
666666666666666666
555555555555555555
555555555555555555
444444444444444444
444444444444444444
666666666666666666
444444444444444444
555555555555555555
656565656565656565
555555555555555555
555555555555555555
545454545454545454
999999999999999999
787878787878787878
767676767676767676
555555555555555555
555555555555555555
444444444444444444
141414141414141414
656565656565656565
444444444444444444
545454545454545454
656565656565656565
555555555555555555
555555555555555555
555555555555555555
999999999999999999
999999999999999999
666666666666666666
666666666666666666
555555555555555555
999999999999999999
999999999999999999
666666666666666666
999969696969696969
555555555555555555
666666666666666666
515151515151515151
555555555555555555
555555555555555555
999999999999999999
999999999999999999
666666666666666666
999979797979797979
666666666666666666
999999999999999999
999999999999999999
999999999999999999
999999999999999999
555555555555555555
666666666666666666
555555555555555555
555555555555555555
555555555555555555
999999999999999999
535353535353535353
565656565656565656
555555555555555555
555555555555555555
444444444444444444
444444444444444444
565656565656565656
444444444444444444
545454545454545454
656565656565656565
555555555555555555
555555555555555555
151515151515151515
999999999999999999
999999999999999999
666666666666666666
999999999999999999
555555555555555555
999999999999999999
999999999999999999
999999999999999999
999999999999999999
555555555555555555
666666666666666666
999999999999999999
979797979797979797
999999999999999999
999999999999999999
999999999999999999
999999999999999999
999999999999999999
999999999999999999
999999999999999999
999999999999999999
999999999999999999
999999999999999999
555555555555555555
999999999999999999
555555555555555555
555555555555555555
555555555555555555
999999999999999999
787878787878787878
767676767676767676
545454545454545454
555555555555555555
424242424242424242
444444444444444444
656565656565656565
444444444444444444
545454545454545454
656565656565656565
555555555555555555
555555555555555555
555555555555555555
999999999999999999
282828282828282828
767676767676767676
555555555555555555
555555555555555555
444444444444444444
444444444444444444
656565656565656565
434343434343434343
545454545454545454
656565656565656565
555555555555555555
555555555555555555
555555555555555555
999999999999999999
999999999999999999
636363636363636363
666666666666666666
555555555555555555
999999999999999999
999999999999999999
666666666666666666
999999999999999999
555555555555555555
666666666666666666
999999999999999999
999999999999999999
999999999999999999
999999999999999999
999999999999999999
979797979797979797
999999999999999999
999999999999999999
999999999999999999
999999999999696969
999999999999999999
999999999999999999
555555555555555555
666666666666666666
555555555555555555
555555555555555555
555555555555555555
969696969696969696
888888888888888888
565656565656565656
555555555555555555
555555555555555555
444444444444444444
444444444444444444
656565656565656565
444444444444444444
545454545454545454
656565616161616161
999999999999999999
999999999999999999
999999999999999999
999999999999999999
999999999999999999
999999999999999999
969696969696969696
999999999999989898
999999999999999999
999999999999999999
999999999959595959
999999999999999999
555555555555555555
969696969696969696
555555555555555555
555555555555555555
555555555555555555
999999999999999999
787878787878787878
767676767676767676
757575757575757575
555555555555555555
444444444444444444
444444444444444444
656565656565656565
434343434343434343
545454545454545454
656565656565656565
555555555555555555
555555555555555555
555555555555555555
999999999999999999
999999999999999999
666666666666666666
555555555555555555
555555555555555555
444444444444444444
999999999999999999
666666666666666666
141414141414141414
555555555555555555
666666666666666666
555555555555555555
555555555555555555
555555555555555555
999999999999999999
888888888888888888
696969694949494949
555555555555555555
555555555555555555
444444444444444444
444444444444444444
666666666666666666
444444444444444444
555555555555555555
565656565656565656
555555555555555555
555555555555555555
555555555555555555
999999999999999999
999999999999999999
666666666666666666
999999999999999999
555555555555555555
999999999999999999
999999999999999999
666666666666666665
999999999999999999
555555555555555555
666666666666666666
555555545454545454
151515151515151515
555555555555555555
999999999999999999
999999999999999999
666666666666666666
555555555555555555
555555555555555555
444444444444444444
999999999999999999
666666666666666666
444444444444444444
555555555555555555
666666666666666666
555555555555555555
555555555555555555
555555555555555555
999999999999999999
888888888888888888
565656565656565656
555555555555555555
555555555555555555
444444444444444444
444444444444444444
656565656565656565
414141414141414141
545454545454545454
656565656565656565
555555555555555555
555555555555555555
555555555555555555
999999999999999999
999999999999999999
666666666666666666
999999999999999999
555555555555555555
898989898989898989
999999999999999999
555555555555555555
999999999999999999
555555555555555555
666666666666666666
555555555555555555
555555555555555555
555555555555555555
999999999999999999
888888888888888888
666666666666666666
555555555555555555
555555555555555555
444444444444444444
444444444444444444
666666666666666666
444444444444444444
656565656565656565
666666666666666666
555555555555555555
555555555555555555
555555555555555555
494949494949494949
999999999999999999
666666666666666666
999999999999999999
666666666666666666
999999999999999999
999999999999999999
999999999999999999
999999999999999999
555555555555555555
666666666666666666
555555555555555555
555555555555555555
555555555555555555
999999999999999999
999999999999999999
666666666666666666
999999999999999999
555555555555555555
999999999999999999
999999999999999999
666666666666666666
999999999999999999
515151515151515151
666666666666666666
