37 111
24 27
12 18
18 17
18 27
14 22
13 14
26 24
27 9
16 12
20 9
27 10
12 12
14 24
14 9
26 26
10 19
21 22
20 27
20 19
20 12
25 10
17 20
21 21
21 23
23 15
14 21
11 14
21 16
21 10
25 14
22 15
23 27
14 12
19 11
22 18
26 9
21 18
20 21
9 24
22 16
17 21
21 15
17 25
15 16
26 20
11 10
17 19
10 26
18 26
22 17
14 15
21 12
24 16
27 17
13 10
27 13
11 19
16 16
25 27
11 11
18 20
15 10
25 25
15 20
19 27
18 15
10 13
17 18
21 11
13 13
17 23
22 13
9 12
23 16
16 11
26 11
26 18
15 18
20 17
26 23
26 12
27 18
22 27
15 23
11 25
26 14
13 21
26 10
23 10
18 21
21 17
14 14
12 20
9 15
25 23
27 20
16 10
22 20
14 18
22 9
23 24
9 14
9 23
20 16
23 17
21 13
11 13
16 20
10 21
22 22
13 22
