37 112
16 11
17 17
26 15
18 11
9 9
10 26
21 14
21 22
19 19
17 13
23 21
10 17
15 17
15 19
11 12
19 26
9 10
24 25
25 13
17 12
18 24
13 26
25 21
27 24
13 22
18 12
20 11
22 11
11 19
14 15
25 10
22 26
16 26
17 25
17 22
20 13
15 23
16 12
9 21
25 12
20 19
23 9
25 9
20 20
10 14
18 25
16 27
15 10
23 20
17 14
24 15
23 11
20 25
15 25
19 14
18 21
12 24
27 14
19 21
26 24
19 20
13 14
26 26
9 24
19 23
22 19
18 14
9 27
26 14
20 18
12 23
12 16
14 14
25 24
12 12
10 22
24 20
9 13
13 11
25 27
10 16
27 9
24 27
9 14
15 21
13 9
21 16
23 13
12 15
27 10
25 25
10 19
22 9
15 18
26 23
19 18
17 27
10 18
9 15
13 24
13 18
24 19
13 13
14 27
11 15
13 19
26 9
12 26
10 13
17 26
21 26
22 27
