67
10 10 10 12 11 12 11 10 
10 11 11 12 12 11 11 10 
10 17 10 19 13 19 13 17 
10 22 11 22 11 20 10 20 
11 29 15 29 15 27 11 27 
12 24 15 27 17 25 14 22 
12 30 17 30 17 25 12 25 
13 21 20 21 20 19 13 19 
13 27 11 29 12 30 14 28 
14 13 10 17 15 22 19 18 
14 15 10 19 11 20 15 16 
14 16 14 22 15 22 15 16 
14 20 13 19 12 20 13 21 
16 12 16 14 25 14 25 12 
16 18 16 22 19 22 19 18 
17 17 20 17 20 11 17 11 
17 22 19 24 22 21 20 19 
17 23 18 24 23 19 22 18 
18 27 19 27 19 24 18 24 
19 14 21 16 24 13 22 11 
19 23 22 23 22 22 19 22 
19 28 20 28 20 27 19 27 
20 26 19 27 20 28 21 27 
20 29 24 29 24 28 20 28 
20 36 24 32 20 28 16 32 
21 15 21 16 26 16 26 15 
21 23 22 22 17 17 16 18 
21 24 21 27 22 27 22 24 
21 25 24 28 25 27 22 24 
21 28 20 27 19 28 20 29 
22 10 22 11 25 11 25 10 
22 13 26 17 29 14 25 10 
22 20 22 21 25 21 25 20 
22 25 23 24 22 23 21 24 
22 32 24 32 24 31 22 31 
23 16 24 17 26 15 25 14 
23 18 25 20 26 19 24 17 
23 30 31 30 31 24 23 24 
23 32 24 31 23 30 22 31 
24 12 23 13 26 16 27 15 
24 19 26 19 26 17 24 17 
25 26 28 29 29 28 26 25 
25 28 29 28 29 27 25 27 
27 11 26 10 25 11 26 12 
27 14 27 15 29 15 29 14 
27 21 27 29 28 29 28 21 
27 30 25 28 24 29 26 31 
28 11 26 13 27 14 29 12 
28 13 28 12 26 12 26 13 
29 17 28 17 28 18 29 18 
29 29 32 29 32 28 29 28 
30 16 30 15 29 15 29 16 
30 17 29 16 28 17 29 18 
31 19 32 18 30 16 29 17 
31 25 27 21 25 23 29 27 
33 21 31 19 20 30 22 32 
35 25 28 18 25 21 32 28 
9 13 13 17 14 16 10 12 
10 13 10 15 14 15 14 13 
15 11 16 12 17 11 16 10 
15 12 15 11 12 11 12 12 
16 29 17 30 19 28 18 27 
16 31 16 29 15 29 15 31 
17 36 20 36 20 30 17 30 
22 19 23 18 21 16 20 17 
27 10 27 11 28 11 28 10 
15 34 17 36 22 31 20 29 
