36
6 16 14 24 18 20 10 12 
6 23 10 23 10 16 6 16 
9 24 16 31 17 30 10 23 
10 24 17 31 20 28 13 21 
13 20 13 21 18 21 18 20 
13 23 10 23 10 24 13 24 
13 31 14 31 14 24 13 24 
14 12 14 13 28 13 28 12 
14 17 14 13 13 13 13 17 
15 15 16 14 14 12 13 13 
15 28 20 28 20 26 15 26 
15 30 15 28 10 28 10 30 
16 30 15 30 15 31 16 31 
16 32 17 32 17 31 16 31 
17 15 17 10 15 10 15 15 
17 26 21 30 26 25 22 21 
17 27 14 24 10 28 13 31 
18 22 22 22 22 21 18 21 
19 10 19 16 27 16 27 10 
20 20 15 15 13 17 18 22 
20 31 21 32 22 31 21 30 
21 27 17 27 17 30 21 30 
22 28 20 28 20 31 22 31 
25 19 22 22 27 27 30 24 
25 21 31 21 31 19 25 19 
26 11 13 24 15 26 28 13 
26 22 25 21 20 26 21 27 
27 25 26 25 26 27 27 27 
27 29 31 29 31 27 27 27 
28 16 27 16 27 24 28 24 
28 26 30 26 30 24 28 24 
28 30 31 27 30 26 27 29 
28 32 28 30 21 30 21 32 
32 11 31 11 31 16 32 16 
9 26 10 26 10 24 9 24 
16 13 6 23 9 26 19 16 
