93
8 13 12 17 15 14 11 10 
8 20 12 24 14 22 10 18 
8 30 10 32 12 30 10 28 
10 16 10 18 14 18 14 16 
11 12 11 13 15 13 15 12 
11 17 13 15 12 14 10 16 
11 21 11 22 14 22 14 21 
11 30 12 30 12 27 11 27 
12 19 13 20 17 16 16 15 
12 23 14 21 13 20 11 22 
13 29 15 31 16 30 14 28 
14 15 16 15 16 10 14 10 
14 25 14 28 16 28 16 25 
14 29 14 28 13 28 13 29 
15 15 14 16 16 18 17 17 
15 23 17 23 17 22 15 22 
15 24 15 23 12 23 12 24 
15 26 16 25 15 24 14 25 
15 27 16 28 18 26 17 25 
15 29 14 29 14 31 15 31 
16 19 21 19 21 18 16 18 
16 27 15 26 13 28 14 29 
17 13 15 13 15 14 17 14 
17 26 18 26 18 25 17 25 
18 8 16 10 24 18 26 16 
18 9 15 12 17 14 20 11 
18 21 20 21 20 15 18 15 
18 22 17 23 25 31 26 30 
18 28 16 28 16 30 18 30 
18 31 19 32 21 30 20 29 
19 22 20 21 19 20 18 21 
19 23 19 22 18 22 18 23 
19 26 22 29 24 27 21 24 
19 29 19 32 20 32 20 29 
20 9 18 9 18 11 20 11 
20 13 24 13 24 11 20 11 
20 18 21 19 24 16 23 15 
21 16 24 13 23 12 20 15 
21 17 21 16 17 16 17 17 
21 23 21 24 22 24 22 23 
22 17 21 18 24 21 25 20 
22 18 24 18 24 17 22 17 
22 19 22 20 25 20 25 19 
22 22 21 23 22 24 23 23 
23 16 24 16 24 15 23 15 
23 21 25 19 24 18 22 20 
23 22 22 23 23 24 24 23 
23 25 22 24 18 28 19 29 
23 28 25 28 25 25 23 25 
23 31 23 30 21 30 21 31 
24 22 24 21 23 21 23 22 
24 24 24 23 23 23 23 24 
24 29 27 29 27 27 24 27 
24 31 25 30 24 29 23 30 
25 16 24 15 23 16 24 17 
25 18 26 18 26 16 25 16 
26 22 24 24 25 25 27 23 
26 28 25 28 25 30 26 30 
27 14 29 14 29 11 27 11 
27 24 26 25 28 27 29 26 
27 33 28 32 27 31 26 32 
28 10 28 17 31 17 31 10 
28 12 29 11 28 10 27 11 
28 24 28 26 29 26 29 24 
28 28 27 27 26 28 27 29 
28 30 29 30 29 29 28 29 
28 31 29 32 30 31 29 30 
29 16 27 14 26 15 28 17 
29 31 28 31 28 32 29 32 
30 30 29 29 28 30 29 31 
30 32 32 32 32 31 30 31 
31 19 30 19 30 30 31 30 
32 16 32 14 29 14 29 16 
32 27 28 27 28 28 32 28 
36 18 32 14 24 22 28 26 
36 21 36 18 26 18 26 21 
8 15 8 20 13 20 13 15 
10 29 11 30 13 28 12 27 
11 14 11 17 12 17 12 14 
13 26 13 27 15 27 15 26 
13 32 13 29 10 29 10 32 
15 10 11 14 16 19 20 15 
17 30 16 31 17 32 18 31 
18 27 19 26 18 25 17 26 
19 27 19 26 18 26 18 27 
24 30 24 31 25 31 25 30 
25 23 25 24 27 24 27 23 
25 33 27 33 27 31 25 31 
27 13 31 17 32 16 28 12 
32 25 36 21 29 14 25 18 
24 32 25 33 26 32 25 31 
32 22 26 22 26 25 32 25 
23 32 24 32 24 31 23 31 
