46
7 19 12 24 21 15 16 10 
7 20 11 20 11 19 7 19 
10 17 7 20 18 31 21 28 
10 19 11 20 14 17 13 16 
10 26 13 29 15 27 12 24 
11 21 15 25 19 21 15 17 
12 21 18 27 21 24 15 18 
13 21 13 29 17 29 17 21 
14 16 14 17 15 17 15 16 
14 20 12 18 11 19 13 21 
14 23 24 23 24 20 14 20 
15 23 22 30 24 28 17 21 
15 31 18 31 18 27 15 27 
16 8 14 10 24 20 26 18 
16 15 24 23 25 22 17 14 
16 28 17 29 25 21 24 20 
17 19 19 19 19 14 17 14 
19 24 21 24 21 21 19 21 
20 20 28 12 27 11 19 19 
21 10 16 10 16 15 21 15 
21 17 24 17 24 15 21 15 
21 18 21 17 15 17 15 18 
21 19 26 19 26 18 21 18 
21 30 21 31 22 31 22 30 
22 20 21 21 28 28 29 27 
22 29 21 30 22 31 23 30 
23 28 23 30 24 30 24 28 
25 12 23 14 24 15 26 13 
25 15 25 21 27 21 27 15 
25 26 29 26 29 22 25 22 
26 9 25 10 31 16 32 15 
27 14 24 17 26 19 29 16 
27 27 28 27 28 21 27 21 
28 10 25 10 25 12 28 12 
28 16 28 19 29 19 29 16 
28 18 29 19 31 17 30 16 
28 22 30 20 29 19 27 21 
29 28 29 27 28 27 28 28 
30 13 30 16 31 16 31 13 
30 27 29 26 28 27 29 28 
35 20 31 16 28 19 32 23 
35 27 35 20 30 20 30 27 
11 24 12 24 12 21 11 21 
21 22 19 24 23 28 25 26 
23 11 23 14 27 14 27 11 
33 25 28 30 30 32 35 27 
