99
9 12 15 18 16 17 10 11 
9 15 10 15 10 12 9 12 
10 16 14 12 13 11 9 15 
10 24 11 24 11 22 10 22 
10 26 13 29 15 27 12 24 
11 10 11 16 12 16 12 10 
11 20 11 16 10 16 10 20 
11 27 12 27 12 24 11 24 
12 21 14 23 17 20 15 18 
12 23 14 23 14 22 12 22 
12 26 14 24 12 22 10 24 
13 18 19 12 18 11 12 17 
13 26 15 26 15 18 13 18 
13 31 14 31 14 29 13 29 
14 11 13 11 13 12 14 12 
14 13 13 12 10 15 11 16 
14 27 15 26 14 25 13 26 
14 30 13 29 12 30 13 31 
15 17 16 17 16 11 15 11 
15 21 14 22 17 25 18 24 
15 28 14 27 13 28 14 29 
16 32 16 28 15 28 15 32 
17 12 17 20 18 20 18 12 
17 21 18 22 19 21 18 20 
17 24 18 24 18 22 17 22 
17 34 21 30 19 28 15 32 
18 28 18 30 19 30 19 28 
19 25 22 25 22 24 19 24 
19 27 17 25 16 26 18 28 
20 12 20 11 19 11 19 12 
20 15 19 16 22 19 23 18 
20 18 23 18 23 15 20 15 
20 19 26 13 25 12 19 18 
21 9 19 11 20 12 22 10 
21 13 21 12 20 12 20 13 
21 16 21 14 19 14 19 16 
21 20 23 22 24 21 22 19 
21 26 23 28 24 27 22 25 
21 27 19 25 16 28 18 30 
22 11 21 12 22 13 23 12 
22 12 22 13 23 13 23 12 
22 14 23 13 22 12 21 13 
22 17 24 17 24 14 22 14 
22 20 29 27 30 26 23 19 
22 26 26 26 26 25 22 25 
22 27 22 26 21 26 21 27 
22 31 24 31 24 27 22 27 
23 11 25 13 26 12 24 10 
23 20 23 19 22 19 22 20 
23 30 22 31 23 32 24 31 
25 10 25 12 26 12 26 10 
26 16 26 13 25 13 25 16 
26 18 25 18 25 19 26 19 
26 30 29 30 29 27 26 27 
26 32 26 30 23 30 23 32 
27 10 27 12 28 12 28 10 
27 11 28 12 29 11 28 10 
27 15 25 13 24 14 26 16 
27 16 26 16 26 17 27 17 
27 26 26 27 29 30 30 29 
27 29 28 28 26 26 25 27 
28 15 29 16 30 15 29 14 
28 17 27 16 26 17 27 18 
28 18 28 21 29 21 29 18 
28 22 29 21 26 18 25 19 
28 23 23 23 23 28 28 28 
28 32 29 31 27 29 26 30 
29 12 28 12 28 14 29 14 
29 20 27 18 26 19 28 21 
29 26 30 26 30 21 29 21 
30 13 32 13 32 12 30 12 
30 17 30 15 28 15 28 17 
30 27 31 27 31 26 30 26 
30 28 31 29 32 28 31 27 
31 14 29 14 29 16 31 16 
31 28 30 28 30 29 31 29 
32 27 31 26 30 27 31 28 
32 31 32 30 29 30 29 31 
33 13 32 12 27 17 28 18 
33 22 33 13 32 13 32 22 
34 21 30 17 29 18 33 22 
5 17 10 22 15 17 10 12 
5 21 12 21 12 17 5 17 
10 21 11 22 12 21 11 20 
10 23 11 24 12 23 11 22 
17 27 19 27 19 25 17 25 
18 23 21 20 20 19 17 22 
18 25 19 24 18 23 17 24 
19 17 20 18 23 15 22 14 
19 19 20 19 20 18 19 18 
21 21 22 20 20 18 19 19 
21 28 18 25 16 27 19 30 
22 21 22 20 21 20 21 21 
23 10 22 10 22 11 23 11 
23 29 23 28 21 28 21 29 
24 9 23 10 24 11 25 10 
24 22 28 22 28 21 24 21 
31 12 30 13 31 14 32 13 
20 22 22 24 23 23 21 21 
