76
7 22 10 25 14 21 11 18 
7 26 12 26 12 22 7 22 
7 27 10 30 15 25 12 22 
7 31 11 31 11 27 7 27 
9 17 21 29 24 26 12 14 
9 22 16 29 18 27 11 20 
9 31 10 32 11 31 10 30 
10 21 10 25 14 25 14 21 
11 16 12 16 12 14 11 14 
12 15 11 16 12 17 13 16 
12 24 16 28 20 24 16 20 
13 17 13 16 12 16 12 17 
13 20 13 18 11 18 11 20 
13 29 14 28 12 26 11 27 
13 31 14 31 14 29 13 29 
14 14 12 16 13 17 15 15 
14 32 18 32 18 31 14 31 
15 14 15 15 16 15 16 14 
15 19 15 25 24 25 24 19 
15 22 17 24 21 20 19 18 
15 28 15 25 14 25 14 28 
15 29 16 29 16 28 15 28 
16 11 16 12 19 12 19 11 
16 16 16 20 20 20 20 16 
16 30 15 29 13 31 14 32 
16 33 18 31 16 29 14 31 
17 13 19 11 18 10 16 12 
17 14 16 13 15 14 16 15 
18 13 21 16 22 15 19 12 
18 14 16 16 18 18 20 16 
18 25 21 28 24 25 21 22 
19 14 18 14 18 18 19 18 
19 21 22 21 22 18 19 18 
19 22 19 28 21 28 21 22 
19 30 19 29 16 29 16 30 
20 23 17 23 17 24 20 24 
20 30 25 30 25 24 20 24 
20 31 22 29 21 28 19 30 
21 10 18 10 18 13 21 13 
21 15 21 16 22 16 22 15 
21 32 22 32 22 29 21 29 
21 33 22 32 20 30 19 31 
22 14 21 13 20 14 21 15 
22 17 26 17 26 16 22 16 
22 22 28 22 28 21 22 21 
23 8 21 10 27 16 29 14 
23 16 22 17 24 19 25 18 
23 22 25 20 24 19 22 21 
24 8 23 8 23 10 24 10 
24 20 22 18 20 20 22 22 
24 30 29 25 28 24 23 29 
25 19 25 20 31 20 31 19 
26 10 26 14 29 14 29 10 
26 23 25 24 30 29 31 28 
26 28 31 28 31 23 26 23 
27 13 24 10 23 11 26 14 
27 15 26 16 28 18 29 17 
27 17 27 18 28 18 28 17 
27 29 27 30 28 30 28 29 
28 19 29 18 28 17 27 18 
28 28 27 29 28 30 29 29 
28 34 30 32 28 30 26 32 
29 26 29 25 24 25 24 26 
29 32 30 32 30 29 29 29 
29 34 29 32 28 32 28 34 
30 19 31 20 32 19 31 18 
30 20 31 21 32 20 31 19 
30 31 28 29 27 30 29 32 
31 15 31 13 27 13 27 15 
31 17 29 17 29 18 31 18 
32 21 32 20 31 20 31 21 
32 30 32 28 31 28 31 30 
18 33 21 33 21 32 18 32 
19 34 21 32 20 31 18 33 
20 34 20 31 19 31 19 34 
26 20 28 22 30 20 28 18 
