66
8 27 12 31 18 25 14 21 
9 11 13 15 14 14 10 10 
9 19 11 21 12 20 10 18 
9 31 10 32 11 31 10 30 
10 29 10 30 19 30 19 29 
11 14 14 14 14 12 11 12 
11 15 11 14 10 14 10 15 
11 19 13 19 13 15 11 15 
11 25 11 31 12 31 12 25 
12 16 17 21 18 20 13 15 
12 21 14 21 14 20 12 20 
12 22 11 21 10 22 11 23 
13 10 11 12 15 16 17 14 
13 11 10 14 11 15 14 12 
13 25 13 31 16 31 16 25 
14 23 17 23 17 21 14 21 
14 25 15 26 16 25 15 24 
15 11 15 13 19 13 19 11 
15 18 11 14 10 15 14 19 
16 10 16 12 21 12 21 10 
16 19 17 20 25 12 24 11 
16 21 14 19 12 21 14 23 
16 28 13 25 10 28 13 31 
17 11 16 10 15 11 16 12 
17 27 17 28 19 28 19 27 
18 14 17 14 17 20 18 20 
18 22 17 23 22 28 23 27 
19 16 19 15 15 15 15 16 
20 11 20 14 24 14 24 11 
20 19 20 27 22 27 22 19 
20 29 21 28 20 27 19 28 
21 9 19 11 26 18 28 16 
21 17 26 22 29 19 24 14 
21 23 17 27 19 29 23 25 
21 29 21 32 24 32 24 29 
22 11 21 10 20 11 21 12 
23 19 26 19 26 18 23 18 
23 22 18 22 18 25 23 25 
23 28 23 27 22 27 22 28 
25 17 25 12 21 12 21 17 
25 22 26 21 23 18 22 19 
25 26 25 24 15 24 15 26 
25 33 26 32 25 31 24 32 
26 20 28 22 32 18 30 16 
27 18 26 19 31 24 32 23 
27 20 32 20 32 18 27 18 
27 21 27 20 26 20 26 21 
27 22 26 22 26 27 27 27 
28 30 29 29 27 27 26 28 
29 24 29 29 31 29 31 24 
30 22 30 16 28 16 28 22 
9 21 11 21 11 19 9 19 
10 11 13 11 13 10 10 10 
11 22 12 22 12 21 11 21 
11 24 14 24 14 23 11 23 
12 18 15 18 15 16 12 16 
16 14 14 14 14 19 16 19 
16 16 15 15 12 18 13 19 
17 13 16 12 15 13 16 14 
20 25 22 27 25 24 23 22 
21 30 22 31 24 29 23 28 
22 33 25 33 25 31 22 31 
23 32 22 31 21 32 22 33 
28 23 25 26 26 27 29 24 
28 27 27 27 27 30 28 30 
20 31 21 30 20 29 19 30 
