76
6 14 11 19 15 15 10 10 
6 27 10 27 10 14 6 14 
8 29 10 31 12 29 10 27 
8 30 12 30 12 29 8 29 
9 23 15 29 17 27 11 21 
9 25 12 25 12 23 9 23 
10 11 14 11 14 10 10 10 
10 26 16 32 25 23 19 17 
11 16 12 17 13 16 12 15 
11 20 12 21 16 17 15 16 
12 19 16 19 16 17 12 17 
12 20 12 19 11 19 11 20 
13 15 13 16 15 16 15 15 
13 18 13 16 11 16 11 18 
13 20 13 26 20 26 20 20 
13 24 12 23 11 24 12 25 
13 27 10 27 10 31 13 31 
13 32 16 32 16 31 13 31 
14 18 18 14 14 10 10 14 
15 11 14 11 14 13 15 13 
15 18 14 18 14 29 15 29 
15 23 17 21 14 18 12 20 
15 28 18 25 16 23 13 26 
15 30 16 29 15 28 14 29 
15 37 22 30 15 23 8 30 
16 14 19 11 18 10 15 13 
16 30 16 29 15 29 15 30 
17 16 17 17 19 17 19 16 
17 30 16 31 17 32 18 31 
18 11 16 11 16 14 18 14 
18 17 24 23 25 22 19 16 
18 18 18 19 23 19 23 18 
18 23 18 19 16 19 16 23 
18 28 21 28 21 25 18 25 
18 32 19 32 19 31 18 31 
19 14 16 11 14 13 17 16 
19 19 20 20 23 17 22 16 
20 15 20 14 19 14 19 15 
20 27 25 27 25 26 20 26 
20 30 20 27 17 27 17 30 
20 32 22 32 22 30 20 30 
21 10 19 10 19 11 21 11 
21 12 21 23 24 23 24 12 
21 15 20 14 19 15 20 16 
21 26 23 28 25 26 23 24 
21 31 23 31 23 28 21 28 
22 14 23 15 25 13 24 12 
22 28 20 26 18 28 20 30 
22 35 26 31 23 28 19 32 
23 10 23 11 30 11 30 10 
23 21 23 24 27 24 27 21 
23 29 24 30 26 28 25 27 
24 19 23 18 18 23 19 24 
24 32 25 31 24 30 23 31 
24 35 24 32 22 32 22 35 
25 14 31 14 31 13 25 13 
25 16 25 14 22 14 22 16 
25 30 26 30 26 28 25 28 
27 14 23 10 21 12 25 16 
27 19 21 25 26 30 32 24 
28 21 28 23 30 23 30 21 
28 30 29 31 31 29 30 28 
28 31 28 30 26 30 26 31 
29 11 31 13 32 12 30 10 
29 29 29 31 31 31 31 29 
30 12 32 12 32 11 30 11 
30 17 30 15 23 15 23 17 
30 19 29 18 27 20 28 21 
30 20 30 19 27 19 27 20 
31 20 32 20 32 14 31 14 
31 22 32 21 31 20 30 21 
33 26 30 23 25 28 28 31 
12 37 15 37 15 30 12 30 
14 32 16 30 15 29 13 31 
14 33 16 31 15 30 13 32 
24 31 25 31 25 30 24 30 
