80
8 26 12 30 16 26 12 22 
8 28 13 28 13 26 8 26 
9 19 10 20 12 18 11 17 
9 24 13 24 13 19 9 19 
10 13 10 14 14 14 14 13 
10 22 14 26 17 23 13 19 
10 25 12 23 11 22 9 24 
11 18 11 22 12 22 12 18 
11 25 11 22 10 22 10 25 
11 28 14 31 16 29 13 26 
12 29 15 29 15 23 12 23 
12 32 15 29 11 25 8 28 
14 18 16 20 18 18 16 16 
14 20 14 26 16 26 16 20 
14 30 14 31 16 31 16 30 
15 14 14 13 10 17 11 18 
17 13 17 14 20 14 20 13 
17 15 17 14 15 14 15 15 
17 18 11 12 10 13 16 19 
17 20 18 20 18 18 17 18 
18 19 17 20 18 21 19 20 
18 22 19 22 19 21 18 21 
19 8 17 10 20 13 22 11 
19 18 21 20 23 18 21 16 
19 23 19 32 23 32 23 23 
20 16 20 20 21 20 21 16 
20 22 19 21 18 22 19 23 
20 29 20 26 16 26 16 29 
20 34 24 30 20 26 16 30 
21 21 25 21 25 20 21 20 
21 26 29 26 29 22 21 22 
22 15 22 24 24 24 24 15 
22 26 25 29 27 27 24 24 
22 27 24 29 28 25 26 23 
22 29 22 30 24 30 24 29 
22 31 22 30 20 30 20 31 
23 16 24 15 23 14 22 15 
23 19 21 21 23 23 25 21 
23 34 25 32 22 29 20 31 
24 32 25 32 25 30 24 30 
24 34 24 32 23 32 23 34 
25 13 19 19 20 20 26 14 
25 16 30 16 30 13 25 13 
25 18 23 18 23 19 25 19 
25 22 17 14 13 18 21 26 
25 24 26 24 26 23 25 23 
25 26 29 22 25 18 21 22 
25 33 27 31 26 30 24 32 
25 34 27 32 25 30 23 32 
27 16 28 17 31 14 30 13 
27 22 30 19 28 17 25 20 
27 25 27 27 28 27 28 25 
27 29 27 27 25 27 25 29 
27 30 27 31 30 31 30 30 
27 33 27 32 25 32 25 33 
28 14 26 14 26 17 28 17 
28 20 25 23 26 24 29 21 
29 27 27 25 25 27 27 29 
29 28 30 27 29 26 28 27 
29 35 32 32 30 30 27 33 
30 26 29 26 29 27 30 27 
31 15 30 16 31 17 32 16 
31 20 31 17 28 17 28 20 
32 12 31 12 31 14 32 14 
32 19 32 16 30 16 30 19 
10 30 12 30 12 29 10 29 
16 12 14 14 15 15 17 13 
16 34 20 34 20 31 16 31 
17 35 29 35 29 28 17 28 
19 28 20 29 22 27 21 26 
19 37 24 32 22 30 17 35 
26 15 25 16 26 17 27 16 
27 7 20 14 25 19 32 12 
28 7 27 7 27 11 28 11 
11 16 16 16 16 12 11 12 
12 37 19 37 19 32 12 32 
14 39 22 31 20 29 12 37 
16 25 13 28 16 31 19 28 
10 16 10 17 11 17 11 16 
10 39 14 39 14 31 10 31 
