106
6 27 11 32 15 28 10 23 
7 16 16 25 19 22 10 13 
7 23 10 23 10 16 7 16 
7 25 13 31 18 26 12 20 
9 13 14 18 15 17 10 12 
10 14 13 14 13 13 10 13 
10 27 11 28 21 18 20 17 
11 12 13 14 14 13 12 11 
11 25 11 28 13 28 13 25 
11 29 11 32 12 32 12 29 
12 10 12 11 13 11 13 10 
12 12 13 13 14 12 13 11 
12 26 13 25 12 24 11 25 
13 12 14 12 14 11 13 11 
14 14 14 15 17 15 17 14 
14 24 12 24 12 26 14 26 
14 28 13 28 13 31 14 31 
15 11 15 13 16 13 16 11 
15 16 17 14 16 13 14 15 
15 19 16 20 18 18 17 17 
15 20 18 17 17 16 14 19 
15 25 16 25 16 20 15 20 
15 26 15 28 17 28 17 26 
15 30 16 31 17 30 16 29 
16 16 17 15 15 13 14 14 
16 17 17 17 17 16 16 16 
16 19 16 17 15 17 15 19 
16 26 14 28 17 31 19 29 
16 27 17 28 18 27 17 26 
16 30 16 31 17 31 17 30 
17 18 18 18 18 17 17 17 
17 29 19 29 19 28 17 28 
18 19 21 19 21 18 18 18 
18 22 18 26 19 26 19 22 
19 11 23 11 23 10 19 10 
19 13 19 17 20 17 20 13 
19 16 21 14 20 13 18 15 
19 32 20 32 20 31 19 31 
19 33 20 32 19 31 18 32 
20 18 21 19 25 15 24 14 
20 23 22 23 22 21 20 21 
20 25 15 20 14 21 19 26 
20 27 19 28 20 29 21 28 
21 13 18 16 19 17 22 14 
21 22 20 23 21 24 22 23 
21 25 21 24 20 24 20 25 
22 13 21 13 21 14 22 14 
22 17 24 17 24 14 22 14 
22 22 20 20 18 22 20 24 
22 25 21 26 24 29 25 28 
22 26 22 25 21 25 21 26 
22 27 20 27 20 29 22 29 
22 30 23 31 25 29 24 28 
23 15 25 15 25 11 23 11 
23 21 24 22 26 20 25 19 
23 25 22 24 21 25 22 26 
23 30 25 32 26 31 24 29 
24 24 24 26 29 26 29 24 
24 25 26 27 29 24 27 22 
24 32 25 32 25 29 24 29 
25 17 27 17 27 15 25 15 
25 18 25 19 30 19 30 18 
25 21 25 22 27 22 27 21 
25 25 25 28 27 28 27 25 
26 10 25 11 26 12 27 11 
26 18 27 17 26 16 25 17 
26 22 24 24 25 25 27 23 
26 30 26 31 28 31 28 30 
27 10 26 10 26 11 27 11 
27 12 31 16 32 15 28 11 
27 14 27 12 26 12 26 14 
27 20 31 20 31 17 27 17 
28 12 26 14 27 15 29 13 
28 15 27 14 24 17 25 18 
29 27 31 27 31 26 29 26 
29 29 29 27 26 27 26 29 
29 32 30 31 29 30 28 31 
30 22 27 22 27 23 30 23 
30 25 31 26 32 25 31 24 
30 30 29 30 29 31 30 31 
31 10 31 11 32 11 32 10 
31 12 31 11 28 11 28 12 
31 19 32 18 31 17 30 18 
31 31 30 30 29 31 30 32 
31 32 31 31 30 31 30 32 
32 24 31 24 31 25 32 25 
32 27 31 27 31 30 32 30 
34 19 31 16 27 20 30 23 
34 28 31 25 29 27 32 30 
11 11 11 12 12 12 12 11 
11 17 14 14 13 13 10 16 
17 21 14 24 15 25 18 22 
18 12 19 13 20 12 19 11 
18 33 19 33 19 32 18 32 
21 16 22 17 27 12 26 11 
21 30 22 31 23 30 22 29 
21 31 22 31 22 30 21 30 
26 21 27 20 25 18 24 19 
28 32 29 32 29 31 28 31 
30 11 31 12 32 11 31 10 
19 30 20 31 21 30 20 29 
20 30 20 29 19 29 19 30 
21 29 20 30 21 31 22 30 
26 34 28 32 26 30 24 32 
23 34 26 34 26 31 23 31 
22 35 23 34 20 31 19 32 
