46
8 18 11 21 19 13 16 10 
9 26 10 27 12 25 11 24 
9 27 10 27 10 26 9 26 
10 11 16 11 16 10 10 10 
10 28 17 28 17 27 10 27 
11 25 15 29 17 27 13 23 
11 27 10 26 9 27 10 28 
11 32 15 32 15 29 11 29 
12 13 12 25 19 25 19 13 
12 18 15 21 17 19 14 16 
12 22 11 21 10 22 11 23 
13 16 11 16 11 21 13 21 
13 24 13 23 11 23 11 24 
14 15 13 16 15 18 16 17 
14 22 18 26 19 25 15 21 
14 26 18 26 18 22 14 22 
15 17 16 17 16 14 15 14 
15 20 15 21 18 21 18 20 
16 29 20 29 20 17 16 17 
17 17 21 21 24 18 20 14 
17 18 15 20 24 29 26 27 
17 30 21 30 21 28 17 28 
17 35 20 32 14 26 11 29 
18 29 17 28 16 29 17 30 
19 16 20 17 23 14 22 13 
19 32 21 30 20 29 18 31 
20 31 22 31 22 29 20 29 
22 5 16 11 22 17 28 11 
23 20 23 23 29 23 29 20 
24 19 24 18 17 18 17 19 
25 24 21 28 22 29 26 25 
25 34 27 32 24 29 22 31 
27 17 22 17 22 26 27 26 
28 13 29 13 29 11 28 11 
29 21 30 20 27 17 26 18 
29 25 32 25 32 23 29 23 
29 27 29 25 26 25 26 27 
33 15 29 11 18 22 22 26 
37 26 32 21 27 26 32 31 
37 32 37 26 27 26 27 32 
6 14 13 21 17 17 10 10 
13 34 25 34 25 24 13 24 
16 27 23 20 20 17 13 24 
16 33 18 31 17 30 15 32 
19 31 19 32 20 32 20 31 
13 30 11 32 13 34 15 32 
