29
2 23 11 32 21 22 12 13 
10 30 10 32 11 32 11 30 
12 15 12 17 17 17 17 15 
13 25 15 27 16 26 14 24 
14 20 17 17 13 13 10 16 
14 27 15 27 15 24 14 24 
14 36 19 31 15 27 10 32 
15 12 12 15 22 25 25 22 
15 21 18 24 28 14 25 11 
16 20 16 24 18 24 18 20 
20 18 18 20 21 23 23 21 
21 11 21 22 25 22 25 11 
22 13 13 13 13 25 22 25 
23 20 23 21 31 21 31 20 
24 17 24 29 32 29 32 17 
25 23 21 23 21 27 25 27 
25 32 26 32 26 27 25 27 
27 20 29 22 31 20 29 18 
28 12 28 14 31 14 31 12 
29 30 26 27 24 29 27 32 
30 28 25 23 21 27 26 32 
31 30 31 31 32 31 32 30 
33 30 32 29 31 30 32 31 
6 26 10 30 16 24 12 20 
12 36 14 36 14 27 12 27 
15 20 22 13 19 10 12 17 
16 28 30 28 30 26 16 26 
18 16 22 12 21 11 17 15 
14 12 14 20 15 20 15 12 
