97
7 19 11 23 14 20 10 16 
9 12 10 13 11 12 10 11 
9 22 11 22 11 12 9 12 
9 29 11 31 15 27 13 25 
10 21 9 22 10 23 11 22 
11 11 11 10 10 10 10 11 
11 24 11 25 13 25 13 24 
12 9 11 10 12 11 13 10 
12 13 13 13 13 12 12 12 
12 15 12 13 10 13 10 15 
12 16 13 16 13 15 12 15 
12 21 12 16 10 16 10 21 
12 24 11 23 10 24 11 25 
13 22 11 24 16 29 18 27 
13 23 13 22 11 22 11 23 
14 9 12 9 12 11 14 11 
14 12 16 12 16 11 14 11 
14 15 13 16 14 17 15 16 
14 16 15 16 15 15 14 15 
14 24 19 19 18 18 13 23 
14 33 15 32 12 29 11 30 
15 8 14 9 16 11 17 10 
15 12 16 13 17 12 16 11 
15 18 17 18 17 17 15 17 
15 20 16 21 18 19 17 18 
15 21 15 20 14 20 14 21 
15 28 15 32 19 32 19 28 
16 14 14 12 13 13 15 15 
16 16 17 17 19 15 18 14 
16 26 17 27 20 24 19 23 
16 27 16 29 17 29 17 27 
17 13 17 12 16 12 16 13 
17 14 18 14 18 13 17 13 
17 15 17 16 19 16 19 15 
17 19 18 19 18 18 17 18 
18 15 17 16 18 17 19 16 
18 23 19 23 19 19 18 19 
18 24 18 25 20 25 20 24 
19 9 16 12 17 13 20 10 
19 14 21 14 21 12 19 12 
19 24 20 25 21 24 20 23 
20 13 19 12 18 13 19 14 
20 18 20 23 22 23 22 18 
20 19 23 22 26 19 23 16 
20 29 21 29 21 25 20 25 
20 30 11 30 11 31 20 31 
21 17 22 18 26 14 25 13 
21 33 25 29 21 25 17 29 
22 14 21 15 24 18 25 17 
22 15 22 14 21 14 21 15 
22 29 18 25 16 27 20 31 
23 12 21 14 22 15 24 13 
23 23 22 23 22 24 23 24 
23 25 25 25 25 24 23 24 
24 11 24 13 25 13 25 11 
24 14 24 15 26 15 26 14 
24 19 23 19 23 22 24 22 
24 23 23 22 22 23 23 24 
24 24 23 23 22 24 23 25 
24 25 23 24 19 28 20 29 
24 33 24 31 21 31 21 33 
25 28 25 29 26 29 26 28 
25 30 25 29 22 29 22 30 
26 12 27 13 28 12 27 11 
26 17 31 12 29 10 24 15 
26 24 29 21 27 19 24 22 
26 26 25 25 21 29 22 30 
26 31 29 31 29 29 26 29 
27 16 28 16 28 14 27 14 
27 17 26 17 26 19 27 19 
27 20 31 20 31 19 27 19 
27 30 26 29 25 30 26 31 
28 13 27 14 30 17 31 16 
28 17 30 17 30 16 28 16 
29 12 29 13 31 13 31 12 
29 18 27 20 29 22 31 20 
29 23 29 22 24 22 24 23 
29 24 26 24 26 26 29 26 
30 20 31 19 28 16 27 17 
30 22 29 23 30 24 31 23 
30 25 32 25 32 24 30 24 
31 15 29 13 28 14 30 16 
31 22 26 17 24 19 29 24 
33 27 30 24 26 28 29 31 
9 16 14 21 15 20 10 15 
11 20 12 21 15 18 14 17 
13 14 16 14 16 13 13 13 
13 17 14 16 13 15 12 16 
14 13 13 12 12 13 13 14 
15 26 16 26 16 21 15 21 
26 10 23 10 23 12 26 12 
27 12 27 13 28 13 28 12 
28 24 29 23 24 18 23 19 
28 25 29 26 30 25 29 24 
30 23 31 23 31 22 30 22 
11 26 13 28 15 26 13 24 
11 27 15 27 15 26 11 26 
