89
5 19 11 25 17 19 11 13 
5 23 10 23 10 19 5 19 
6 22 5 23 13 31 14 30 
8 25 12 29 14 27 10 23 
11 16 12 17 18 11 17 10 
11 26 15 30 17 28 13 24 
12 16 11 16 11 17 12 17 
12 21 18 21 18 17 12 17 
12 22 14 24 22 16 20 14 
12 26 18 32 20 30 14 24 
13 18 13 19 17 19 17 18 
13 27 14 27 14 24 13 24 
13 32 18 32 18 31 13 31 
14 18 12 16 11 17 13 19 
15 13 15 11 11 11 11 13 
15 18 13 20 16 23 18 21 
15 20 17 18 15 16 13 18 
15 26 19 26 19 20 15 20 
15 28 15 30 17 30 17 28 
16 14 16 15 20 15 20 14 
16 25 21 25 21 24 16 24 
17 14 16 15 18 17 19 16 
17 25 22 20 21 19 16 24 
18 27 18 30 20 30 20 27 
19 13 15 13 15 16 19 16 
19 28 20 27 19 26 18 27 
19 32 21 32 21 28 19 28 
20 19 19 20 22 23 23 22 
20 24 21 25 26 20 25 19 
20 28 17 25 15 27 18 30 
20 29 19 28 17 30 18 31 
21 10 21 11 22 11 22 10 
21 15 20 15 20 19 21 19 
22 9 21 10 22 11 23 10 
22 17 25 20 26 19 23 16 
22 18 26 18 26 17 22 17 
22 19 23 20 26 17 25 16 
22 22 23 22 23 20 22 20 
23 11 22 11 22 13 23 13 
23 12 27 16 28 15 24 11 
23 19 25 19 25 16 23 16 
23 25 25 25 25 22 23 22 
23 27 26 30 28 28 25 25 
24 12 32 12 32 11 24 11 
24 21 25 22 26 21 25 20 
24 35 31 28 28 25 21 32 
25 9 23 11 24 12 26 10 
25 21 26 21 26 20 25 20 
25 23 28 26 29 25 26 22 
25 30 26 30 26 25 25 25 
25 38 32 31 26 25 19 32 
27 15 27 16 28 16 28 15 
27 23 27 30 30 30 30 23 
28 13 29 14 32 11 31 10 
28 19 28 18 26 18 26 19 
28 20 30 18 28 16 26 18 
28 21 26 21 26 22 28 22 
28 24 28 25 29 25 29 24 
28 29 22 23 21 24 27 30 
28 31 32 31 32 29 28 29 
29 11 31 13 32 12 30 10 
29 18 29 21 30 21 30 18 
29 28 31 28 31 25 29 25 
30 13 31 13 31 10 30 10 
31 20 29 18 28 19 30 21 
32 24 29 21 28 22 31 25 
34 18 31 15 28 18 31 21 
34 24 34 18 32 18 32 24 
6 21 6 22 12 22 12 21 
8 17 8 25 11 25 11 17 
11 18 10 19 12 21 13 20 
11 29 12 29 12 26 11 26 
16 22 16 23 22 23 22 22 
20 6 15 11 22 18 27 13 
21 12 22 13 23 12 22 11 
21 27 23 27 23 25 21 25 
22 12 23 11 22 10 21 11 
22 38 25 38 25 30 22 30 
26 16 27 15 24 12 23 13 
27 22 29 24 30 23 28 21 
28 34 30 32 23 25 21 27 
30 34 30 32 28 32 28 34 
31 19 28 19 28 20 31 20 
32 32 30 30 28 32 30 34 
18 12 21 12 21 11 18 11 
20 10 18 12 19 13 21 11 
20 36 22 38 28 32 26 30 
17 6 17 10 20 10 20 6 
17 11 15 13 16 14 18 12 
