43
5 22 12 29 18 23 11 16 
5 23 12 30 19 23 12 16 
6 25 10 29 14 25 10 21 
10 13 10 14 11 14 11 13 
11 20 12 20 12 16 11 16 
11 29 11 30 12 30 12 29 
12 21 10 21 10 26 12 26 
13 22 15 24 20 19 18 17 
13 23 13 22 5 22 5 23 
14 11 13 10 10 13 11 14 
14 18 22 18 22 11 14 11 
14 23 14 25 18 25 18 23 
15 9 11 13 15 17 19 13 
15 15 15 17 16 17 16 15 
15 16 11 20 12 21 16 17 
17 20 20 20 20 19 17 19 
17 24 15 24 15 29 17 29 
17 26 21 30 22 29 18 25 
17 30 21 30 21 29 17 29 
18 15 18 17 21 17 21 15 
19 8 15 12 18 15 22 11 
19 19 20 20 22 18 21 17 
20 26 23 29 32 20 29 17 
21 12 15 12 15 14 21 14 
22 20 22 22 32 22 32 20 
22 31 23 31 23 29 22 29 
23 11 27 15 28 14 24 10 
23 21 22 20 21 21 22 22 
23 25 27 21 21 15 17 19 
24 15 27 12 26 11 23 14 
24 17 27 17 27 15 24 15 
25 34 29 30 26 27 22 31 
25 39 32 32 22 22 15 29 
26 14 28 14 28 11 26 11 
26 18 26 14 23 14 23 18 
27 25 27 21 23 21 23 25 
28 30 29 30 29 17 28 17 
29 24 30 23 24 17 23 18 
30 20 21 29 23 31 32 22 
31 27 26 27 26 32 31 32 
8 22 12 26 19 19 15 15 
9 16 15 22 17 20 11 14 
20 21 20 26 21 26 21 21 
