63
11 14 10 15 13 18 14 17 
11 18 13 18 13 14 11 14 
11 20 14 23 16 21 13 18 
11 31 15 31 15 24 11 24 
12 12 12 13 13 13 13 12 
12 19 11 19 11 20 12 20 
13 23 14 23 14 20 13 20 
13 24 14 25 15 24 14 23 
13 25 13 30 14 30 14 25 
14 11 13 12 14 13 15 12 
14 16 14 15 10 15 10 16 
14 27 19 32 22 29 17 24 
15 13 23 21 25 19 17 11 
15 14 14 13 13 14 14 15 
15 17 14 16 11 19 12 20 
15 18 16 19 18 17 17 16 
15 20 18 20 18 18 15 18 
15 21 18 18 17 17 14 20 
15 25 12 28 14 30 17 27 
16 23 16 21 15 21 15 23 
16 24 19 21 18 20 15 23 
16 27 17 27 17 24 16 24 
17 13 15 13 15 14 17 14 
17 26 16 27 21 32 22 31 
17 29 17 32 19 32 19 29 
18 16 17 16 17 17 18 17 
18 24 20 26 21 25 19 23 
19 10 15 10 15 12 19 12 
19 14 20 15 22 13 21 12 
19 19 23 19 23 14 19 14 
21 10 21 12 31 12 31 10 
21 13 21 25 22 25 22 13 
21 31 22 31 22 29 21 29 
22 15 27 20 28 19 23 14 
22 32 25 32 25 31 22 31 
22 34 25 31 20 26 17 29 
23 27 24 27 24 23 23 23 
24 21 24 19 23 19 23 21 
24 24 25 25 26 24 25 23 
24 31 25 32 27 30 26 29 
25 11 25 19 28 19 28 11 
25 14 29 18 32 15 28 11 
25 24 25 25 26 25 26 24 
26 16 23 19 28 24 31 21 
26 21 30 25 31 24 27 20 
27 16 26 16 26 20 27 20 
27 25 21 31 22 32 28 26 
27 29 27 25 26 25 26 29 
30 16 26 20 28 22 32 18 
31 22 28 22 28 24 31 24 
32 28 32 18 29 18 29 28 
9 15 10 16 13 13 12 12 
10 22 13 25 15 23 12 20 
11 28 13 30 16 27 14 25 
18 13 17 14 18 15 19 14 
20 13 18 13 18 15 20 15 
21 34 22 34 22 32 21 32 
22 8 17 13 20 16 25 11 
22 21 24 23 26 21 24 19 
23 26 24 27 26 25 25 24 
16 31 17 32 23 26 22 25 
16 32 16 31 15 31 15 32 
18 34 21 31 19 29 16 32 
