50
8 18 14 24 20 18 14 12 
9 29 11 31 16 26 14 24 
10 26 12 28 16 24 14 22 
11 16 11 20 13 20 13 16 
11 18 12 19 14 17 13 16 
11 27 10 27 10 31 11 31 
11 29 14 32 15 31 12 28 
13 10 11 12 13 14 15 12 
13 22 20 29 28 21 21 14 
13 24 13 32 14 32 14 24 
14 19 14 22 18 22 18 19 
15 14 17 14 17 12 15 12 
15 18 17 20 18 19 16 17 
15 28 15 29 20 29 20 28 
16 18 16 17 15 17 15 18 
17 9 16 10 20 14 21 13 
17 23 26 32 27 31 18 22 
17 24 18 23 14 19 13 20 
17 26 17 24 16 24 16 26 
18 26 19 27 24 22 23 21 
18 27 18 26 17 26 17 27 
18 35 21 32 13 24 10 27 
19 14 19 18 20 18 20 14 
19 35 19 27 18 27 18 35 
20 23 20 22 18 22 18 23 
21 16 29 16 29 14 21 14 
21 20 21 16 17 16 17 20 
21 22 20 23 24 27 25 26 
21 27 21 32 24 32 24 27 
21 29 24 32 31 25 28 22 
23 18 21 16 19 18 21 20 
23 25 27 25 27 21 23 21 
24 11 24 15 25 15 25 11 
24 18 20 22 23 25 27 21 
24 20 21 20 21 22 24 22 
24 23 28 23 28 22 24 22 
25 27 31 27 31 26 25 26 
26 31 26 32 27 32 27 31 
27 12 24 15 26 17 29 14 
27 17 25 15 22 18 24 20 
28 10 28 21 30 21 30 10 
31 18 29 20 30 21 32 19 
32 27 31 26 26 31 27 32 
32 30 27 25 25 27 30 32 
32 31 30 31 30 32 32 32 
23 10 22 10 22 18 23 18 
26 12 26 17 27 17 27 12 
27 9 25 11 26 12 28 10 
31 29 32 29 32 27 31 27 
21 8 17 12 19 14 23 10 
