96
8 19 11 22 14 19 11 16 
8 22 13 27 17 23 12 18 
9 13 13 17 15 15 11 11 
9 16 11 16 11 13 9 13 
10 22 10 26 11 26 11 22 
10 30 12 32 14 30 12 28 
11 14 12 15 14 13 13 12 
11 19 12 19 12 18 11 18 
11 20 13 22 14 21 12 19 
11 24 12 25 14 23 13 22 
11 29 11 30 14 30 14 29 
12 12 13 12 13 10 12 10 
12 17 13 17 13 15 12 15 
12 22 13 23 14 22 13 21 
12 23 13 23 13 22 12 22 
12 27 11 27 11 28 12 28 
13 14 16 14 16 12 13 12 
13 19 13 21 14 21 14 19 
13 25 13 27 16 27 16 25 
13 26 12 25 11 26 12 27 
13 30 14 29 12 27 11 28 
13 32 18 27 16 25 11 30 
14 12 16 14 18 12 16 10 
15 12 17 14 18 13 16 11 
15 19 19 19 19 16 15 16 
15 22 14 22 14 23 15 23 
15 27 17 25 15 23 13 25 
15 28 17 30 18 29 16 27 
15 31 18 31 18 29 15 29 
16 8 14 10 16 12 18 10 
16 21 20 17 19 16 15 20 
16 24 17 24 17 23 16 23 
16 32 16 30 14 30 14 32 
17 20 20 20 20 17 17 17 
17 21 19 19 17 17 15 19 
17 22 16 23 17 24 18 23 
17 29 16 28 15 29 16 30 
17 31 16 30 15 31 16 32 
18 8 16 8 16 10 18 10 
18 15 17 14 15 16 16 17 
18 26 18 27 19 27 19 26 
18 28 18 27 16 27 16 28 
19 12 18 12 18 13 19 13 
19 22 20 22 20 21 19 21 
19 24 23 28 26 25 22 21 
19 25 19 24 17 24 17 25 
19 30 20 30 20 27 19 27 
19 31 19 32 21 32 21 31 
20 11 25 16 26 15 21 10 
20 15 22 17 26 13 24 11 
20 25 24 25 24 22 20 22 
20 26 19 27 23 31 24 30 
20 29 23 32 27 28 24 25 
20 31 19 30 18 31 19 32 
20 32 21 31 20 30 19 31 
21 11 20 11 20 15 21 15 
21 17 26 22 27 21 22 16 
21 21 22 21 22 17 21 17 
22 23 27 23 27 21 22 21 
22 25 20 27 25 32 27 30 
23 10 23 15 25 15 25 10 
23 13 21 11 19 13 21 15 
23 20 23 24 28 24 28 20 
23 23 21 21 20 22 22 24 
24 14 25 15 29 11 28 10 
24 17 20 21 22 23 26 19 
24 24 25 25 27 23 26 22 
25 11 29 15 30 14 26 10 
25 22 25 25 26 25 26 22 
25 30 25 32 26 32 26 30 
26 14 26 15 29 15 29 14 
26 16 26 15 25 15 25 16 
26 17 26 19 30 19 30 17 
26 28 28 30 31 27 29 25 
27 26 29 26 29 25 27 25 
27 29 27 30 28 30 28 29 
28 19 26 17 23 20 25 22 
29 12 28 13 29 14 30 13 
29 18 30 19 31 18 30 17 
29 21 29 23 30 23 30 21 
29 22 30 23 31 22 30 21 
30 10 28 10 28 13 30 13 
30 27 30 31 31 31 31 27 
30 29 32 27 29 24 27 26 
31 15 29 15 29 18 31 18 
32 29 30 27 28 29 30 31 
32 31 31 31 31 32 32 32 
33 17 32 16 28 20 29 21 
8 20 11 20 11 19 8 19 
12 24 10 26 11 27 13 25 
15 13 15 15 18 15 18 13 
16 20 16 21 17 21 17 20 
17 27 18 28 19 27 18 26 
26 26 26 28 27 28 27 26 
32 30 27 25 26 26 31 31 
7 19 8 20 13 15 12 14 
