34
11 14 23 26 24 25 12 13 
11 18 14 21 19 16 16 13 
12 16 16 16 16 13 12 13 
13 15 15 15 15 11 13 11 
13 18 19 24 24 19 18 13 
14 23 30 23 30 21 14 21 
15 18 15 29 20 29 20 18 
16 10 15 11 18 14 19 13 
16 24 19 24 19 16 16 16 
16 27 21 32 24 29 19 24 
17 15 20 18 21 17 18 14 
17 32 17 17 10 17 10 32 
19 14 19 13 18 13 18 14 
19 21 16 24 23 31 26 28 
21 27 21 32 28 32 28 27 
21 28 24 31 26 29 23 26 
22 17 22 13 21 13 21 17 
23 29 23 31 24 31 24 29 
24 22 24 25 28 25 28 22 
25 16 26 15 23 12 22 13 
26 24 28 22 26 20 24 22 
27 14 29 12 27 10 25 12 
27 31 28 32 31 29 30 28 
29 16 29 12 25 12 25 16 
29 20 26 20 26 24 29 24 
29 22 30 23 31 22 30 21 
30 27 31 26 29 24 28 25 
30 29 30 28 26 28 26 29 
10 14 11 14 11 10 10 10 
11 13 10 14 12 16 13 15 
11 15 11 18 13 18 13 15 
16 14 15 15 16 16 17 15 
16 31 17 32 20 29 19 28 
27 30 27 31 32 31 32 30 
