41
10 28 10 30 19 30 19 28 
11 17 12 18 15 15 14 14 
11 19 12 20 13 19 12 18 
11 20 19 28 25 22 17 14 
11 24 21 24 21 22 11 22 
12 14 12 18 14 18 14 14 
12 19 11 19 11 20 12 20 
12 23 11 22 10 23 11 24 
12 25 12 23 10 23 10 25 
13 27 17 27 17 20 13 20 
14 21 16 21 16 18 14 18 
15 11 11 11 11 15 15 15 
15 17 12 14 11 15 14 18 
16 14 16 17 17 17 17 14 
17 18 16 17 13 20 14 21 
17 21 28 32 29 31 18 20 
17 22 18 21 17 20 16 21 
18 29 19 30 20 29 19 28 
20 19 20 29 23 29 23 19 
21 25 29 25 29 24 21 24 
21 30 23 32 26 29 24 27 
21 31 21 30 19 30 19 31 
22 32 24 30 23 29 21 31 
24 18 23 19 27 23 28 22 
25 20 25 22 27 22 27 20 
26 21 27 20 26 19 25 20 
28 12 26 12 26 15 28 15 
28 23 28 22 27 22 27 23 
28 29 26 29 26 32 28 32 
30 21 32 21 32 12 30 12 
30 23 29 22 28 23 29 24 
30 27 24 27 24 30 30 30 
32 19 28 15 26 17 30 21 
32 20 23 11 17 17 26 26 
32 25 29 25 29 31 32 31 
40 23 28 11 20 19 32 31 
11 26 12 25 11 24 10 25 
18 26 26 26 26 21 18 21 
18 27 17 27 17 29 18 29 
24 17 17 17 17 18 24 18 
11 21 17 27 18 26 12 20 
