55
7 28 11 32 17 26 13 22 
7 32 11 32 11 28 7 28 
8 33 12 29 11 28 7 32 
11 18 17 18 17 16 11 16 
12 19 24 19 24 10 12 10 
12 22 12 27 13 27 13 22 
13 20 21 20 21 13 13 13 
13 23 14 22 13 21 12 22 
13 29 13 31 19 31 19 29 
14 21 18 25 21 22 17 18 
15 9 10 14 17 21 22 16 
15 12 11 16 23 28 27 24 
15 14 11 18 12 19 16 15 
15 22 15 21 14 21 14 22 
16 26 13 29 16 32 19 29 
16 28 17 28 17 26 16 26 
16 34 19 31 16 28 13 31 
18 22 18 25 21 25 21 22 
19 14 19 18 25 18 25 14 
19 21 19 18 17 18 17 21 
19 24 22 24 22 21 19 21 
19 34 19 32 16 32 16 34 
20 13 19 14 24 19 25 18 
20 19 21 20 26 15 25 14 
20 26 21 25 18 22 17 23 
20 31 24 31 24 26 20 26 
20 33 21 32 20 31 19 32 
21 28 23 28 23 25 21 25 
23 17 19 21 22 24 26 20 
24 24 27 24 27 23 24 23 
24 28 25 29 26 28 25 27 
25 20 26 21 28 19 27 18 
25 21 26 21 26 20 25 20 
25 25 29 29 31 27 27 23 
25 30 29 30 29 29 25 29 
25 32 25 30 21 30 21 32 
26 17 31 17 31 15 26 15 
26 31 25 30 24 31 25 32 
27 13 28 13 28 10 27 10 
27 19 28 19 28 18 27 18 
27 27 27 25 25 25 25 27 
28 12 31 15 32 14 29 11 
28 27 31 27 31 19 28 19 
28 28 26 28 26 31 28 31 
30 25 26 21 24 23 28 27 
30 29 29 30 30 31 31 30 
31 32 31 30 29 30 29 32 
33 23 28 18 27 19 32 24 
10 12 10 14 15 14 15 12 
23 22 25 20 24 19 22 21 
24 16 27 13 24 10 21 13 
30 33 31 32 30 31 29 32 
18 29 24 23 23 22 17 28 
28 33 30 33 30 31 28 31 
27 32 28 33 29 32 28 31 
