77
8 13 16 21 19 18 11 10 
8 17 11 17 11 13 8 13 
9 13 10 14 11 13 10 12 
9 27 11 29 12 28 10 26 
10 30 10 31 12 31 12 30 
11 14 8 17 13 22 16 19 
11 19 13 19 13 17 11 17 
11 28 11 29 12 29 12 28 
11 31 12 30 11 29 10 30 
12 26 13 26 13 22 12 22 
12 27 11 28 12 29 13 28 
13 13 10 16 11 17 14 14 
13 21 16 21 16 19 13 19 
14 18 18 14 17 13 13 17 
14 24 16 26 21 21 19 19 
14 25 25 25 25 24 14 24 
14 27 15 26 14 25 13 26 
14 32 16 32 16 29 14 29 
15 15 15 16 22 16 22 15 
15 22 20 27 21 26 16 21 
15 30 16 29 15 28 14 29 
15 33 16 32 15 31 14 32 
16 14 14 14 14 18 16 18 
16 22 15 22 15 26 16 26 
16 24 19 21 16 18 13 21 
17 12 17 13 19 13 19 12 
17 26 17 29 18 29 18 26 
17 31 20 31 20 30 17 30 
17 33 17 31 15 31 15 33 
18 28 19 29 25 23 24 22 
18 32 20 30 19 29 17 31 
19 26 21 26 21 21 19 21 
19 32 20 31 18 29 17 30 
20 12 19 13 22 16 23 15 
20 24 18 26 21 29 23 27 
21 16 23 18 24 17 22 15 
21 28 19 28 19 29 21 29 
22 18 19 18 19 19 22 19 
22 34 28 28 26 26 20 32 
23 16 23 18 28 18 28 16 
23 21 22 21 22 27 23 27 
23 28 28 28 28 27 23 27 
25 10 24 10 24 17 25 17 
25 20 26 20 26 17 25 17 
25 30 27 32 30 29 28 27 
26 15 29 18 32 15 29 12 
26 25 25 24 22 27 23 28 
26 30 32 30 32 26 26 26 
27 18 29 16 28 15 26 17 
27 22 29 20 27 18 25 20 
27 31 20 31 20 32 27 32 
28 10 28 15 31 15 31 10 
28 21 29 21 29 20 28 20 
28 25 28 24 26 24 26 25 
29 15 28 16 31 19 32 18 
29 17 29 18 32 18 32 17 
29 23 28 24 31 27 32 26 
29 29 30 29 30 27 29 27 
30 34 32 32 29 29 27 31 
32 24 29 21 26 24 29 27 
35 13 32 10 25 17 28 20 
8 16 11 19 13 17 10 14 
10 20 12 22 13 21 11 19 
10 23 25 23 25 20 10 20 
10 24 12 26 14 24 12 22 
10 27 12 27 12 26 10 26 
13 30 15 30 15 28 13 28 
15 27 17 29 18 28 16 26 
20 29 21 28 20 27 19 28 
23 32 25 30 23 28 21 30 
24 21 25 20 23 18 22 19 
25 29 21 29 21 30 25 30 
27 11 31 15 32 14 28 10 
27 21 24 21 24 22 27 22 
29 11 27 11 27 12 29 12 
11 30 12 31 13 30 12 29 
14 26 14 27 15 27 15 26 
