98
7 17 10 20 14 16 11 13 
8 23 12 27 14 25 10 21 
8 25 11 25 11 23 8 23 
9 13 11 15 13 13 11 11 
9 15 10 15 10 13 9 13 
10 17 11 17 11 15 10 15 
10 22 11 23 12 22 11 21 
10 27 12 27 12 22 10 22 
11 14 10 15 12 17 13 16 
11 18 12 19 13 18 12 17 
11 29 11 30 12 30 12 29 
12 18 12 17 11 17 11 18 
12 20 11 20 11 21 12 21 
12 24 13 25 14 24 13 23 
13 12 13 11 11 11 11 12 
13 14 13 13 11 13 11 14 
13 17 13 18 14 18 14 17 
13 19 13 18 12 18 12 19 
13 20 15 20 15 19 13 19 
13 22 13 23 16 23 16 22 
13 24 13 25 14 25 14 24 
13 29 12 28 11 29 12 30 
13 32 14 31 12 29 11 30 
14 14 13 14 13 16 14 16 
14 20 15 19 14 18 13 19 
14 21 13 20 12 21 13 22 
14 29 14 31 15 31 15 29 
14 30 15 31 16 30 15 29 
15 11 19 11 19 10 15 10 
15 13 17 15 18 14 16 12 
15 18 16 18 16 17 15 17 
16 14 18 14 18 12 16 12 
17 13 15 13 15 15 17 15 
17 18 15 20 21 26 23 24 
17 20 20 23 22 21 19 18 
17 21 23 27 26 24 20 18 
17 24 24 17 23 16 16 23 
18 13 20 15 21 14 19 12 
18 16 16 18 17 19 19 17 
18 21 21 21 21 16 18 16 
18 24 18 21 17 21 17 24 
18 28 20 30 21 29 19 27 
18 31 21 31 21 29 18 29 
19 13 20 12 19 11 18 12 
19 19 19 18 17 18 17 19 
19 33 21 31 20 30 18 32 
20 11 19 11 19 12 20 12 
20 20 20 23 27 23 27 20 
21 27 24 24 21 21 18 24 
21 28 21 27 19 27 19 28 
22 17 22 13 19 13 19 17 
22 26 22 21 21 21 21 26 
22 29 21 28 18 31 19 32 
22 31 24 29 21 26 19 28 
23 8 20 11 22 13 25 10 
23 21 23 24 24 24 24 21 
23 33 23 32 19 32 19 33 
24 10 24 14 25 14 25 10 
24 13 25 14 27 12 26 11 
24 23 26 25 28 23 26 21 
24 26 22 26 22 29 24 29 
25 15 27 13 26 12 24 14 
25 18 25 15 20 15 20 18 
25 34 27 32 25 30 23 32 
26 13 27 13 27 12 26 12 
26 15 26 21 28 21 28 15 
27 11 27 10 26 10 26 11 
27 24 26 24 26 25 27 25 
27 31 27 32 31 32 31 31 
29 10 28 11 29 12 30 11 
29 11 29 10 28 10 28 11 
29 16 29 26 32 26 32 16 
29 18 32 15 29 12 26 15 
29 23 28 22 27 23 28 24 
30 12 30 11 29 11 29 12 
30 15 29 14 28 15 29 16 
30 19 29 18 27 20 28 21 
30 28 31 27 28 24 27 25 
31 15 32 15 32 12 31 12 
31 19 31 15 30 15 30 19 
31 28 31 27 30 27 30 28 
35 28 28 21 24 25 31 32 
7 20 10 20 10 17 7 17 
8 21 11 18 10 17 7 20 
9 30 11 32 14 29 12 27 
9 32 11 32 11 30 9 30 
10 24 11 25 12 24 11 23 
15 16 14 17 15 18 16 17 
15 23 17 25 18 24 16 22 
15 32 18 32 18 31 15 31 
17 14 18 13 15 10 14 11 
18 27 12 27 12 28 18 28 
20 34 25 34 25 30 20 30 
27 9 26 10 27 11 28 10 
31 26 30 27 31 28 32 27 
16 25 18 27 19 26 17 24 
17 28 18 29 19 28 18 27 
16 24 16 25 17 25 17 24 
