1 1 0 2 
1 1 4 6 
1 1 0 6 
1 1 0 4 
1 1 8 10 
1 1 12 14 
1 1 8 12 
1 1 10 12 
1 1 10 14 
1 1 6 8 
1 1 4 8 
1 1 4 12 
1 1 0 12 
1 1 2 12 
1 1 16 18 
1 1 20 22 
1 1 18 22 
1 1 18 20 
1 1 16 20 
1 1 24 26 
1 1 28 30 
1 1 26 28 
1 1 24 28 
1 1 24 30 
1 1 22 26 
1 1 22 28 
1 1 18 28 
1 1 18 30 
1 1 20 30 
1 1 20 24 
1 1 16 24 
1 1 6 26 
1 1 8 26 
1 1 4 26 
1 1 0 26 
1 1 2 26 
1 1 2 22 
1 1 2 28 
1 1 12 28 
1 1 12 18 
1 1 10 18 
1 1 10 30 
1 1 14 30 
1 1 14 20 
1 1 14 24 
1 1 0 1 
1 1 0 1 
1 1 0 1 
1 1 0 1 
1 1 0 1 
1 1 0 1 
1 1 0 1 
1 1 0 1 
1 1 0 1 
1 1 0 1 
1 1 0 1 
1 1 0 1 
1 1 0 1 
1 1 0 1 
1 1 0 1 
1 1 0 1 
1 1 0 1 
1 1 0 1 
1 1 0 1 
1 1 0 1 
1 1 0 1 
1 1 0 1 
1 1 0 1 
1 1 0 1 
1 1 0 1 
1 1 0 1 
1 1 0 1 
1 1 0 1 
1 1 0 1 
1 1 0 1 
1 1 0 1 
1 1 0 1 
1 1 0 1 
1 1 0 1 
1 1 0 1 
1 1 0 1 
1 1 0 1 
1 1 0 1 
1 1 0 1 
1 1 0 1 
1 1 0 1 
1 1 0 1 
1 1 0 1 
1 1 0 1 
1 1 0 1 
1 1 0 1 
1 1 0 1 
1 1 0 1 
1 1 0 1 
1 1 0 1 
1 1 0 1 
1 1 0 1 
1 1 0 1 
1 1 0 1 
1 1 0 1 
1 1 0 1 
1 1 0 1 
1 1 0 1 
1 1 0 1 
1 1 0 1 
1 1 0 1 
1 1 0 1 
1 1 0 1 
1 1 0 1 
1 1 0 1 
1 1 0 1 
1 1 0 1 
1 1 0 1 
1 1 0 1 
1 1 0 1 
1 1 0 1 
1 1 0 1 
1 1 0 1 
1 1 0 1 
1 1 0 1 
1 1 0 1 
1 1 0 1 
1 1 0 1 
1 1 0 1 
1 1 0 1 
1 1 0 1 
1 1 0 1 
1 1 0 1 
0 1 0 1 0 1 0 1 0 1 0 1 0 1 0 1 0 1 0 1 0 1 0 1 0 1 0 1 0 1 0
