9 9 55 34 0 4 49 25 23 32 1 37 52 47 50 18 17 36 53 51 
8 3 49 32 25 34 55 0 4 23 50 37 52 
4 14 1 50 37 52 17 47 18 36 51 53 49 32 25 34 55 0 4 23 
10 9 14 54 29 19 12 30 5 13 24 3 49 32 25 34 55 0 4 23 1 
8 8 24 29 54 5 3 30 14 13 23 34 49 25 1 0 55 32 
10 9 12 19 23 34 49 25 1 0 55 32 4 24 29 54 5 3 30 14 13 
9 9 8 44 42 16 28 15 10 40 2 23 34 49 25 1 0 55 32 4 
4 2 40 2 16 8 49 32 
7 11 44 10 15 42 28 49 32 55 23 34 0 1 4 25 40 2 16 8 
9 11 50 37 52 17 47 18 36 51 53 55 23 34 0 1 4 25 40 2 16 8 
6 5 37 17 47 36 53 18 55 23 2 40 25 
8 12 50 52 51 55 23 2 40 25 0 16 4 34 1 8 37 17 47 36 53 18 
10 8 24 29 54 5 3 30 14 13 12 19 50 52 51 55 23 2 40 25 
8 2 54 3 13 29 19 24 5 14 55 50 
10 8 54 3 13 29 19 24 5 14 30 12 55 50 40 52 23 25 2 51 
8 6 54 14 30 29 24 5 12 3 23 25 2 50 51 52 
8 10 19 13 23 25 2 50 51 52 55 40 54 14 30 29 24 5 12 3 
9 10 22 27 35 41 48 9 39 43 31 55 40 54 14 30 29 24 5 12 3 
1 6 22 29 5 14 40 30 3 
7 12 44 10 15 42 28 49 32 0 16 4 34 1 8 37 17 47 36 53 18 
3 16 10 42 32 37 1 4 17 18 36 34 53 47 8 16 0 44 49 15 28 
10 12 38 6 33 20 46 7 21 45 26 11 37 1 4 17 18 36 34 53 47 8 16 0 
5 11 7 6 21 11 26 0 18 34 36 8 1 16 17 53 47 4 
9 10 22 39 41 43 35 48 9 31 27 7 6 21 11 26 45 38 33 20 46 
7 4 35 41 31 39 48 22 9 38 20 21 33 
10 8 29 5 14 40 30 3 24 55 54 12 19 13 23 25 2 50 51 52 
8 3 55 14 30 3 54 12 24 5 19 13 23 
5 13 40 29 19 13 23 51 25 50 2 52 55 14 30 3 54 12 24 5 
10 12 38 20 21 33 46 45 7 11 6 26 0 18 34 36 8 1 16 17 53 47 4 37 
9 7 33 7 20 38 45 6 21 26 11 8 53 37 16 47 4 0 
8 14 46 8 53 37 16 47 4 0 1 17 18 34 36 33 7 20 38 45 6 21 26 11 
9 12 35 41 31 39 48 22 9 43 27 8 53 37 16 47 4 0 1 17 18 34 36 
4 4 22 43 31 41 34 17 0 47 
9 10 22 43 31 41 39 48 9 27 35 33 7 20 38 45 6 21 26 11 46 
8 3 35 22 9 41 39 27 48 43 6 45 38 
10 12 6 45 38 21 46 11 26 20 33 7 34 17 0 47 37 1 53 4 36 8 16 18 
5 17 6 46 33 45 7 34 18 4 37 36 0 17 47 1 8 53 16 21 11 38 20 26 
7 10 44 49 15 28 10 42 32 55 14 30 3 54 12 24 5 40 29 
5 3 49 28 44 15 32 29 14 40 
5 12 10 42 29 14 40 5 3 24 30 54 55 12 49 28 44 15 32 
8 10 19 13 23 51 25 50 2 52 29 14 40 5 3 24 30 54 55 12 
7 6 52 50 13 23 19 2 51 29 12 5 3 30 24 
8 10 52 50 13 23 19 2 51 25 29 12 5 3 30 24 40 54 55 14 
3 9 51 52 23 54 5 3 55 40 12 14 30 24 
14 4 25 2 13 19 50 54 5 3 55 40 12 14 30 24 29 51 52 23 
12 10 34 18 4 37 36 0 17 47 1 8 53 16 21 11 38 20 26 6 46 33 45 7 
1 5 18 20 26 46 38 11 
16 6 37 53 1 0 47 4 36 34 17 8 16 20 26 46 38 11 7 45 33 21 6 18 
9 7 35 22 9 41 39 27 48 43 31 49 28 44 15 32 10 42 
6 5 22 39 48 31 43 41 15 28 10 49 32 
8 8 9 35 27 15 28 10 49 32 44 42 22 39 48 31 43 41 
8 9 51 52 23 25 2 13 19 50 22 39 48 31 43 41 9 35 27 
9 8 23 2 50 52 13 51 19 25 27 39 43 48 9 35 31 22 41 
7 10 15 28 10 49 32 44 42 20 26 46 38 11 7 45 33 21 6 
1 1 28 26 
9 10 23 2 50 52 13 51 19 25 27 54 5 3 55 40 12 14 30 24 29 
2 1 27 50 55 
12 7 18 37 53 1 0 47 4 36 34 17 8 16 28 49 15 42 10 44 32 
1 3 37 44 15 28 
14 5 0 53 34 16 17 36 18 8 47 1 4 44 15 28 32 42 10 49 37 
12 10 37 0 53 34 16 17 36 18 8 47 1 4 55 24 5 3 12 54 30 40 14 29 
5 2 16 8 18 47 34 14 12 
9 13 0 4 53 1 17 37 36 14 12 29 24 30 3 5 54 55 40 16 8 18 47 34 
10 10 14 12 29 24 30 3 5 54 55 40 26 21 6 33 46 45 20 11 7 38 
4 4 5 40 30 14 21 45 11 6 
10 10 3 29 54 12 55 24 21 45 11 6 20 38 7 46 26 33 5 40 30 14 
10 10 5 40 30 14 3 29 54 12 55 24 21 45 11 6 20 38 7 46 26 33 
6 6 12 5 24 30 3 55 20 6 11 26 45 7 
10 10 54 40 29 14 20 6 11 26 45 7 21 46 33 38 12 5 24 30 3 55 
10 12 54 40 29 14 20 6 11 26 45 7 16 8 18 47 34 0 4 53 1 17 37 36 
4 10 20 26 45 6 53 18 16 1 34 36 37 17 8 0 
16 6 11 14 29 54 7 40 53 18 16 1 34 36 37 17 8 0 4 47 20 26 45 6 
10 9 20 26 45 6 11 14 29 54 7 40 27 50 13 19 23 51 52 25 2 
6 5 14 7 29 40 54 26 52 51 27 19 13 
9 10 20 11 45 6 52 51 27 19 13 2 25 23 50 14 7 29 40 54 26 
8 9 39 43 48 9 35 31 22 41 52 51 27 19 13 2 25 23 50 
7 1 39 31 35 48 43 9 41 13 
2 15 22 13 23 51 52 2 19 25 27 50 39 31 35 48 43 9 41 
12 10 53 18 16 1 34 36 37 17 8 0 4 47 14 7 29 40 54 26 20 11 45 6 
6 6 17 36 8 0 4 16 6 45 11 29 26 7 
10 7 21 46 33 38 12 5 24 30 3 55 44 15 28 32 42 10 49 
1 2 30 44 42 
12 7 17 36 8 0 4 16 53 37 47 18 1 34 44 42 15 32 10 49 28 
7 5 34 36 0 37 4 1 47 32 10 28 15 49 
10 9 17 16 18 8 53 32 10 28 15 49 42 44 34 36 0 37 4 1 47 
8 10 39 31 35 48 43 9 41 22 6 45 11 29 26 7 40 14 54 20 
7 7 9 43 39 35 31 22 41 20 40 29 54 7 26 6 
10 10 20 40 29 54 7 26 6 11 14 45 30 33 38 3 46 5 24 55 21 12 
16 4 6 40 11 20 7 14 26 54 29 45 5 3 30 12 21 33 24 55 38 46 
10 7 6 40 11 20 7 14 26 54 29 45 32 10 28 15 49 42 44 
6 3 6 20 45 54 29 11 32 28 42 
7 10 40 7 26 14 32 28 42 44 15 49 10 6 20 45 54 29 11 
10 7 5 3 30 12 21 33 24 55 38 46 40 7 26 14 32 28 42 
7 10 30 55 46 33 5 38 21 26 40 42 32 14 28 7 24 3 12 
7 9 26 40 42 32 14 28 7 13 23 51 52 2 19 25 27 50 
4 12 14 26 32 42 52 51 13 27 50 2 25 19 23 28 7 40 
7 10 28 7 40 14 26 32 42 44 15 49 10 6 20 45 54 29 11 
2 7 14 28 15 44 45 6 10 20 54 
12 5 42 7 40 26 32 15 44 45 6 10 20 54 49 29 11 14 28 
12 8 34 36 0 37 4 1 47 17 16 18 8 53 9 43 39 35 31 22 41 48 
9 1 36 18 53 1 34 17 47 37 0 43 
4 16 4 8 16 43 9 31 48 39 35 41 22 36 18 53 1 34 17 47 37 0 
8 12 43 9 31 48 39 35 41 22 36 18 53 1 34 17 47 37 0 4 8 16 
3 11 9 48 43 17 53 1 34 18 0 47 37 4 8 36 
16 4 39 35 22 31 41 17 53 1 34 18 0 47 37 4 8 36 16 9 48 43 
9 8 52 51 13 27 50 2 25 19 23 9 48 43 39 35 22 31 41 
8 4 50 27 2 51 52 19 13 23 22 9 39 41 
5 12 25 22 9 39 41 35 31 43 48 50 27 2 51 52 19 13 23 
10 12 24 3 12 30 55 46 33 5 38 21 42 7 40 26 32 15 44 45 6 10 20 54 
5 5 33 30 55 3 24 32 44 10 42 26 
10 12 5 38 46 21 12 32 44 10 42 26 54 15 20 7 6 45 40 33 30 55 3 24 
8 9 22 9 39 41 35 31 43 48 50 27 2 51 52 19 13 23 25 
3 3 31 43 48 27 52 2 
12 8 32 44 10 42 26 54 15 20 7 6 45 40 31 43 48 35 9 22 39 41 
7 13 54 7 15 45 26 44 10 41 43 9 31 39 35 48 22 20 6 40 42 32 
12 9 17 53 1 34 18 0 47 37 4 8 36 16 27 52 2 23 51 25 13 19 50 
11 5 8 37 16 17 0 53 36 47 34 1 4 51 52 50 13 25 
6 15 18 51 52 50 13 25 23 19 27 2 8 37 16 17 0 53 36 47 34 1 4 
8 12 41 43 9 31 39 35 48 22 20 6 40 42 32 54 7 15 45 26 44 10 
7 4 31 35 22 43 41 39 9 32 15 10 20 
12 10 32 15 10 20 45 54 6 26 42 7 40 44 33 30 55 3 24 5 38 46 21 12 
19 3 40 44 26 15 54 45 42 7 20 32 6 10 21 5 24 38 55 12 46 33 3 30 
9 12 51 52 50 13 25 23 19 27 2 8 37 16 17 0 53 36 47 34 1 4 18 
8 11 27 23 52 25 19 2 51 50 16 37 1 53 17 47 34 18 4 36 8 
12 9 13 16 37 1 53 17 47 34 18 4 36 8 0 27 23 52 25 19 2 51 50 
10 5 21 5 24 38 55 12 46 33 3 30 49 29 11 14 28 
1 14 24 14 29 11 49 28 3 5 33 38 30 12 46 21 55 
8 12 31 35 22 43 41 39 9 48 40 44 26 15 54 45 42 7 20 32 6 10 
16 4 41 22 9 35 39 43 31 48 54 10 20 7 44 6 26 40 15 42 32 45 
12 5 54 10 20 7 44 6 26 40 15 42 32 45 14 29 11 49 28 
11 2 7 42 54 32 20 26 44 6 15 40 10 28 14 
5 9 28 14 49 11 29 27 23 52 25 19 2 51 50 13 
4 2 14 49 28 29 27 13 
3 11 11 27 13 23 2 52 25 19 51 50 14 49 28 29 
12 8 16 37 1 53 17 47 34 18 4 36 8 0 41 22 9 35 39 43 31 48 
5 3 36 0 37 18 17 31 48 35 
10 10 8 1 47 34 53 16 4 31 48 35 43 41 9 39 22 36 0 37 18 17 
8 5 31 48 35 43 41 9 39 22 14 49 28 29 11 
1 1 31 28 
8 5 35 39 9 48 41 43 22 28 49 29 11 14 31 
12 9 36 0 37 18 17 8 1 47 34 53 16 4 27 13 23 2 52 25 19 51 50 
1 3 37 23 25 2 
10 9 3 5 33 38 30 12 46 21 55 24 23 25 2 27 51 13 19 52 50 
7 6 24 21 30 33 38 3 55 25 23 51 27 52 13 
9 10 5 12 46 25 23 51 27 52 13 19 2 50 24 21 30 33 38 3 55 
12 9 7 42 54 32 20 26 44 6 15 40 10 45 25 23 51 27 52 13 19 2 50 
9 5 26 45 42 54 6 10 15 20 7 2 51 23 19 25 
8 13 44 32 40 2 51 23 19 25 50 52 13 27 26 45 42 54 6 10 15 20 7 
5 12 28 49 29 11 14 26 45 42 54 6 10 15 20 7 44 32 40 
2 10 49 14 10 20 32 15 26 6 40 54 7 44 
9 5 2 51 23 19 25 50 52 13 27 49 14 28 11 29 
6 1 50 19 52 2 27 23 11 
9 10 50 19 52 2 27 23 51 13 25 24 21 30 33 38 3 55 5 12 46 
6 1 19 50 27 2 23 51 33 
9 5 19 50 27 2 23 51 25 13 52 11 14 29 49 28 
2 4 52 2 14 49 11 28 
11 3 25 13 27 50 51 19 23 14 49 11 28 29 52 2 
8 12 31 35 39 9 48 41 43 22 10 20 32 15 26 6 40 54 7 44 42 45 
7 2 41 48 31 35 9 39 43 10 42 
12 10 10 42 45 6 32 15 7 40 54 20 44 26 33 24 12 55 38 46 5 3 21 30 
1 3 44 46 24 3 
14 8 42 15 7 26 6 32 54 40 45 10 20 46 24 3 12 30 38 33 21 55 5 44 
8 10 41 48 31 35 9 39 43 22 46 24 3 12 30 38 33 21 55 5 
3 6 9 31 41 30 3 46 21 33 24 
11 7 35 43 48 22 39 30 3 46 21 33 24 5 12 55 38 9 31 41 
10 8 30 3 46 21 33 24 5 12 55 38 9 31 41 35 43 48 22 39 
9 2 38 3 21 5 12 30 46 33 24 48 39 
3 15 55 48 39 9 31 22 35 41 43 38 3 21 5 12 30 46 33 24 
5 9 14 49 11 28 29 52 2 25 13 27 50 51 19 23 
2 5 28 14 2 51 23 50 19 
8 6 49 11 29 2 51 23 50 19 52 13 25 27 28 14 
8 9 48 39 9 31 22 35 41 43 2 51 23 50 19 52 13 25 27 
4 4 31 43 9 39 19 27 51 50 
8 9 41 22 48 35 19 27 51 50 52 2 23 13 25 31 43 9 39 
12 10 37 8 16 17 36 0 34 53 47 1 18 4 38 3 21 5 12 30 46 33 24 55 
6 7 0 17 47 16 34 36 30 55 21 5 3 12 33 
13 9 8 4 18 1 37 53 30 55 21 5 3 12 33 46 38 24 0 17 47 16 34 36 
12 5 44 42 15 7 26 6 32 54 40 45 10 20 28 14 49 11 29 
9 3 54 44 32 7 15 10 45 40 20 11 14 29 
12 8 0 17 47 16 34 36 8 4 18 1 37 53 31 43 9 39 41 22 48 35 
3 1 34 4 36 41 
10 10 47 53 0 18 8 16 1 37 17 41 35 48 39 22 31 43 9 34 4 36 
10 5 30 55 21 5 3 12 33 46 38 24 11 14 29 28 49 
9 3 5 33 38 21 12 24 55 30 46 49 28 29 
4 11 3 49 28 29 11 14 5 33 38 21 12 24 55 30 46 
5 8 49 28 29 11 14 41 35 48 39 22 31 43 9 
4 4 28 29 14 11 48 22 35 9 
5 8 49 48 22 35 9 39 41 43 31 28 29 14 11 
5 8 28 29 14 11 49 48 22 35 9 39 41 43 31 
4 3 28 11 14 49 39 48 22 
4 9 29 39 48 22 41 35 31 43 9 28 11 14 49 
9 12 19 27 51 50 52 2 23 13 25 34 4 36 47 53 0 18 8 16 1 37 17 
6 5 50 25 23 27 51 13 4 34 53 47 37 
12 12 4 34 53 47 37 16 36 18 0 17 1 8 54 44 32 7 15 10 45 40 20 42 26 6 
4 4 37 8 16 34 20 6 45 54 
12 12 20 6 45 54 7 26 44 32 42 15 40 10 37 8 16 34 47 17 4 0 18 1 53 36 
3 21 42 40 20 36 18 34 0 37 16 1 4 53 8 17 47 15 32 26 6 10 45 54 7 44 
9 8 50 25 23 27 51 13 52 19 2 39 48 22 41 35 31 43 9 
2 7 27 19 35 39 31 48 22 41 43 
14 3 51 50 25 52 2 23 13 35 39 31 48 22 41 43 9 27 19 
10 12 5 33 38 21 12 24 55 30 46 3 36 18 34 0 37 16 1 4 53 8 17 47 
7 4 21 55 46 24 30 38 5 47 0 17 53 
7 15 12 3 33 47 0 17 53 16 1 34 36 18 37 4 8 21 55 46 24 30 38 5 
12 10 47 0 17 53 16 1 34 36 18 37 4 8 21 55 46 24 30 38 5 12 3 33 
5 6 37 8 16 17 53 55 38 5 21 24 12 
13 9 36 4 0 1 18 34 47 55 38 5 21 24 12 33 30 3 46 37 8 16 17 53 
5 8 28 11 14 49 29 35 39 31 48 22 41 43 9 
1 12 29 39 31 41 35 22 48 43 9 14 28 11 49 
9 5 27 19 51 50 25 52 2 23 13 14 28 11 49 29 
2 4 52 51 49 28 14 11 
11 3 2 27 50 19 13 23 25 49 28 14 11 29 52 51 
5 12 49 28 14 11 29 15 32 26 6 10 45 54 7 44 42 40 20 
1 2 29 40 15 
12 8 37 8 16 17 53 36 4 0 1 18 34 47 39 31 41 35 22 48 43 9 
11 7 0 47 37 36 16 18 4 8 17 53 1 9 31 39 48 43 22 41 
8 12 34 9 31 39 48 43 22 41 35 0 47 37 36 16 18 4 8 17 53 1 
12 12 0 47 37 36 16 18 4 8 17 53 1 34 40 15 42 54 10 45 7 44 32 26 20 6 
9 11 17 1 36 18 47 4 53 16 8 26 40 45 42 44 54 6 15 7 10 20 
14 10 34 37 0 26 40 45 42 44 54 6 15 7 10 20 32 17 1 36 18 47 4 53 16 8 
12 8 26 40 45 42 44 54 6 15 7 10 20 32 9 31 39 48 43 22 41 35 
11 3 54 26 44 15 42 32 7 45 10 20 40 9 39 41 
4 16 6 9 39 41 48 22 31 43 35 54 26 44 15 42 32 7 45 10 20 40 
12 5 17 1 36 18 47 4 53 16 8 34 37 0 29 28 49 14 11 
5 4 36 4 17 16 34 49 14 29 28 
11 6 1 47 37 8 0 53 18 49 14 29 28 11 36 4 17 16 34 
5 8 49 14 29 28 11 9 39 41 48 22 31 43 35 
4 2 49 29 28 11 43 9 
3 10 14 43 9 41 31 35 39 22 48 49 29 28 11 
12 10 36 4 17 16 34 1 47 37 8 0 53 18 55 38 5 21 24 12 33 30 3 46 
6 8 36 37 4 18 1 47 5 3 33 12 21 38 24 46 
14 8 34 17 16 0 8 53 5 3 33 12 21 38 24 46 55 30 36 37 4 18 1 47 
8 5 43 9 41 31 35 39 22 48 49 29 28 11 14 
3 4 48 9 39 29 11 49 28 
9 4 43 35 31 22 41 29 11 49 28 14 48 9 39 
9 12 52 51 2 27 50 19 13 23 25 36 37 4 18 1 47 34 17 16 0 8 53 
1 8 13 36 18 37 17 1 0 16 47 
16 5 19 50 51 27 52 2 25 23 36 18 37 17 1 0 16 47 34 53 8 4 13 
9 12 13 19 50 51 27 52 2 25 23 54 26 44 15 42 32 7 45 10 20 40 6 
2 9 51 23 6 40 7 20 44 32 45 15 42 
16 5 19 13 50 52 2 27 25 6 40 7 20 44 32 45 15 42 10 54 26 51 23 
5 8 29 11 49 28 14 48 9 39 43 35 31 22 41 
2 2 29 14 35 41 
5 12 29 14 49 28 11 6 40 7 20 44 32 45 15 42 10 54 26 
2 6 14 28 32 42 40 6 54 44 
9 8 29 49 11 32 42 40 6 54 44 10 7 26 45 15 20 14 28 
8 12 35 41 48 31 39 22 9 43 32 42 40 6 54 44 10 7 26 45 15 20 
4 5 43 9 39 41 44 42 6 32 40 
12 9 44 42 6 32 40 20 10 15 45 54 26 7 51 23 19 13 50 52 2 27 25 
11 2 7 20 45 54 26 10 6 42 15 44 40 51 27 
3 18 32 51 27 25 50 13 19 23 2 52 7 20 45 54 26 10 6 42 15 44 40 
9 12 51 27 25 50 13 19 23 2 52 7 20 45 54 26 10 6 42 15 44 40 32 
2 5 19 51 44 7 32 45 42 
12 9 23 52 2 13 50 27 25 44 7 32 45 42 6 20 54 15 10 40 26 19 51 
8 5 43 9 39 41 48 31 35 22 14 28 29 49 11 
2 4 43 39 28 29 14 11 
10 3 31 9 22 48 41 35 28 29 14 11 49 43 39 
8 10 43 39 31 9 22 48 41 35 5 3 33 12 21 38 24 46 55 30 
3 9 31 9 39 5 24 12 55 3 38 21 33 30 
14 4 43 41 35 22 48 5 24 12 55 3 38 21 33 30 46 31 9 39 
9 12 19 51 23 52 2 13 50 27 25 44 7 32 45 42 6 20 54 15 10 40 26 
3 11 52 23 50 44 7 32 42 54 10 15 40 26 6 45 
17 4 27 51 2 19 13 25 44 7 32 42 54 10 15 40 26 6 45 20 52 23 50 
12 5 44 7 32 42 54 10 15 40 26 6 45 20 28 29 14 11 49 
1 1 15 14 
8 12 31 9 39 43 41 35 22 48 15 45 26 7 54 20 42 10 6 40 44 32 
1 4 22 54 44 32 7 
11 9 39 9 41 35 31 48 43 54 44 32 7 15 40 10 6 42 45 26 20 22 
5 12 14 29 28 11 49 54 44 32 7 15 40 10 6 42 45 26 20 
1 16 11 7 10 32 45 20 26 40 54 44 15 6 42 49 28 14 29 
9 12 52 23 50 27 51 2 19 13 25 7 10 32 45 20 26 40 54 44 15 6 42 
6 7 13 51 50 19 23 25 6 45 54 10 42 32 15 
10 11 52 27 2 6 45 54 10 42 32 15 26 44 40 20 7 13 51 50 19 23 25 
10 9 5 24 12 55 3 38 21 33 30 46 13 51 50 19 23 25 52 27 2 
4 8 55 5 21 24 23 25 51 27 50 13 19 2 
9 10 23 25 51 27 50 13 19 2 52 55 5 21 24 33 38 30 12 3 46 
1 9 13 3 30 46 55 21 24 33 12 5 
17 2 27 50 51 25 52 2 23 19 3 30 46 55 21 24 33 12 5 38 13 
12 8 6 45 54 10 42 32 15 26 44 40 20 7 22 39 9 41 35 31 48 43 
5 6 6 54 45 44 7 31 41 22 9 35 39 
5 10 49 28 14 29 11 3 30 46 55 21 24 33 12 5 38 
2 2 28 49 5 38 
5 10 28 49 29 14 11 5 38 30 3 21 12 33 46 55 24 
2 9 11 29 38 46 30 3 24 33 12 55 21 
12 3 14 49 28 38 46 30 3 24 33 12 55 21 5 11 29 
12 5 36 18 37 17 1 0 16 47 34 53 8 4 11 29 14 49 28 
2 1 37 0 29 
5 8 29 28 49 14 11 31 41 22 9 35 39 48 43 
4 2 49 28 29 11 48 35 
3 10 14 48 35 43 9 39 22 31 41 49 28 29 11 
10 5 38 46 30 3 24 33 12 55 21 5 49 28 29 11 14 
2 1 24 30 28 
5 10 28 29 14 11 49 24 30 3 12 21 55 38 33 5 46 
3 7 14 29 28 12 3 24 5 21 55 46 
9 6 11 49 12 3 24 5 21 55 46 33 38 30 14 29 28 
12 8 37 0 18 36 1 17 47 53 4 8 16 34 48 35 43 9 39 22 31 41 
9 11 1 34 0 53 4 17 18 8 47 31 41 35 22 9 48 43 39 37 36 16 
5 12 14 29 28 11 49 37 36 16 1 34 0 53 4 17 18 8 47 
3 9 11 29 14 37 47 17 53 1 8 18 34 16 
8 12 31 41 35 22 9 48 43 39 6 54 45 44 7 20 42 32 26 40 15 10 
1 1 48 7 
8 12 43 39 9 31 35 22 41 7 6 32 10 40 26 20 45 15 54 44 42 48 
10 12 12 3 24 5 21 55 46 33 38 30 6 32 10 40 26 20 45 15 54 44 42 48 
9 4 24 46 3 38 21 12 5 33 55 40 32 42 20 
5 17 30 40 32 42 20 44 45 6 26 54 48 15 10 24 46 3 38 21 12 5 33 55 
5 8 11 29 14 28 49 43 39 9 31 35 22 41 7 
1 12 29 31 9 7 39 35 41 43 22 14 11 49 28 
9 5 13 27 50 51 25 52 2 23 19 14 11 49 28 29 
5 1 2 13 23 52 51 28 
5 9 27 50 19 25 28 11 29 14 49 2 13 23 52 51 
8 12 31 9 7 39 35 41 43 22 40 32 42 20 44 45 6 26 54 48 15 10 
2 5 7 39 45 42 10 6 44 
11 9 41 31 22 43 35 9 45 42 10 6 44 32 40 48 15 54 26 20 7 39 
12 9 37 47 17 53 1 8 18 34 16 4 0 36 11 29 14 49 2 13 23 52 51 
11 5 17 1 16 53 36 4 37 47 18 34 0 13 2 29 51 11 
12 9 45 42 10 6 44 32 40 48 15 54 26 20 13 2 29 51 11 23 14 49 52 
5 2 45 54 32 40 6 51 23 
5 10 27 50 19 25 28 24 46 3 38 21 12 5 33 55 30 
1 1 19 3 
5 10 28 50 25 27 3 33 5 38 46 24 30 55 12 21 19 
10 5 33 5 38 46 24 30 55 12 21 19 28 50 25 27 3 
7 8 19 12 5 38 33 24 55 50 27 28 25 3 46 30 21 
10 12 46 30 21 19 12 5 38 33 24 55 17 1 16 53 36 4 37 47 18 34 0 8 
6 7 5 46 12 33 55 21 4 34 17 37 0 47 8 
11 11 24 38 30 19 4 34 17 37 0 47 8 36 1 16 53 18 5 46 12 33 55 21 
12 9 45 54 32 40 6 48 44 20 26 15 42 10 51 23 49 2 52 14 13 29 11 
1 5 42 51 23 11 49 14 
16 5 44 40 54 6 26 32 10 45 15 48 20 51 23 11 49 14 2 29 13 52 42 
10 9 5 46 12 33 55 21 24 38 30 19 51 23 11 49 14 2 29 13 52 
9 2 46 30 33 12 55 21 19 5 38 11 29 
3 16 24 11 29 51 52 14 2 49 13 23 46 30 33 12 55 21 19 5 38 
12 10 42 44 40 54 6 26 32 10 45 15 48 20 46 30 33 12 55 21 19 5 38 24 
16 6 20 48 44 26 6 40 45 15 10 32 54 42 21 24 19 38 46 12 33 55 30 5 
8 12 7 39 41 31 22 43 35 9 4 34 17 37 0 47 8 36 1 16 53 18 
3 1 31 35 7 53 
9 8 11 29 51 52 14 2 49 13 23 31 35 7 39 43 9 41 22 
2 2 29 14 35 31 
9 8 51 23 49 13 11 52 2 35 31 41 9 43 22 7 39 29 14 
10 8 21 24 19 38 46 12 33 55 30 5 41 9 43 22 7 39 29 14 
7 2 19 24 38 55 5 12 46 7 43 
5 13 33 30 21 7 43 22 41 39 29 9 14 19 24 38 55 5 12 46 
8 10 7 43 22 41 39 29 9 14 19 24 38 55 5 12 46 33 30 21 
6 8 29 39 22 9 41 43 19 55 30 5 38 24 33 12 
5 10 50 27 28 25 3 19 55 30 5 38 24 33 12 46 21 
3 1 3 28 25 30 
8 5 29 39 22 9 41 43 14 7 3 28 25 27 50 
6 4 22 14 9 43 7 39 50 3 27 25 
6 7 41 29 50 3 27 25 28 22 14 9 43 7 39 
12 5 53 16 37 18 47 34 1 36 8 17 0 4 50 3 27 25 28 
9 2 0 4 8 37 17 18 16 53 47 3 25 
5 12 34 1 36 3 25 50 28 27 0 4 8 37 17 18 16 53 47 
10 5 30 38 55 5 12 46 19 21 33 24 3 25 50 28 27 
9 2 33 5 12 19 38 30 21 24 46 3 50 
3 12 55 3 50 27 25 28 33 5 12 19 38 30 21 24 46 
12 9 20 48 44 26 6 40 45 15 10 32 54 42 51 23 49 13 11 52 2 35 31 
18 3 54 44 10 45 20 15 40 32 6 42 48 26 23 11 51 49 35 13 2 52 31 
9 10 23 11 51 49 35 13 2 52 31 33 5 12 19 38 30 21 24 46 55 
4 4 52 13 11 31 55 19 5 46 
9 10 51 2 49 35 23 55 19 5 46 38 33 21 24 12 30 52 13 11 31 
9 5 52 13 11 31 51 2 49 35 23 3 50 27 25 28 
7 7 31 49 2 52 23 51 11 27 50 25 3 28 35 13 
5 8 27 50 25 3 28 22 14 9 43 7 39 41 29 
1 7 50 9 22 14 39 41 29 7 
11 2 25 27 3 28 9 22 14 39 41 29 7 43 50 
12 10 0 4 8 37 17 18 16 53 47 34 1 36 55 19 5 46 38 33 21 24 12 30 
8 6 1 37 16 53 34 47 4 36 46 12 19 33 38 5 
12 8 1 37 16 53 34 47 4 36 8 18 17 0 9 22 14 39 41 29 7 43 
5 6 18 34 0 37 36 9 22 43 29 7 14 
10 8 46 12 19 33 38 5 30 55 24 21 9 22 43 29 7 14 41 39 
4 2 46 30 19 5 22 7 
8 10 24 55 38 12 21 33 22 7 39 9 14 43 29 41 46 30 19 5 
9 5 35 13 31 49 2 52 23 51 11 50 25 27 3 28 
4 4 11 52 31 23 28 27 50 25 
12 10 54 44 10 45 20 15 40 32 6 42 48 26 46 30 19 5 24 55 38 12 21 33 
7 2 26 45 32 6 15 44 20 12 46 
12 9 26 45 32 6 15 44 20 42 10 48 40 54 11 52 31 23 13 2 49 35 51 
1 8 48 49 35 23 52 13 31 2 11 
19 2 44 15 40 54 6 42 32 26 45 20 10 49 35 23 52 13 31 2 11 51 48 
10 12 12 46 21 24 5 19 55 38 30 33 48 44 15 40 54 6 42 32 26 45 20 10 
9 3 55 46 24 12 33 21 38 5 19 15 32 6 
4 18 30 15 32 6 26 40 44 45 42 54 20 48 10 55 46 24 12 33 21 38 5 19 
5 12 28 27 50 25 3 15 32 6 26 40 44 45 42 54 20 48 10 
1 10 50 44 10 6 40 48 54 42 26 32 15 
14 3 25 3 28 27 44 10 6 40 48 54 42 26 32 15 45 20 50 
12 8 44 10 6 40 48 54 42 26 32 15 45 20 22 7 39 9 14 43 29 41 
11 9 40 45 42 32 48 20 15 44 6 54 10 39 41 22 7 43 14 29 9 26 
9 8 49 35 23 52 13 31 2 11 51 39 41 22 7 43 14 29 9 
4 5 11 49 52 13 43 7 39 41 29 
10 7 35 31 51 2 23 43 7 39 41 29 22 9 14 11 49 52 13 
12 9 26 40 45 42 32 48 20 15 44 6 54 10 11 49 52 13 35 31 51 2 23 
11 5 32 44 45 26 6 15 40 20 42 48 10 35 31 51 13 52 
8 9 43 7 39 41 29 22 9 14 35 31 51 13 52 2 49 23 11 
3 4 7 9 41 52 2 51 23 
9 8 52 2 51 23 11 13 49 35 31 7 9 41 29 43 14 22 39 
1 2 2 14 43 
10 7 23 35 52 51 11 31 13 49 14 43 22 29 7 41 9 39 2 
12 5 32 44 45 26 6 15 40 20 42 48 10 54 50 25 3 28 27 
11 3 54 26 40 42 15 44 48 45 6 10 32 50 3 27 
4 13 20 50 3 27 28 25 54 26 40 42 15 44 48 45 6 10 32 
5 10 50 3 27 28 25 55 46 24 12 33 21 38 5 19 30 
4 1 3 28 27 25 30 
12 10 18 34 0 37 36 16 17 47 4 53 8 1 30 12 19 33 55 46 21 5 24 38 
7 3 4 1 37 8 18 16 53 12 24 46 
10 12 23 35 52 51 11 31 13 49 14 43 4 1 37 8 18 16 53 34 47 17 0 36 
19 3 13 43 49 31 51 11 52 35 23 14 47 4 1 53 36 37 0 16 18 34 8 17 
12 10 54 26 40 42 15 44 48 45 6 10 32 20 12 24 46 19 33 30 21 38 55 5 
17 5 20 10 15 45 54 6 44 48 42 40 32 26 30 38 12 55 46 24 19 5 21 33 
10 10 13 43 49 31 51 11 52 35 23 14 30 38 12 55 46 24 19 5 21 33 
6 9 51 43 49 23 11 14 12 38 46 19 24 55 5 21 33 
13 7 52 13 35 31 12 38 46 19 24 55 5 21 33 30 51 43 49 23 11 14 
7 10 22 29 7 41 9 39 2 12 38 46 19 24 55 5 21 33 30 
1 9 7 38 24 12 19 46 5 30 21 55 
15 2 29 22 2 39 9 41 38 24 12 19 46 5 30 21 55 33 7 
12 10 47 4 1 53 36 37 0 16 18 34 8 17 38 24 12 19 46 5 30 21 55 33 
5 8 36 1 4 47 16 24 46 12 30 19 5 38 55 
15 7 17 18 34 0 37 53 8 24 46 12 30 19 5 38 55 21 33 36 1 4 47 16 
5 10 3 28 27 25 50 51 43 49 23 11 14 52 13 35 31 
12 3 3 27 50 25 28 43 13 52 31 11 14 49 51 23 35 
12 5 20 10 15 45 54 6 44 48 42 40 32 26 3 27 50 25 28 
6 1 45 20 26 48 40 54 50 
7 10 32 44 42 10 15 6 50 3 25 28 27 45 20 26 48 40 54 
5 10 50 3 25 28 27 24 46 12 30 19 5 38 55 21 33 
11 4 50 25 3 27 28 46 33 12 19 30 5 55 21 38 24 
7 5 7 29 22 2 39 9 41 50 25 3 27 28 
1 4 22 3 28 27 25 
12 5 36 1 4 47 16 17 18 34 0 37 53 8 3 28 27 25 50 
10 7 17 16 8 37 47 1 18 36 0 34 27 3 28 50 25 4 53 
10 7 43 13 52 31 11 14 49 51 23 35 22 7 41 39 2 29 9 
8 1 11 13 23 49 31 35 43 51 39 
3 14 52 14 39 41 22 7 9 29 2 11 13 23 49 31 35 43 51 
12 10 45 20 26 48 40 54 32 44 42 10 15 6 11 13 23 49 31 35 43 51 52 14 
14 8 42 32 10 40 45 20 15 54 48 6 44 26 11 49 51 31 52 14 35 23 43 13 
12 7 42 32 10 40 45 20 15 54 48 6 44 26 39 41 22 7 9 29 2 
11 6 48 6 10 32 45 15 44 54 42 20 26 7 9 29 2 22 41 
10 10 46 33 12 19 30 5 55 21 38 24 11 49 51 31 52 14 35 23 43 13 
3 9 38 33 46 51 35 31 49 11 13 52 14 43 
10 10 17 16 8 37 47 1 18 36 0 34 38 33 46 55 5 24 30 12 19 21 
6 5 47 17 34 18 36 0 38 12 30 46 55 
9 11 8 1 37 16 38 12 30 46 55 24 19 5 33 21 47 17 34 18 36 0 
12 9 48 6 10 32 45 15 44 54 42 20 26 40 8 1 37 16 38 12 30 46 55 
7 3 42 10 32 54 20 6 45 46 16 30 
11 7 24 19 5 33 21 47 17 34 18 36 0 27 3 28 50 25 4 53 
10 3 5 17 18 34 0 24 21 36 33 19 53 4 3 
4 14 47 53 4 3 27 28 50 25 5 17 18 34 0 24 21 36 33 19 
7 7 7 9 29 2 22 41 39 53 4 3 27 28 50 25 
6 1 9 2 39 41 7 29 25 
2 12 22 25 27 53 4 50 3 28 9 2 39 41 7 29 
11 9 5 17 18 34 0 24 21 36 33 19 47 46 16 30 55 12 8 37 38 1 
1 4 21 16 12 38 46 
7 12 9 2 39 41 7 29 22 42 10 32 54 20 6 45 26 48 15 40 44 
4 10 29 9 22 2 20 44 54 45 6 40 15 10 26 42 
7 12 25 27 53 4 50 3 28 20 44 54 45 6 40 15 10 26 42 32 48 
4 9 53 28 4 25 44 15 20 48 45 10 40 42 32 
10 7 51 35 31 49 11 13 52 14 43 23 29 9 22 2 39 41 7 
8 1 49 23 14 52 11 31 43 51 22 
3 14 13 35 22 2 29 9 41 7 39 49 23 14 52 11 31 43 51 
7 12 22 2 29 9 41 7 39 44 15 20 48 45 10 40 42 32 6 54 26 
2 5 29 39 54 42 48 45 32 
11 10 21 34 24 33 36 19 17 47 0 18 5 49 23 14 52 11 31 43 51 13 35 
9 8 0 33 36 17 34 18 19 5 21 13 51 43 52 35 23 31 49 
10 11 24 47 13 51 43 52 35 23 31 49 11 14 0 33 36 17 34 18 19 5 21 
7 11 29 39 9 22 41 2 7 0 33 36 17 34 18 19 5 21 24 47 
1 4 9 47 18 19 33 
10 8 7 29 22 2 41 39 47 18 19 33 24 36 21 0 34 5 17 9 
9 7 16 12 38 46 55 37 8 30 1 9 7 29 22 2 41 39 
7 4 1 8 46 12 38 16 37 7 22 9 29 
6 10 55 30 7 22 9 29 39 41 2 1 8 46 12 38 16 37 
10 9 13 51 43 52 35 23 31 49 11 14 1 8 46 12 38 16 37 55 30 
6 1 49 31 11 13 52 51 55 
11 9 47 18 19 33 24 36 21 0 34 5 17 55 37 8 1 30 12 46 38 16 
2 4 5 19 55 1 38 37 
9 7 55 1 38 37 46 30 16 12 8 53 28 4 25 3 50 27 
7 5 38 37 16 46 30 12 1 25 53 50 27 28 
7 9 8 55 25 53 50 27 28 3 4 38 37 16 46 30 12 1 
7 10 8 55 25 53 50 27 28 49 31 11 13 52 51 35 43 14 23 
5 7 55 25 53 28 50 23 14 51 49 35 52 11 
9 11 3 4 38 37 16 46 30 12 1 5 19 47 21 33 24 18 0 17 36 34 
5 8 38 37 3 1 46 19 17 34 5 36 18 0 47 
12 8 16 4 30 12 19 17 34 5 36 18 0 47 21 24 33 38 37 3 1 46 
8 10 21 24 33 38 37 3 1 46 23 14 51 49 35 52 11 31 13 43 
1 5 37 23 31 51 52 14 
12 12 54 42 48 45 32 44 10 40 15 26 6 20 16 4 30 12 19 17 34 5 36 18 0 47 
5 11 15 40 20 6 54 5 0 12 34 4 47 16 36 18 17 30 
18 6 45 42 44 10 48 26 32 5 0 12 34 4 47 16 36 18 17 30 19 15 40 20 6 54 
7 7 7 22 9 29 39 41 2 55 25 53 28 50 27 8 
3 1 9 41 39 53 
7 12 53 27 8 55 28 50 25 15 40 20 6 54 45 42 44 10 48 26 32 
1 9 53 45 54 15 20 10 42 48 40 6 
10 8 23 31 51 52 14 43 11 35 49 13 37 33 21 46 24 38 1 3 
2 7 49 11 37 46 21 38 33 24 3 
15 3 35 14 43 23 51 31 13 52 37 46 21 38 33 24 3 1 49 11 
7 10 53 27 28 55 50 25 8 49 11 35 14 43 23 51 31 13 52 
4 2 27 50 53 28 14 35 
8 10 37 46 21 38 33 24 3 1 14 35 49 43 11 31 23 13 51 52 
4 6 21 37 46 3 49 51 35 11 13 52 
7 12 9 41 39 7 29 22 2 45 54 15 20 10 42 48 40 6 44 32 26 
6 8 39 41 22 9 29 2 40 48 6 54 44 26 15 45 
9 10 7 40 48 6 54 44 26 15 45 20 32 10 42 39 41 22 9 29 2 
12 12 5 0 12 34 4 47 16 36 18 17 30 19 40 48 6 54 44 26 15 45 20 32 10 42 
2 9 12 34 10 44 20 45 48 15 26 32 6 
10 7 49 51 35 11 13 52 43 23 14 31 39 41 22 9 29 2 7 
6 11 31 23 11 35 52 14 39 29 41 2 22 9 7 49 51 13 43 
7 10 39 29 41 2 22 9 7 49 51 13 43 31 23 11 35 52 14 
1 9 39 35 51 49 52 31 23 13 11 43 
15 2 22 9 41 7 2 29 35 51 49 52 31 23 13 11 43 14 39 
12 12 12 34 0 19 5 30 47 16 36 17 18 4 10 44 20 45 48 15 26 32 6 42 40 54 
7 1 12 18 36 16 17 34 19 6 
6 18 5 0 4 30 47 6 42 20 48 26 10 40 44 32 54 15 45 12 18 36 16 17 34 19 
8 12 21 37 46 3 1 24 38 33 6 42 20 48 26 10 40 44 32 54 15 45 
2 1 38 1 45 
7 7 39 22 9 41 7 2 29 27 50 53 28 55 8 25 
3 5 2 41 9 55 27 25 53 8 
10 8 35 51 49 52 31 23 13 11 43 14 38 1 46 24 3 33 37 21 
9 4 13 52 11 35 14 43 31 51 23 37 46 1 3 
8 10 37 46 1 3 24 21 38 33 13 52 11 35 14 43 31 51 23 49 
5 7 24 37 3 1 38 43 13 49 11 52 51 23 
12 12 12 18 36 16 17 34 19 5 0 4 30 47 45 10 44 20 42 6 26 15 40 32 48 54 
1 23 36 54 15 6 42 32 40 20 26 45 44 48 10 0 19 5 34 4 12 17 30 47 16 18 
10 8 43 13 49 11 52 51 23 14 31 35 24 37 3 1 38 33 21 46 
4 2 35 23 51 43 1 38 
7 7 2 41 9 29 22 7 39 55 27 25 53 8 28 50 
8 6 7 39 41 2 22 29 9 25 8 55 50 28 27 53 
7 7 7 39 41 2 22 29 9 25 8 55 50 28 27 53 
6 2 7 2 39 29 41 9 25 55 
7 12 7 2 39 29 41 9 22 0 19 5 34 4 12 17 30 47 16 18 36 
2 9 2 22 5 0 17 16 47 19 30 34 12 
14 5 9 39 7 41 29 5 0 17 16 47 19 30 34 12 36 4 18 2 22 
8 7 1 38 33 24 46 21 37 3 2 22 9 39 7 41 29 
7 2 37 38 46 33 3 24 1 2 7 
3 12 21 2 7 29 22 9 39 41 37 38 46 33 3 24 1 
10 12 35 23 51 43 13 52 49 11 31 14 54 15 6 42 32 40 20 26 45 44 48 10 
9 6 52 31 14 35 13 43 51 11 49 15 26 6 48 42 45 
7 15 23 15 26 6 48 42 45 40 32 54 44 10 20 52 31 14 35 13 43 51 11 49 
12 8 5 0 17 16 47 19 30 34 12 36 4 18 37 38 46 33 3 24 1 21 
9 7 0 4 12 5 34 18 16 36 30 37 38 1 24 33 3 21 
12 7 0 4 12 5 34 18 16 36 30 47 17 19 2 7 29 22 9 39 41 
1 6 12 22 29 39 9 2 7 
12 7 12 4 17 47 36 30 0 5 34 19 16 18 25 55 50 53 8 28 27 
11 2 5 0 30 12 47 19 17 16 4 34 18 55 8 
3 16 36 55 8 50 25 53 27 28 5 0 30 12 47 19 17 16 4 34 18 
12 10 5 0 30 12 47 19 17 16 4 34 18 36 52 31 14 35 13 43 51 11 49 23 
9 13 36 47 5 18 0 34 17 30 19 14 49 13 52 35 31 11 43 51 23 4 16 12 
10 8 14 49 13 52 35 31 11 43 51 23 37 38 1 24 33 3 21 46 
7 7 14 43 52 11 49 31 23 24 1 46 21 3 38 33 
10 8 13 35 51 24 1 46 21 3 38 33 37 14 43 52 11 49 31 23 
7 12 55 8 50 25 53 27 28 4 16 12 36 47 5 18 0 34 17 30 19 
1 11 53 19 12 5 0 47 36 18 30 34 17 16 
17 2 28 50 55 27 25 8 19 12 5 0 47 36 18 30 34 17 16 4 53 
7 12 22 29 39 9 2 7 41 19 12 5 0 47 36 18 30 34 17 16 4 
1 11 22 36 18 17 19 12 4 47 0 5 34 16 
17 2 7 29 39 41 2 9 36 18 17 19 12 4 47 0 5 34 16 30 22 
7 12 22 7 29 39 41 2 9 36 18 17 19 12 4 47 0 5 34 16 30 
2 8 41 39 5 34 16 18 17 47 30 4 
13 6 22 7 2 29 9 5 34 16 18 17 47 30 4 0 12 19 36 41 39 
7 10 53 28 50 55 27 25 8 14 43 52 11 49 31 23 13 35 51 
12 5 27 25 28 53 55 50 8 14 31 35 23 51 52 49 43 13 11 
7 12 41 39 22 7 2 29 9 5 34 16 18 17 47 30 4 0 12 19 36 
6 4 41 7 9 22 2 39 0 36 30 12 
7 12 27 25 28 53 55 50 8 15 26 6 48 42 45 40 32 54 44 10 20 
6 5 53 55 50 25 28 27 44 40 45 20 48 
6 13 8 44 40 45 20 48 10 26 54 6 32 42 15 53 55 50 25 28 27 
7 12 41 7 9 22 2 39 29 0 36 30 12 18 17 34 5 4 19 47 16 
2 4 29 39 16 12 36 0 
9 10 7 9 22 2 41 16 12 36 0 4 47 5 17 19 18 34 30 29 39 
10 12 14 31 35 23 51 52 49 43 13 11 16 12 36 0 4 47 5 17 19 18 34 30 
6 11 13 11 51 43 52 31 30 47 34 12 16 36 4 18 19 0 17 
15 7 14 23 49 35 30 47 34 12 16 36 4 18 19 0 17 5 13 11 51 43 52 31 
7 10 53 55 50 25 28 27 8 13 11 51 43 52 31 14 23 49 35 
2 6 27 55 23 35 51 11 43 31 
11 6 25 50 28 8 53 23 35 51 11 43 31 14 49 52 13 27 55 
12 8 44 40 45 20 48 10 26 54 6 32 42 15 24 1 46 21 3 38 33 37 
2 7 15 6 46 37 1 24 3 33 21 
17 3 26 42 32 40 48 45 20 10 44 54 46 37 1 24 3 33 21 38 15 6 
7 10 29 39 7 9 22 2 41 23 35 51 11 43 31 14 49 52 13 
2 4 7 22 23 49 11 43 
9 8 29 41 39 2 9 23 49 11 43 51 35 31 13 14 52 7 22 
8 10 46 37 1 24 3 33 21 38 23 49 11 43 51 35 31 13 14 52 
7 11 37 38 21 24 46 33 3 13 14 43 11 52 23 31 49 51 35 1 
7 12 7 22 29 41 39 2 9 30 47 34 12 16 36 4 18 19 0 17 5 
6 10 39 22 7 29 41 2 36 47 0 19 18 5 34 12 4 16 
11 8 9 36 47 0 19 18 5 34 12 4 16 17 30 39 22 7 29 41 2 
7 7 37 38 21 24 46 33 3 39 22 7 29 41 2 9 
2 6 37 46 39 2 22 41 29 7 
7 7 39 2 22 41 29 7 9 37 46 33 3 24 38 21 
3 6 41 29 9 3 21 46 24 37 38 
10 4 7 2 39 22 3 21 46 24 37 38 33 41 29 9 
12 7 36 47 0 19 18 5 34 12 4 16 17 30 27 55 25 50 28 8 53 
2 3 18 17 8 28 55 
7 7 41 29 9 7 2 39 22 8 28 55 27 50 25 53 
2 3 41 22 25 53 8 
7 12 25 53 8 28 55 27 50 18 17 30 19 12 4 16 36 34 0 5 47 
14 5 50 53 27 8 28 55 25 19 5 34 12 4 36 0 47 16 18 17 30 
11 7 13 14 43 11 52 23 31 49 51 35 1 41 22 9 29 2 7 39 
6 2 23 1 13 49 43 51 7 41 
7 11 14 52 31 11 35 7 41 22 29 2 39 9 23 1 13 49 43 51 
11 7 23 1 13 49 43 51 14 52 31 11 35 7 41 22 29 2 39 9 
2 2 51 13 9 22 
7 7 50 53 27 8 28 55 25 3 21 46 24 37 38 33 
5 5 28 8 53 50 27 33 21 3 24 37 
7 7 55 25 33 21 3 24 37 46 38 28 8 53 50 27 
7 12 9 22 39 7 41 2 29 15 6 26 42 32 40 48 45 20 10 44 54 
2 4 9 29 6 10 54 20 
7 12 33 21 3 24 37 46 38 19 5 34 12 4 36 0 47 16 18 17 30 
3 3 21 24 3 36 4 34 
7 12 33 37 46 38 36 4 34 12 5 17 0 18 19 47 30 16 21 24 3 
11 12 51 13 49 43 35 31 1 52 11 23 14 6 10 54 20 45 48 15 32 44 26 42 40 
2 11 13 11 20 44 45 40 6 32 48 42 26 10 15 
7 7 28 8 53 50 27 55 25 21 24 3 33 37 46 38 
6 3 25 8 53 50 28 55 46 38 3 
12 11 36 4 34 12 5 17 0 18 19 47 30 16 13 11 31 35 51 1 23 14 52 43 49 
3 9 4 18 47 35 52 43 11 31 1 49 13 23 
18 5 17 36 34 0 5 30 16 19 12 35 52 43 11 31 1 49 13 23 51 14 4 18 47 
7 12 46 38 3 21 37 33 24 4 18 47 17 36 34 0 5 30 16 19 12 
6 11 37 38 21 46 33 3 4 0 12 47 36 19 5 18 34 30 17 
12 7 24 4 0 12 47 36 19 5 18 34 30 17 16 37 38 21 46 33 3 
12 7 4 0 12 47 36 19 5 18 34 30 17 16 25 8 53 50 28 55 27 
7 1 12 34 36 47 5 30 4 27 
6 13 17 16 0 19 18 27 8 25 53 50 28 55 12 34 36 47 5 30 4 
7 12 27 8 25 53 50 28 55 12 34 36 47 5 30 4 17 16 0 19 18 
4 10 55 53 27 28 4 17 0 16 18 12 34 47 5 19 
13 6 8 25 50 4 17 0 16 18 12 34 47 5 19 36 30 55 53 27 28 
7 7 37 38 21 46 33 3 24 9 29 22 39 2 41 7 
6 1 3 33 37 24 38 46 7 
2 12 21 7 9 39 22 41 29 2 3 33 37 24 38 46 
7 7 55 53 27 28 8 25 50 3 33 37 24 38 46 21 
6 5 55 53 27 8 50 28 37 3 24 46 33 
7 7 7 9 39 22 41 29 2 37 3 24 46 33 38 21 
11 3 9 7 41 22 39 29 2 37 21 38 24 33 3 46 
7 12 9 7 41 22 39 29 2 4 17 0 16 18 12 34 47 5 19 36 30 
6 11 39 7 29 22 2 41 34 4 5 16 12 36 30 19 47 0 18 
12 7 9 34 4 5 16 12 36 30 19 47 0 18 17 39 7 29 22 2 41 
7 7 37 21 38 24 33 3 46 55 53 27 8 50 28 25 
6 2 38 33 21 3 24 46 27 53 
3 11 37 27 53 28 25 8 55 50 38 33 21 3 24 46 
7 12 27 53 28 25 8 55 50 20 44 45 40 6 32 48 42 26 10 15 54 
6 8 28 55 50 53 8 27 48 54 44 32 20 45 26 42 
9 10 25 48 54 44 32 20 45 26 42 6 10 40 15 28 55 50 53 8 27 
11 12 35 52 43 11 31 1 49 13 23 51 14 34 4 5 16 12 36 30 19 47 0 18 17 
10 3 35 13 43 52 11 14 31 23 49 51 4 16 18 
4 19 1 4 16 18 17 5 0 12 36 19 30 34 47 35 13 43 52 11 14 31 23 49 51 
7 12 28 55 50 53 8 27 25 4 16 18 17 5 0 12 36 19 30 34 47 
6 2 53 8 27 50 25 55 47 4 
12 12 47 4 16 12 18 36 0 34 19 5 17 30 48 54 44 32 20 45 26 42 6 10 40 15 
8 9 17 19 18 36 5 16 47 34 48 26 15 20 32 42 44 10 54 
13 11 30 12 4 0 48 26 15 20 32 42 44 10 54 40 45 6 17 19 18 36 5 16 47 34 
11 7 35 13 43 52 11 14 31 23 49 51 1 39 7 29 22 2 41 9 
4 2 52 1 13 23 39 41 
12 7 17 19 18 36 5 16 47 34 30 12 4 0 38 33 21 3 24 46 37 
6 2 18 30 0 34 36 17 46 3 
12 7 18 30 0 34 36 17 19 12 5 16 4 47 39 41 9 29 7 2 22 
9 1 4 17 0 5 34 16 36 47 18 9 
4 15 30 19 12 9 7 29 39 41 2 22 4 17 0 5 34 16 36 47 18 
7 12 46 3 33 21 37 24 38 48 26 15 20 32 42 44 10 54 40 45 6 
6 4 21 37 3 33 38 24 15 10 54 32 
5 14 46 15 10 54 32 42 45 6 40 26 20 44 48 21 37 3 33 38 24 
7 12 21 37 3 33 38 24 46 4 17 0 5 34 16 36 47 18 30 19 12 
3 4 38 37 33 34 4 19 18 
8 11 3 21 24 46 34 4 19 18 5 36 17 30 12 47 16 0 38 37 33 
12 7 34 4 19 18 5 36 17 30 12 47 16 0 9 7 29 39 41 2 22 
6 2 18 34 17 30 0 4 7 29 
8 11 47 19 12 36 5 16 7 29 9 2 41 39 22 18 34 17 30 0 4 
7 7 7 29 9 2 41 39 22 38 37 33 3 21 24 46 
3 1 7 29 41 46 
5 9 22 9 2 39 46 33 38 21 24 3 37 7 29 41 
7 12 7 29 41 22 9 2 39 15 10 54 32 42 45 6 40 26 20 44 48 
6 11 39 9 41 22 2 7 6 45 48 54 40 44 15 32 20 10 26 
12 7 29 6 45 48 54 40 44 15 32 20 10 26 42 39 9 41 22 2 7 
11 7 52 1 13 23 35 51 31 14 11 49 43 53 8 27 50 25 55 28 
6 3 43 23 52 31 11 1 25 27 28 
12 7 6 45 48 54 40 44 15 32 20 10 26 42 25 27 28 53 8 55 50 
1 3 54 8 27 25 
14 5 44 32 42 40 6 48 20 15 10 45 26 8 27 25 53 55 28 50 54 
11 7 43 23 52 31 11 1 13 14 49 51 35 46 33 38 21 24 3 37 
1 2 1 46 3 
12 6 11 52 49 31 23 51 13 35 14 43 46 3 38 33 37 24 21 1 
7 7 8 27 25 53 55 28 50 46 3 38 33 37 24 21 
13 1 27 55 50 8 28 25 53 46 33 37 24 38 21 3 
12 11 18 34 17 30 0 4 47 19 12 36 5 16 1 11 52 49 31 23 51 13 35 14 43 
3 5 34 5 18 51 49 11 35 52 
14 9 16 30 19 0 17 36 12 4 47 51 49 11 35 52 14 1 23 43 31 13 34 5 18 
7 12 46 33 37 24 38 21 3 54 44 32 42 40 6 48 20 15 10 45 26 
4 4 24 21 38 37 10 40 48 15 
7 12 46 33 3 10 40 48 15 45 44 42 32 20 6 54 26 24 21 38 37 
11 12 51 49 11 35 52 14 1 23 43 31 13 34 5 18 16 30 19 0 17 36 12 4 47 
9 3 52 1 13 43 51 23 49 31 35 19 0 16 
5 18 14 11 19 0 16 36 47 4 30 18 17 5 12 34 52 1 13 43 51 23 49 31 35 
7 12 39 9 41 22 2 7 29 10 40 48 15 45 44 42 32 20 6 54 26 
1 11 7 32 54 45 40 48 44 15 26 6 42 10 
7 7 27 55 50 8 28 25 53 7 22 29 2 9 41 39 
3 4 28 50 55 2 39 22 7 
8 6 53 25 8 27 2 39 22 7 9 41 29 28 50 55 
7 12 24 21 38 37 46 33 3 19 0 16 36 47 4 30 18 17 5 12 34 
3 9 21 24 37 34 0 19 47 5 18 4 16 12 
7 12 21 24 37 3 33 38 46 32 54 45 40 48 44 15 26 6 42 10 20 
3 5 21 46 37 10 20 15 42 6 
9 10 33 3 24 38 10 20 15 42 6 32 26 40 48 44 54 45 21 46 37 
12 11 10 20 15 42 6 32 26 40 48 44 54 45 52 1 13 43 51 23 49 31 35 14 11 
7 9 54 48 42 45 44 32 26 43 14 13 49 52 31 23 51 35 
14 9 10 6 20 40 15 43 14 13 49 52 31 23 51 35 11 1 54 48 42 45 44 32 26 
11 12 43 14 13 49 52 31 23 51 35 11 1 54 48 42 45 44 32 26 10 6 20 40 15 
9 6 52 43 23 13 14 49 35 1 51 48 15 20 32 10 42 
8 15 11 31 48 15 20 32 10 42 40 26 44 45 54 6 52 43 23 13 14 49 35 1 51 
11 7 52 43 23 13 14 49 35 1 51 11 31 2 39 22 7 9 41 29 
6 1 43 23 49 11 35 13 29 
6 12 52 14 51 1 31 29 39 7 9 41 22 2 43 23 49 11 35 13 
7 11 21 46 37 33 3 24 38 43 23 49 11 35 13 52 14 51 1 31 
3 8 37 21 3 49 43 11 35 1 52 51 13 
12 7 48 15 20 32 10 42 40 26 44 45 54 6 28 50 55 53 25 8 27 
8 2 15 48 32 26 6 42 20 40 8 25 
7 11 37 21 3 38 46 24 33 49 43 11 35 1 52 51 13 31 14 23 
6 8 33 3 37 24 46 21 52 14 49 23 51 35 1 13 
9 9 38 52 14 49 23 51 35 1 13 43 11 31 33 3 37 24 46 21 
11 7 52 14 49 23 51 35 1 13 43 11 31 29 39 7 9 41 22 2 
8 5 43 52 13 11 35 31 23 1 9 41 2 39 22 
7 12 8 25 53 27 55 28 50 34 0 19 47 5 18 4 16 12 36 17 30 
2 2 8 27 4 30 
7 12 25 55 53 50 28 4 30 47 5 19 17 36 34 0 18 12 16 8 27 
7 7 25 55 53 50 28 4 30 33 3 37 24 46 21 38 
1 4 4 24 21 3 33 
10 4 30 25 55 53 28 50 24 21 3 33 38 37 46 4 
7 12 4 30 25 55 53 28 50 15 48 32 26 6 42 20 40 45 44 54 10 
5 3 4 53 55 28 50 42 48 10 
5 14 30 25 42 48 10 26 45 40 20 54 15 32 44 6 4 53 55 28 50 
11 7 43 52 13 11 35 31 23 1 51 14 49 9 41 2 39 22 29 7 
10 3 43 23 1 35 52 51 14 31 11 13 29 9 39 
4 14 49 29 9 39 7 41 22 2 43 23 1 35 52 51 14 31 11 13 
12 7 42 48 10 26 45 40 20 54 15 32 44 6 29 9 39 7 41 22 2 
8 2 54 44 20 42 15 48 26 10 29 9 
7 7 24 21 3 33 38 37 46 4 53 55 28 50 30 25 
6 5 21 46 37 24 38 33 50 28 55 30 25 
6 8 3 50 28 55 30 25 4 53 21 46 37 24 38 33 
7 7 29 9 2 39 7 22 41 50 28 55 30 25 4 53 
4 2 29 7 2 9 50 28 
11 7 43 23 1 35 52 51 14 31 11 13 49 21 46 37 24 38 33 3 
7 1 1 13 14 43 35 52 23 33 
7 7 33 38 21 37 3 46 24 29 7 2 9 22 41 39 
6 3 33 24 37 3 21 46 22 2 41 
4 10 38 22 2 41 29 9 39 7 33 24 37 3 21 46 
12 7 54 44 20 42 15 48 26 10 32 6 45 40 22 2 41 29 9 39 7 
10 3 20 40 32 15 48 42 44 26 6 10 29 9 7 
7 12 50 28 30 25 4 53 55 20 40 32 15 48 42 44 26 6 10 54 45 
6 7 30 53 55 4 28 50 40 32 15 48 26 20 45 
8 11 25 40 32 15 48 26 20 45 10 42 6 54 44 30 53 55 4 28 50 
7 7 29 9 7 2 22 41 39 30 53 55 4 28 50 25 
2 1 2 29 28 
6 8 7 9 22 41 39 28 50 30 25 53 4 55 2 29 
11 12 1 13 14 43 35 52 23 31 51 11 49 40 32 15 48 26 20 45 10 42 6 54 44 
6 11 35 43 49 51 1 14 32 48 42 40 10 54 15 45 6 20 26 
12 7 47 5 19 17 36 34 0 18 12 16 8 27 33 24 37 3 21 46 38 
5 6 17 16 5 36 47 37 38 46 24 33 21 
13 6 27 12 0 18 19 8 34 37 38 46 24 33 21 3 17 16 5 36 47 
7 7 2 29 7 9 22 41 39 37 38 46 24 33 21 3 
9 5 39 2 7 29 9 41 22 37 38 24 3 33 46 21 
11 12 35 43 49 51 1 14 23 11 52 13 31 32 48 42 40 10 54 15 45 6 20 26 44 
3 20 51 35 23 6 44 15 54 20 48 40 45 42 26 10 32 31 14 49 52 13 11 1 43 
7 7 39 2 7 29 9 41 22 28 50 30 25 53 4 55 
6 6 9 39 22 2 29 7 28 55 53 4 25 30 
7 7 41 28 55 53 4 25 30 50 9 39 22 2 29 7 
7 7 28 55 53 4 25 30 50 37 38 24 3 33 46 21 
4 2 25 50 4 53 33 37 
5 9 28 30 55 33 37 24 21 3 38 46 25 50 4 53 
7 11 25 50 4 53 28 30 55 31 14 49 52 13 11 1 43 51 35 23 
5 9 4 28 30 50 25 23 31 14 43 52 51 49 13 35 
12 7 6 44 15 54 20 48 40 45 42 26 10 32 9 39 22 2 29 7 41 
2 6 45 32 41 39 9 7 29 2 
16 3 20 15 44 48 6 42 54 26 40 10 41 39 9 7 29 2 22 45 32 
11 7 23 31 14 43 52 51 49 13 35 11 1 33 37 24 21 3 38 46 
4 6 52 23 11 1 3 24 33 37 46 38 
13 5 13 51 49 31 35 43 14 3 24 33 37 46 38 21 52 23 11 1 
7 12 41 39 9 7 29 2 22 17 16 5 36 47 27 12 0 18 19 8 34 
10 9 41 9 2 22 7 39 29 17 8 5 47 27 0 34 36 16 12 19 18 
12 7 45 32 20 15 44 48 6 42 54 26 40 10 3 24 33 37 46 38 21 
7 4 10 20 45 26 54 6 48 37 46 24 21 
9 10 32 40 42 15 44 37 46 24 21 38 33 3 10 20 45 26 54 6 48 
12 7 17 8 5 47 27 0 34 36 16 12 19 18 4 28 30 50 25 53 55 
5 14 5 0 34 16 17 28 30 25 4 50 55 53 8 47 19 36 12 18 27 
7 7 28 30 25 4 50 55 53 37 46 24 21 38 33 3 
3 6 30 50 4 46 24 37 33 38 21 
10 4 25 55 28 53 46 24 37 33 38 21 3 30 50 4 
7 7 46 24 37 33 38 21 3 30 50 4 25 55 28 53 
1 4 38 55 28 53 30 
7 7 41 9 2 22 7 39 29 38 3 21 37 46 24 33 
8 6 22 7 29 39 2 41 9 37 21 46 24 33 3 38 
12 11 10 20 45 26 54 6 48 32 40 42 15 44 52 23 11 1 13 51 49 31 35 43 14 
3 5 15 48 32 35 23 51 11 14 
14 9 45 20 44 40 54 42 10 26 6 35 23 51 11 14 49 13 52 1 43 31 15 48 32 
7 12 55 28 53 30 25 4 50 8 47 19 36 12 18 27 5 0 34 16 17 
1 11 53 36 8 17 0 5 12 34 47 16 18 19 
17 2 28 4 25 55 30 50 36 8 17 0 5 12 34 47 16 18 19 27 53 
12 12 36 8 17 0 5 12 34 47 16 18 19 27 15 48 32 45 20 44 40 54 42 10 26 6 
9 11 8 17 18 5 12 27 0 36 16 54 45 48 20 15 32 6 26 42 44 10 
7 12 53 28 4 25 55 30 50 54 45 48 20 15 32 6 26 42 44 10 40 
2 7 25 30 10 54 48 45 26 40 6 
11 7 35 23 51 11 14 49 13 52 1 43 31 25 30 55 28 53 50 4 
1 17 35 30 28 50 4 55 53 25 52 43 13 51 11 49 14 23 1 31 
11 12 52 43 13 51 11 49 14 23 1 31 35 8 17 18 5 12 27 0 36 16 47 34 19 
7 3 11 35 14 43 13 49 52 18 36 34 
7 16 51 1 23 31 18 36 34 5 16 0 27 19 12 8 17 47 11 35 14 43 13 49 52 
7 12 22 7 29 39 2 41 9 18 36 34 5 16 0 27 19 12 8 17 47 
2 7 2 9 47 0 17 36 27 18 19 
12 7 39 29 22 7 41 47 0 17 36 27 18 19 8 34 12 5 16 2 9 
11 12 11 35 14 43 13 49 52 51 1 23 31 39 29 22 7 41 47 0 17 36 27 18 19 
9 10 31 1 43 49 13 14 51 35 23 19 27 39 47 36 18 7 41 17 22 
12 7 19 27 39 47 36 18 7 41 17 22 29 0 8 34 12 5 16 2 9 
18 1 47 18 17 29 27 22 19 41 0 7 39 36 34 9 5 2 16 8 12 
7 12 37 21 46 24 33 3 38 10 54 48 45 26 40 6 20 32 44 42 15 
3 7 38 3 21 20 48 44 45 10 40 15 
7 7 38 3 21 24 37 46 33 34 9 5 2 16 8 12 
4 6 24 38 46 21 8 9 2 12 16 34 
7 7 30 28 50 4 55 53 25 24 38 46 21 33 3 37 
2 6 30 53 33 37 46 21 24 38 
11 3 50 55 4 28 25 33 37 46 21 24 38 3 30 53 
7 7 33 37 46 21 24 38 3 8 9 2 12 16 34 5 
6 4 38 21 46 37 24 3 12 34 16 9 
5 9 33 12 34 16 9 5 8 2 38 21 46 37 24 3 
12 7 20 48 44 45 10 40 15 54 42 26 32 6 12 34 16 9 5 8 2 
16 3 54 44 20 32 10 48 6 26 42 15 40 45 8 12 16 2 34 9 5 
11 7 31 1 43 49 13 14 51 35 23 11 52 30 53 50 55 4 28 25 
5 3 51 35 13 49 23 4 25 50 
9 9 52 14 11 43 1 31 4 25 50 30 53 55 28 51 35 13 49 23 
12 11 54 44 20 32 10 48 6 26 42 15 40 45 51 35 13 49 23 52 14 11 43 1 31 
7 7 45 44 20 32 40 10 6 52 14 51 31 11 1 13 
12 7 45 44 20 32 40 10 6 15 26 48 54 42 38 21 46 37 24 3 33 
10 1 20 26 42 44 15 45 6 32 40 48 38 
7 7 38 24 21 46 37 33 3 4 25 50 30 53 55 28 
3 4 3 38 37 28 50 30 25 
11 7 52 14 51 31 11 1 13 43 35 23 49 8 12 16 2 34 9 5 
8 5 43 23 31 35 51 1 11 13 34 8 2 9 16 
12 7 47 18 17 29 27 22 19 41 0 7 39 36 28 50 30 25 53 55 4 
1 6 17 55 25 50 4 53 30 
17 2 41 39 18 0 22 7 19 29 27 47 36 55 25 50 4 53 30 28 17 
7 11 34 8 2 9 16 5 12 43 23 31 35 51 1 11 13 52 14 49 
3 2 2 8 5 43 49 
6 12 16 34 12 9 43 49 51 11 52 13 35 1 23 14 31 2 8 5 
12 12 17 41 39 18 0 22 7 19 29 27 47 36 20 26 42 44 15 45 6 32 40 48 54 10 
2 7 19 29 6 54 40 20 26 42 15 
12 7 19 29 17 7 41 47 36 0 27 39 18 22 3 38 37 24 46 21 33 
10 5 39 0 18 27 41 17 19 36 47 7 33 24 37 46 38 
12 7 39 0 18 27 41 17 19 36 47 7 29 22 33 24 37 46 38 3 21 
14 5 47 19 22 36 18 0 41 7 39 27 17 29 24 33 37 38 3 46 21 
7 12 2 8 5 16 34 12 9 6 54 40 20 26 42 15 45 10 44 48 32 
1 11 34 32 15 48 26 45 42 6 10 44 40 54 
7 11 24 33 37 38 3 46 21 43 49 51 11 52 13 35 1 23 14 31 
1 4 37 35 49 13 43 
12 7 32 15 48 26 45 42 6 10 44 40 54 20 34 5 9 12 16 2 8 
4 3 45 26 44 15 34 2 16 
11 8 32 10 40 20 54 6 42 48 34 2 16 12 8 9 5 45 26 44 15 
7 7 55 25 50 4 53 30 28 34 2 16 12 8 9 5 
2 2 25 30 9 2 
7 7 4 50 53 55 28 9 2 16 34 5 12 8 25 30 
7 7 25 30 4 50 53 55 28 9 2 16 34 5 12 8 
5 5 50 4 53 28 55 12 34 16 8 2 
7 11 50 4 53 28 55 30 25 35 49 13 43 11 23 14 1 31 52 51 
1 7 30 51 49 11 14 43 52 23 
13 5 4 55 53 28 25 50 51 49 11 14 43 52 23 1 31 35 13 30 
12 7 45 26 44 15 32 10 40 20 54 6 42 48 12 34 16 8 2 5 9 
3 5 26 45 42 9 34 12 5 2 
14 5 40 6 44 32 20 54 15 10 48 9 34 12 5 2 8 16 26 45 42 
11 12 51 49 11 14 43 52 23 1 31 35 13 47 19 22 36 18 0 41 7 39 27 17 29 
4 2 35 43 23 51 27 7 
9 14 31 11 49 13 14 52 1 27 7 36 17 22 0 47 41 29 18 39 19 35 43 23 51 
7 12 30 4 55 53 28 25 50 26 45 42 40 6 44 32 20 54 15 10 48 
1 7 28 26 45 54 42 40 44 15 
13 6 55 53 25 30 4 50 26 45 54 42 40 44 15 32 10 48 6 20 28 
11 12 35 43 23 51 31 11 49 13 14 52 1 26 45 54 42 40 44 15 32 10 48 6 20 
8 7 43 51 14 23 49 13 52 31 20 26 10 32 48 40 42 
10 13 35 1 11 20 26 10 32 48 40 42 45 15 44 6 54 43 51 14 23 49 13 52 31 
12 12 20 26 10 32 48 40 42 45 15 44 6 54 27 7 36 17 22 0 47 41 29 18 39 19 
15 9 40 15 44 45 48 32 20 6 54 10 26 42 41 7 18 47 22 27 29 19 39 36 17 0 
11 12 43 51 14 23 49 13 52 31 35 1 11 41 7 18 47 22 27 29 19 39 36 17 0 
6 10 1 43 35 23 52 31 39 18 47 7 29 0 22 36 17 27 
11 7 1 43 35 23 52 31 51 14 11 49 13 28 55 53 25 30 4 50 
1 17 35 53 28 25 4 30 55 50 51 1 43 31 13 23 11 49 14 52 
7 12 37 21 24 38 46 3 33 40 15 44 45 48 32 20 6 54 10 26 42 
6 9 46 37 21 3 24 33 54 40 20 6 15 44 10 45 42 
10 9 38 54 40 20 6 15 44 10 45 42 32 48 26 46 37 21 3 24 33 
12 11 54 40 20 6 15 44 10 45 42 32 48 26 51 1 43 31 13 23 11 49 14 52 35 
9 10 20 42 32 48 6 15 10 44 45 23 14 52 51 35 31 49 11 43 13 
13 10 26 40 54 23 14 52 51 35 31 49 11 43 13 1 20 42 32 48 6 15 10 44 45 
12 11 39 18 47 7 29 0 22 36 17 27 19 41 23 14 52 51 35 31 49 11 43 13 1 
8 1 39 18 7 0 27 47 19 41 49 
7 7 46 37 21 3 24 33 38 53 28 25 4 30 55 50 
6 6 24 3 21 37 38 33 50 55 53 28 25 4 
11 12 49 11 51 1 52 23 14 13 35 43 31 20 42 32 48 6 15 10 44 45 26 40 54 
5 11 23 51 35 11 13 54 45 44 48 10 40 6 26 15 32 42 
7 12 9 34 12 5 2 8 16 54 45 44 48 10 40 6 26 15 32 42 20 
1 7 2 44 32 45 6 54 26 15 
7 11 24 3 21 37 38 33 46 23 51 35 11 13 43 52 31 49 1 14 
4 6 24 33 46 37 35 31 14 49 51 52 
9 9 38 21 3 35 31 14 49 51 52 23 11 13 1 43 24 33 46 37 
7 7 2 9 5 8 12 34 16 50 55 53 28 25 4 30 
2 2 16 9 25 55 
7 7 5 34 12 8 2 25 55 28 50 53 4 30 16 9 
7 7 16 9 5 34 12 8 2 24 33 46 37 38 21 3 
6 2 12 5 34 2 9 8 21 3 
11 7 35 31 14 49 51 52 23 11 13 1 43 25 55 28 50 53 4 30 
6 1 13 43 52 14 11 35 28 
11 7 13 43 52 14 11 35 23 49 31 51 1 21 3 33 38 37 46 24 
5 3 1 13 14 11 52 37 46 24 
9 9 43 23 51 31 49 35 37 46 24 33 21 38 3 1 13 14 11 52 
12 7 44 32 45 6 54 26 15 20 42 40 48 10 37 46 24 33 21 38 3 
11 6 20 32 40 48 54 10 6 15 45 44 26 33 37 21 24 46 3 
7 12 42 33 37 21 24 46 3 38 20 32 40 48 54 10 6 15 45 44 26 
12 7 20 32 40 48 54 10 6 15 45 44 26 42 28 25 53 30 55 4 50 
6 2 54 45 42 26 44 10 28 4 
8 11 40 32 15 20 48 6 28 4 50 30 53 55 25 54 45 42 26 44 10 
12 7 39 18 7 0 27 47 19 41 22 29 36 17 12 5 34 2 9 8 16 
9 6 18 47 41 22 0 29 36 7 39 34 8 16 5 12 9 
7 11 33 37 21 24 46 3 38 1 13 14 11 52 43 23 51 31 49 35 
4 3 37 24 3 38 14 43 35 
6 12 46 33 21 14 43 35 1 52 23 49 13 11 51 31 37 24 3 38 
7 12 34 8 16 5 12 9 2 54 45 42 26 44 10 40 32 15 20 48 6 
1 7 2 54 20 10 42 44 15 40 
7 7 28 4 50 30 53 55 25 37 24 3 38 46 33 21 
12 2 28 30 25 55 4 53 50 46 3 24 21 33 38 37 
7 7 46 3 24 21 33 38 37 28 30 25 55 4 53 50 
6 6 37 21 38 46 33 3 55 50 53 4 25 30 
7 7 24 55 50 53 4 25 30 28 37 21 38 46 33 3 
7 12 2 12 5 9 34 8 16 18 47 41 22 0 29 36 7 39 17 19 27 
3 3 8 9 2 27 41 0 
7 12 16 5 12 34 27 41 0 22 17 47 19 18 36 29 7 39 8 9 2 
7 12 8 9 2 16 5 12 34 54 20 10 42 44 15 40 45 32 48 26 6 
4 11 16 12 34 2 45 6 54 20 44 15 42 40 26 10 48 
12 11 27 41 0 22 17 47 19 18 36 29 7 39 14 43 35 1 52 23 49 13 11 51 31 
5 5 27 39 0 7 18 14 31 43 13 35 
7 12 55 50 53 4 25 30 28 45 6 54 20 44 15 42 40 26 10 48 32 
6 3 50 55 4 25 53 28 20 48 15 
4 15 30 20 48 15 32 10 26 40 6 42 45 54 44 50 55 4 25 53 28 
12 12 27 39 0 7 18 22 17 47 29 19 36 41 20 48 15 32 10 26 40 6 42 45 54 44 
7 4 27 39 41 19 0 17 18 32 48 42 26 
9 15 22 47 29 36 7 32 48 42 26 15 6 44 54 10 40 20 45 27 39 41 19 0 17 18 
7 11 16 12 34 2 5 9 8 14 31 43 13 35 1 49 11 52 23 51 
1 5 16 49 14 11 1 13 
11 7 9 34 2 8 5 12 49 14 11 1 13 23 35 51 43 52 31 16 
7 11 50 55 4 25 53 28 30 49 14 11 1 13 23 35 51 43 52 31 
5 10 55 30 53 50 4 13 11 52 51 1 35 49 23 31 14 
12 6 28 25 13 11 52 51 1 35 49 23 31 14 43 55 30 53 50 4 
7 11 37 21 38 46 33 3 24 13 11 52 51 1 35 49 23 31 14 43 
4 1 24 38 33 37 43 
4 14 3 21 46 43 1 11 31 14 35 23 52 49 13 51 24 38 33 37 
12 7 32 48 42 26 15 6 44 54 10 40 20 45 55 30 53 50 4 28 25 
13 6 42 6 54 45 20 48 26 32 40 15 44 10 28 4 55 25 53 50 30 
7 11 28 4 55 25 53 50 30 43 1 11 31 14 35 23 52 49 13 51 
5 6 53 25 28 4 55 11 1 13 23 49 35 
12 7 42 6 54 45 20 48 26 32 40 15 44 10 24 38 33 37 3 21 46 
7 2 44 32 45 42 10 6 40 33 21 
12 7 27 39 41 19 0 17 18 22 47 29 36 7 33 21 24 38 3 46 37 
1 6 22 38 3 33 24 46 21 
17 2 19 17 39 47 29 27 41 0 36 18 7 38 3 33 24 46 21 37 22 
12 12 44 32 45 42 10 6 40 26 15 54 20 48 22 19 17 39 47 29 27 41 0 36 18 7 
3 10 26 48 20 27 36 18 22 0 29 17 39 41 7 
19 5 32 42 54 44 40 45 6 15 10 27 36 18 22 0 29 17 39 41 7 47 19 26 48 20 
7 12 53 25 28 4 55 30 50 26 48 20 32 42 54 44 40 45 6 15 10 
5 2 30 28 50 4 53 40 10 
4 15 25 55 40 10 48 45 54 15 26 6 42 20 32 44 30 28 50 4 53 
7 11 30 28 50 4 53 25 55 11 1 13 23 49 35 51 52 31 43 14 
4 9 25 28 30 50 31 14 13 51 43 1 11 23 49 
12 6 53 4 55 31 14 13 51 43 1 11 23 49 52 35 25 28 30 50 
7 12 16 9 34 2 8 5 12 27 36 18 22 0 29 17 39 41 7 47 19 
6 5 12 16 34 8 5 2 27 29 22 7 18 
6 13 9 27 29 22 7 18 17 0 39 47 36 19 41 12 16 34 8 5 2 
11 12 31 14 13 51 43 1 11 23 49 52 35 27 29 22 7 18 17 0 39 47 36 19 41 
9 7 49 23 52 43 13 51 11 14 1 39 7 47 36 29 22 17 
9 14 35 31 39 7 47 36 29 22 17 0 18 19 41 27 49 23 52 43 13 51 11 14 1 
7 12 25 28 30 50 53 4 55 40 10 48 45 54 15 26 6 42 20 32 44 
3 9 25 28 30 48 20 40 54 10 32 45 44 6 
13 6 55 53 50 4 48 20 40 54 10 32 45 44 6 42 26 15 25 28 30 
7 7 25 28 30 55 53 50 4 38 3 33 24 46 21 37 
8 6 55 25 50 4 28 53 30 24 33 46 21 37 38 3 
7 12 55 25 50 4 28 53 30 48 20 40 54 10 32 45 44 6 42 26 15 
6 7 55 30 28 53 50 4 42 44 40 26 6 10 20 
8 11 25 42 44 40 26 6 10 20 15 45 54 32 48 55 30 28 53 50 4 
11 7 49 23 52 43 13 51 11 14 1 35 31 55 30 28 53 50 4 25 
3 5 11 23 51 25 30 53 55 28 
12 7 42 44 40 26 6 10 20 15 45 54 32 48 24 33 46 21 37 38 3 
11 3 48 6 42 54 20 40 26 15 45 44 10 24 46 33 
7 12 25 30 53 55 28 50 4 39 7 47 36 29 22 17 0 18 19 41 27 
5 7 4 55 50 53 30 36 29 17 41 27 22 0 
12 12 48 6 42 54 20 40 26 15 45 44 10 32 36 29 17 41 27 22 0 19 39 47 18 7 
1 7 20 27 36 0 29 18 19 7 
18 6 45 32 26 44 54 10 42 6 48 15 40 27 36 0 29 18 19 7 41 22 47 39 17 20 
7 11 24 46 33 38 21 37 3 11 23 51 43 13 1 31 49 35 14 52 
6 10 24 3 21 38 33 46 31 13 14 23 11 51 35 1 49 43 
7 11 24 3 21 38 33 46 37 31 13 14 23 11 51 35 1 49 43 52 
3 9 46 37 3 31 11 43 35 13 23 52 51 1 
12 7 20 45 32 26 44 54 10 42 6 48 15 40 12 16 34 8 5 2 9 
7 4 20 15 6 40 42 44 48 2 9 16 34 
9 10 45 10 54 26 32 2 9 16 34 12 8 5 20 15 6 40 42 44 48 
7 7 4 55 50 53 30 25 28 46 37 3 38 24 21 33 
1 5 53 21 3 24 46 33 
11 3 30 25 55 4 50 28 21 3 24 46 33 38 37 53 
12 7 27 36 0 29 18 19 7 41 22 47 39 17 2 9 16 34 12 8 5 
11 1 0 41 7 18 36 17 39 19 29 22 27 12 
12 12 0 41 7 18 36 17 39 19 29 22 27 47 20 15 6 40 42 44 48 45 10 54 26 32 
11 8 29 18 0 47 27 17 41 19 22 36 39 10 45 44 42 6 48 20 32 
9 15 7 10 45 44 42 6 48 20 32 40 15 26 54 29 18 0 47 27 17 41 19 22 36 39 
12 11 10 45 44 42 6 48 20 32 40 15 26 54 31 11 43 35 13 23 52 51 1 14 49 
2 9 45 54 35 51 23 49 11 1 31 52 43 
19 4 20 6 42 26 15 32 10 48 40 44 35 51 23 49 11 1 31 52 43 13 14 45 54 
7 12 53 30 25 55 4 50 28 29 18 0 47 27 17 41 19 22 36 39 7 
1 18 50 27 29 41 17 18 22 39 47 0 19 7 36 53 55 28 25 4 30 
12 7 27 29 41 17 18 22 39 47 0 19 7 36 53 55 28 25 4 30 50 
5 6 39 17 27 41 18 28 30 53 4 25 50 
13 6 19 22 29 0 7 36 47 28 30 53 4 25 50 55 39 17 27 41 18 
7 12 12 34 9 16 5 2 8 39 17 27 41 18 19 22 29 0 7 36 47 
4 1 5 2 8 9 41 
4 15 12 16 34 41 27 36 39 17 47 29 22 19 0 7 18 5 2 8 9 
7 7 28 30 53 4 25 50 55 21 3 24 46 33 38 37 
12 2 25 4 28 55 53 30 50 24 46 37 21 3 33 38 
11 12 35 51 23 49 11 1 31 52 43 13 14 41 27 36 39 17 47 29 22 19 0 7 18 
7 6 13 31 23 14 1 52 49 17 41 47 19 36 27 
10 13 35 11 43 51 17 41 47 19 36 27 0 39 7 18 22 29 13 31 23 14 1 52 49 
11 12 13 31 23 14 1 52 49 35 11 43 51 45 54 20 6 42 26 15 32 10 48 40 44 
9 4 52 43 49 51 31 11 13 23 1 45 6 40 20 
6 17 14 35 45 6 40 20 26 48 32 15 42 44 10 54 52 43 49 51 31 11 13 23 1 
12 12 45 6 40 20 26 48 32 15 42 44 10 54 17 41 47 19 36 27 0 39 7 18 22 29 
2 11 10 44 7 0 27 39 19 29 17 41 47 36 22 
21 3 15 6 40 20 26 48 54 42 32 45 7 0 27 39 19 29 17 41 47 36 22 18 10 44 
7 11 24 46 37 21 3 33 38 52 43 49 51 31 11 13 23 1 14 35 
3 7 38 3 46 43 52 13 49 35 11 14 
11 12 43 52 13 49 35 11 14 1 51 31 23 10 44 15 6 40 20 26 48 54 42 32 45 
10 5 13 49 23 31 14 1 35 11 52 51 6 10 54 42 20 
6 17 43 6 10 54 42 20 45 48 26 32 44 40 15 13 49 23 31 14 1 35 11 52 51 
7 7 38 3 46 21 37 24 33 25 4 28 55 53 30 50 
4 1 33 38 21 24 4 
4 10 37 46 3 4 53 25 50 30 28 55 33 38 21 24 
12 7 6 10 54 42 20 45 48 26 32 44 40 15 5 2 8 9 12 16 34 
1 1 15 2 
12 7 42 20 45 44 10 40 54 48 6 26 32 2 12 5 8 16 9 34 15 
7 7 33 38 21 24 37 46 3 4 53 25 50 30 28 55 
6 4 3 33 46 24 21 37 25 28 50 55 
5 9 38 25 28 50 55 30 53 4 3 33 46 24 21 37 
7 11 3 33 46 24 21 37 38 13 49 23 31 14 1 35 11 52 51 43 
4 5 38 46 24 37 11 51 31 1 49 
7 11 25 28 50 55 30 53 4 11 51 31 1 49 35 14 52 13 23 43 
4 10 50 30 53 28 14 51 49 13 11 35 43 31 1 23 
13 5 25 55 4 14 51 49 13 11 35 43 31 1 23 52 50 30 53 28 
7 7 50 30 53 28 25 55 4 38 46 24 37 33 3 21 
6 4 50 30 25 4 28 55 38 3 46 37 
7 12 38 3 46 37 21 24 33 15 42 20 45 44 10 40 54 48 6 26 32 
6 5 38 3 37 21 24 33 10 40 15 6 20 
6 13 46 10 40 15 6 20 48 44 32 45 54 26 42 38 3 37 21 24 33 
11 7 14 51 49 13 11 35 43 31 1 23 52 50 30 25 4 28 55 53 
1 5 43 30 50 53 25 4 
12 7 10 40 15 6 20 48 44 32 45 54 26 42 2 12 5 8 16 9 34 
2 6 6 10 16 34 5 9 2 12 
16 3 48 15 26 42 32 45 40 20 54 44 16 34 5 9 2 12 8 6 10 
11 12 43 49 11 51 13 35 23 14 1 31 52 6 10 48 15 26 42 32 45 40 20 54 44 
7 5 13 23 51 52 49 43 35 15 26 48 10 20 
9 14 31 14 11 1 15 26 48 10 20 40 45 42 6 44 32 54 13 23 51 52 49 43 35 
12 7 15 26 48 10 20 40 45 42 6 44 32 54 38 3 37 21 24 33 46 
11 5 44 15 26 45 10 42 40 32 6 48 20 24 3 33 37 38 
11 7 13 23 51 52 49 43 35 31 14 11 1 30 50 53 25 4 28 55 
9 3 43 51 11 14 23 35 31 49 1 30 25 4 
5 13 52 13 30 25 4 55 50 28 53 43 51 11 14 23 35 31 49 1 
7 7 30 25 4 55 50 28 53 16 34 5 9 2 12 8 
1 4 55 34 9 5 12 
10 4 30 53 50 25 4 28 34 9 5 12 16 2 8 55 
7 7 55 30 53 50 25 4 28 24 3 33 37 38 46 21 
1 2 4 3 37 
8 6 55 25 28 30 53 50 3 37 38 24 21 33 46 4 
11 7 43 51 11 14 23 35 31 49 1 52 13 4 55 25 28 30 53 50 
4 6 14 1 49 31 53 30 55 25 4 28 
7 11 53 30 55 25 4 28 50 14 1 49 31 13 23 51 11 52 43 35 
6 6 25 53 55 30 28 4 51 1 14 43 52 23 
12 7 7 0 27 39 19 29 17 41 47 36 22 18 3 37 38 24 21 33 46 
9 1 41 22 7 29 47 18 36 39 19 33 
11 12 51 1 14 43 52 23 35 11 13 31 49 41 22 7 29 47 18 36 39 19 0 17 27 
3 2 49 1 13 22 7 
10 13 43 31 35 52 14 23 51 11 22 7 36 29 19 17 47 39 41 18 0 27 49 1 13 
12 7 22 7 36 29 19 17 47 39 41 18 0 27 25 53 55 30 28 4 50 
11 5 39 27 19 17 41 7 36 0 18 47 22 25 53 4 30 50 
12 7 39 27 19 17 41 7 36 0 18 47 22 29 25 53 4 30 50 55 28 
10 6 27 22 7 29 17 41 36 0 39 19 28 25 30 50 53 4 
8 11 18 47 28 25 30 50 53 4 55 27 22 7 29 17 41 36 0 39 19 
7 11 33 38 37 21 24 46 3 49 1 13 43 31 35 52 14 23 51 11 
5 1 24 3 33 37 38 51 
3 15 46 21 51 52 1 49 11 31 13 35 23 43 14 24 3 33 37 38 
7 12 34 9 5 12 16 2 8 27 22 7 29 17 41 36 0 39 19 18 47 
6 10 8 5 12 34 9 2 22 36 39 18 29 0 41 17 47 27 
12 11 44 15 26 45 10 42 40 32 6 48 20 54 51 52 1 49 11 31 13 35 23 43 14 
10 8 45 15 44 20 42 48 54 32 40 10 14 49 43 13 1 31 23 51 
10 13 26 6 14 49 43 13 1 31 23 51 35 52 11 45 15 44 20 42 48 54 32 40 10 
7 12 28 25 30 50 53 4 55 45 15 44 20 42 48 54 32 40 10 26 6 
5 5 4 30 55 50 53 32 6 44 15 48 
7 12 8 5 12 34 9 2 16 32 6 44 15 48 45 26 42 54 20 10 40 
2 2 8 5 40 26 
7 7 24 3 33 37 38 46 21 4 30 55 50 53 28 25 
3 1 46 21 38 50 
5 9 3 33 37 24 50 25 28 30 55 53 4 46 21 38 
7 12 46 21 38 3 33 37 24 22 36 39 18 29 0 41 17 47 27 19 7 
2 11 46 33 22 47 7 41 27 36 0 17 18 39 29 
11 7 14 49 43 13 1 31 23 51 35 52 11 46 33 37 38 21 3 24 
5 6 13 14 31 52 11 46 21 37 38 33 24 
12 6 35 23 51 1 49 43 46 21 37 38 33 24 3 13 14 31 52 11 
12 12 22 47 7 41 27 36 0 17 18 39 29 19 40 26 44 45 20 32 15 6 48 42 10 54 
6 2 17 19 22 0 36 7 40 44 
8 16 18 39 27 41 47 29 40 44 42 10 20 45 26 6 48 32 15 54 17 19 22 0 36 7 
12 7 40 44 42 10 20 45 26 6 48 32 15 54 50 25 28 30 55 53 4 
3 5 45 15 20 30 55 4 28 50 
14 5 44 54 32 40 48 42 6 26 10 30 55 4 28 50 25 53 45 15 20 
12 12 17 19 22 0 36 7 18 39 27 41 47 29 45 15 20 44 54 32 40 48 42 6 26 10 
10 5 7 41 36 0 19 29 17 27 47 22 6 20 32 15 45 
7 17 18 39 6 20 32 15 45 54 40 10 44 26 42 48 7 41 36 0 19 29 17 27 47 22 
12 12 6 20 32 15 45 54 40 10 44 26 42 48 7 41 36 0 19 29 17 27 47 22 18 39 
6 6 20 40 44 10 15 54 29 19 36 22 17 7 
12 12 32 45 26 6 48 42 29 19 36 22 17 7 39 47 27 18 41 0 20 40 44 10 15 54 
7 7 30 55 4 28 50 25 53 46 21 37 38 33 24 3 
1 5 30 3 21 37 24 38 
11 3 50 55 25 4 53 28 3 21 37 24 38 46 33 30 
12 11 20 40 44 10 15 54 32 45 26 6 48 42 13 14 31 52 11 35 23 51 1 49 43 
4 10 10 40 54 20 13 51 43 14 52 1 49 31 23 11 
18 5 44 42 45 6 15 48 26 32 13 51 43 14 52 1 49 31 23 11 35 10 40 54 20 
7 7 8 5 34 9 16 2 12 3 21 37 24 38 46 33 
6 6 2 5 34 9 16 8 3 37 38 33 46 24 
12 11 10 40 54 20 44 42 45 6 15 48 26 32 13 51 43 14 52 1 49 31 23 11 35 
5 5 45 44 32 48 54 49 14 31 43 11 
12 11 20 15 40 42 6 26 10 49 14 31 43 11 35 1 51 23 13 52 45 44 32 48 54 
12 11 29 19 36 22 17 7 39 47 27 18 41 0 49 14 31 43 11 35 1 51 23 13 52 
7 10 17 47 29 0 18 19 39 13 51 14 35 43 1 11 52 23 49 
15 8 22 27 41 36 7 13 51 14 35 43 1 11 52 23 49 31 17 47 29 0 18 19 39 
# best result is solver 5
3 4 1 0 2 1 5 3 1 1 5 4 1 4 4 5 1 3 3 3 5 0 3 4 0 2 5 3 2 3 2 4 5 0 1 4 3 0 0 3 5 3 5 4 5 5 0 3 5 4 2 4 4 2 5 2
