57
3 19 7 23 12 18 8 14 
3 21 10 21 10 19 3 19 
4 15 10 21 15 16 9 10 
7 14 7 23 8 23 8 14 
9 11 8 12 11 15 12 14 
9 17 9 18 12 18 12 17 
9 24 11 22 10 21 8 23 
10 8 10 9 11 9 11 8 
10 18 12 16 11 15 9 17 
10 22 11 22 11 21 10 21 
11 7 10 8 11 9 12 8 
11 12 11 14 12 14 12 12 
11 16 9 18 10 19 12 17 
12 7 11 7 11 8 12 8 
12 11 14 11 14 10 12 10 
12 15 11 15 11 16 12 16 
12 24 13 23 11 21 10 22 
13 10 11 8 10 9 12 11 
13 15 15 13 14 12 12 14 
13 16 12 16 12 17 13 17 
13 24 14 23 12 21 11 22 
14 13 12 15 13 16 15 14 
14 14 15 14 15 13 14 13 
14 16 13 15 12 16 13 17 
14 18 13 17 12 18 13 19 
14 20 13 20 13 23 14 23 
15 8 15 13 19 13 19 8 
15 18 14 18 14 20 15 20 
16 9 15 8 13 10 14 11 
16 11 14 11 14 12 16 12 
16 16 14 18 16 20 18 18 
16 18 16 16 15 16 15 18 
16 26 19 23 16 20 13 23 
18 7 16 9 17 10 19 8 
18 9 18 7 16 7 16 9 
18 14 16 12 15 13 17 15 
18 16 18 18 23 18 23 16 
18 20 18 18 16 18 16 20 
18 25 20 23 15 18 13 20 
20 8 20 11 21 11 21 8 
20 13 19 13 19 23 20 23 
20 18 18 16 16 18 18 20 
22 25 22 20 18 20 18 25 
23 14 23 9 18 9 18 14 
29 16 21 8 15 14 23 22 
7 10 7 11 9 11 9 10 
10 15 11 16 12 15 11 14 
12 23 12 24 13 24 13 23 
13 14 12 14 12 15 13 15 
14 15 13 15 13 16 14 16 
15 26 16 26 16 20 15 20 
16 14 16 16 18 16 18 14 
18 6 14 10 16 12 20 8 
18 19 23 14 20 11 15 16 
19 14 20 13 17 10 16 11 
29 14 23 14 23 16 29 16 
4 9 4 15 10 15 10 9 
