55 210
22 32
13 37
19 29
21 33
29 33
22 35
27 23
31 15
39 27
20 19
23 38
18 27
33 18
22 30
38 30
21 25
21 13
36 29
18 18
36 25
22 27
19 32
26 36
17 40
40 29
22 34
26 41
34 33
40 34
38 21
18 33
27 28
17 33
21 41
31 33
22 23
18 26
28 19
22 28
15 35
25 14
33 34
16 23
29 17
39 39
16 34
17 30
15 22
28 34
21 30
26 23
16 22
24 39
14 39
29 24
38 16
24 40
17 37
25 21
41 26
32 18
20 13
38 19
14 33
16 37
39 24
24 30
39 30
16 27
36 14
14 29
15 31
34 26
37 30
22 14
31 16
23 16
19 20
32 19
37 21
18 24
27 30
41 30
28 17
27 16
26 16
33 22
14 24
27 40
23 33
28 28
27 20
16 30
27 17
28 36
25 36
34 17
14 28
32 30
30 32
39 33
15 14
28 35
15 13
32 39
31 36
27 18
29 23
13 19
20 37
30 33
40 16
18 22
32 34
30 13
31 14
27 38
38 39
16 18
39 18
40 13
18 39
35 33
24 31
25 20
32 33
18 28
19 37
30 34
23 22
34 13
20 30
35 29
19 26
35 24
26 25
15 25
20 23
15 30
32 27
34 39
36 35
15 37
28 38
25 33
13 30
22 31
13 23
27 39
13 28
39 40
33 31
30 38
26 24
35 20
14 25
40 21
16 29
15 21
32 37
24 25
27 14
25 38
22 19
15 19
14 23
14 34
39 41
30 14
34 15
31 18
36 38
20 18
23 29
13 18
25 29
30 24
18 21
33 26
16 38
15 17
14 21
36 36
40 26
15 23
29 34
26 31
27 25
37 38
25 32
39 20
32 25
37 19
33 21
30 19
40 39
29 20
17 23
25 13
36 39
31 19
25 26
25 35
37 18
23 23
40 25
16 24
41 41
27 13
31 31
