55 188
14 38
31 40
19 18
13 32
26 18
23 25
39 25
13 19
39 33
31 41
41 26
34 15
35 23
33 34
37 22
15 25
32 29
30 38
30 21
38 18
24 16
37 19
19 26
14 30
32 24
34 13
23 30
40 18
40 36
19 24
41 41
13 33
39 13
21 14
34 40
18 21
41 27
20 21
41 37
35 39
20 27
18 22
19 36
19 27
37 39
27 28
15 13
38 31
38 32
39 18
34 36
27 37
17 14
17 17
25 22
16 16
33 25
39 24
23 34
21 13
28 40
22 30
34 21
14 14
40 24
33 22
29 20
27 35
41 19
20 19
29 18
24 13
21 27
39 34
27 15
18 31
21 20
37 34
19 38
21 40
15 30
26 26
30 13
22 28
35 16
32 30
35 17
21 36
17 37
35 28
25 17
14 32
21 39
17 33
20 18
37 32
26 29
17 22
34 37
33 24
34 35
32 40
39 22
26 25
17 25
30 33
33 33
14 17
30 41
19 29
39 26
25 25
31 32
33 38
24 32
26 35
15 36
20 29
24 26
15 32
25 30
30 28
20 25
40 32
40 34
24 37
25 27
38 20
27 25
17 36
41 22
34 33
24 24
29 40
38 28
22 21
41 21
29 14
16 33
35 30
38 16
32 35
37 18
29 17
23 19
15 21
13 29
15 41
34 18
23 29
23 27
27 30
37 33
33 20
28 35
40 20
27 26
13 13
25 18
20 31
23 39
20 26
40 25
36 38
24 31
20 30
28 13
32 32
37 14
13 22
24 35
29 39
36 13
15 29
18 40
21 15
37 37
34 25
18 35
38 13
32 25
30 15
16 29
37 17
34 24
18 39
36 31
30 14
