55 102
14 25
24 33
21 17
30 30
13 38
39 29
19 29
21 14
22 32
13 20
14 24
23 22
35 13
17 25
28 21
28 31
17 32
41 41
19 34
36 15
40 36
39 38
26 36
32 17
29 18
35 41
15 35
23 24
20 28
27 29
29 33
36 37
20 26
32 33
18 23
41 25
20 27
34 16
37 39
34 24
27 23
24 14
23 40
19 35
40 38
27 38
23 25
20 22
34 23
36 30
22 19
38 32
24 19
28 36
19 18
30 23
17 19
37 30
23 36
16 33
31 14
37 19
22 21
16 18
20 25
14 22
37 18
31 15
17 18
31 28
32 32
34 29
29 30
14 38
37 35
15 29
27 25
27 22
38 18
15 17
16 34
40 25
15 25
15 38
29 17
31 18
13 36
15 14
24 34
26 21
23 30
26 13
33 35
20 38
26 35
35 24
38 31
18 36
19 37
41 22
33 31
33 14
