55 129
17 38
40 34
13 27
18 16
13 38
22 34
27 34
41 25
26 14
34 37
36 35
18 33
36 14
41 38
35 32
35 39
21 33
18 37
30 38
17 23
25 27
28 35
18 32
13 23
23 21
29 32
14 25
15 28
41 23
23 13
16 36
31 36
34 20
14 40
14 22
15 22
40 30
29 40
38 35
30 27
36 15
29 28
28 26
16 18
18 23
27 27
19 20
27 18
14 19
17 40
19 30
31 39
21 28
36 37
20 27
29 35
22 38
20 16
41 34
41 32
18 38
23 27
35 18
17 26
17 14
33 37
37 20
20 29
35 15
29 21
29 36
13 37
29 29
15 15
22 15
24 19
13 22
29 23
18 24
17 31
29 41
28 15
41 36
20 20
18 19
15 19
33 25
21 23
37 31
31 13
39 28
17 19
34 39
39 37
39 30
33 41
23 18
32 35
18 20
36 31
24 36
13 17
29 16
21 41
35 40
18 14
37 24
24 21
33 38
35 35
16 27
38 28
29 39
26 19
26 37
23 29
33 18
28 23
39 21
30 39
25 26
13 14
21 35
26 34
29 22
21 30
38 15
37 28
15 29
