55 137
39 21
38 29
18 17
15 29
13 24
34 14
20 38
29 36
15 14
26 20
39 17
27 35
35 16
25 36
30 17
29 15
35 34
39 41
35 20
32 30
37 41
37 30
39 37
37 22
32 39
30 37
25 14
19 21
24 23
27 29
40 34
22 15
26 36
17 31
13 28
20 34
29 25
33 27
25 20
21 36
31 24
38 26
20 26
24 40
38 13
17 28
27 23
28 23
20 25
32 32
27 20
18 36
31 38
33 26
16 28
39 36
20 29
37 36
21 37
23 37
13 36
24 26
14 30
30 15
37 19
21 22
28 22
41 14
31 26
13 21
30 14
15 15
37 25
41 18
21 24
22 32
17 19
14 13
22 36
13 22
26 19
21 38
34 31
38 16
29 41
17 26
27 18
31 37
34 41
30 19
23 38
21 23
17 34
29 23
41 23
15 23
36 18
16 23
30 33
17 27
36 34
20 30
31 18
15 22
35 14
14 33
25 17
15 19
19 29
32 40
14 28
23 21
15 21
25 32
29 38
33 21
23 13
39 28
28 40
21 30
39 39
19 20
30 34
34 27
39 26
27 31
33 13
31 33
32 15
41 34
19 15
24 35
32 37
18 20
32 13
35 26
15 16
