42
10 32 13 35 17 31 14 28 
10 34 24 34 24 32 10 32 
12 17 35 40 36 39 13 16 
12 19 28 19 28 17 12 17 
14 22 14 23 33 23 33 22 
14 31 17 31 17 28 14 28 
15 35 15 16 13 16 13 35 
16 18 16 24 22 24 22 18 
16 40 24 32 18 26 10 34 
17 24 20 21 15 16 12 19 
17 33 23 39 38 24 32 18 
18 21 18 26 20 26 20 21 
18 33 18 37 20 37 20 33 
19 31 25 31 25 16 19 16 
19 36 20 37 29 28 28 27 
19 40 21 38 20 37 18 39 
20 16 14 22 16 24 22 18 
20 39 20 40 22 40 22 39 
21 15 21 38 27 38 27 15 
22 30 24 30 24 24 22 24 
24 36 27 39 35 31 32 28 
24 40 23 39 22 40 23 41 
25 40 35 40 35 31 25 31 
26 28 22 24 20 26 24 30 
27 41 27 39 23 39 23 41 
28 20 37 20 37 19 28 19 
30 17 27 14 25 16 28 19 
31 7 24 14 31 21 38 14 
31 32 36 37 40 33 35 28 
31 37 31 39 36 39 36 37 
32 25 29 25 29 28 32 28 
35 15 35 14 30 14 30 15 
35 20 30 15 28 17 33 22 
35 24 35 26 38 26 38 24 
38 36 38 34 24 34 24 36 
39 18 35 14 33 16 37 20 
39 29 33 23 25 31 31 37 
41 7 31 7 31 21 41 21 
45 37 28 20 24 24 41 41 
13 32 18 37 19 36 14 31 
16 35 15 35 15 40 16 40 
20 31 18 33 25 40 27 38 
