153
12 30 16 34 17 33 13 29 
12 35 19 35 19 30 12 30 
13 14 13 17 14 17 14 14 
13 36 14 37 17 34 16 33 
14 12 13 13 14 14 15 13 
14 21 17 21 17 18 14 18 
14 33 16 33 16 31 14 31 
14 40 15 40 15 37 14 37 
15 32 14 31 13 32 14 33 
15 36 15 32 13 32 13 36 
15 41 18 38 17 37 14 40 
16 14 13 17 14 18 17 15 
16 16 20 16 20 14 16 14 
16 17 13 20 14 21 17 18 
16 20 17 21 19 19 18 18 
16 25 17 26 18 25 17 24 
17 22 23 22 23 21 17 21 
17 25 18 26 23 21 22 20 
17 36 17 37 19 37 19 36 
17 42 21 38 19 36 15 40 
18 17 18 18 19 18 19 17 
18 24 17 24 17 25 18 25 
18 27 18 26 17 26 17 27 
18 28 19 27 18 26 17 27 
18 31 18 28 17 28 17 31 
18 32 18 33 20 33 20 32 
18 34 18 33 17 33 17 34 
18 39 21 39 21 38 18 38 
19 26 19 27 21 27 21 26 
19 28 20 29 22 27 21 26 
19 29 17 31 18 32 20 30 
19 33 18 34 19 35 20 34 
19 38 17 36 16 37 18 39 
19 39 21 41 23 39 21 37 
20 28 19 28 19 29 20 29 
20 37 21 37 21 34 20 34 
21 16 20 16 20 25 21 25 
21 31 22 31 22 27 21 27 
21 32 22 31 20 29 19 30 
21 40 15 40 15 41 21 41 
22 17 17 22 19 24 24 19 
22 32 23 33 27 29 26 28 
22 33 21 32 20 33 21 34 
22 34 23 34 23 33 22 33 
22 35 22 36 23 36 23 35 
23 13 22 13 22 17 23 17 
23 26 23 30 25 30 25 26 
23 32 26 35 28 33 25 30 
23 40 26 40 26 39 23 39 
23 42 26 39 24 37 21 40 
24 10 20 14 23 17 27 13 
24 18 19 18 19 19 24 19 
24 20 24 22 27 22 27 20 
24 23 27 20 26 19 23 22 
24 34 23 33 22 34 23 35 
24 35 23 34 22 35 23 36 
24 38 26 40 29 37 27 35 
25 17 26 18 29 15 28 14 
25 21 27 19 26 18 24 20 
25 24 24 23 22 25 23 26 
25 37 29 37 29 30 25 30 
25 38 25 37 24 37 24 38 
26 23 24 23 24 28 26 28 
26 26 24 28 27 31 29 29 
26 33 26 35 27 35 27 33 
26 34 27 33 21 27 20 28 
26 41 27 41 27 40 26 40 
26 42 26 41 23 41 23 42 
27 15 29 15 29 13 27 13 
27 18 26 18 26 19 27 19 
27 28 27 29 29 29 29 28 
27 32 36 32 36 31 27 31 
28 17 25 17 25 21 28 21 
28 27 29 28 33 24 32 23 
28 29 29 30 30 29 29 28 
29 16 31 16 31 15 29 15 
29 24 30 23 28 21 27 22 
29 25 28 26 32 30 33 29 
29 26 29 25 28 25 28 26 
29 36 30 37 32 35 31 34 
30 15 31 16 33 14 32 13 
30 16 32 18 33 17 31 15 
30 19 31 18 29 16 28 17 
30 22 32 24 33 23 31 21 
30 24 32 24 32 23 30 23 
30 28 30 29 33 29 33 28 
30 34 30 37 31 37 31 34 
31 19 32 19 32 18 31 18 
31 45 35 41 31 37 27 41 
32 21 33 20 32 19 31 20 
32 27 33 27 33 24 32 24 
32 38 34 38 34 35 32 35 
33 36 35 38 36 37 34 35 
33 39 33 37 31 37 31 39 
34 15 35 15 35 14 34 14 
34 25 32 27 33 28 35 26 
34 31 37 28 36 27 33 30 
34 41 35 41 35 38 34 38 
35 27 36 27 36 26 35 26 
35 42 37 40 36 39 34 41 
36 12 34 14 35 15 37 13 
36 15 36 18 38 18 38 15 
36 25 37 26 40 23 39 22 
36 34 33 37 34 38 37 35 
36 35 37 35 37 34 36 34 
36 40 37 40 37 39 36 39 
37 12 35 14 36 15 38 13 
37 17 37 20 39 20 39 17 
37 19 38 18 37 17 36 18 
37 23 33 27 37 31 41 27 
37 30 39 32 40 31 38 29 
38 12 37 12 37 13 38 13 
38 21 39 20 38 19 37 20 
38 27 39 27 39 22 38 22 
38 28 39 27 37 25 36 26 
39 16 41 16 41 14 39 14 
39 31 39 32 40 32 40 31 
40 15 39 14 38 15 39 16 
40 18 38 18 38 19 40 19 
40 20 39 20 39 21 40 21 
40 22 41 21 40 20 39 21 
40 24 40 27 41 27 41 24 
40 39 41 39 41 32 40 32 
41 22 41 21 40 21 40 22 
41 38 37 34 36 35 40 39 
44 27 41 24 38 27 41 30 
44 30 44 27 41 27 41 30 
45 31 44 30 36 38 37 39 
13 25 16 25 16 20 13 20 
16 27 17 28 18 27 17 26 
16 29 18 31 19 30 17 28 
16 42 17 42 17 37 16 37 
20 15 18 17 19 18 21 16 
21 33 22 32 21 31 20 32 
23 12 22 13 27 18 28 17 
23 31 22 31 22 32 23 32 
24 26 31 19 30 18 23 25 
25 41 26 42 27 41 26 40 
26 25 25 26 27 28 28 27 
30 20 31 20 31 19 30 19 
31 44 34 41 30 37 27 40 
32 20 31 20 31 21 32 21 
33 19 32 20 34 22 35 21 
35 17 33 17 33 19 35 19 
36 20 38 22 39 21 37 19 
36 22 34 22 34 25 36 25 
37 27 37 28 38 28 38 27 
37 29 33 29 33 30 37 30 
40 30 38 28 37 29 39 31 
13 27 13 29 16 29 16 27 
34 18 35 19 36 18 35 17 
34 20 36 20 36 18 34 18 
39 30 40 30 40 27 39 27 
