72
5 31 13 39 21 31 13 23 
5 32 15 32 15 31 5 31 
13 24 13 27 22 27 22 24 
14 28 13 28 13 39 14 39 
15 27 21 33 23 31 17 25 
15 29 18 32 34 16 31 13 
15 40 21 34 20 33 14 39 
16 32 15 33 16 34 17 33 
16 33 16 32 15 32 15 33 
16 35 16 41 37 41 37 35 
17 18 17 25 20 25 20 18 
17 31 17 33 20 33 20 31 
17 34 17 33 16 33 16 34 
17 37 20 40 24 36 21 33 
18 22 21 25 22 24 19 21 
18 33 20 31 15 26 13 28 
20 15 32 27 33 26 21 14 
20 27 24 31 33 22 29 18 
20 34 21 34 21 33 20 33 
20 37 20 34 17 34 17 37 
21 26 26 26 26 25 21 25 
21 36 18 33 17 34 20 37 
21 37 21 38 24 38 24 37 
22 22 24 22 24 14 22 14 
22 39 24 37 23 36 21 38 
23 27 23 31 24 31 24 27 
23 29 28 34 31 31 26 26 
23 34 21 34 21 36 23 36 
25 15 35 25 36 24 26 14 
25 26 17 18 16 19 24 27 
26 13 26 14 27 14 27 13 
26 34 28 34 28 26 26 26 
29 31 24 31 24 36 29 36 
30 21 26 25 31 30 35 26 
31 21 31 13 30 13 30 21 
31 29 31 30 34 30 34 29 
31 34 29 36 33 40 35 38 
31 39 31 34 28 34 28 39 
32 21 32 27 39 27 39 21 
32 34 29 31 26 34 29 37 
32 37 32 36 29 36 29 37 
33 17 33 22 35 22 35 17 
33 25 33 26 35 26 35 25 
33 35 32 36 37 41 38 40 
34 23 35 24 36 23 35 22 
35 23 35 24 36 24 36 23 
35 33 37 33 37 26 35 26 
35 34 35 33 32 33 32 34 
35 40 38 40 38 38 35 38 
36 34 37 35 38 34 37 33 
37 34 38 34 38 33 37 33 
38 19 16 19 16 20 38 20 
38 37 35 34 32 37 35 40 
39 29 35 25 31 29 35 33 
39 37 37 35 36 36 38 38 
40 37 41 36 38 33 37 34 
41 17 38 14 35 17 38 20 
13 16 13 23 34 23 34 16 
14 26 13 27 14 28 15 27 
15 34 16 35 17 34 16 33 
17 42 21 38 20 37 16 41 
18 15 16 13 13 16 15 18 
18 21 19 21 19 15 18 15 
21 19 25 15 24 14 20 18 
35 36 36 36 36 34 35 34 
39 30 39 37 40 37 40 30 
41 14 38 14 38 17 41 17 
43 16 41 14 38 17 40 19 
14 18 14 26 15 26 15 18 
20 12 14 18 16 20 22 14 
25 12 20 12 20 15 25 15 
34 31 32 33 35 36 37 34 
