69
10 27 15 32 20 27 15 22 
10 28 20 28 20 27 10 27 
13 39 19 39 19 38 13 38 
14 23 15 23 15 22 14 22 
15 26 21 26 21 23 15 23 
16 25 28 37 33 32 21 20 
17 18 17 32 18 32 18 18 
17 31 18 32 21 29 20 28 
17 35 17 32 15 32 15 35 
17 41 17 40 15 40 15 41 
18 19 20 17 19 16 17 18 
18 26 15 23 10 28 13 31 
18 33 23 28 22 27 17 32 
19 14 18 14 18 16 19 16 
19 35 20 36 23 33 22 32 
19 37 17 35 13 39 15 41 
20 18 24 18 24 17 20 17 
20 33 23 33 23 28 20 28 
20 35 18 33 13 38 15 40 
20 37 28 37 28 36 20 36 
21 25 23 27 26 24 24 22 
21 27 23 25 21 23 19 25 
21 31 25 31 25 29 21 29 
22 20 36 20 36 19 22 19 
22 25 22 27 23 27 23 25 
22 36 18 32 15 35 19 39 
22 39 35 26 33 24 20 37 
22 40 22 39 19 39 19 40 
23 18 22 19 27 24 28 23 
23 19 30 26 31 25 24 18 
24 31 26 33 28 31 26 29 
25 23 25 26 28 26 28 23 
26 17 26 24 27 24 27 17 
26 37 30 41 35 36 31 32 
27 28 29 26 27 24 25 26 
28 41 30 41 30 38 28 38 
29 23 29 24 33 24 33 23 
29 25 29 24 27 24 27 25 
29 30 29 31 35 31 35 30 
29 35 25 31 24 32 28 36 
29 37 32 37 32 35 29 35 
29 39 30 38 29 37 28 38 
30 25 35 30 41 24 36 19 
31 14 31 18 34 18 34 14 
31 21 33 23 36 20 34 18 
31 26 31 25 30 25 30 26 
31 36 33 36 33 32 31 32 
32 26 35 26 35 16 32 16 
32 36 35 33 28 26 25 29 
32 45 36 41 32 37 28 41 
35 34 40 34 40 33 35 33 
35 35 35 36 40 36 40 35 
36 25 37 25 37 23 36 23 
38 16 38 17 41 17 41 16 
38 21 39 21 39 18 38 18 
38 28 36 28 36 41 38 41 
38 37 40 35 37 32 35 34 
39 16 36 13 35 14 38 17 
41 32 41 25 37 25 37 32 
42 16 39 13 38 14 41 17 
43 33 38 28 35 31 40 36 
49 25 41 17 32 26 40 34 
14 33 19 38 20 37 15 32 
17 37 19 37 19 35 17 35 
21 17 20 18 22 20 23 19 
24 21 31 21 31 18 24 18 
24 25 24 28 27 28 27 25 
34 33 32 35 33 36 35 34 
34 29 26 29 26 33 34 33 
