106
9 30 14 35 18 31 13 26 
9 33 13 33 13 30 9 30 
13 16 13 19 19 19 19 16 
13 37 17 37 17 36 13 36 
14 25 17 25 17 23 14 23 
14 27 14 31 18 31 18 27 
15 21 18 21 18 20 15 20 
16 16 13 19 14 20 17 17 
16 24 17 25 18 24 17 23 
16 37 14 35 13 36 15 38 
16 38 16 39 18 39 18 38 
17 20 14 23 15 24 18 21 
17 21 19 23 20 22 18 20 
17 26 13 30 14 31 18 27 
17 28 17 29 20 29 20 28 
17 39 18 38 17 37 16 38 
18 30 17 29 13 33 14 34 
18 32 19 32 19 31 18 31 
19 22 19 23 20 23 20 22 
19 25 21 27 24 24 22 22 
19 26 19 25 17 25 17 26 
19 29 20 28 17 25 16 26 
19 35 20 36 32 24 31 23 
19 38 26 38 26 37 19 37 
19 39 19 40 21 40 21 39 
20 20 21 20 21 15 20 15 
20 30 19 31 26 38 27 37 
20 39 21 40 29 32 28 31 
21 22 21 27 22 27 22 22 
21 26 22 27 26 23 25 22 
21 30 23 28 22 27 20 29 
21 32 26 37 28 35 23 30 
21 33 21 32 19 32 19 33 
22 16 24 14 23 13 21 15 
22 17 27 17 27 16 22 16 
22 18 22 17 17 17 17 18 
22 19 21 20 22 21 23 20 
22 29 23 29 23 28 22 28 
22 30 23 29 22 28 21 29 
22 35 26 39 28 37 24 33 
22 38 20 36 19 37 21 39 
23 17 24 18 27 15 26 14 
23 22 23 27 25 27 25 22 
23 35 23 30 22 30 22 35 
24 19 24 18 22 18 22 19 
24 41 26 41 26 39 24 39 
24 44 27 41 22 36 19 39 
25 14 22 17 24 19 27 16 
25 21 26 21 26 14 25 14 
26 28 26 32 29 32 29 28 
27 13 27 15 28 15 28 13 
27 14 28 15 29 14 28 13 
27 35 27 37 28 37 28 35 
27 45 32 40 27 35 22 40 
28 23 28 21 26 21 26 23 
29 15 27 17 33 23 35 21 
29 27 33 27 33 26 29 26 
29 37 28 37 28 39 29 39 
29 40 31 38 30 37 28 39 
30 18 30 17 27 17 27 18 
30 21 34 21 34 19 30 19 
30 30 30 37 38 37 38 30 
30 34 36 28 35 27 29 33 
31 24 33 26 36 23 34 21 
31 28 37 34 39 32 33 26 
31 31 36 31 36 28 31 28 
31 35 29 35 29 36 31 36 
32 23 31 23 31 24 32 24 
32 32 32 35 39 35 39 32 
32 39 29 39 29 40 32 40 
33 20 34 19 31 16 30 17 
33 36 31 36 31 38 33 38 
34 11 27 18 30 21 37 14 
34 27 35 27 35 21 34 21 
35 14 29 14 29 15 35 15 
35 17 36 16 35 15 34 16 
35 34 33 36 36 39 38 37 
35 40 37 40 37 34 35 34 
36 11 34 11 34 16 36 16 
36 20 33 20 33 23 36 23 
36 26 38 26 38 23 36 23 
36 41 37 40 36 39 35 40 
36 45 36 41 27 41 27 45 
37 21 39 21 39 19 37 19 
37 41 41 41 41 40 37 40 
38 16 39 16 39 14 38 14 
38 20 37 19 36 20 37 21 
40 20 41 19 40 18 39 19 
41 18 40 18 40 19 41 19 
14 28 9 33 13 37 18 32 
15 26 16 26 16 24 15 24 
16 25 15 24 14 25 15 26 
19 21 22 21 22 19 19 19 
19 34 14 34 14 35 19 35 
20 21 19 22 20 23 21 22 
20 35 20 36 22 36 22 35 
20 43 24 39 20 35 16 39 
21 17 22 18 23 17 22 16 
21 18 22 17 20 15 19 16 
30 36 31 35 30 34 29 35 
32 37 33 36 32 35 31 36 
33 21 38 16 35 13 30 18 
34 41 35 40 33 38 32 39 
38 17 40 19 41 18 39 16 
34 15 37 18 38 17 35 14 
36 17 38 17 38 16 36 16 
