86
8 27 15 34 24 25 17 18 
10 18 19 27 22 24 13 15 
10 21 15 21 15 18 10 18 
11 22 15 18 14 17 10 21 
12 24 18 30 19 29 13 23 
13 28 17 28 17 23 13 23 
13 29 14 30 23 21 22 20 
13 33 13 34 15 34 15 33 
14 15 13 15 13 17 14 17 
14 36 20 36 20 31 14 31 
15 37 18 34 17 33 14 36 
16 30 16 17 14 17 14 30 
16 34 16 41 18 41 18 34 
17 29 17 33 19 33 19 29 
17 30 13 34 17 38 21 34 
17 34 20 31 17 28 14 31 
18 20 18 30 21 30 21 20 
18 22 22 18 17 13 13 17 
19 13 17 13 17 18 19 18 
20 25 24 25 24 15 20 15 
20 27 19 27 19 28 20 28 
21 26 20 25 19 26 20 27 
21 32 28 39 29 38 22 31 
21 38 24 38 24 34 21 34 
22 23 22 24 25 24 25 23 
22 26 24 28 27 25 25 23 
22 28 22 31 24 31 24 28 
22 29 20 27 19 28 21 30 
22 32 22 31 21 31 21 32 
22 38 27 33 25 31 20 36 
23 30 24 31 27 28 26 27 
23 31 30 38 32 36 25 29 
24 17 21 20 25 24 28 21 
24 26 27 26 27 25 24 25 
25 13 23 13 23 21 25 21 
25 15 26 16 28 14 27 13 
25 22 28 19 24 15 21 18 
25 34 25 39 28 39 28 34 
26 28 26 33 27 33 27 28 
26 36 24 38 25 39 27 37 
27 11 25 13 29 17 31 15 
27 21 27 23 28 23 28 21 
27 34 30 31 29 30 26 33 
28 18 32 22 33 21 29 17 
28 30 34 36 38 32 32 26 
29 23 29 26 30 26 30 23 
29 25 27 23 24 26 26 28 
29 31 29 38 30 38 30 31 
29 35 34 30 33 29 28 34 
30 17 31 17 31 15 30 15 
31 18 33 16 32 15 30 17 
31 19 31 18 28 18 28 19 
31 33 34 33 34 30 31 30 
32 18 40 18 40 15 32 15 
32 19 32 22 34 22 34 19 
32 28 32 31 40 31 40 28 
32 35 32 36 34 36 34 35 
33 24 33 29 34 29 34 24 
33 28 31 30 32 31 34 29 
34 21 29 26 35 32 40 27 
35 21 34 22 40 28 41 27 
35 28 39 24 34 19 30 23 
35 34 40 39 41 38 36 33 
36 14 33 17 37 21 40 18 
36 41 39 41 39 39 36 39 
37 26 37 21 35 21 35 26 
37 30 35 30 35 32 37 32 
37 33 38 33 38 32 37 32 
39 30 37 32 38 33 40 31 
40 24 37 21 34 24 37 27 
40 26 37 26 37 27 40 27 
40 30 41 29 40 28 39 29 
41 24 41 18 40 18 40 24 
42 23 39 20 38 21 41 24 
11 26 13 28 21 20 19 18 
14 37 18 41 21 38 17 34 
15 43 24 34 22 32 13 41 
21 27 22 26 18 22 17 23 
21 29 22 28 21 27 20 28 
23 19 25 21 28 18 26 16 
27 43 27 37 15 37 15 43 
28 26 28 30 29 30 29 26 
30 33 32 35 34 33 32 31 
32 16 31 17 32 18 33 17 
32 48 39 41 34 36 27 43 
26 48 32 48 32 36 26 36 
