166
9 26 14 31 18 27 13 22 
9 31 14 31 14 26 9 26 
10 21 13 24 16 21 13 18 
10 31 15 36 18 33 13 28 
11 29 9 31 13 35 15 33 
11 32 13 32 13 29 11 29 
12 28 13 29 15 27 14 26 
12 37 13 38 14 37 13 36 
13 33 13 35 15 35 15 33 
13 37 13 38 14 38 14 37 
14 15 18 15 18 13 14 13 
14 16 14 17 18 17 18 16 
14 23 16 23 16 21 14 21 
15 14 14 13 13 14 14 15 
15 18 17 20 20 17 18 15 
15 21 17 23 20 20 18 18 
15 24 15 25 17 25 17 24 
15 29 18 29 18 27 15 27 
15 39 18 39 18 37 15 37 
15 40 18 37 17 36 14 39 
16 27 18 29 23 24 21 22 
16 28 15 29 17 31 18 30 
16 34 15 35 16 36 17 35 
16 35 16 36 17 36 17 35 
16 38 15 37 14 38 15 39 
17 21 20 18 18 16 15 19 
17 30 22 35 23 34 18 29 
17 37 19 39 21 37 19 35 
18 19 18 18 15 18 15 19 
18 28 15 31 17 33 20 30 
18 31 18 30 17 30 17 31 
19 22 21 24 23 22 21 20 
19 24 21 24 21 22 19 22 
19 31 19 33 23 33 23 31 
19 34 22 37 27 32 24 29 
19 40 19 39 18 39 18 40 
20 19 18 17 14 21 16 23 
20 21 20 20 17 20 17 21 
20 26 23 29 24 28 21 25 
20 35 20 34 19 34 19 35 
20 37 20 39 21 39 21 37 
20 40 21 41 22 40 21 39 
21 14 21 15 22 15 22 14 
21 17 22 16 21 15 20 16 
21 18 21 17 20 17 20 18 
21 23 23 25 25 23 23 21 
21 26 21 25 20 25 20 26 
21 38 20 37 19 38 20 39 
22 25 22 29 23 29 23 25 
22 30 19 33 20 34 23 31 
22 36 22 37 24 37 24 36 
23 14 22 15 24 17 25 16 
23 20 28 25 35 18 30 13 
24 15 22 15 22 16 24 16 
24 26 21 26 21 28 24 28 
24 30 32 30 32 29 24 29 
24 32 25 33 36 22 35 21 
24 34 26 36 27 35 25 33 
24 40 25 40 25 37 24 37 
25 17 25 16 24 16 24 17 
25 18 25 19 29 19 29 18 
25 22 23 22 23 23 25 23 
25 25 25 27 28 27 28 25 
25 26 24 25 21 28 22 29 
25 35 25 36 26 36 26 35 
25 38 26 37 25 36 24 37 
26 19 27 20 29 18 28 17 
26 20 31 15 30 14 25 19 
26 21 27 21 27 20 26 20 
26 26 25 25 24 26 25 27 
26 27 27 28 28 27 27 26 
26 39 27 40 33 34 32 33 
27 24 30 24 30 21 27 21 
27 31 24 31 24 32 27 32 
27 42 28 41 27 40 26 41 
28 14 30 14 30 13 28 13 
28 15 28 17 31 17 31 15 
28 22 29 23 32 20 31 19 
28 23 31 26 33 24 30 21 
28 28 32 28 32 27 28 27 
28 32 27 32 27 35 28 35 
28 36 28 41 30 41 30 36 
28 40 29 39 26 36 25 37 
28 44 32 40 28 36 24 40 
29 22 28 22 28 23 29 23 
29 25 34 25 34 23 29 23 
29 35 29 39 35 39 35 35 
30 31 30 32 32 32 32 31 
30 39 31 40 33 38 32 37 
31 33 34 36 35 35 32 32 
31 36 32 36 32 33 31 33 
31 37 31 40 32 40 32 37 
32 14 32 18 34 18 34 14 
32 38 33 37 32 36 31 37 
33 15 34 14 33 13 32 14 
33 20 33 21 35 21 35 20 
33 26 32 27 39 34 40 33 
33 27 36 30 39 27 36 24 
33 30 37 26 36 25 32 29 
33 31 35 33 39 29 37 27 
33 33 33 34 35 34 35 33 
34 16 33 15 31 17 32 18 
34 21 37 24 38 23 35 20 
34 30 33 30 33 31 34 31 
35 13 33 13 33 15 35 15 
35 17 35 18 36 18 36 17 
35 19 36 18 35 17 34 18 
35 22 35 24 36 24 36 22 
35 26 35 24 33 24 33 26 
35 27 37 27 37 26 35 26 
35 40 37 40 37 39 35 39 
36 33 34 31 33 32 35 34 
36 39 35 40 36 41 37 40 
37 11 35 13 38 16 40 14 
37 12 36 13 40 17 41 16 
37 25 37 24 36 24 36 25 
37 29 38 29 38 27 37 27 
37 33 36 34 37 35 38 34 
37 34 37 33 36 33 36 34 
37 37 33 37 33 38 37 38 
38 12 37 12 37 16 38 16 
38 17 40 17 40 16 38 16 
38 35 38 34 37 34 37 35 
38 37 37 38 38 39 39 38 
38 40 39 39 38 38 37 39 
39 37 38 37 38 38 39 38 
39 40 39 39 38 39 38 40 
40 38 41 37 40 36 39 37 
41 39 41 38 40 38 40 39 
42 37 39 34 38 35 41 38 
11 31 13 33 15 31 13 29 
12 24 12 28 13 28 13 24 
12 36 13 37 14 36 13 35 
12 38 13 39 14 38 13 37 
12 39 13 39 13 38 12 38 
13 40 14 39 13 38 12 39 
14 40 15 40 15 39 14 39 
15 41 16 40 15 39 14 40 
16 41 16 40 15 40 15 41 
17 42 19 40 18 39 16 41 
19 41 20 40 19 39 18 40 
20 29 20 30 22 30 22 29 
20 41 20 40 19 40 19 41 
21 21 23 21 23 20 21 20 
21 35 22 36 24 34 23 33 
24 33 23 33 23 34 24 34 
24 39 25 40 26 39 25 38 
25 42 27 42 27 40 25 40 
26 16 29 19 31 17 28 14 
26 29 29 32 30 31 27 28 
26 44 28 44 28 41 26 41 
28 24 29 25 30 24 29 23 
28 34 29 35 31 33 30 32 
29 47 35 41 32 38 26 44 
33 41 35 41 35 40 33 40 
34 19 35 19 35 18 34 18 
37 18 38 17 37 16 36 17 
41 18 37 18 37 20 41 20 
42 20 41 20 41 37 42 37 
12 35 12 36 13 36 13 35 
24 41 25 42 26 41 25 40 
25 15 24 16 25 17 26 16 
38 21 41 18 40 17 37 20 
39 23 39 21 38 21 38 23 
43 21 42 20 39 23 40 24 
23 41 24 41 24 40 23 40 
