98
11 25 16 30 18 28 13 23 
11 26 18 26 18 25 11 25 
11 38 14 41 17 38 14 35 
11 39 15 39 15 38 11 38 
12 27 15 24 14 23 11 26 
12 28 18 28 18 27 12 27 
13 18 13 20 20 20 20 18 
13 31 14 31 14 23 13 23 
14 32 14 35 22 35 22 32 
14 36 15 37 22 30 21 29 
15 18 18 15 17 14 14 17 
16 24 15 24 15 30 16 30 
16 31 18 31 18 30 16 30 
17 15 20 18 22 16 19 13 
17 22 16 23 18 25 19 24 
17 31 16 30 14 32 15 33 
18 14 17 14 17 15 18 15 
18 16 22 16 22 15 18 15 
18 19 21 22 25 18 22 15 
18 33 15 33 15 37 18 37 
18 35 20 37 22 35 20 33 
18 38 21 41 22 40 19 37 
19 23 19 13 16 13 16 23 
19 28 18 27 15 30 16 31 
19 29 18 30 21 33 22 32 
19 30 21 30 21 29 19 29 
19 33 19 37 20 37 20 33 
19 38 19 37 18 37 18 38 
20 16 23 19 26 16 23 13 
20 24 21 24 21 22 20 22 
20 28 20 24 19 24 19 28 
21 19 23 19 23 13 21 13 
21 21 20 22 24 26 25 25 
21 37 20 37 20 41 21 41 
22 20 26 20 26 16 22 16 
22 24 22 30 26 30 26 24 
22 26 20 24 18 26 20 28 
22 36 23 37 26 34 25 33 
23 25 23 33 25 33 25 25 
23 39 33 39 33 37 23 37 
24 39 27 36 21 30 18 33 
25 23 29 23 29 18 25 18 
25 27 28 30 32 26 29 23 
25 28 24 29 31 36 32 35 
25 31 23 33 31 41 33 39 
26 22 23 19 22 20 25 23 
26 32 28 32 28 30 26 30 
27 27 32 27 32 26 27 26 
27 31 28 32 29 31 28 30 
27 35 22 35 22 36 27 36 
27 41 28 41 28 36 27 36 
28 19 32 23 33 22 29 18 
28 34 37 34 37 32 28 32 
29 19 30 20 32 18 31 17 
30 14 30 15 33 15 33 14 
30 17 38 25 41 22 33 14 
30 22 30 20 26 20 26 22 
30 25 33 25 33 22 30 22 
30 31 30 25 29 25 29 31 
30 51 40 41 30 31 20 41 
31 23 29 23 29 24 31 24 
32 41 40 41 40 35 32 35 
33 17 35 17 35 15 33 15 
33 36 34 36 34 31 33 31 
34 25 32 23 31 24 33 26 
34 26 34 25 33 25 33 26 
34 38 34 40 41 40 41 38 
34 42 39 37 33 31 28 36 
35 18 41 18 41 17 35 17 
35 23 35 18 32 18 32 23 
35 30 36 29 33 26 32 27 
35 32 36 31 35 30 34 31 
35 34 38 37 40 35 37 32 
35 37 34 36 33 37 34 38 
36 12 33 15 35 17 38 14 
36 18 35 17 30 22 31 23 
36 19 38 21 41 18 39 16 
36 24 35 23 33 25 34 26 
38 18 35 15 33 17 36 20 
38 33 38 37 39 37 39 33 
38 39 38 37 35 37 35 39 
40 22 40 29 41 29 41 22 
40 31 40 29 36 29 36 31 
41 28 38 25 37 26 40 29 
11 28 14 31 15 30 12 27 
11 34 15 38 18 35 14 31 
12 34 12 28 11 28 11 34 
14 30 18 26 16 24 12 28 
14 40 22 40 22 36 14 36 
16 18 15 19 19 23 20 22 
18 21 21 21 21 19 18 19 
19 19 20 20 21 19 20 18 
22 42 34 42 34 40 22 40 
24 40 28 36 27 35 23 39 
27 12 18 21 21 24 30 15 
28 27 30 25 29 24 27 26 
35 25 35 30 38 30 38 25 
9 37 11 39 14 36 12 34 
