38
11 25 13 27 25 15 23 13 
11 36 13 38 21 30 19 28 
11 37 30 37 30 36 11 36 
13 25 13 27 14 27 14 25 
13 26 14 27 15 26 14 25 
13 28 13 38 19 38 19 28 
13 39 23 29 21 27 11 37 
14 18 14 21 16 21 16 18 
15 19 16 18 15 17 14 18 
15 22 19 26 20 25 16 21 
15 25 15 26 19 26 19 25 
15 39 21 39 21 35 15 35 
16 26 17 27 19 25 18 24 
18 13 18 24 23 24 23 13 
18 32 20 30 17 27 15 29 
18 34 35 34 35 32 18 32 
18 38 21 35 18 32 15 35 
20 27 20 30 21 30 21 27 
21 25 31 35 41 25 31 15 
22 28 39 28 39 21 22 21 
25 22 35 32 39 28 29 18 
25 29 27 29 27 22 25 22 
25 34 30 39 35 34 30 29 
27 42 28 41 14 27 13 28 
29 17 29 18 30 18 30 17 
30 23 37 23 37 20 30 20 
30 27 30 29 35 29 35 27 
31 24 31 35 33 35 33 24 
31 36 30 37 33 40 34 39 
33 19 37 23 39 21 35 17 
33 23 27 29 33 35 39 29 
34 13 33 13 33 19 34 19 
34 36 34 39 41 39 41 36 
35 20 34 19 30 23 31 24 
36 40 36 35 33 35 33 40 
23 31 25 31 25 29 23 29 
24 48 32 40 23 31 15 39 
35 41 36 40 31 35 30 36 
