58
2 30 13 41 24 30 13 19 
2 34 16 34 16 30 2 30 
13 21 20 21 20 19 13 19 
13 36 13 41 19 41 19 36 
14 32 16 34 17 33 15 31 
15 24 19 28 21 26 17 22 
15 28 17 28 17 24 15 24 
16 35 16 40 17 40 17 35 
16 39 17 40 20 37 19 36 
18 13 17 13 17 22 18 22 
18 31 20 33 24 29 22 27 
18 32 18 31 15 31 15 32 
19 21 18 22 27 31 28 30 
19 26 22 23 20 21 17 24 
19 37 22 40 31 31 28 28 
20 12 19 13 30 24 31 23 
20 25 20 28 28 28 28 25 
21 23 22 23 22 19 21 19 
22 41 31 41 31 40 22 40 
23 8 18 13 26 21 31 16 
24 16 26 16 26 13 24 13 
25 14 35 24 36 23 26 13 
25 36 27 34 19 26 17 28 
28 21 27 22 30 25 31 24 
28 29 24 29 24 30 28 30 
29 31 27 31 27 34 29 34 
29 51 39 41 29 31 19 41 
30 23 30 24 31 24 31 23 
31 34 39 34 39 31 31 31 
31 36 38 29 36 27 29 34 
31 39 31 36 25 36 25 39 
32 23 32 27 36 27 36 23 
32 44 35 41 26 32 23 35 
33 17 18 32 19 33 34 18 
34 16 37 19 40 16 37 13 
34 39 41 39 41 38 34 38 
34 44 37 41 34 38 31 41 
35 15 35 16 40 16 40 15 
35 18 35 16 34 16 34 18 
35 23 34 24 40 30 41 29 
35 29 37 29 37 24 35 24 
35 40 35 41 37 41 37 40 
36 19 40 15 39 14 35 18 
36 25 35 24 32 27 33 28 
37 30 38 30 38 29 37 29 
39 21 39 14 28 14 28 21 
40 35 39 34 34 39 35 40 
10 33 13 36 18 31 15 28 
14 38 16 40 19 37 17 35 
15 38 15 32 14 32 14 38 
19 18 20 19 25 14 24 13 
19 23 19 26 21 26 21 23 
30 38 31 39 39 31 38 30 
32 39 32 44 34 44 34 39 
35 21 37 23 39 21 37 19 
36 13 36 19 37 19 37 13 
38 35 40 35 40 30 38 30 
33 23 35 21 28 14 26 16 
