101
8 34 13 39 24 28 19 23 
8 38 13 38 13 34 8 34 
10 17 13 20 16 17 13 14 
10 20 13 20 13 17 10 17 
11 19 10 20 22 32 23 31 
11 25 16 25 16 19 11 19 
12 23 17 28 21 24 16 19 
12 30 19 30 19 23 12 23 
12 32 21 41 22 40 13 31 
13 15 17 15 17 14 13 14 
13 21 20 21 20 20 13 20 
13 33 22 33 22 32 13 32 
14 23 16 25 20 21 18 19 
14 33 13 34 18 39 19 38 
16 14 13 17 14 18 17 15 
16 18 16 17 14 17 14 18 
16 33 19 36 22 33 19 30 
16 37 16 40 22 40 22 37 
17 11 13 15 16 18 20 14 
17 31 17 28 13 28 13 31 
17 38 13 38 13 39 17 39 
18 18 18 19 19 19 19 18 
19 21 20 22 21 21 20 20 
19 31 23 31 23 30 19 30 
19 34 22 37 26 33 23 30 
21 22 21 21 20 21 20 22 
21 28 24 28 24 24 21 24 
22 13 21 14 25 18 26 17 
22 20 24 22 27 19 25 17 
23 13 18 18 19 19 24 14 
23 18 25 18 25 17 23 17 
23 20 23 18 22 18 22 20 
23 23 24 24 25 23 24 22 
23 24 25 22 23 20 21 22 
23 36 19 36 19 38 23 38 
24 20 26 22 29 19 27 17 
24 23 25 23 25 22 24 22 
24 31 24 41 25 41 25 31 
24 33 29 38 31 36 26 31 
25 14 27 14 27 13 25 13 
25 24 25 26 26 26 26 24 
26 13 25 14 26 15 27 14 
26 19 27 19 27 17 26 17 
26 29 28 31 33 26 31 24 
26 32 28 32 28 31 26 31 
26 34 28 36 30 34 28 32 
26 40 30 40 30 34 26 34 
27 18 26 19 27 20 28 19 
27 25 26 26 30 30 31 29 
28 14 33 14 33 13 28 13 
28 15 28 14 27 14 27 15 
28 18 28 19 29 19 29 18 
28 20 28 19 27 19 27 20 
28 25 29 25 29 20 28 20 
28 33 28 36 31 36 31 33 
29 15 28 14 27 15 28 16 
29 16 31 18 32 17 30 15 
29 29 31 29 31 25 29 25 
30 16 30 15 29 15 29 16 
31 23 31 24 37 24 37 23 
31 27 33 25 31 23 29 25 
31 35 32 36 36 32 35 31 
31 37 32 37 32 36 31 36 
31 42 41 32 37 28 27 38 
32 14 30 16 36 22 38 20 
32 32 32 29 31 29 31 32 
32 39 37 39 37 37 32 37 
33 21 33 25 34 25 34 21 
33 22 34 21 31 18 30 19 
33 27 33 31 35 31 35 27 
33 38 36 41 38 39 35 36 
34 26 33 27 34 28 35 27 
34 33 37 33 37 28 34 28 
34 40 34 41 36 41 36 40 
35 39 32 36 31 37 34 40 
36 19 36 16 30 16 30 19 
36 34 37 35 38 34 37 33 
36 38 37 37 32 32 31 33 
37 17 39 17 39 14 37 14 
37 40 38 40 38 39 37 39 
37 41 38 40 37 39 36 40 
38 19 36 19 36 20 38 20 
38 32 36 32 36 34 38 34 
39 18 34 13 33 14 38 19 
39 36 39 38 40 38 40 36 
40 31 40 32 41 32 41 31 
41 38 40 38 40 40 41 40 
43 20 37 14 25 26 31 32 
44 31 37 24 32 29 39 36 
16 32 25 41 26 40 17 31 
17 34 19 34 19 31 17 31 
18 40 26 32 25 31 17 39 
27 29 27 38 29 38 29 29 
31 38 32 39 33 38 32 37 
32 20 33 21 37 17 36 16 
33 34 33 38 36 38 36 34 
33 42 33 38 31 38 31 42 
37 22 39 20 38 19 36 21 
43 18 39 18 39 20 43 20 
31 40 33 42 34 41 32 39 
37 21 36 21 36 22 37 22 
