90
10 21 13 24 17 20 14 17 
11 30 18 37 22 33 15 26 
12 39 14 41 16 39 14 37 
14 14 14 15 16 15 16 14 
14 16 15 17 17 15 16 14 
14 30 14 37 16 37 16 30 
15 14 14 15 15 16 16 15 
15 20 15 17 14 17 14 20 
15 34 18 34 18 33 15 33 
15 37 16 38 19 35 18 34 
16 20 17 20 17 15 16 15 
16 27 16 24 13 24 13 27 
17 21 21 17 20 16 16 20 
17 24 21 28 27 22 23 18 
18 16 14 20 22 28 26 24 
18 22 19 23 24 18 23 17 
18 38 18 37 16 37 16 38 
18 40 14 40 14 41 18 41 
19 18 18 19 23 24 24 23 
19 24 23 24 23 23 19 23 
19 27 16 24 13 27 16 30 
19 28 28 37 32 33 23 24 
19 34 18 34 18 35 19 35 
20 19 20 16 18 16 18 19 
20 22 25 22 25 19 20 19 
20 24 19 23 13 29 14 30 
20 32 20 33 22 33 22 32 
20 42 28 34 26 32 18 40 
21 16 21 17 23 17 23 16 
21 27 19 27 19 28 21 28 
21 38 22 37 19 34 18 35 
22 13 15 20 19 24 26 17 
22 17 23 16 22 15 21 16 
22 34 22 37 28 37 28 34 
23 20 24 20 24 18 23 18 
23 21 23 20 17 20 17 21 
23 31 22 32 23 33 24 32 
24 13 22 13 22 14 24 14 
24 31 24 32 26 32 26 31 
24 35 19 35 19 40 24 40 
25 21 26 20 25 19 24 20 
25 26 27 26 27 22 25 22 
25 29 13 29 13 36 25 36 
25 30 26 31 29 28 28 27 
25 32 32 39 33 38 26 31 
25 39 32 39 32 36 25 36 
26 11 24 13 35 24 37 22 
26 18 26 20 30 20 30 18 
26 23 26 20 24 20 24 23 
26 26 28 24 25 21 23 23 
27 27 26 26 24 28 25 29 
28 23 26 23 26 24 28 24 
28 26 27 26 27 27 28 27 
28 31 30 33 33 30 31 28 
28 38 29 38 29 37 28 37 
28 47 36 39 30 33 22 41 
29 25 29 28 31 28 31 25 
29 29 27 31 32 36 34 34 
31 23 33 23 33 14 31 14 
31 34 34 34 34 28 31 28 
32 30 38 36 40 34 34 28 
32 40 36 40 36 39 32 39 
33 25 32 25 32 30 33 30 
33 36 37 36 37 30 33 30 
34 20 29 15 26 18 31 23 
34 22 34 27 37 27 37 22 
34 38 36 40 40 36 38 34 
35 29 35 34 38 34 38 29 
35 38 35 34 34 34 34 38 
36 27 35 28 37 30 38 29 
37 32 35 34 37 36 39 34 
38 26 34 22 33 23 37 27 
38 35 38 36 40 36 40 35 
38 38 38 36 37 36 37 38 
38 40 40 38 38 36 36 38 
40 26 40 15 38 15 38 26 
40 29 39 29 39 34 40 34 
40 40 40 38 38 38 38 40 
42 21 34 13 33 14 41 22 
42 22 42 21 41 21 41 22 
12 38 12 39 16 39 16 38 
16 42 18 40 16 38 14 40 
20 39 16 39 16 42 20 42 
21 42 22 41 20 39 19 40 
27 39 28 38 23 33 22 34 
28 42 28 38 21 38 21 42 
30 30 30 33 32 33 32 30 
30 38 32 40 34 38 32 36 
31 27 33 25 31 23 29 25 
27 43 28 42 25 39 24 40 
