41
12 38 14 40 20 34 18 32 
13 24 13 26 19 26 19 24 
13 28 13 41 19 41 19 28 
13 36 14 37 37 14 36 13 
14 29 32 29 32 27 14 27 
15 20 15 32 18 32 18 20 
15 25 20 20 18 18 13 23 
15 28 14 27 13 28 14 29 
16 33 32 33 32 31 16 31 
17 19 17 22 35 22 35 19 
18 17 14 13 13 14 17 18 
19 15 13 15 13 23 19 23 
19 20 17 18 15 20 17 22 
20 28 22 26 19 23 17 25 
22 18 33 29 36 26 25 15 
22 23 19 26 29 36 32 33 
22 28 22 36 29 36 29 28 
22 35 25 38 32 31 29 28 
24 18 22 18 22 23 24 23 
25 20 30 25 36 19 31 14 
25 25 25 38 30 38 30 25 
28 15 25 15 25 20 28 20 
33 25 37 25 37 14 33 14 
34 23 35 22 28 15 27 16 
35 24 34 23 31 26 32 27 
36 35 36 26 31 26 31 35 
36 36 25 25 22 28 33 39 
36 37 14 37 14 40 36 40 
37 39 32 34 31 35 36 40 
38 25 37 25 37 39 38 39 
40 19 40 13 36 13 36 19 
13 30 15 32 16 31 14 29 
17 17 17 18 18 18 18 17 
24 41 34 41 34 23 24 23 
29 46 34 41 29 36 24 41 
39 20 40 19 34 13 33 14 
28 32 39 32 39 20 28 20 
22 44 31 35 28 32 19 41 
16 44 22 44 22 36 16 36 
17 43 14 40 13 41 16 44 
33 43 33 39 17 39 17 43 
