74
4 28 17 41 26 32 13 19 
9 27 13 31 17 27 13 23 
11 20 17 26 24 19 18 13 
11 31 21 41 23 39 13 29 
11 35 13 35 13 31 11 31 
12 25 14 27 15 26 13 24 
13 28 23 28 23 24 13 24 
13 37 14 37 14 35 13 35 
15 18 15 26 17 26 17 18 
15 23 19 27 23 23 19 19 
15 28 23 36 25 34 17 26 
15 37 16 38 23 31 22 30 
15 38 19 34 18 33 14 37 
16 29 16 34 19 34 19 29 
16 37 15 37 15 38 16 38 
16 41 17 41 17 38 16 38 
17 10 13 14 17 18 21 14 
17 31 26 40 28 38 19 29 
17 36 23 36 23 31 17 31 
18 32 18 33 26 33 26 32 
19 14 13 14 13 19 19 19 
19 23 23 23 23 19 19 19 
22 14 20 16 23 19 25 17 
22 26 19 26 19 27 22 27 
23 29 24 29 24 28 23 28 
23 40 26 40 26 39 23 39 
24 23 23 24 25 26 26 25 
24 34 25 34 25 29 24 29 
25 16 25 17 29 17 29 16 
25 27 24 28 25 29 26 28 
25 28 27 30 30 27 28 25 
26 16 28 18 29 17 27 15 
26 18 26 25 28 25 28 18 
26 22 23 19 19 23 22 26 
26 27 25 27 25 28 26 28 
27 32 31 36 34 33 30 29 
27 35 27 33 26 33 26 35 
28 26 28 38 33 38 33 26 
28 32 27 33 30 36 31 35 
28 39 29 40 32 37 31 36 
29 23 29 19 24 19 24 23 
29 34 29 40 36 40 36 34 
30 16 30 18 32 18 32 16 
30 24 35 29 36 28 31 23 
30 35 30 36 31 36 31 35 
31 18 27 22 30 25 34 21 
32 25 33 26 37 22 36 21 
32 27 32 25 30 25 30 27 
32 30 27 35 31 39 36 34 
35 23 34 24 37 27 38 26 
36 16 39 19 40 18 37 15 
36 20 36 21 41 21 41 20 
36 24 36 21 34 21 34 24 
36 41 40 41 40 40 36 40 
37 13 37 15 39 15 39 13 
37 30 37 27 32 27 32 30 
38 14 39 15 40 14 39 13 
38 18 40 18 40 14 38 14 
38 32 40 32 40 31 38 31 
40 36 31 36 31 39 40 39 
43 34 40 31 33 38 36 41 
4 29 13 29 13 28 4 28 
14 29 15 28 14 27 13 28 
15 40 16 41 18 39 17 38 
23 30 26 33 27 32 24 29 
27 25 28 26 30 24 29 23 
31 29 35 29 35 23 31 23 
32 36 36 40 40 36 36 32 
34 22 36 20 32 16 30 18 
35 11 30 16 32 18 37 13 
36 31 37 30 33 26 32 27 
22 29 22 30 23 30 23 29 
26 31 36 31 36 28 26 28 
21 28 22 29 23 28 22 27 
