81
8 29 13 34 22 25 17 20 
11 37 15 41 22 34 18 30 
14 29 17 32 31 18 28 15 
15 16 16 15 15 14 14 15 
15 18 22 18 22 16 15 16 
15 40 21 40 21 39 15 39 
16 29 16 17 14 17 14 29 
16 34 16 35 20 35 20 34 
16 41 18 41 18 37 16 37 
17 19 17 20 18 20 18 19 
17 38 19 38 19 32 17 32 
18 26 22 30 23 29 19 25 
18 27 27 36 36 27 27 18 
18 33 16 35 18 37 20 35 
18 36 20 38 22 36 20 34 
18 39 17 38 15 40 16 41 
19 24 19 25 22 25 22 24 
21 15 17 19 18 20 22 16 
21 19 28 26 29 25 22 18 
21 25 29 33 30 32 22 24 
22 27 18 27 18 30 22 30 
22 42 25 39 24 38 21 41 
24 18 24 27 27 27 27 18 
24 35 20 35 20 38 24 38 
24 39 25 39 25 38 24 38 
24 47 30 41 24 35 18 41 
25 41 25 40 21 40 21 41 
26 31 27 30 24 27 23 28 
26 34 30 34 30 32 26 32 
26 36 26 34 22 34 22 36 
26 39 25 38 24 39 25 40 
27 29 27 28 23 28 23 29 
27 37 26 36 25 37 26 38 
28 16 28 18 31 18 31 16 
28 19 28 26 31 26 31 19 
28 33 26 31 19 38 21 40 
28 39 29 39 29 33 28 33 
28 41 28 39 26 39 26 41 
28 44 33 39 30 36 25 41 
29 17 28 18 30 20 31 19 
29 31 29 25 26 25 26 31 
30 25 39 25 39 20 30 20 
30 28 31 29 38 22 37 21 
30 29 27 29 27 30 30 30 
30 37 30 36 27 36 27 37 
30 38 30 41 34 41 34 38 
30 44 30 41 28 41 28 44 
32 15 31 16 34 19 35 18 
32 17 32 15 29 15 29 17 
32 19 32 35 34 35 34 19 
32 21 39 28 41 26 34 19 
32 36 38 30 36 28 30 34 
33 27 33 28 36 28 36 27 
33 40 35 38 32 35 30 37 
34 21 30 25 31 26 35 22 
35 17 32 17 32 18 35 18 
35 30 35 38 38 38 38 30 
36 16 35 17 40 22 41 21 
36 21 37 21 37 16 36 16 
36 29 39 29 39 28 36 28 
36 35 36 41 37 41 37 35 
36 36 37 35 31 29 30 30 
36 40 38 38 36 36 34 38 
37 26 41 26 41 21 37 21 
38 18 35 18 35 22 38 22 
38 24 40 24 40 22 38 22 
39 14 38 13 36 15 37 16 
39 23 38 24 39 25 40 24 
13 37 15 39 18 36 16 34 
14 24 17 27 18 26 15 23 
21 16 18 19 27 28 30 25 
25 19 28 16 27 15 24 18 
29 29 30 28 28 26 27 27 
31 28 30 29 36 35 37 34 
31 39 31 40 33 40 33 39 
33 29 33 28 31 28 31 29 
33 37 32 36 30 38 31 39 
34 27 33 28 35 30 36 29 
11 36 11 37 13 37 13 36 
14 39 16 37 13 34 11 36 
8 39 14 39 14 29 8 29 
