84
11 33 14 36 20 30 17 27 
11 36 14 36 14 33 11 33 
12 23 16 27 17 26 13 22 
12 25 15 25 15 23 12 23 
12 26 13 27 15 25 14 24 
12 27 13 28 19 22 18 21 
12 28 13 28 13 27 12 27 
15 17 16 18 17 17 16 16 
15 18 15 22 16 22 16 18 
15 19 22 26 23 25 16 18 
15 34 20 34 20 30 15 30 
15 37 14 36 13 37 14 38 
15 40 15 37 13 37 13 40 
16 26 16 27 17 27 17 26 
16 31 14 33 15 34 17 32 
16 38 20 38 20 36 16 36 
16 39 16 40 21 40 21 39 
17 20 15 18 13 20 15 22 
17 31 17 29 16 29 16 31 
18 20 18 21 21 21 21 20 
19 26 15 22 12 25 16 29 
19 27 20 26 16 22 15 23 
19 37 20 38 21 37 20 36 
19 38 21 40 23 38 21 36 
20 22 20 18 19 18 19 22 
20 27 20 26 19 26 19 27 
20 32 22 30 19 27 17 29 
21 13 21 16 25 16 25 13 
21 17 23 19 27 15 25 13 
21 30 22 31 26 27 25 26 
21 31 21 36 22 36 22 31 
22 25 22 26 23 26 23 25 
22 42 26 38 20 32 16 36 
23 14 22 15 24 17 25 16 
23 15 23 19 27 19 27 15 
23 18 21 16 19 18 21 20 
23 27 23 38 26 38 26 27 
24 19 20 23 22 25 26 21 
24 25 27 25 27 24 24 24 
24 26 23 27 34 38 35 37 
25 21 25 26 26 26 26 21 
25 23 24 24 26 26 27 25 
25 35 25 26 24 26 24 35 
25 42 25 36 22 36 22 42 
26 36 27 37 39 25 38 24 
27 20 32 20 32 19 27 19 
27 23 29 21 27 19 25 21 
27 27 20 34 22 36 29 29 
28 16 28 21 29 21 29 16 
28 27 28 25 27 25 27 27 
28 38 26 38 26 39 28 39 
29 35 36 35 36 29 29 29 
30 23 35 18 33 16 28 21 
30 33 37 33 37 23 30 23 
30 37 30 33 27 33 27 37 
31 16 30 17 32 19 33 18 
31 18 33 18 33 16 31 16 
31 32 30 33 37 40 38 39 
31 38 34 41 35 40 32 37 
32 40 35 40 35 37 32 37 
33 32 36 35 39 32 36 29 
33 38 33 32 31 32 31 38 
33 41 34 41 34 38 33 38 
35 22 35 18 33 18 33 22 
35 39 34 38 32 40 33 41 
36 39 38 39 38 35 36 35 
39 15 38 15 38 19 39 19 
40 20 39 19 36 22 37 23 
40 32 40 38 41 38 41 32 
41 19 39 19 39 25 41 25 
44 35 41 32 38 35 41 38 
44 37 44 35 39 35 39 37 
12 35 11 36 15 40 16 39 
16 32 17 31 13 27 12 28 
17 16 17 17 21 17 21 16 
19 33 18 33 18 37 19 37 
21 26 21 30 22 30 22 26 
21 34 26 39 33 32 28 27 
22 27 23 26 22 25 21 26 
22 40 26 36 25 35 21 39 
23 23 25 21 23 19 21 21 
26 19 27 20 30 17 29 16 
27 34 25 36 28 39 30 37 
23 22 20 22 20 23 23 23 
