173
8 31 13 36 18 31 13 26 
8 36 13 36 13 31 8 31 
10 28 13 31 17 27 14 24 
10 38 15 33 13 31 8 36 
11 25 16 30 19 27 14 22 
12 14 16 18 17 17 13 13 
12 17 14 19 16 17 14 15 
12 18 16 18 16 17 12 17 
12 33 16 37 19 34 15 30 
12 39 15 39 15 33 12 33 
13 15 13 19 14 19 14 15 
13 21 16 21 16 20 13 20 
13 22 13 24 14 24 14 22 
13 27 17 27 17 26 13 26 
13 30 15 32 19 28 17 26 
14 30 15 30 15 24 14 24 
14 34 14 36 16 36 16 34 
14 37 14 38 16 38 16 37 
14 40 15 41 16 40 15 39 
15 14 17 14 17 13 15 13 
15 22 17 24 18 23 16 21 
15 23 18 23 18 22 15 22 
15 37 14 36 13 37 14 38 
15 40 15 41 16 41 16 40 
16 14 24 22 25 21 17 13 
16 19 13 22 15 24 18 21 
16 28 16 30 19 30 19 28 
16 31 16 30 15 30 15 31 
16 32 17 31 16 30 15 31 
16 39 14 37 13 38 15 40 
17 16 20 19 21 18 18 15 
17 25 21 25 21 24 17 24 
17 32 17 31 16 31 16 32 
17 36 21 36 21 32 17 32 
17 37 16 38 17 39 18 38 
17 38 16 38 16 39 17 39 
17 40 20 40 20 39 17 39 
18 14 19 14 19 13 18 13 
18 18 16 18 16 19 18 19 
18 36 24 30 22 28 16 34 
19 17 19 20 26 20 26 17 
19 19 22 22 25 19 22 16 
19 21 19 20 18 20 18 21 
19 26 19 27 25 27 25 26 
19 31 19 33 22 33 22 31 
19 35 19 41 22 41 22 35 
19 39 20 40 21 39 20 38 
20 21 25 21 25 19 20 19 
20 22 20 21 19 21 19 22 
20 23 21 22 20 21 19 22 
21 13 21 16 22 16 22 13 
21 23 21 22 20 22 20 23 
21 26 23 28 25 26 23 24 
21 37 21 39 23 39 23 37 
22 23 22 24 23 24 23 23 
22 34 23 35 24 34 23 33 
22 36 23 37 24 36 23 35 
22 45 26 41 21 36 17 40 
23 12 22 13 26 17 27 16 
23 22 23 16 22 16 22 22 
23 27 27 31 29 29 25 25 
23 30 23 33 24 33 24 30 
23 32 22 31 21 32 22 33 
23 34 22 35 26 39 27 38 
23 41 26 41 26 39 23 39 
23 45 23 41 22 41 22 45 
24 15 24 22 34 22 34 15 
24 24 25 23 24 22 23 23 
24 35 24 34 23 34 23 35 
24 44 20 40 19 41 23 45 
25 14 27 14 27 13 25 13 
25 15 19 21 20 22 26 16 
25 28 21 24 19 26 23 30 
26 11 21 16 33 28 38 23 
26 23 28 25 30 23 28 21 
26 25 26 23 25 23 25 25 
26 28 26 27 25 27 25 28 
26 31 26 36 27 36 27 31 
26 38 25 37 23 39 24 40 
27 18 27 29 29 29 29 18 
28 24 35 24 35 21 28 21 
28 28 33 28 33 25 28 25 
28 31 30 33 32 31 30 29 
28 36 31 36 31 34 28 34 
28 37 31 34 30 33 27 36 
28 38 28 39 29 39 29 38 
29 9 25 13 32 20 36 16 
29 14 27 14 27 16 29 16 
29 23 28 24 33 29 34 28 
29 33 30 33 30 29 29 29 
29 40 30 39 29 38 28 39 
29 44 29 40 24 40 24 44 
30 16 33 16 33 14 30 14 
30 17 29 18 30 19 31 18 
30 21 27 18 23 22 26 25 
30 27 36 27 36 23 30 23 
30 28 35 33 38 30 33 25 
30 30 35 35 40 30 35 25 
30 36 28 34 26 36 28 38 
31 17 32 18 36 14 35 13 
31 29 32 29 32 20 31 20 
31 33 32 34 40 26 39 25 
31 37 31 38 33 38 33 37 
32 15 33 16 34 15 33 14 
32 17 31 17 31 18 32 18 
32 19 31 20 35 24 36 23 
32 32 32 31 28 31 28 32 
32 41 34 41 34 35 32 35 
33 17 36 17 36 16 33 16 
33 30 34 29 33 28 32 29 
33 33 33 32 32 32 32 33 
33 34 34 33 33 32 32 33 
33 36 34 35 33 34 32 35 
34 20 35 21 38 18 37 17 
34 25 34 28 35 28 35 25 
34 30 34 29 33 29 33 30 
34 32 34 33 35 33 35 32 
34 34 34 33 33 33 33 34 
34 36 33 37 35 39 36 38 
35 19 35 18 32 18 32 19 
35 23 36 22 35 21 34 22 
35 30 37 32 39 30 37 28 
35 38 35 39 36 39 36 38 
36 13 35 13 35 14 36 14 
36 18 36 19 38 19 38 18 
36 30 38 30 38 27 36 27 
37 18 38 19 39 18 38 17 
37 23 38 23 38 21 37 21 
37 31 37 32 40 32 40 31 
37 38 37 39 38 39 38 38 
37 40 38 39 37 38 36 39 
38 13 37 13 37 16 38 16 
38 15 36 13 35 14 37 16 
39 13 39 18 40 18 40 13 
39 23 38 23 38 25 39 25 
39 26 38 25 37 26 38 27 
39 28 39 26 37 26 37 28 
39 33 36 36 38 38 41 35 
39 35 39 33 35 33 35 35 
39 39 39 41 40 41 40 39 
40 28 39 28 39 30 40 30 
41 38 41 35 39 35 39 38 
42 20 40 18 37 21 39 23 
42 26 42 20 40 20 40 26 
44 35 40 31 37 34 41 38 
10 27 10 28 13 28 13 27 
10 37 10 38 13 38 13 37 
11 22 13 24 15 22 13 20 
11 36 10 37 12 39 13 38 
13 40 14 40 14 38 13 38 
17 15 18 15 18 14 17 14 
17 19 18 20 19 19 18 18 
17 21 18 22 19 21 18 20 
18 29 20 29 20 23 18 23 
20 12 19 13 20 14 21 13 
20 24 21 25 22 24 21 23 
23 14 23 12 20 12 20 14 
24 38 26 38 26 36 24 36 
27 21 31 17 30 16 26 20 
27 37 28 37 28 36 27 36 
28 29 30 27 28 25 26 27 
29 17 30 17 30 16 29 16 
33 26 35 28 36 27 34 25 
33 40 35 38 33 36 31 38 
33 42 34 41 33 40 32 41 
36 40 37 40 37 39 36 39 
36 42 36 40 33 40 33 42 
37 25 40 28 42 26 39 23 
38 40 39 39 38 38 37 39 
15 19 16 20 17 19 16 18 
34 44 36 42 31 37 29 39 
39 44 39 41 34 41 34 44 
36 47 39 44 33 38 30 41 
