72
5 28 15 38 24 29 14 19 
5 29 15 29 15 28 5 28 
12 31 13 32 16 29 15 28 
13 21 5 29 14 38 22 30 
14 20 15 21 20 16 19 15 
14 36 14 38 15 38 15 36 
15 13 13 13 13 21 15 21 
15 24 15 27 25 27 25 24 
15 30 15 33 22 33 22 30 
15 35 17 37 30 24 28 22 
16 42 17 41 14 38 13 39 
17 9 13 13 29 29 33 25 
17 29 18 29 18 28 17 28 
19 28 18 29 22 33 23 32 
20 24 15 29 21 35 26 30 
21 16 24 19 25 18 22 15 
21 34 21 35 27 35 27 34 
21 37 17 37 17 41 21 41 
22 28 22 15 19 15 19 28 
23 39 22 38 20 40 21 41 
24 20 26 20 26 19 24 19 
24 37 25 36 22 33 21 34 
25 32 27 34 28 33 26 31 
25 33 27 35 31 31 29 29 
25 37 34 37 34 36 25 36 
26 23 25 24 30 29 31 28 
26 32 31 32 31 31 26 31 
26 33 26 32 25 32 25 33 
26 35 30 39 31 38 27 34 
26 36 18 28 17 29 25 37 
27 21 27 25 31 25 31 21 
28 14 28 15 32 15 32 14 
28 18 25 18 25 22 28 22 
28 38 31 38 31 33 28 33 
29 19 28 18 26 20 27 21 
29 24 29 29 30 29 30 24 
30 13 28 15 30 17 32 15 
30 18 33 15 32 14 29 17 
30 19 33 22 35 20 32 17 
30 23 30 20 26 20 26 23 
30 26 34 30 35 29 31 25 
30 40 34 36 32 34 28 38 
31 18 30 18 30 19 31 19 
32 20 31 19 30 20 31 21 
32 22 32 23 33 23 33 22 
33 12 26 19 30 23 37 16 
33 17 33 15 32 15 32 17 
33 24 33 25 34 25 34 24 
33 28 33 25 31 25 31 28 
33 31 27 25 25 27 31 33 
34 23 33 22 32 23 33 24 
34 27 30 23 29 24 33 28 
35 21 34 20 32 22 33 23 
35 24 35 26 38 26 38 24 
35 39 35 29 30 29 30 39 
35 41 37 41 37 39 35 39 
36 25 35 24 34 25 35 26 
36 26 38 24 36 22 34 24 
37 22 37 16 36 16 36 22 
39 35 35 39 37 41 41 37 
40 20 35 20 35 21 40 21 
41 31 41 28 33 28 33 31 
42 27 37 22 36 23 41 28 
42 30 42 27 34 27 34 30 
44 28 40 24 38 26 42 30 
20 14 20 16 21 16 21 14 
23 40 30 40 30 39 23 39 
29 13 29 17 30 17 30 13 
32 18 33 17 29 13 28 14 
34 18 32 18 32 20 34 20 
34 22 34 23 36 23 36 22 
38 22 40 20 36 16 34 18 
