159
11 38 13 40 16 37 14 35 
11 41 14 41 14 38 11 38 
12 15 16 19 18 17 14 13 
12 36 14 38 16 36 14 34 
12 42 15 39 14 38 11 41 
13 20 13 22 15 22 15 20 
13 35 14 35 14 34 13 34 
14 14 21 14 21 13 14 13 
14 21 13 22 14 23 15 22 
14 24 14 26 15 26 15 24 
14 36 14 37 16 37 16 36 
15 16 15 17 18 17 18 16 
15 23 19 27 20 26 16 22 
15 25 14 26 19 31 20 30 
15 29 20 29 20 28 15 28 
15 40 16 40 16 39 15 39 
16 20 19 20 19 19 16 19 
16 23 16 22 15 22 15 23 
16 25 17 24 16 23 15 24 
16 38 17 39 18 38 17 37 
17 22 18 23 20 21 19 20 
17 38 17 37 16 37 16 38 
17 41 19 41 19 39 17 39 
18 22 18 23 26 23 26 22 
18 25 18 23 16 23 16 25 
18 31 24 37 26 35 20 29 
18 37 18 38 19 38 19 37 
18 39 19 38 18 37 17 38 
18 40 17 39 16 40 17 41 
19 24 25 24 25 20 19 20 
19 26 19 27 20 27 20 26 
19 30 19 31 20 31 20 30 
20 17 22 15 21 14 19 16 
20 18 20 21 24 21 24 18 
20 25 19 24 18 25 19 26 
20 42 22 40 21 39 19 41 
21 17 22 17 22 15 21 15 
21 18 24 21 25 20 22 17 
21 25 28 18 25 15 18 22 
21 26 26 26 26 25 21 25 
21 27 20 28 21 29 22 28 
21 33 27 39 29 37 23 31 
21 38 21 39 25 39 25 38 
22 14 21 15 24 18 25 17 
22 32 22 33 26 33 26 32 
22 37 22 40 24 40 24 37 
23 22 25 24 26 23 24 21 
23 24 21 26 25 30 27 28 
23 26 24 27 26 25 25 24 
23 40 24 41 26 39 25 38 
24 29 24 27 21 27 21 29 
25 14 25 15 26 15 26 14 
25 23 26 22 21 17 20 18 
25 28 22 28 22 30 25 30 
26 18 28 18 28 15 26 15 
27 12 25 14 26 15 28 13 
27 22 29 22 29 16 27 16 
27 25 32 20 31 19 26 24 
27 31 26 32 28 34 29 33 
27 32 32 32 32 31 27 31 
27 35 26 35 26 37 27 37 
27 40 28 40 28 39 27 39 
27 41 27 40 24 40 24 41 
28 12 27 12 27 13 28 13 
28 14 29 13 28 12 27 13 
28 17 29 16 28 15 27 16 
28 25 27 25 27 28 28 28 
28 31 31 34 32 33 29 30 
28 35 30 35 30 34 28 34 
28 41 29 41 29 40 28 40 
28 42 29 41 28 40 27 41 
29 14 29 13 28 13 28 14 
29 20 27 22 33 28 35 26 
29 27 27 25 26 26 28 28 
29 34 27 32 26 33 28 35 
30 13 29 14 31 16 32 15 
30 15 30 14 29 14 29 15 
30 17 30 18 32 18 32 17 
30 22 29 22 29 27 30 27 
30 36 34 36 34 35 30 35 
30 37 30 36 29 36 29 37 
30 41 35 41 35 40 30 40 
31 15 31 16 32 16 32 15 
31 18 32 17 31 16 30 17 
31 20 28 17 26 19 29 22 
31 28 35 24 34 23 30 27 
31 30 32 31 34 29 33 28 
31 33 31 30 29 30 29 33 
31 36 30 35 29 36 30 37 
31 38 30 37 28 39 29 40 
31 41 35 37 34 36 30 40 
32 12 30 14 31 15 33 13 
32 19 31 19 31 20 32 20 
32 28 34 30 39 25 37 23 
32 29 32 30 34 30 34 29 
32 34 32 33 31 33 31 34 
32 43 35 40 33 38 30 41 
33 12 32 12 32 13 33 13 
33 20 34 21 35 20 34 19 
33 23 33 28 34 28 34 23 
33 31 38 36 39 35 34 30 
33 33 32 32 31 33 32 34 
33 37 33 38 35 38 35 37 
34 17 37 14 36 13 33 16 
34 22 37 22 37 21 34 21 
34 24 38 28 39 27 35 23 
34 33 38 33 38 30 34 30 
34 34 38 38 41 35 37 31 
35 19 36 20 38 18 37 17 
35 32 37 34 38 33 36 31 
35 39 36 39 36 38 35 38 
36 16 36 13 33 13 33 16 
36 17 36 20 37 20 37 17 
36 23 36 20 35 20 35 23 
36 24 37 24 37 23 36 23 
36 26 36 24 35 24 35 26 
36 34 37 34 37 31 36 31 
36 35 35 34 34 35 35 36 
36 42 39 39 38 38 35 41 
37 16 33 12 32 13 36 17 
38 16 38 17 39 17 39 16 
38 19 36 17 35 18 37 20 
38 23 37 22 36 23 37 24 
38 25 39 25 39 23 38 23 
38 37 36 39 38 41 40 39 
39 18 40 17 39 16 38 17 
39 19 37 21 39 23 41 21 
39 28 39 35 41 35 41 28 
39 41 41 39 38 36 36 38 
40 16 40 17 41 17 41 16 
40 19 40 18 39 18 39 19 
40 21 40 24 41 24 41 21 
40 26 40 24 37 24 37 26 
40 27 38 25 37 26 39 28 
40 40 41 40 41 39 40 39 
41 20 40 19 39 20 40 21 
12 33 13 34 20 27 19 26 
13 38 15 40 16 39 14 37 
14 29 17 32 18 31 15 28 
14 30 24 40 25 39 15 29 
15 30 15 29 14 29 14 30 
16 33 21 38 22 37 17 32 
17 17 19 19 20 18 18 16 
21 35 21 33 16 33 16 35 
27 30 30 27 28 25 25 28 
27 38 29 36 28 35 26 37 
27 42 28 42 28 41 27 41 
28 29 31 29 31 28 28 28 
29 17 30 18 32 16 31 15 
29 38 29 37 27 37 27 38 
29 42 30 41 29 40 28 41 
30 42 30 41 29 41 29 42 
33 34 34 34 34 33 33 33 
34 18 34 19 35 19 35 18 
35 35 36 35 36 34 35 34 
38 20 39 20 39 19 38 19 
38 39 38 41 39 41 39 39 
39 15 38 16 39 17 40 16 
26 41 27 42 28 41 27 40 
