150
8 31 14 37 20 31 14 25 
8 32 13 32 13 31 8 31 
9 26 15 32 20 27 14 21 
9 34 14 34 14 26 9 26 
11 27 13 29 19 23 17 21 
11 29 13 31 16 28 14 26 
11 37 14 40 16 38 13 35 
11 38 14 38 14 37 11 37 
12 19 13 20 14 19 13 18 
12 21 14 21 14 19 12 19 
13 22 13 23 19 23 19 22 
13 36 17 36 17 35 13 35 
13 37 14 38 17 35 16 34 
13 38 15 40 16 39 14 37 
14 16 13 17 14 18 15 17 
14 17 13 17 13 18 14 18 
14 20 15 21 17 19 16 18 
14 27 16 29 21 24 19 22 
14 39 16 39 16 38 14 38 
15 12 13 14 16 17 18 15 
15 18 15 21 16 21 16 18 
15 24 24 33 29 28 20 19 
15 27 19 27 19 24 15 24 
15 37 20 37 20 32 15 32 
16 12 15 12 15 17 16 17 
16 37 18 39 19 38 17 36 
17 13 17 19 20 19 20 13 
17 28 17 21 16 21 16 28 
17 38 17 39 18 39 18 38 
18 14 18 15 21 15 21 14 
18 30 20 32 23 29 21 27 
18 41 20 41 20 39 18 39 
19 17 19 18 22 18 22 17 
19 31 20 31 20 27 19 27 
19 42 20 41 19 40 18 41 
20 16 19 17 21 19 22 18 
21 20 21 19 20 19 20 20 
21 21 22 20 21 19 20 20 
21 30 31 30 31 27 21 27 
21 35 22 36 24 34 23 33 
21 38 20 39 22 41 23 40 
21 40 21 38 19 38 19 40 
21 41 22 41 22 40 21 40 
22 21 22 20 21 20 21 21 
22 25 24 25 24 22 22 22 
22 35 22 36 25 36 25 35 
23 23 21 23 21 24 23 24 
23 26 24 25 23 24 22 25 
23 31 25 29 21 25 19 27 
23 34 23 33 16 33 16 34 
23 37 27 41 29 39 25 35 
23 41 24 40 23 39 22 40 
24 26 28 26 28 25 24 25 
24 29 24 26 23 26 23 29 
24 31 25 31 25 29 24 29 
24 32 24 33 28 33 28 32 
24 39 23 39 23 40 24 40 
25 18 23 18 23 21 25 21 
25 20 27 18 25 16 23 18 
25 23 26 22 25 21 24 22 
25 30 24 31 27 34 28 33 
25 34 27 34 27 31 25 31 
25 38 26 39 34 31 33 30 
26 18 27 18 27 14 26 14 
27 21 27 23 29 23 29 21 
27 33 32 38 33 37 28 32 
27 35 34 35 34 34 27 34 
27 36 27 41 28 41 28 36 
28 17 33 17 33 16 28 16 
28 22 30 22 30 20 28 20 
28 24 29 23 28 22 27 23 
28 30 29 31 32 28 31 27 
29 11 26 14 28 16 31 13 
29 13 29 14 31 14 31 13 
29 19 28 20 29 21 30 20 
29 22 32 25 34 23 31 20 
29 25 29 28 32 28 32 25 
29 37 29 39 33 39 33 37 
30 19 33 16 31 14 28 17 
30 32 27 35 28 36 31 33 
30 38 32 38 32 32 30 32 
31 11 29 13 33 17 35 15 
31 15 35 15 35 14 31 14 
31 21 30 22 31 23 32 22 
31 31 31 33 34 33 34 31 
32 20 34 22 35 21 33 19 
32 21 32 20 31 20 31 21 
32 23 34 25 36 23 34 21 
33 22 32 22 32 23 33 23 
33 25 34 25 34 23 33 23 
33 28 34 29 35 28 34 27 
33 29 33 30 34 30 34 29 
33 33 29 37 30 38 34 34 
33 34 34 35 35 34 34 33 
34 18 34 21 35 21 35 18 
34 24 35 23 34 22 33 23 
34 38 34 39 36 39 36 38 
34 41 34 39 33 39 33 41 
34 42 37 39 36 38 33 41 
34 47 40 41 34 35 28 41 
35 16 38 19 41 16 38 13 
35 22 38 22 38 21 35 21 
35 26 36 26 36 23 35 23 
35 27 36 26 34 24 33 25 
35 29 34 30 36 32 37 31 
35 33 37 35 38 34 36 32 
35 36 35 40 41 40 41 36 
35 38 34 39 35 40 36 39 
36 14 38 14 38 13 36 13 
36 15 35 15 35 16 36 16 
36 20 37 20 37 16 36 16 
37 17 39 15 38 14 36 16 
37 21 40 18 39 17 36 20 
37 26 36 26 36 31 37 31 
37 32 37 34 38 34 38 32 
37 41 40 41 40 39 37 39 
37 42 37 41 34 41 34 42 
38 17 39 17 39 15 38 15 
38 29 41 29 41 24 38 24 
39 16 38 15 37 16 38 17 
39 18 39 30 40 30 40 18 
39 20 38 19 37 20 38 21 
40 13 40 14 41 14 41 13 
40 38 37 35 34 38 37 41 
43 33 40 30 38 32 41 35 
43 34 39 30 37 32 41 36 
43 37 43 34 38 34 38 37 
6 31 9 34 19 24 16 21 
11 28 11 29 13 29 13 28 
15 42 19 42 19 40 15 40 
18 35 21 35 21 30 18 30 
19 37 18 38 21 41 22 40 
19 47 34 47 34 42 19 42 
20 46 14 40 13 41 19 47 
21 34 19 36 20 37 22 35 
21 46 21 41 20 41 20 46 
22 24 23 23 22 22 21 23 
22 27 16 33 18 35 24 29 
23 38 24 39 25 38 24 37 
24 35 25 34 24 33 23 34 
24 38 24 37 23 37 23 38 
25 10 21 14 25 18 29 14 
25 19 27 21 28 20 26 18 
26 24 28 24 28 22 26 22 
26 28 28 26 26 24 24 26 
26 34 27 33 25 31 24 32 
29 29 29 28 26 28 26 29 
32 43 34 41 27 34 25 36 
34 26 34 27 35 27 35 26 
40 40 43 37 41 35 38 38 
