108
8 20 13 25 18 20 13 15 
8 22 14 22 14 20 8 20 
11 25 13 27 16 24 14 22 
11 27 14 30 16 28 13 25 
11 41 13 41 13 27 11 27 
13 19 14 20 15 19 14 18 
14 27 15 28 18 25 17 24 
14 38 16 40 19 37 17 35 
15 16 13 16 13 19 15 19 
15 24 15 28 16 28 16 24 
15 32 17 34 18 33 16 31 
15 33 15 32 14 32 14 33 
16 17 18 15 17 14 15 16 
16 20 18 20 18 17 16 17 
16 21 16 20 15 20 15 21 
16 30 16 31 19 31 19 30 
16 35 17 35 17 34 16 34 
17 16 28 16 28 14 17 14 
17 23 17 22 14 22 14 23 
17 27 23 27 23 24 17 24 
17 28 16 28 16 29 17 29 
17 31 16 30 14 32 15 33 
17 37 19 37 19 36 17 36 
17 38 17 37 14 37 14 38 
18 22 16 20 15 21 17 23 
18 29 23 24 22 23 17 28 
18 35 17 34 16 35 17 36 
19 18 18 17 15 20 16 21 
19 27 17 29 19 31 21 29 
19 33 18 34 19 35 20 34 
19 34 19 33 18 33 18 34 
19 39 37 39 37 37 19 37 
20 29 19 30 24 35 25 34 
20 33 20 34 25 34 25 33 
20 35 20 34 19 34 19 35 
20 37 19 36 17 38 18 39 
21 18 25 22 30 17 26 13 
21 25 23 27 35 15 33 13 
21 30 24 30 24 29 21 29 
21 34 20 33 19 34 20 35 
21 37 19 35 17 37 19 39 
22 19 22 18 21 18 21 19 
22 20 23 19 22 18 21 19 
22 22 22 20 18 20 18 22 
22 25 22 23 21 23 21 25 
22 28 24 30 25 29 23 27 
23 26 24 27 34 17 33 16 
24 17 24 19 26 19 26 17 
24 40 26 40 26 35 24 35 
24 41 27 38 24 35 21 38 
25 18 24 19 25 20 26 19 
26 22 28 24 31 21 29 19 
26 27 26 30 33 30 33 27 
26 29 29 32 32 29 29 26 
26 32 26 31 24 31 24 32 
26 33 29 33 29 32 26 32 
27 39 29 41 35 35 33 33 
28 29 26 27 24 29 26 31 
28 34 29 35 30 34 29 33 
29 22 29 19 26 19 26 22 
29 25 29 26 30 26 30 25 
29 36 38 27 35 24 26 33 
29 39 33 35 21 23 17 27 
30 20 30 18 25 18 25 20 
30 23 34 23 34 20 30 20 
30 29 31 29 31 26 30 26 
30 39 33 36 29 32 26 35 
31 22 36 22 36 21 31 21 
31 23 33 25 36 22 34 20 
31 32 32 32 32 29 31 29 
32 16 30 14 28 16 30 18 
32 24 32 16 28 16 28 24 
32 30 34 28 33 27 31 29 
33 22 30 25 31 26 34 23 
33 24 33 25 35 25 35 24 
33 34 35 32 33 30 31 32 
33 38 40 38 40 36 33 36 
34 14 30 14 30 17 34 17 
34 26 35 27 36 26 35 25 
35 33 35 35 38 35 38 33 
36 13 33 13 33 16 36 16 
36 23 34 23 34 26 36 26 
36 41 36 28 34 28 34 41 
37 22 37 31 39 31 39 22 
37 27 36 28 39 31 40 30 
37 35 39 33 37 31 35 33 
38 17 38 20 41 20 41 17 
38 21 39 22 41 20 40 19 
38 37 41 37 41 35 38 35 
39 34 41 32 40 31 38 33 
39 37 40 38 41 37 40 36 
40 14 37 14 37 19 40 19 
40 16 37 19 38 20 41 17 
40 33 40 31 39 31 39 33 
11 21 11 25 13 25 13 21 
12 35 14 37 16 35 14 33 
12 40 16 40 16 35 12 35 
12 42 13 41 12 40 11 41 
16 41 24 41 24 40 16 40 
20 8 14 14 22 22 28 16 
20 25 18 25 18 29 20 29 
22 29 24 31 26 29 24 27 
25 31 24 32 25 33 26 32 
30 33 30 34 33 34 33 33 
33 44 36 41 33 38 30 41 
35 22 36 23 37 22 36 21 
35 37 37 39 39 37 37 35 
37 44 41 40 38 37 34 41 
