43
7 29 13 35 24 24 18 18 
10 22 15 27 18 24 13 19 
10 27 15 27 15 22 10 22 
11 28 19 36 21 34 13 26 
11 30 28 30 28 28 11 28 
12 30 16 34 19 31 15 27 
14 18 14 24 18 24 18 18 
14 33 29 33 29 29 14 29 
17 34 17 41 21 41 21 34 
18 13 18 14 21 14 21 13 
18 35 18 26 13 26 13 35 
19 11 15 15 17 17 21 13 
19 24 19 31 24 31 24 24 
19 25 26 32 28 30 21 23 
19 28 16 25 11 30 14 33 
19 39 21 41 28 34 26 32 
21 26 32 37 33 36 22 25 
21 28 24 31 31 24 28 21 
23 17 24 18 25 17 24 16 
23 34 25 34 25 17 23 17 
23 51 41 33 31 23 13 41 
27 23 27 24 31 24 31 23 
28 29 31 32 37 26 34 23 
29 36 33 36 33 33 29 33 
29 37 29 38 32 38 32 37 
30 29 25 34 29 38 34 33 
31 18 31 21 36 21 36 18 
32 29 40 29 40 17 32 17 
33 23 28 28 29 29 34 24 
33 24 34 24 34 23 33 23 
35 22 36 21 32 17 31 18 
35 33 35 37 38 37 38 33 
35 41 35 38 32 38 32 41 
35 44 38 41 35 38 32 41 
38 44 38 41 35 41 35 44 
41 14 35 14 35 22 41 22 
41 34 40 33 37 36 38 37 
44 32 41 29 32 38 35 41 
23 27 27 23 18 14 14 18 
31 31 33 31 33 24 31 24 
31 35 33 33 31 31 29 33 
40 34 41 34 41 33 40 33 
26 31 26 32 31 32 31 31 
