97
11 28 14 31 17 28 14 25 
11 36 13 38 17 34 15 32 
13 37 13 38 16 38 16 37 
14 20 17 20 17 14 14 14 
14 22 14 20 13 20 13 22 
14 28 14 31 17 31 17 28 
15 25 22 25 22 21 15 21 
15 27 15 25 14 25 14 27 
15 29 17 31 20 28 18 26 
15 33 16 34 18 32 17 31 
16 19 17 20 23 14 22 13 
17 15 15 13 14 14 16 16 
17 21 19 23 27 15 25 13 
17 37 19 37 19 34 17 34 
18 16 14 20 15 21 19 17 
18 19 18 16 16 16 16 19 
18 27 19 28 22 25 21 24 
18 29 15 29 15 32 18 32 
18 38 17 37 16 38 17 39 
19 22 19 23 33 23 33 22 
19 27 18 27 18 28 19 28 
19 29 20 29 20 28 19 28 
19 30 20 29 19 28 18 29 
19 32 19 33 30 33 30 32 
20 17 23 17 23 14 20 14 
20 33 19 32 18 33 19 34 
20 37 22 37 22 36 20 36 
20 41 20 37 19 37 19 41 
21 19 23 21 25 19 23 17 
21 38 18 38 18 39 21 39 
22 19 29 26 33 22 26 15 
22 29 23 29 23 28 22 28 
22 30 23 29 22 28 21 29 
22 38 20 36 19 37 21 39 
23 24 28 24 28 21 23 21 
23 30 28 35 30 33 25 28 
23 37 33 27 32 26 22 36 
23 38 23 37 22 37 22 38 
23 48 37 34 29 26 15 40 
25 15 25 18 26 18 26 15 
25 24 28 21 25 18 22 21 
26 20 32 20 32 18 26 18 
27 25 22 25 22 26 27 26 
27 41 28 41 28 35 27 35 
28 14 27 14 27 15 28 15 
29 12 27 14 28 15 30 13 
29 27 32 27 32 26 29 26 
30 12 29 12 29 13 30 13 
30 26 28 24 27 25 29 27 
30 35 35 40 37 38 32 33 
30 36 26 40 27 41 31 37 
30 43 37 36 35 34 28 41 
31 21 33 23 34 22 32 20 
31 33 38 26 37 25 30 32 
31 34 31 33 30 33 30 34 
31 36 31 37 37 37 37 36 
32 16 34 16 34 15 32 15 
32 25 35 25 35 20 32 20 
33 15 30 12 29 13 32 16 
33 25 34 26 35 25 34 24 
33 28 38 23 37 22 32 27 
34 19 34 22 37 22 37 19 
35 17 34 18 36 20 37 19 
35 31 37 31 37 25 35 25 
35 38 35 40 37 40 37 38 
36 18 36 16 34 16 34 18 
36 21 38 21 38 20 36 20 
37 32 41 32 41 31 37 31 
38 15 34 19 35 20 39 16 
38 24 34 24 34 26 38 26 
38 41 40 41 40 26 38 26 
39 21 38 21 38 23 39 23 
39 36 39 38 41 38 41 36 
40 39 39 38 37 40 38 41 
41 25 39 23 38 24 40 26 
43 36 41 34 39 36 41 38 
14 19 13 20 22 29 23 28 
18 24 21 24 21 19 18 19 
18 35 16 37 18 39 20 37 
21 27 22 26 19 23 18 24 
21 30 22 30 22 29 21 29 
21 42 24 39 23 38 20 41 
22 18 22 19 25 19 25 18 
22 31 23 30 22 29 21 30 
23 27 23 24 21 24 21 27 
23 31 23 30 22 30 22 31 
24 42 24 39 21 39 21 42 
26 28 23 31 27 35 30 32 
32 28 33 28 33 27 32 27 
35 32 35 34 37 34 37 32 
39 19 38 20 39 21 40 20 
13 26 18 26 18 24 13 24 
15 35 18 35 18 33 15 33 
17 25 18 24 15 21 14 22 
20 34 23 31 22 30 19 33 
22 44 24 42 21 39 19 41 
25 40 26 40 26 28 25 28 
