57
13 32 14 33 20 27 19 26 
15 25 15 33 18 33 18 25 
15 34 15 33 14 33 14 34 
17 23 19 25 21 23 19 21 
17 32 17 26 13 26 13 32 
17 37 22 37 22 32 17 32 
17 38 20 35 18 33 15 36 
18 36 15 33 14 34 17 37 
18 38 17 38 17 39 18 39 
19 18 17 16 16 17 18 19 
19 19 19 18 18 18 18 19 
19 20 19 21 21 21 21 20 
19 29 22 32 28 26 25 23 
19 36 21 36 21 29 19 29 
19 40 22 37 21 36 18 39 
20 14 20 27 22 27 22 14 
22 30 21 29 13 37 14 38 
22 35 24 37 27 34 25 32 
23 15 22 14 18 18 19 19 
24 14 24 21 27 21 27 14 
24 20 26 22 27 21 25 19 
24 23 24 21 21 21 21 23 
24 27 33 36 38 31 29 22 
24 30 24 27 22 27 22 30 
24 32 25 32 25 30 24 30 
25 26 27 26 27 23 25 23 
26 25 26 30 29 30 29 25 
28 31 28 36 33 36 33 31 
29 15 33 15 33 14 29 14 
29 16 29 15 23 15 23 16 
29 38 30 38 30 30 29 30 
30 18 30 20 36 20 36 18 
30 26 32 28 38 22 36 20 
30 27 33 30 40 23 37 20 
30 34 26 30 24 32 28 36 
31 28 31 17 16 17 16 28 
32 22 30 20 27 23 29 25 
32 23 32 22 29 22 29 23 
32 27 35 27 35 23 32 23 
33 39 33 41 34 41 34 39 
33 40 34 41 35 40 34 39 
34 20 31 17 30 18 33 21 
35 33 30 38 33 41 38 36 
35 39 35 40 37 40 37 39 
36 28 37 28 37 20 36 20 
38 24 35 27 36 28 39 25 
39 31 38 31 38 36 39 36 
12 25 13 26 19 20 18 19 
13 23 17 23 17 16 13 16 
15 21 13 23 15 25 17 23 
15 42 18 39 17 38 14 41 
16 38 17 39 18 38 17 37 
16 41 16 38 14 38 14 41 
18 34 15 34 15 36 18 36 
22 19 24 21 29 16 27 14 
28 20 28 26 30 26 30 20 
29 20 22 27 25 30 32 23 
