48 5
005000003130040000000010005353000530250020002000
100000005000002002000000003000002000050025000000
000000000033500020000000003000103400000500000002
301000000005500040000000200300000040000030000000
200101000010000000050500500000050044003010313000
000000000201300400005004000000201000040501000000
000400000030000200000000000050200230000000002040
000030000004200000042000000000000020300030101000
000000000000300050000020040020010005011000000000
300050000002050003000000003001000200005000200000
400000000000100000100010000004300000110001004000
100000003110000000000130300200000200050030000000
001040000000010001000000050003400023112000045010
000000005010001000303000000000000000001500000004
000304000200000050000302030000000500005000400100
000000000001000004003000000300000000000000000004
000000001000050052000032000140000400102000530500
000000200400040000000240000200000550100010500000
000000140100050000000000140000200500100013221300
000400000000000000100000000003300010020000000005
000000000044000000000000023020010003000010000050
014004030004000000000000051104004004000000050400
000501300022000002000000530030000000000003000000
400000000500040023030140030000000500000005400233
000000000003020010500000100000000005000000000001
550005050000010030430005005000520002005000025000
000020000000001000000000002004300000004020504001
003020005000000000501000100400000240500051000440
000040000010000000010044000000050002000002450003
040000030000040000500003040000020500000100000000
000000000040000000003000000500500000000002000000
220000000200000000000000250350500000002000000000
000030000200020030000000000000540030000000401200
004000000000200000000034050000000000000003000004
400000030352000003220000040400001000000000000000
040000040000350000103000002504500000001010000030
010400202000100000052000402004000100000500000000
200000000000000300010000000040030310003004000000
000420300000000030020000000000200003021000000000
003010000000000450541000005200000010000103000002
000205200030000000000010000000003050000000404000
003020100000000000000000030015000000000000400050
000000003000400020000000400000340000000000000000
400104000000000000000000000000400200000404300022
005000000000300000000000000024001000050500000000
000000024000300050000000000100000000100001000020
002004001000000042000420000001010000000100300000
000000000000520500000010050000045302500000045043
