34 3
0000300000022000200000001001300001
3022000100000010010000010002000300
0300003103003120000000000303022202
0032020302200000100000001103030023
0000000000130001200320031000030000
0002002021003001030000220023200001
1020001000000100000000330000320002
0032000002000000000101030000000000
0012101000000000000000000002000000
1130300022000300022100010000000000
0010300000000000020330000300000000
0200000020320000000103000032030001
3030000000000003300022000000020020
2001301001000100300013002002000003
0000002003230002300010000000020202
0010200002000002123000000200000003
0000000000003010033020200000000100
0210000300000000031000000000000100
0000000000001000003011000100200000
0000000000021000000303032000300000
0000000002000003000000000120020000
0100000000133000010001003300201000
0030203300000000000002100000100300
0010010010203000100000020030300002
0102000010032000000100000020100030
0001000201000010001020300010200010
0000322100000010030000003303030012
0000000100302000202020000200000003
1000000010010001000000002003030000
0000000001000120020301200030000030
0300000000010003000032000031100201
0000001200001030100100000002000000
0300100000300300000020030000103110
0020000200020003000010000101100000
