34 3
2000000000100002020300300030000020
3000100000003003020100000000003001
1333100103010110000000101200010000
0021000000000200010130000333321320
0001000300000200110010000001000032
0300000000000000100000200100020200
0300303000010000002000013211000000
0000200000000000001301000000100000
0031230000000000200020020000032000
0000001101000312000000100000000003
0201201213000000000000300021021000
2000303300130000000022020000110001
1200100020001300003000000300000030
2000003020000300000000010000000022
3331000200000002300000000000002003
1021201000003030200130000010000000
0020200203010000000001020000232000
0000003000000003000000000301200332
1002020000000000222000200103030002
0000020000003002000010010002000000
1000000200032000002002010030000012
2201000000003002000100100012000000
0020000000002020100000000020000000
1100000300000010000000300000101100
0202030103000010000012101001000302
0000000003030000200000010000000003
0000000010020002100000310000000023
1000000003000000013022200000010002
0003000000000033000001030000303003
0000200010000000000020000000020000
0033000002003030300000000030300003
0020020000001000012001100220030000
2013000000000032000033011000000000
0000000030300000303003000002001000
