34 3
3200030000100030002000200100002200
0200000000001000301000032300000002
0000000000000000130030000003010000
0000030130000000020000000000000002
2000100010010000102030030020001300
0100000020002000000000330000100200
0100000000120320000030023022033002
0000100000020001000003000230000300
0002000220003000010010200000000003
2200110200000000000000032030000010
0100300003300002030001002003330000
0003001200000000230301200010000020
3030000000000010013001000000220000
3201000000010000000000320000001003
2022020000020000000000002002200000
0200000033000201203000000000003012
1001000100000030000001000000000023
0120000023000100200000033000010000
3320003030000233000000000000000000
3310200000200000000001010000000200
2000100000002000002010200002002003
1000000200000000001102000000000002
0000000012000002000000000000020011
0200020000000000130100101001202010
0001100000020213310300000101001300
0031001000103000000002000023000010
0000003010000000301000000211000000
2130030300200200000200030001313100
2200000000000003030003300000102000
0003220001000003000000002000200000
3000003003100003000301003000002002
0000000010100100100201111313003033
0000001010000000020100000033000013
0010000000300002000001300100100000
