34 3
0000000001030021301300010000002000
0000300010001000010000030230000010
0200000220010000000200000000312020
3030100000300000000200000101000120
0000020000000000010030210320003000
3010030000000000000003000021000030
0102000000000100000030002003000030
0130102023030100000000030000000200
3000010003000002010003300200013000
0012000002000101000033000003020200
0000003101031003301020030000200000
0000320001000020000010010200120000
0000010202200000002001000000303200
0000000010001000010102030000000000
0020120000002000000000003000000303
0200003000000030000000102200000300
0000001020003030301202000000001000
0000000010000233203100001203000300
0000000300001003200020003302000000
0101003020301233003000000100000000
2000002010000011000000200000230003
2000000210002000000110000000000001
2200000000030020103320330000000000
3020002000020010201020001000000000
0000000000022000000023000001030303
0003200300000220000000320000122001
1003100000002010200002030200001000
0100100000200200020323012000000100
3030300001021002000300000020000000
2120021200000000121000000030030001
0000101000100130000010000000000000
0000100000000000003010001103010000
0001000300003000000002103010000003
0300000302020300003000000101000000
