34 3
1000000000000011000000030000000000
0021000200001002000000303000010103
0003012320000000020000011100020002
1100310303000000000130000200003002
0000002000221300000000000001000010
1002003021030000200020200033300033
0000000000000303002100002000020000
0020000000000000000000012033003102
0301000003300000000000331003101002
0300330030033003302000000030001001
2200100020003300000100100000000000
0000000300030210001200020000000011
0113300000011020000000100000000000
0010012002003023000200010102000000
3020000102003000020000303201300002
0003003120000000000000020010000010
0100000011000100300002030002000000
0000000000000002000201100000001010
0000310000103000002001002100000000
1000000000003030000000300000021010
0200000123100300000000300200000300
0002103033000020022033002000000100
0000000000200100330000020303100000
0011003001000002010302003033000000
0000000003201000102300200220200103
0010210000000011100000003122330001
3000000000000000000000000200000300
0000010000003000000000002020000200
0002203000000203002000100000000000
2103002000000000003021000002000102
0000002012000031000002000213203000
2100000000000330300010000022230000
0010100002000000000000110000000000
0100000002200002000003000020000000
