34 3
0000301000003000000210010000000000
0200232000003000000001000012001000
2000200303030000000032130020000000
3300300000000200000200000000200000
0000113020100000000301000100300102
0000200002000020003003000303011000
0000020002003000232003000000000000
0020000030000210000000010000000000
0200003010010012000000200001330010
0100100000000023001002300013010000
0020000000001000001000300000300002
1000000300000000032000003000022000
0002000230000001000000030000000000
0000001001000010000001300322000100
1300000200000020210000000000100000
1200000103000300030200300003000001
2102000000020000030000000003020001
0020000000011220000000303100000003
2011000300002000001003120020000200
3001000000000201000000000001002000
2200000000000200000001120102000300
0003200100130020100001001001003302
1030300203000020030033001000003000
0300000000200302003031020202020100
0300001021001032000000300000003030
3000002010300000032300002000300013
0100220100000000002100232000000000
0003000003100000110010000000000300
0000002000101033010300100000033010
0212000000320000000000301200001000
2010000310103000000310000000200330
0300002122010000002000000020010000
0000220000100000013000200300000000
1000000300002000000000211001200003
