34 3
0000020000030230000000000120301130
0100030000310100001002000000003100
0322003200200000000010100000001001
0000200000000132000000100000200000
1002000223300000010002300300030000
1202000301000100202110000002000200
0303000000200000013100030001220000
0000301000000000020200020000000030
0030000023000002030032000000000000
2002220000000130000000000000000000
0031000000030003023000000200001230
1000010000001100103000030011030330
3000002002300220010002000000122000
0102000320003000100332000300001030
0203103010003000003010020001000330
0000200010120200101000000030000000
0003010100000000000110010020000132
0020030000000000030000030000000002
0001000003020030001001200000001000
0010300033000000003020010002001000
0030002000002001000000030003002020
0000120030000021000211000013000200
0000000300000000000030003230000000
1000010010010200000010000000000000
1000000000001002000011030000010000
2003203000000003000000002101000001
0301020000000030000020022000003000
0000000001230200200000020030000000
0000020030000002000100010110030000
0000013020200100000300001000120000
0320001003200000001000302030300330
2030300000000310003201001000000000
0000001002202102300200002000000000
0000100000200300000013002000030010
