34 3
3000000000010020003003000003010100
1000000100000000300000100102100000
1000000000101000302003000310000003
0033000000301100330020300000033000
0000000003130100002000002000003210
3020300000010000000000300100200012
0020000201210220021000233010112002
2000310000110000030000000200100011
0000000000010100100011000030100000
0002000000003000000000330002002100
2200003000300100202000003000000000
0200020000000002000010000003000030
0000020010000000000030000003002100
2020000200031010030010022000000003
0030000020310000001001211020301000
3020020000000000003013200300001030
0000000100020000100022010020000022
0003030000231103303300030000002000
1003001001210010000003000000000303
0300201122330000200002000000210000
1001300000000000000200000002000000
0000001000030000003001300010020003
3200200000000000020000000000300003
0000000020000000020000230200000000
0201100001002003021030000200000300
3000030000000003100001022000000000
1000030002003000000000020031000000
1000012030200000000000000000003000
0000000000020000020010100000010002
0010300030000010000003000012003000
2000000002300000200003000010000000
2011120120000203200102000000230000
0220203001120300002303300230000101
1003000000000000000013200000000000
