34 3
0210100020000220003010000000000013
0200020002000000020100130000010013
0023000000100000131000010000303020
1000000000000020002000300000300030
0001030220000002000000002001010000
2300000000001000020000000000000000
1200001001000001003200000020000003
0100001200030330000000020000000020
0021000000300003003300000031000020
0002010020200000000010100000023020
0012210030000103002000200000000000
0003000002000003000000032000020200
0000303220100230000020030000000101
0000000000030000030000303010030000
1000003022001000020011012000001002
1000030000100030000000000001000000
0000000000003230100100000020100130
0122200300010200110020000000300000
1130003010031000000000003010000200
2000001000300231100010000000000030
0000022300000130002001000000000300
0200020000000330020020010000030000
0000021300100000003210030032000200
3010100000100000223001020000200100
0000000000000003030000000030100000
0000000210010000000300000020000000
0103002000100010001200000010300023
0032202200003000200000002021000002
2000311010002000000020030100030000
0000000000310003100001000002000033
0003100000200300003100301000020000
0033000100000303002103030000000030
0310330000020030200000200100000010
0000030012200000012000010200300133
