34 3
0000020130000000000100010310103000
0000300000003200100030000000000000
0000000000000000010000033000000020
0303000000100012003030200220000000
0201310000000232200001000000210000
0000020000022010000000000100022323
0010000012100001000002000033230000
0000003001002330000210000002000020
0020020230000002000000201300020020
3000000200000000300000200110000003
0001200001000000000001000110000010
0010013000000122000020000100000122
0003000000000030000000030033300202
0031301000000020000330100000030030
0020000003100333231001002000100200
1300000000000300200000000000000010
0000010000100100000000020000300003
0003010301220023000100301000000000
0000101203002000000000200003030010
0300003300300010021000000000232000
0001100202000000000200000000002000
0010000100110300200100000000032002
2000000302010002012000000000301000
3010020000001000000012000033020000
0000200031001003000020000000103003
0311020003011000223011003000201200
0002030300000003110200000000000031
3000002000220000000000220001000001
0000000000020000130003000000030000
0120000010000003003300020003020020
2003020310000010001000000000300000
0000001000000000000100002000100010
0300002230000100200010000013030000
1013032000033000000003002100002000
