34 3
0300001002022230100002000001000100
0012000000003000301020030000030020
1030000000000000020100000200000000
0213000020220000003032000002003001
2000210302020021020003002002000001
0010001031000001300000030000000030
0001000000003003020000000200220101
3000000200001000000000000010000000
0000000033013100030000001000310000
0300000000002000330010000003000022
0120000000000111030000101000000030
1000101002000000010100000002000000
0000000200000020200000133000000100
0010202001300000000201230100000020
1203020030000010000020300022010310
0000001030020302320003300303130310
0030001200000000130032000000100000
0000030100000000021320000300000000
0010010330000030000200200000020000
2013012030202002320300000000002002
0000000000003020110001200200003330
0002300003010300000000010003120000
0000000300013010301300002003100021
0000000001001000003200130101000210
2030010032000000000000000000020030
0030030000000000210000201203000000
0120100020000000020000100000300003
0003000023010000100000100100032000
0000000000002210001000002020003203
3000000000000000000000000010001001
0000000000000000000010010000000000
1001000002200010000200000031000000
0030000000030020300001001000000000
0020302020000000030300002230033000
