34 3
0101000002000030000012202000300020
3230000000030100020000300003000000
0000101000000000032000020021000000
0100330300020200000000000010200203
0000000000000030000022000000000000
0202001000020000203100030000000001
0000303301002000300010020000130002
0000000000000100000000010020102000
3300000303000001002022013030010000
0003000000100000001000000300000000
0123000320000033100003000300000200
0301002002003301220010000000300000
1000300103020000000001003000000000
0000200100000030000003000120002201
1111000200020000000000021000022000
0003020200202203020322010000000023
0200000000303000020000000000020020
3001300001201000000200012000000003
0000000000000000000000010001300000
1000000202202000000000030000201000
0220000003010101000000003033001001
2000021011003201033030000003000000
0002100010000100001103100200000033
0100010000320000003102000100000000
0000033000300000322033200010300300
0000002000000021201300010011000010
0300000032000020210300000000200000
0200000002000000300000031101000000
0001000020021000001002002030000000
1001101001000003200101000120031100
0003000000100000311000302000301013
0000000001003130003000000000000230
0003030000000000012000030000301000
0000020020002000300002000000000003
