34 3
0000000020300020200000000000000110
3000210000000100000001010100010003
1000003202310100032000002030000012
0300103010000000003003031030001200
3000000001001000000030030300000002
1300003020033210000321020110220000
0000001003200030000000000000120020
1012300300020300003000000100000000
0000300000012100000000220030000003
0000000001033000100000000300000031
1300002001000012000000000000000010
0200000012100100300130000000012000
0000000220010100200000200001000100
0000300000030320000000000130010200
0300300002010020100203300003000003
3000130300220100200020010100002000
0000200030000200000020200200120000
0130000001000100000020000230000000
3300000000102000100000000003300000
1000032000000000000000030020000230
0002002010001003000000020002021112
3000000030020002300200001001000002
0022000300002030000030000203000030
0302000010000310000030200300110102
0000000000001001020010000003000000
0100000200003000000020000000000000
3102000000000100310000012301210020
0013000000000000000002232000001000
0001000000300000000000000000000030
0000000000000020000300002000020002
0330020013030000000130000101300002
0020010003000000300100200030031000
2000000001002203001300000000000222
2030010301000001020020000030100031
