34 3
0210000010020313100000000001300000
0033001200000320030000000000100001
0000000000000030010111000003001301
3011332000030010000000200000000100
0230003000020010000000200000000000
0000001000011000010000000000001200
0200220200000000000200000302000000
0300100003220100000121020300000201
0200000100100002300000000200000002
0002002030300000002020013100000000
0000201000000030000020310000322020
1000000000000000000200331013000021
2013020030000000210000032001020000
3003010001000230202100013000300000
0000000030200100200000000000030000
0000301002000010000030300300030000
0200000000000000200000000000020320
1300001120303100002000030030021001
2000000001010000003000000000110000
0003113000200333000000213000020330
0013000101003030220320000030200001
0200003000100300020100100000000000
0000030001000300001000100003000000
0000300020200330021003000020003000
1000000000000000200020200100000200
0101100002000300000000102000020001
2000000000000000000000002102002003
0000000000010130020000201210000020
0000003010000000000010000030300000
0202003012000030000001030003310000
0012001200000000000000000000031300
3003030300000002000000020200000003
0300030300120023000000000020000000
3203210001121010002000122000000003
