34 3
0000010210000030000200000020100000
0100000001100010030030000001232000
0000000000000001001000011300000030
0000000110303200000033020300030000
0002300000000000000000030100000000
2002020020100000002000000230000200
0001000213200000202001002000001010
3000000022130320030032021000000000
0000000010000001000000100000002000
2000000000000000000001321200000002
0000000030200200020000000201000102
0000032033003000000000000102200002
0000000102200000000000020000002000
0000012113000110200000002010310003
2000003200030030001000313000003000
0223002000300000000002000001031000
0100200000000002000003000030000102
0000032200000003021003000102010320
0100020100100023003121000000000000
0010020001000200000000030000000100
0000202000000000030020000010000020
0030000002000003000030020200000000
3000030000020000000000030000300001
0000010200000000300000000110003033
0330000000030010000000030003001010
0030200000000001000032130300030003
2022220100000002000002000000000030
0300001330000032310000002100230333
0100201001100301001001200000000113
0000003000103000300000000202310131
0101000100010202000032000301020000
0020100300120000020100310000000000
0000011310030000200000300320001000
0000130000003000310300100000021000
