34 3
0000000000130320002103001000131000
1020002302000003000001002002200011
0030030100000000010002000000313311
0003000030000002000000010000200000
0000000000000000012021300100020000
0332010032020120000000100000001021
0020130020000103000100000000000002
3000000003001330010030000000200202
0100001010002000310330020021200300
0000000100000001100022030033003000
0030000000300300120000000000000002
2030300000010030000010000000000000
1210000000000000100030010000000001
3030000110000220000000012000101010
0100020000003003200002000202000000
1012030000000020200030000000000010
0000302000010000000001020001202030
0300000300002000020021332030320000
0032000000002000000010100210000100
0020020030000020000330223000000000
2000000202002000031021200300100100
0000000101000010000201033000100030
0003010000000002000001333020001000
0001100030030013300300003000000000
0030223002001000000000320000020020
0002000000000000001200001003300000
0000000003000000200320000000000000
0020100200200202300031000100003000
0000033010010300000330010000003000
0020000012303010021001000000000000
0001030000000100000300000120102002
0000002002000100000301120000320000
0003000011030030200000000000300000
0000030001000000000200000000020000
