34 3
0200120000001003000000000000003000
0200000020300000032200030020000300
0000100200000002000000010300001130
0000002322100201200000001010000100
0020130030110030001303000011000301
1302000003000112300220000010100000
0000020020000100110000000000001000
0202020120303000000000000010000002
0110100023000001001000000000032000
0000000200003000010000300000003100
0000000030000100301000001300003000
0000003000200000010130000301310000
0030101200032000303000000000000000
0000200000030001220000230002200023
1000000000000020100100003000000000
0001010002001000030103000010000030
1022000000000000003010300030003001
3322000200000000030000000000120000
0001001010100002000012010003200001
0300000001000000002300000201000000
3000013003020000000003020003000030
0000003000001302002000002000020110
0100000000200000000010020200300010
0002000223002000300021330030203232
0000000000020130330003000300030000
1010103003001200000000221002000000
0010000000030030000001203300020003
0200010000020000300000000000101000
0003000233000201000002000100000000
0000000200311200000203000002001000
3300030000000030012020000002000001
2000000020003020120103000003023000
0000010030200010000000002000000303
0202020011000000000002020100000000
