34 3
1000030300000000012010020000300031
0300000310003000021000010000033000
0000300001330000003000003003003001
0000000210300312010000110002000001
0200000232220000100000001200000000
0000002010000000002013000001300020
1000000000300000000001302302000000
0030000200002000300000000003001000
0000000300100011120000000100000000
1000300201000200002000100010000000
3000030020011000000100000001200000
0010000000000000000100201000030000
2001000300302000200000000202000300
0301030001200201000100200000030302
0001100000000000000202001103003020
3002002100021020000220000320300001
0000330213000000020000100101300030
0000010000100100200001000000010000
0000301000030000010002023000030003
0020000003000002012000000010200000
0000000002121302030000100030000000
0020000000100020302300003000003201
0001020000202000200030002000000000
1000010000002000002220023101000020
2000012000000011300033200000030003
2010032010001000200000033001000031
0000023010000000300000002300030001
3000000002300100300000000010020030
0030200031010000000020000000023020
3000020001000020020000000012000000
0021103030300203030000030032302010
1001000002001000000003100000030000
2000002000000000000000000000020003
0000303020000011303000002100000000
