34 3
0000000003100300000000000000000003
0020300000000100220030122000000000
0010333000000002100103000001100130
1030010020000020000000001000000000
0000110000010003000330020000000000
0300210103100010301000000000001002
0002001231300000001000030030020000
2010000300322030000000023002001000
3000000000000003000201100223030300
1000030000100300001000002000110000
0300000000000030200000300020000220
2200230230003000300200302000000203
0000000000031000001120001023000000
0000000000100010000000010000000000
0003100002003000020200003000012200
0330000303000021000000120000001001
0003000010001000100010000300003000
0020000003320230000000000000020000
0030203300001030000130000200100100
2101310000000202100030002001000000
3000000201003001000000021201022000
0300002200000301020002100210003000
0000000000200000101320000000000000
0020000003000010300100002000000000
0000000000100010000000002002000130
2030202000010000001100000203200002
0030302000000000021010100000002000
0003031000300000311200023010201002
0000023100200000020030020000030000
0000130000002030002000000002000000
0000131003200000000100001023002020
0101000303012000000023000000010300
1200100000000203131000030002000200
0003001030100000000300030000200000
