34 3
0020000030000000002030200000010000
1000000300000000203002000000000002
0201000200030032303000010000020001
0012231001300003000010000103000000
1003000003000001231000300000000110
0030100300000002000010330330001010
0010000000102203000010300000000010
0000002300022000001010202000030003
2320010000300003000002003333030000
3011000211000000100020203000030003
0000000000002000001000100020012020
0000101030030030331301003000000300
2202000020000100030003200000000333
0000130000230002003003020000001000
0001001020010222000000002120210300
0000012000000000132000001100101200
0103000330000002100000000001000000
0203000000000032002030001000002000
0300000000003001300001000100000003
1000010100230000000000002030000000
2000000000030000000003001000000010
3000002000001020032003100002002000
3010020300002000003030102010002003
0000000030000230000000030000002023
0223000100000211000202010000000020
0101001002000000020000000010000000
2000000110000000000000200300110000
0033130010000002001020000000010100
1302300000030000000200001000002000
0010000000200300000000030000000000
1000000200000223003003002000000000
1003000301000000000000020300021001
0001002000002200100020000120000000
0001122000000020002000000000000001
