2232266157
20 14 50
9999999999999999999999999999
9999999999999999999999999999
9999999999999999999999999999
9999999999999999999999999999
9999999999999999999999999999
9999999999999999999999999999
9999999999999999999999999999
9999999999999999999999999999
9999999999999999999999999999
9999999999999999999999999999
9999999999999999999999999999
9999999999999999999999999999
9999999999999999999999999999
9999999999999999999999999999
9999999999999999999999999999
9999999999999999999999999999
9999999999999999999999999999
9999999999999999999999999999
9999999999999999999999999999
9999999999999999999999999999
9999999999999999999999999999
9999999999999999999999999999
9999999999999999999999999999
9999999999999999999999999999
9999999999999999999999999999
9999999999999999999999999999
9999999999999999999999999999
9999999999999999999999999999
9999999999999999999999999999
9999999999999999999999999999
9999999999999999999999999999
5959595959595959595959595959
9999999999999999999999999999
9999999999999999999999999999
9999999999999999999999999999
9999999999999999999999999999
9999999999999999999999999999
9999999999999999999999999999
9999999999999999999999999999
9999999999999999999999999999
9999999999999999999999999999
9999999999999999999999999999
9999999999999999999999999999
9999999999999999999999999999
9999999999999999999999999999
9999999999999999999999999999
9999999999999999999999999999
9999999999999999999999999999
9999999999999999999999999999
9999999999999999999999999999
9999999999999999999999999999
7979797979797979797979797979
9999999999999999999999999999
9999999999999999999999999999
9999999999999999999999999999
9999999999999999999999999999
9999999999999999999999999999
9999999999999999999999999999
9999999999999999999999999999
9999999999999999999999999999
9999999999999999999999999999
9999999999999999999999999999
9999999999999999999999999999
9999999999999999999999999999
9999999999999999999999999999
9999999999999999999999999999
9999999999999999999999999999
9999999999999999999999999999
9999999999999999999999999999
9999999999999999999999999999
9999999999999999999999999999
6969696969696969696969696969
9999999999999999999999999999
9999999999999999999999999999
9999999999999999999999999999
9999999999999999999999999999
9999999999999999999999999999
9999999999999999999999999999
9999999999999999999999999999
9999999999999999999999999999
9999999999999999999999999999
9999999999999999999999999999
9999999999999999999999999999
9999999999999999999999999999
9999999999999999999999999999
9999999999999999999999999999
9999999999999999999999999999
9999999999999999999999999999
9999999999999999999999999999
9999999999999999999999999999
9999999999999999999999999999
7979797979797979797979797979
9999999999999999999999999999
9999999999999999999999999999
9999999999999999999999999999
9999999999999999999999999999
9999999999999999999999999999
5959595959595959595959595959
9999999999999999999999999999
9999999999999999999999999999
9999999999999999999999999999
9999999999999999999999999999
9999999999999999999999999999
9999999999999999999999999999
9999999999999999999999999999
9999999999999999999999999999
9999999999999999999999999999
9999999999999999999999999999
9999999999999999999999999999
9999999999999999999999999999
9999999999999999999999999999
7979797979797979797979797979
9999999999999999999999999999
9999999999999999999999999999
9999999999999999999999999999
9999999999999999999999999999
9999999999999999999999999999
3939393939393939393939393939
9999999999999999999999999999
9999999999999999999999999999
9999999999999999999999999999
9999999999999999999999999999
9999999999999999999999999999
9999999999999999999999999999
9999999999999999999999999999
9999999999999999999999999999
9999999999999999999999999999
9999999999999999999999999999
9999999999999999999999999999
9999999999999999999999999999
9999999999999999999999999999
7979797979797979797979797979
9999999999999999999999999999
9999999999999999999999999999
9999999999999999999999999999
9999999999999999999999999999
9999999999999999999999999999
4949494949494949494949494949
9999999999999999999999999999
9999999999999999999999999999
9999999999999999999999999999
9999999999999999999999999999
9999999999999999999999999999
9999999999999999999999999999
9999999999999999999999999999
9999999999999999999999999999
9999999999999999999999999999
5959595959595959595959595959
9999999999999999999999999999
9999999999999999999999999999
9999999999999999999999999999
7979797979797979797979797979
9999999999999999999999999999
9999999999999999999999999999
9999999999999999999999999999
9999999999999999999999999999
9999999999999999999999999999
4949494949494949494949494949
9999999999999999999999999999
9999999999999999999999999999
9999999999999999999999999999
9999999999999999999999999999
9999999999999999999999999999
9999999999999999999999999999
9999999999999999999999999999
9999999999999999999999999999
9999999999999999999999999999
3939393939393939393939393939
9999999999999999999999999999
9999999999999999999999999999
9999999999999999999999999999
7979797979797979797979797979
9999999999999999999999999999
9999999999999999999999999999
9999999999999999999999999999
9999999999999999999999999999
9999999999999999999999999999
4949494949494949494949494949
9999999999999999999999999999
9999999999999999999999999999
9999999999999999999999999999
9999999999999999999999999999
9999999999999999999999999999
9999999999999999999999999999
9999999999999999999999999999
9999999999999999999999999999
9999999999999999999999999999
4949494949494949494949494949
9999999999999999999999999999
9999999999999999999999999999
9999999999999999999999999999
7979797979797979797979797979
9999999999999999999999999999
9999999999999999999999999999
9999999999999999999999999999
9999999999999999999999999999
9999999999999999999999999999
4949494949494949494949494949
9999999999999999999999999999
9999999999999999999999999999
9999999999999999999999999999
9999999999999999999999999999
9999999999999999999999999999
9999999999999999999999999999
9999999999999999999999999999
9999999999999999999999999999
9999999999999999999999999999
4949494949494949494949494949
9999999999999999999999999999
9999999999999999999999999999
5959595959595959595959595959
7979797979797979797979797979
9999999999999999999999999999
9999999999999999999999999999
9999999999999999999999999999
9999999999999999999999999999
9999999999999999999999999999
4949494949494949494949494949
9999999999999999999999999999
9999999999999999999999999999
9999999999999999999999999999
9999999999999999999999999999
9999999999999999999999999999
9999999999999999999999999999
9999999999999999999999999999
9999999999999999999999999999
9999999999999999999999999999
4949494949494949494949494949
9999999999999999999999999999
9999999999999999999999999999
3939393939393939393939393939
7979797979797979797979797979
9999999999999999999999999999
9999999999999999999999999999
9999999999999999999999999999
9999999999999999999999999999
9999999999999999999999999999
4949494949494949494949494949
9999999999999999999999999999
9999999999999999999999999999
9999999999999999999999999999
9999999999999999999999999999
9999999999999999999999999999
9999999999999999999999999999
9999999999999999999999999999
9999999999999999999999999999
9999999999999999999999999999
4949494949494949494949494949
9999999999999999999999999999
9999999999999999999999999999
4949494949494949494949494949
7979797979797979797979797979
9999999999999999999999999999
9999999999999999999999999999
9999999999999999999999999999
9999999999999999999999999999
9999999999999999999999999999
4949494949494949494949494949
9999999999999999999999999999
9999999999999999999999999999
9999999999999999999999999999
9999999999999999999999999999
9999999999999999999999999999
9999999999999999999999999999
9999999999999999999999999999
9999999999999999999999999999
9999999999999999999999999999
4949494949494949494949494949
9999999999999999999999999999
9999999999999999999999999999
5959595959595959595959595959
7575757575757575757575757575
9999999999999999999999999999
9999999999999999999999999999
9999999999999999999999999999
9999999999999999999999999999
9999999999999999999999999999
4949494949494949494949494949
9999999999999999999999999999
9999999999999999999999999999
9999999999999999999999999999
9999999999999999999999999999
9999999999999999999999999999
9999999999999999999999999999
9999999999999999999999999999
9999999999999999999999999999
9999999999999999999999999999
4949494949494949494949494949
9999999999999999999999999999
9999999999999999999999999999
5959595959595959595959595959
7777777777777777777777777777
9999999999999999999999999999
9999999999999999999999999999
9999999999999999999999999999
9999999999999999999999999999
9999999999999999999999999999
4949494949494949494949494949
9999999999999999999999999999
9999999999999999999999999999
9999999999999999999999999999
9999999999999999999999999999
9999999999999999999999999999
9999999999999999999999999999
9999999999999999999999999999
9999999999999999999999999999
9999999999999999999999999999
4949494949494949494949494949
9999999999999999999999999999
9999999999999999999999999999
5959595959595959595959595959
7676767676767676767676767676
9999999999999999999999999999
9999999999999999999999999999
9999999999999999999999999999
9999999999999999999999999999
9999999999999999999999999999
4949494949494949494949494949
9999999999999999999999999999
9999999999999999999999999999
9999999999999999999999999999
9999999999999999999999999999
9999999999999999999999999999
9999999999999999999999999999
9999999999999999999999999999
9999999999999999999999999999
9999999999999999999999999999
4949494949494949494949494949
9999999999999999999999999999
9999999999999999999999999999
5959595959595959595959595959
7777777777777777777777777777
9999999999999999999999999999
9999999999999999999999999999
9999999999999999999999999999
9999999999999999999999999999
9999999999999999999999999999
4545454545454545454545454545
9999999999999999999999999999
9999999999999999999999999999
9999999999999999999999999999
9999999999999999999999999999
9999999999999999999999999999
9999999999999999999999999999
9999999999999999999999999999
9999999999999999999999999999
9999999999999999999999999999
4949494949494949494949494949
9999999999999999999999999999
9999999999999999999999999999
5959595959595959595959595959
7777777777777777777777777777
9999999999999999999999999999
9999999999999999999999999999
9999999999999999999999999999
9999999999999999999999999999
9999999999999999999999999999
4343434343434343434343434343
9999999999999999999999999999
9999999999999999999999999999
9999999999999999999999999999
9999999999999999999999999999
9999999999999999999999999999
9999999999999999999999999999
9999999999999999999999999999
9999999999999999999999999999
9999999999999999999999999999
4949494949494949494949494949
9999999999999999999999999999
9999999999999999999999999999
5959595959595959595959595959
7777777777777777777777777777
9999999999999999999999999999
9999999999999999999999999999
9999999999999999999999999999
9999999999999999999999999999
9999999999999999999999999999
4242424242424242424242424242
9999999999999999999999999999
9999999999999999999999999999
9999999999999999999999999999
9999999999999999999999999999
9999999999999999999999999999
9999999999999999999999999999
9999999999999999999999999999
9999999999999999999999999999
9999999999999999999999999999
4545454545454545454545454545
9999999999999999999999999999
9999999999999999999999999999
5959595959595959595959595959
7777777777777777777777777777
9999999999999999999999999999
9999999999999999999999999999
9999999999999999999999999999
9999999999999999999999999999
9999999999999999999999999999
4242424242424242424242424242
9999999999999999999999999999
9999999999999999999999999999
9999999999999999999999999999
9999999999999999999999999999
9999999999999999999999999999
9999999999999999999999999999
9999999999999999999999999999
9999999999999999999999999999
9999999999999999999999999999
4343434343434343434343434343
9999999999999999999999999999
9999999999999999999999999999
5959595959595959595959595959
7777777777777777777777777777
9999999999999999999999999999
9999999999999999999999999999
9999999999999999999999999999
9999999999999999999999999999
9999999999999999999999999999
4242424242424242424242424242
9999999999999999999999999999
9999999999999999999999999999
9999999999999999999999999999
9999999999999999999999999999
9999999999999999999999999999
9999999999999999999999999999
9999999999999999999999999999
9999999999999999999999999999
9999999999999999999999999999
4242424242424242424242424242
9999999999999999999999999999
9999999999999999999999999999
5959595959595959595959595959
7777777777777777777777777777
9999999999999999999999999999
9999999999999999999999999999
9999999999999999999999999999
9999999999999999999999999999
9999999999999999999999999999
4242424242424242424242424242
9999999999999999999999999999
9999999999999999999999999999
9999999999999999999999999999
9999999999999999999999999999
9999999999999999999999999999
9999999999999999999999999999
9999999999999999999999999999
9999999999999999999999999999
9999999999999999999999999999
4242424242424242424242424242
9999999999999999999999999999
9999999999999999999999999999
5555555555555555555555555555
7777777777777777777777777777
9999999999999999999999999999
9999999999999999999999999999
9999999999999999999999999999
9999999999999999999999999999
9999999999999999999999999999
4242424242424242424242424242
9999999999999999999999999999
9999999999999999999999999999
9999999999999999999999999999
9999999999999999999999999999
9999999999999999999999999999
9999999999999999999999999999
9999999999999999999999999999
9999999999999999999999999999
9999999999999999999999999999
4242424242424242424242424242
9999999999999999999999999999
9999999999999999999999999999
5757575757575757575757575757
7777777777777777777777777777
9999999999999999999999999999
9999999999999999999999999999
9999999999999999999999999999
9999999999999999999999999999
9999999999999999999999999999
4242424242424242424242424242
9999999999999999999999999999
9999999999999999999999999999
9999999999999999999999999999
9999999999999999999999999999
9999999999999999999999999999
9999999999999999999999999999
9999999999999999999999999999
9999999999999999999999999999
9999999999999999999999999999
4242424242424242424242424242
9999999999999999999999999999
9999999999999999999999999999
5858585858585858585858585858
7777777777777777777777777777
9999999999999999999999999999
9999999999999999999999999999
9999999999999999999999999999
9999999999999999999999999999
9999999999999999999999999999
4242424242424242424242424242
9999999999999999999999999999
9999999999999999999999999999
9999999999999999999999999999
9999999999999999999999999999
9999999999999999999999999999
9999999999999999999999999999
9999999999999999999999999999
9999999999999999999999999999
9999999999999999999999999999
4242424242424242424242424242
9999999999999999999999999999
9999999999999999999999999999
5858585858585858585858585858
7777777777777777777777777777
9999999999999999999999999999
9999999999999999999999999999
5959595959595959595959595959
9999999999999999999999999999
9999999999999999999999999999
4242424242424242424242424242
9999999999999999999999999999
9999999999999999999999999999
9999999999999999999999999999
9999999999999999999999999999
9999999999999999999999999999
9999999999999999999999999999
9999999999999999999999999999
9999999999999999999999999999
9999999999999999999999999999
4242424242424242424242424242
9999999999999999999999999999
9999999999999999999999999999
5858585858585858585858585858
7777777777777777777777777777
9999999999999999999999999999
9999999999999999999999999999
7979797979797979797979797979
9999999999999999999999999999
9999999999999999999999999999
4242424242424242424242424242
9999999999999999999999999999
9999999999999999999999999999
9999999999999999999999999999
9999999999999999999999999999
9999999999999999999999999999
9999999999999999999999999999
9999999999999999999999999999
9999999999999999999999999999
9999999999999999999999999999
4242424242424242424242424242
9999999999999999999999999999
9999999999999999999999999999
5858585858585858585858585858
7777777777777777777777777777
9999999999999999999999999999
9999999999999999999999999999
6969696969696969696969696969
9999999999999999999999999999
9999999999999999999999999999
4242424242424242424242424242
9999999999999999999999999999
9999999999999999999999999999
9999999999999999999999999999
9999999999999999999999999999
9999999999999999999999999999
9999999999999999999999999999
9999999999999999999999999999
9999999999999999999999999999
9999999999999999999999999999
4242424242424242424242424242
9999999999999999999999999999
9999999999999999999999999999
5858585858585858585858585858
7777777777777777777777777777
5959595959595959595959595959
9999999999999999999999999999
7979797979797979797979797979
9999999999999999999999999999
9999999999999999999999999999
4242424242424242424242424242
9999999999999999999999999999
9999999999999999999999999999
9999999999999999999999999999
9999999999999999999999999999
9999999999999999999999999999
9999999999999999999999999999
9999999999999999999999999999
9999999999999999999999999999
9999999999999999999999999999
4242424242424242424242424242
9999999999999999999999999999
9999999999999999999999999999
5858585858585858585858585858
7777777777777777777777777777
3939393939393939393939393939
9999999999999999999999999999
7979797979797979797979797979
9999999999999999999999999999
9999999999999999999999999999
4242424242424242424242424242
9999999999999999999999999999
9999999999999999999999999999
9999999999999999999999999999
9999999999999999999999999999
9999999999999999999999999999
9999999999999999999999999999
9999999999999999999999999999
9999999999999999999999999999
9999999999999999999999999999
4242424242424242424242424242
9999999999999999999999999999
9999999999999999999999999999
5858585858585858585858585858
7777777777777777777777777777
4949494949494949494949494949
9999999999999999999999999999
7979797979797979797979797979
9999999999999999999999999999
9999999999999999999999999999
4242424242424242424242424242
9999999999999999999999999999
9999999999999999999999999999
9999999999999999999999999999
9999999999999999999999999999
9999999999999999999999999999
9999999999999999999999999999
9999999999999999999999999999
9999999999999999999999999999
9999999999999999999999999999
4242424242424242424242424242
9999999999999999999999999999
9999999999999999999999999999
5858585858585858585858585858
7777777777777777777777777777
5959595959595959595959595959
5959595959595959595959595959
7979797979797979797979797979
9999999999999999999999999999
9999999999999999999999999999
4242424242424242424242424242
9999999999999999999999999999
9999999999999999999999999999
9999999999999999999999999999
9999999999999999999999999999
9999999999999999999999999999
9999999999999999999999999999
9999999999999999999999999999
9999999999999999999999999999
9999999999999999999999999999
4242424242424242424242424242
9999999999999999999999999999
9999999999999999999999999999
5858585858585858585858585858
7777777777777777777777777777
5959595959595959595959595959
7979797979797979797979797979
7979797979797979797979797979
9999999999999999999999999999
9999999999999999999999999999
4242424242424242424242424242
9999999999999999999999999999
9999999999999999999999999999
9999999999999999999999999999
9999999999999999999999999999
9999999999999999999999999999
9999999999999999999999999999
9999999999999999999999999999
9999999999999999999999999999
9999999999999999999999999999
4242424242424242424242424242
9999999999999999999999999999
9999999999999999999999999999
5858585858585858585858585858
7777777777777777777777777777
5959595959595959595959595959
6969696969696969696969696969
7979797979797979797979797979
9999999999999999999999999999
9999999999999999999999999999
4242424242424242424242424242
9999999999999999999999999999
9999999999999999999999999999
9999999999999999999999999999
9999999999999999999999999999
9999999999999999999999999999
9999999999999999999999999999
9999999999999999999999999999
9999999999999999999999999999
9999999999999999999999999999
4242424242424242424242424242
9999999999999999999999999999
9999999999999999999999999999
5858585858585858585858585858
7777777777777777777777777777
5959595959595959595959595959
7979797979797979797979797979
7979797979797979797979797979
9999999999999999999999999999
5959595959595959595959595959
4242424242424242424242424242
9999999999999999999999999999
9999999999999999999999999999
9999999999999999999999999999
9999999999999999999999999999
9999999999999999999999999999
9999999999999999999999999999
9999999999999999999999999999
9999999999999999999999999999
9999999999999999999999999999
4242424242424242424242424242
9999999999999999999999999999
9999999999999999999999999999
5858585858585858585858585858
7777777777777777777777777777
5959595959595959595959595959
7979797979797979797979797979
7979797979797979797979797979
9999999999999999999999999999
7979797979797979797979797979
4242424242424242424242424242
9999999999999999999999999999
9999999999999999999999999999
9999999999999999999999999999
9999999999999999999999999999
9999999999999999999999999999
9999999999999999999999999999
9999999999999999999999999999
9999999999999999999999999999
9999999999999999999999999999
4242424242424242424242424242
9999999999999999999999999999
9999999999999999999999999999
5858585858585858585858585858
7777777777777777777777777777
5959595959595959595959595959
7979797979797979797979797979
7979797979797979797979797979
9999999999999999999999999999
6969696969696969696969696969
4242424242424242424242424242
9999999999999999999999999999
9999999999999999999999999999
9999999999999999999999999999
9999999999999999999999999999
9999999999999999999999999999
9999999999999999999999999999
9999999999999999999999999999
9999999999999999999999999999
9999999999999999999999999999
4242424242424242424242424242
9999999999999999999999999999
9999999999999999999999999999
5858585858585858585858585858
7777777777777777777777777777
5959595959595959595959595959
7979797979797979797979797979
7575757575757575757575757575
9999999999999999999999999999
7979797979797979797979797979
4242424242424242424242424242
9999999999999999999999999999
9999999999999999999999999999
9999999999999999999999999999
9999999999999999999999999999
9999999999999999999999999999
9999999999999999999999999999
9999999999999999999999999999
9999999999999999999999999999
9999999999999999999999999999
4242424242424242424242424242
9999999999999999999999999999
9999999999999999999999999999
5858585858585858585858585858
7777777777777777777777777777
5959595959595959595959595959
7979797979797979797979797979
7373737373737373737373737373
9999999999999999999999999999
7979797979797979797979797979
4242424242424242424242424242
9999999999999999999999999999
9999999999999999999999999999
9999999999999999999999999999
9999999999999999999999999999
9999999999999999999999999999
9999999999999999999999999999
9999999999999999999999999999
9999999999999999999999999999
9999999999999999999999999999
4242424242424242424242424242
9999999999999999999999999999
9999999999999999999999999999
5858585858585858585858585858
7777777777777777777777777777
5959595959595959595959595959
7979797979797979797979797979
7474747474747474747474747474
9999999999999999999999999999
7979797979797979797979797979
4242424242424242424242424242
9999999999999999999999999999
9999999999999999999999999999
9999999999999999999999999999
5959595959595959595959595959
9999999999999999999999999999
9999999999999999999999999999
9999999999999999999999999999
9999999999999999999999999999
9999999999999999999999999999
4242424242424242424242424242
9999999999999999999999999999
9999999999999999999999999999
5858585858585858585858585858
7777777777777777777777777777
5959595959595959595959595959
7979797979797979797979797979
7474747474747474747474747474
9999999999999999999999999999
7979797979797979797979797979
4242424242424242424242424242
9999999999999999999999999999
9999999999999999999999999999
9999999999999999999999999999
7979797979797979797979797979
9999999999999999999999999999
9999999999999999999999999999
9999999999999999999999999999
9999999999999999999999999999
9999999999999999999999999999
4242424242424242424242424242
9999999999999999999999999999
9999999999999999999999999999
5858585858585858585858585858
7777777777777777777777777777
5959595959595959595959595959
7979797979797979797979797979
7474747474747474747474747474
9999999999999999999999999999
7979797979797979797979797979
4242424242424242424242424242
9999999999999999999999999999
9999999999999999999999999999
9999999999999999999999999999
6969696969696969696969696969
9999999999999999999999999999
9999999999999999999999999999
9999999999999999999999999999
9999999999999999999999999999
9999999999999999999999999999
4242424242424242424242424242
9999999999999999999999999999
9999999999999999999999999999
5858585858585858585858585858
7777777777777777777777777777
5959595959595959595959595959
7979797979797979797979797979
7474747474747474747474747474
9999999999999999999999999999
7979797979797979797979797979
4242424242424242424242424242
9999999999999999999999999999
9999999999999999999999999999
9999999999999999999999999999
6969696969696969696969696969
9999999999999999999999999999
9999999999999999999999999999
9999999999999999999999999999
9999999999999999999999999999
9999999999999999999999999999
4242424242424242424242424242
9999999999999999999999999999
9999999999999999999999999999
5858585858585858585858585858
7777777777777777777777777777
5555555555555555555555555555
7979797979797979797979797979
7474747474747474747474747474
9999999999999999999999999999
7979797979797979797979797979
4242424242424242424242424242
9999999999999999999999999999
9999999999999999999999999999
9999999999999999999999999999
6969696969696969696969696969
9999999999999999999999999999
9999999999999999999999999999
9999999999999999999999999999
9999999999999999999999999999
9999999999999999999999999999
4242424242424242424242424242
9999999999999999999999999999
9999999999999999999999999999
5858585858585858585858585858
7777777777777777777777777777
5353535353535353535353535353
7979797979797979797979797979
7474747474747474747474747474
9999999999999999999999999999
7979797979797979797979797979
4242424242424242424242424242
9999999999999999999999999999
9999999999999999999999999999
9999999999999999999999999999
6969696969696969696969696969
9999999999999999999999999999
9999999999999999999999999999
9999999999999999999999999999
9999999999999999999999999999
9999999999999999999999999999
4242424242424242424242424242
9999999999999999999999999999
9999999999999999999999999999
5858585858585858585858585858
7777777777777777777777777777
5454545454545454545454545454
7979797979797979797979797979
7474747474747474747474747474
9999999999999999999999999999
7979797979797979797979797979
4242424242424242424242424242
9999999999999999999999999999
9999999999999999999999999999
9999999999999999999999999999
6969696969696969696969696969
9999999999999999999999999999
9999999999999999999999999999
9999999999999999999999999999
9999999999999999999999999999
9999999999999999999999999999
4242424242424242424242424242
9999999999999999999999999999
9999999999999999999999999999
5858585858585858585858585858
7777777777777777777777777777
5454545454545454545454545454
7575757575757575757575757575
7474747474747474747474747474
9999999999999999999999999999
7979797979797979797979797979
4242424242424242424242424242
9999999999999999999999999999
9999999999999999999999999999
9999999999999999999999999999
6969696969696969696969696969
9999999999999999999999999999
9999999999999999999999999999
9999999999999999999999999999
9999999999999999999999999999
9999999999999999999999999999
4242424242424242424242424242
9999999999999999999999999999
9999999999999999999999999999
5858585858585858585858585858
7777777777777777777777777777
5454545454545454545454545454
7373737373737373737373737373
7474747474747474747474747474
9999999999999999999999999999
7979797979797979797979797979
4242424242424242424242424242
9999999999999999999999999999
9999999999999999999999999999
9999999999999999999999999999
6969696969696969696969696969
9999999999999999999999999999
9999999999999999999999999999
9999999999999999999999999999
9999999999999999999999999999
9999999999999999999999999999
4242424242424242424242424242
9999999999999999999999999999
9999999999999999999999999999
5858585858585858585858585858
7777777777777777777777777777
5454545454545454545454545454
7272727272727272727272727272
7474747474747474747474747474
9999999999999999999999999999
7979797979797979797979797979
4242424242424242424242424242
9999999999999999999999999999
9999999999999999999999999999
9999999999999999999999999999
6969696969696969696969696969
9999999999999999999999999999
9999999999999999999999999999
9999999999999999999999999999
9999999999999999999999999999
9999999999999999999999999999
4242424242424242424242424242
9999999999999999999999999999
5959595959595959595959595959
5858585858585858585858585858
7777777777777777777777777777
5454545454545454545454545454
7373737373737373737373737373
7474747474747474747474747474
9999999999999999999999999999
7979797979797979797979797979
4242424242424242424242424242
9999999999999999999999999999
9999999999999999999999999999
