2748702755
14 15 100
999999999999999999999999999999
999999999999999999999999999999
999999999999999999999999999999
999999999999999999999999999999
999999999999999999999999999999
999999999999999999999999999999
999999999999999999999999999999
999999999999999999999999999999
999999999999999999999999999999
999999999999999999999999999999
999999999999999999999999999999
999999999999999999999999999999
999999999999999999999999999999
999999999999999999999999999999
999999999999999999999999999999
999999999999999999999999999999
999999999999999999999999999999
999999999999999999999999999999
999999999999999999999999999999
999999999999999999999999999999
999999999999999999999999999999
999999999999999999999999999999
999999999999999999999999999999
999999999999999999999999999999
999999999999999999999999999999
999999999999999999999999999999
999999999999999999999999999999
595959595959595959595959595959
999999999999999999999999999999
999999999999999999999999999999
999999999999999999999999999999
999999999999999999999999999999
999999999999999999999999999999
999999999999999999999999999999
999999999999999999999999999999
999999999999999999999999999999
999999999999999999999999999999
999999999999999999999999999999
999999999999999999999999999999
999999999999999999999999999999
999999999999999999999999999999
393939393939393939393939393939
999999999999999999999999999999
999999999999999999999999999999
999999999999999999999999999999
999999999999999999999999999999
999999999999999999999999999999
999999999999999999999999999999
999999999999999999999999999999
999999999999999999999999999999
999999999999999999999999999999
999999999999999999999999999999
999999999999999999999999999999
999999999999999999999999999999
999999999999999999999999999999
494949494949494949494949494949
999999999999999999999999999999
999999999999999999999999999999
999999999999999999999999999999
999999999999999999999999999999
999999999999999999999999999999
999999999999999999999999999999
999999999999999999999999999999
999999999999999999999999999999
999999999999999999999999999999
999999999999999999999999999999
999999999999999999999999999999
595959595959595959595959595959
999999999999999999999999999999
595959595959595959595959595959
999999999999999999999999999999
999999999999999999999999999999
999999999999999999999999999999
999999999999999999999999999999
999999999999999999999999999999
999999999999999999999999999999
999999999999999999999999999999
999999999999999999999999999999
999999999999999999999999999999
999999999999999999999999999999
999999999999999999999999999999
393939393939393939393939393939
999999999999999999999999999999
595959595959595959595959595959
999999999999999999999999999999
999999999999999999999999999999
999999999999999999999999999999
999999999999999999999999999999
999999999999999999999999999999
999999999999999999999999999999
999999999999999999999999999999
999999999999999999999999999999
999999999999999999999999999999
999999999999999999999999999999
999999999999999999999999999999
494949494949494949494949494949
999999999999999999999999999999
595959595959595959595959595959
999999999999999999999999999999
999999999999999999999999999999
999999999999999999999999999999
999999999999999999999999999999
999999999999999999999999999999
595959595959595959595959595959
999999999999999999999999999999
999999999999999999999999999999
999999999999999999999999999999
999999999999999999999999999999
999999999999999999999999999999
595959595959595959595959595959
999999999999999999999999999999
595959595959595959595959595959
999999999999999999999999999999
999999999999999999999999999999
999999999999999999999999999999
999999999999999999999999999999
999999999999999999999999999999
393939393939393939393939393939
999999999999999999999999999999
999999999999999999999999999999
999999999999999999999999999999
999999999999999999999999999999
999999999999999999999999999999
595959595959595959595959595959
999999999999999999999999999999
595959595959595959595959595959
999999999999999999999999999999
999999999999999999999999999999
999999999999999999999999999999
999999999999999999999999999999
999999999999999999999999999999
494949494949494949494949494949
999999999999999999999999999999
999999999999999999999999999999
999999999999999999999999999999
999999999999999999999999999999
999999999999999999999999999999
595959595959595959595959595959
999999999999999999999999999999
595959595959595959595959595959
999999999999999999999999999999
999999999999999999999999999999
999999999999999999999999999999
999999999999999999999999999999
999999999999999999999999999999
595959595959595959595959595959
999999999999999999999999999999
999999999999999999999999999999
999999999999999999999999999999
999999999999999999999999999999
999999999999999999999999999999
595959595959595959595959595959
999999999999999999999999999999
555555555555555555555555555555
999999999999999999999999999999
999999999999999999999999999999
999999999999999999999999999999
999999999999999999999999999999
999999999999999999999999999999
595959595959595959595959595959
999999999999999999999999999999
999999999999999999999999999999
999999999999999999999999999999
999999999999999999999999999999
999999999999999999999999999999
595959595959595959595959595959
999999999999999999999999999999
575757575757575757575757575757
999999999999999999999999999999
999999999999999999999999999999
999999999999999999999999999999
999999999999999999999999999999
999999999999999999999999999999
595959595959595959595959595959
999999999999999999999999999999
999999999999999999999999999999
999999999999999999999999999999
999999999999999999999999999999
999999999999999999999999999999
595959595959595959595959595959
999999999999999999999999999999
565656565656565656565656565656
999999999999999999999999999999
999999999999999999999999999999
999999999999999999999999999999
999999999999999999999999999999
999999999999999999999999999999
595959595959595959595959595959
999999999999999999999999999999
999999999999999999999999999999
999999999999999999999999999999
999999999999999999999999999999
999999999999999999999999999999
555555555555555555555555555555
999999999999999999999999999999
565656565656565656565656565656
999999999999999999999999999999
999999999999999999999999999999
999999999999999999999999999999
999999999999999999999999999999
999999999999999999999999999999
595959595959595959595959595959
999999999999999999999999999999
999999999999999999999999999999
999999999999999999999999999999
999999999999999999999999999999
999999999999999999999999999999
535353535353535353535353535353
999999999999999999999999999999
565656565656565656565656565656
999999999999999999999999999999
999999999999999999999999999999
999999999999999999999999999999
999999999999999999999999999999
999999999999999999999999999999
595959595959595959595959595959
999999999999999999999999999999
999999999999999999999999999999
999999999999999999999999999999
999999999999999999999999999999
999999999999999999999999999999
545454545454545454545454545454
999999999999999999999999999999
565656565656565656565656565656
999999999999999999999999999999
999999999999999999999999999999
595959595959595959595959595959
999999999999999999999999999999
999999999999999999999999999999
595959595959595959595959595959
999999999999999999999999999999
999999999999999999999999999999
999999999999999999999999999999
999999999999999999999999999999
999999999999999999999999999999
555555555555555555555555555555
999999999999999999999999999999
565656565656565656565656565656
999999999999999999999999999999
999999999999999999999999999999
393939393939393939393939393939
999999999999999999999999999999
999999999999999999999999999999
595959595959595959595959595959
999999999999999999999999999999
999999999999999999999999999999
999999999999999999999999999999
999999999999999999999999999999
999999999999999999999999999999
555555555555555555555555555555
999999999999999999999999999999
565656565656565656565656565656
999999999999999999999999999999
999999999999999999999999999999
292929292929292929292929292929
999999999999999999999999999999
999999999999999999999999999999
595959595959595959595959595959
999999999999999999999999999999
999999999999999999999999999999
999999999999999999999999999999
999999999999999999999999999999
999999999999999999999999999999
555555555555555555555555555555
999999999999999999999999999999
565656565656565656565656565656
999999999999999999999999999999
999999999999999999999999999999
393939393939393939393939393939
999999999999999999999999999999
999999999999999999999999999999
555555555555555555555555555555
999999999999999999999999999999
999999999999999999999999999999
999999999999999999999999999999
999999999999999999999999999999
999999999999999999999999999999
555555555555555555555555555555
999999999999999999999999999999
565656565656565656565656565656
999999999999999999999999999999
999999999999999999999999999999
393939393939393939393939393939
999999999999999999999999999999
999999999999999999999999999999
575757575757575757575757575757
999999999999999999999999999999
999999999999999999999999999999
999999999999999999999999999999
999999999999999999999999999999
999999999999999999999999999999
555555555555555555555555555555
999999999999999999999999999999
565656565656565656565656565656
999999999999999999999999999999
999999999999999999999999999999
393939393939393939393939393939
999999999999999999999999999999
999999999999999999999999999999
565656565656565656565656565656
999999999999999999999999999999
999999999999999999999999999999
999999999999999999999999999999
999999999999999999999999999999
999999999999999999999999999999
555555555555555555555555555555
999999999999999999999999999999
565656565656565656565656565656
999999999999999999999999999999
999999999999999999999999999999
393939393939393939393939393939
999999999999999999999999999999
595959595959595959595959595959
575757575757575757575757575757
999999999999999999999999999999
999999999999999999999999999999
999999999999999999999999999999
999999999999999999999999999999
999999999999999999999999999999
555555555555555555555555555555
999999999999999999999999999999
565656565656565656565656565656
999999999999999999999999999999
999999999999999999999999999999
393939393939393939393939393939
999999999999999999999999999999
393939393939393939393939393939
575757575757575757575757575757
999999999999999999999999999999
999999999999999999999999999999
999999999999999999999999999999
999999999999999999999999999999
999999999999999999999999999999
555555555555555555555555555555
999999999999999999999999999999
565656565656565656565656565656
999999999999999999999999999999
999999999999999999999999999999
393939393939393939393939393939
999999999999999999999999999999
494949494949494949494949494949
575757575757575757575757575757
999999999999999999999999999999
999999999999999999999999999999
999999999999999999999999999999
999999999999999999999999999999
999999999999999999999999999999
555555555555555555555555555555
999999999999999999999999999999
565656565656565656565656565656
999999999999999999999999999999
999999999999999999999999999999
393939393939393939393939393939
595959595959595959595959595959
595959595959595959595959595959
575757575757575757575757575757
999999999999999999999999999999
999999999999999999999999999999
999999999999999999999999999999
999999999999999999999999999999
999999999999999999999999999999
555555555555555555555555555555
999999999999999999999999999999
565656565656565656565656565656
999999999999999999999999999999
999999999999999999999999999999
393939393939393939393939393939
393939393939393939393939393939
595959595959595959595959595959
575757575757575757575757575757
999999999999999999999999999999
999999999999999999999999999999
999999999999999999999999999999
999999999999999999999999999999
999999999999999999999999999999
555555555555555555555555555555
999999999999999999999999999999
565656565656565656565656565656
999999999999999999999999999999
999999999999999999999999999999
393939393939393939393939393939
494949494949494949494949494949
595959595959595959595959595959
575757575757575757575757575757
999999999999999999999999999999
999999999999999999999999999999
999999999999999999999999999999
999999999999999999999999999999
999999999999999999999999999999
555555555555555555555555555555
999999999999999999999999999999
565656565656565656565656565656
999999999999999999999999999999
999999999999999999999999999999
353535353535353535353535353535
595959595959595959595959595959
595959595959595959595959595959
575757575757575757575757575757
999999999999999999999999999999
999999999999999999999999999999
999999999999999999999999999999
999999999999999999999999999999
999999999999999999999999999999
555555555555555555555555555555
999999999999999999999999999999
565656565656565656565656565656
999999999999999999999999999999
999999999999999999999999999999
333333333333333333333333333333
595959595959595959595959595959
595959595959595959595959595959
575757575757575757575757575757
999999999999999999999999999999
999999999999999999999999999999
999999999999999999999999999999
999999999999999999999999999999
999999999999999999999999999999
555555555555555555555555555555
999999999999999999999999999999
565656565656565656565656565656
999999999999999999999999999999
999999999999999999999999999999
323232323232323232323232323232
595959595959595959595959595959
595959595959595959595959595959
575757575757575757575757575757
999999999999999999999999999999
999999999999999999999999999999
999999999999999999999999999999
999999999999999999999999999999
999999999999999999999999999999
555555555555555555555555555555
999999999999999999999999999999
565656565656565656565656565656
999999999999999999999999999999
999999999999999999999999999999
333333333333333333333333333333
595959595959595959595959595959
555555555555555555555555555555
575757575757575757575757575757
999999999999999999999999999999
999999999999999999999999999999
999999999999999999999999999999
999999999999999999999999999999
999999999999999999999999999999
555555555555555555555555555555
999999999999999999999999999999
565656565656565656565656565656
999999999999999999999999999999
999999999999999999999999999999
333333333333333333333333333333
595959595959595959595959595959
575757575757575757575757575757
575757575757575757575757575757
999999999999999999999999999999
999999999999999999999999999999
999999999999999999999999999999
999999999999999999999999999999
999999999999999999999999999999
555555555555555555555555555555
999999999999999999999999999999
565656565656565656565656565656
999999999999999999999999999999
999999999999999999999999999999
333333333333333333333333333333
595959595959595959595959595959
565656565656565656565656565656
575757575757575757575757575757
999999999999999999999999999999
999999999999999999999999999999
999999999999999999999999999999
999999999999999999999999999999
999999999999999999999999999999
555555555555555555555555555555
999999999999999999999999999999
565656565656565656565656565656
999999999999999999999999999999
999999999999999999999999999999
333333333333333333333333333333
555555555555555555555555555555
575757575757575757575757575757
575757575757575757575757575757
999999999999999999999999999999
999999999999999999999999999999
999999999999999999999999999999
999999999999999999999999999999
999999999999999999999999999999
555555555555555555555555555555
999999999999999999999999999999
565656565656565656565656565656
999999999999999999999999999999
999999999999999999999999999999
333333333333333333333333333333
575757575757575757575757575757
575757575757575757575757575757
575757575757575757575757575757
999999999999999999999999999999
999999999999999999999999999999
999999999999999999999999999999
999999999999999999999999999999
999999999999999999999999999999
555555555555555555555555555555
999999999999999999999999999999
565656565656565656565656565656
999999999999999999999999999999
999999999999999999999999999999
333333333333333333333333333333
585858585858585858585858585858
575757575757575757575757575757
575757575757575757575757575757
999999999999999999999999999999
999999999999999999999999999999
999999999999999999999999999999
999999999999999999999999999999
999999999999999999999999999999
555555555555555555555555555555
999999999999999999999999999999
565656565656565656565656565656
999999999999999999999999999999
999999999999999999999999999999
333333333333333333333333333333
595959595959595959595959595959
575757575757575757575757575757
575757575757575757575757575757
999999999999999999999999999999
999999999999999999999999999999
999999999999999999999999999999
999999999999999999999999999999
999999999999999999999999999999
555555555555555555555555555555
595959595959595959595959595959
565656565656565656565656565656
999999999999999999999999999999
999999999999999999999999999999
333333333333333333333333333333
595959595959595959595959595959
575757575757575757575757575757
575757575757575757575757575757
999999999999999999999999999999
999999999999999999999999999999
999999999999999999999999999999
999999999999999999999999999999
999999999999999999999999999999
555555555555555555555555555555
393939393939393939393939393939
565656565656565656565656565656
999999999999999999999999999999
999999999999999999999999999999
333333333333333333333333333333
595959595959595959595959595959
575757575757575757575757575757
575757575757575757575757575757
999999999999999999999999999999
999999999999999999999999999999
999999999999999999999999999999
999999999999999999999999999999
999999999999999999999999999999
555555555555555555555555555555
494949494949494949494949494949
565656565656565656565656565656
999999999999999999999999999999
999999999999999999999999999999
333333333333333333333333333333
595959595959595959595959595959
575757575757575757575757575757
575757575757575757575757575757
999999999999999999999999999999
999999999999999999999999999999
595959595959595959595959595959
999999999999999999999999999999
999999999999999999999999999999
555555555555555555555555555555
494949494949494949494949494949
565656565656565656565656565656
999999999999999999999999999999
999999999999999999999999999999
333333333333333333333333333333
595959595959595959595959595959
575757575757575757575757575757
575757575757575757575757575757
999999999999999999999999999999
999999999999999999999999999999
797979797979797979797979797979
999999999999999999999999999999
999999999999999999999999999999
555555555555555555555555555555
494949494949494949494949494949
565656565656565656565656565656
999999999999999999999999999999
999999999999999999999999999999
333333333333333333333333333333
595959595959595959595959595959
575757575757575757575757575757
575757575757575757575757575757
999999999999999999999999999999
999999999999999999999999999999
696969696969696969696969696969
999999999999999999999999999999
999999999999999999999999999999
555555555555555555555555555555
494949494949494949494949494949
565656565656565656565656565656
999999999999999999999999999999
999999999999999999999999999999
333333333333333333333333333333
595959595959595959595959595959
575757575757575757575757575757
575757575757575757575757575757
999999999999999999999999999999
999999999999999999999999999999
696969696969696969696969696969
999999999999999999999999999999
999999999999999999999999999999
555555555555555555555555555555
454545454545454545454545454545
565656565656565656565656565656
999999999999999999999999999999
999999999999999999999999999999
333333333333333333333333333333
595959595959595959595959595959
575757575757575757575757575757
575757575757575757575757575757
999999999999999999999999999999
999999999999999999999999999999
696969696969696969696969696969
999999999999999999999999999999
999999999999999999999999999999
555555555555555555555555555555
474747474747474747474747474747
565656565656565656565656565656
999999999999999999999999999999
999999999999999999999999999999
333333333333333333333333333333
595959595959595959595959595959
575757575757575757575757575757
575757575757575757575757575757
999999999999999999999999999999
999999999999999999999999999999
696969696969696969696969696969
999999999999999999999999999999
999999999999999999999999999999
555555555555555555555555555555
464646464646464646464646464646
565656565656565656565656565656
999999999999999999999999999999
999999999999999999999999999999
333333333333333333333333333333
595959595959595959595959595959
575757575757575757575757575757
575757575757575757575757575757
999999999999999999999999999999
999999999999999999999999999999
696969696969696969696969696969
999999999999999999999999999999
595959595959595959595959595959
555555555555555555555555555555
464646464646464646464646464646
565656565656565656565656565656
999999999999999999999999999999
999999999999999999999999999999
333333333333333333333333333333
595959595959595959595959595959
575757575757575757575757575757
575757575757575757575757575757
999999999999999999999999999999
999999999999999999999999999999
696969696969696969696969696969
999999999999999999999999999999
393939393939393939393939393939
555555555555555555555555555555
464646464646464646464646464646
565656565656565656565656565656
999999999999999999999999999999
999999999999999999999999999999
333333333333333333333333333333
595959595959595959595959595959
575757575757575757575757575757
575757575757575757575757575757
999999999999999999999999999999
999999999999999999999999999999
696969696969696969696969696969
999999999999999999999999999999
494949494949494949494949494949
555555555555555555555555555555
464646464646464646464646464646
565656565656565656565656565656
999999999999999999999999999999
595959595959595959595959595959
333333333333333333333333333333
595959595959595959595959595959
575757575757575757575757575757
575757575757575757575757575757
999999999999999999999999999999
999999999999999999999999999999
696969696969696969696969696969
999999999999999999999999999999
595959595959595959595959595959
555555555555555555555555555555
464646464646464646464646464646
565656565656565656565656565656
999999999999999999999999999999
393939393939393939393939393939
333333333333333333333333333333
595959595959595959595959595959
575757575757575757575757575757
575757575757575757575757575757
999999999999999999999999999999
999999999999999999999999999999
696969696969696969696969696969
999999999999999999999999999999
595959595959595959595959595959
555555555555555555555555555555
464646464646464646464646464646
565656565656565656565656565656
999999999999999999999999999999
292929292929292929292929292929
333333333333333333333333333333
595959595959595959595959595959
575757575757575757575757575757
575757575757575757575757575757
999999999999999999999999999999
999999999999999999999999999999
696969696969696969696969696969
999999999999999999999999999999
595959595959595959595959595959
555555555555555555555555555555
464646464646464646464646464646
565656565656565656565656565656
999999999999999999999999999999
393939393939393939393939393939
333333333333333333333333333333
595959595959595959595959595959
575757575757575757575757575757
575757575757575757575757575757
595959595959595959595959595959
999999999999999999999999999999
696969696969696969696969696969
999999999999999999999999999999
595959595959595959595959595959
555555555555555555555555555555
464646464646464646464646464646
565656565656565656565656565656
999999999999999999999999999999
393939393939393939393939393939
333333333333333333333333333333
595959595959595959595959595959
575757575757575757575757575757
575757575757575757575757575757
393939393939393939393939393939
999999999999999999999999999999
696969696969696969696969696969
999999999999999999999999999999
595959595959595959595959595959
555555555555555555555555555555
464646464646464646464646464646
565656565656565656565656565656
999999999999999999999999999999
393939393939393939393939393939
333333333333333333333333333333
595959595959595959595959595959
575757575757575757575757575757
575757575757575757575757575757
494949494949494949494949494949
999999999999999999999999999999
696969696969696969696969696969
999999999999999999999999999999
595959595959595959595959595959
555555555555555555555555555555
464646464646464646464646464646
565656565656565656565656565656
999999999999999999999999999999
393939393939393939393939393939
333333333333333333333333333333
595959595959595959595959595959
575757575757575757575757575757
575757575757575757575757575757
595959595959595959595959595959
999999999999999999999999999999
656565656565656565656565656565
999999999999999999999999999999
595959595959595959595959595959
555555555555555555555555555555
464646464646464646464646464646
565656565656565656565656565656
999999999999999999999999999999
393939393939393939393939393939
333333333333333333333333333333
595959595959595959595959595959
575757575757575757575757575757
575757575757575757575757575757
595959595959595959595959595959
999999999999999999999999999999
676767676767676767676767676767
999999999999999999999999999999
595959595959595959595959595959
555555555555555555555555555555
464646464646464646464646464646
565656565656565656565656565656
999999999999999999999999999999
393939393939393939393939393939
333333333333333333333333333333
595959595959595959595959595959
575757575757575757575757575757
575757575757575757575757575757
595959595959595959595959595959
999999999999999999999999999999
686868686868686868686868686868
999999999999999999999999999999
595959595959595959595959595959
555555555555555555555555555555
464646464646464646464646464646
565656565656565656565656565656
999999999999999999999999999999
393939393939393939393939393939
333333333333333333333333333333
595959595959595959595959595959
575757575757575757575757575757
575757575757575757575757575757
595959595959595959595959595959
999999999999999999999999999999
686868686868686868686868686868
999999999999999999999999999999
555555555555555555555555555555
555555555555555555555555555555
464646464646464646464646464646
565656565656565656565656565656
999999999999999999999999999999
393939393939393939393939393939
333333333333333333333333333333
595959595959595959595959595959
575757575757575757575757575757
575757575757575757575757575757
595959595959595959595959595959
999999999999999999999999999999
686868686868686868686868686868
999999999999999999999999999999
535353535353535353535353535353
555555555555555555555555555555
464646464646464646464646464646
565656565656565656565656565656
999999999999999999999999999999
393939393939393939393939393939
333333333333333333333333333333
595959595959595959595959595959
575757575757575757575757575757
575757575757575757575757575757
595959595959595959595959595959
999999999999999999999999999999
686868686868686868686868686868
999999999999999999999999999999
545454545454545454545454545454
555555555555555555555555555555
464646464646464646464646464646
565656565656565656565656565656
999999999999999999999999999999
393939393939393939393939393939
333333333333333333333333333333
595959595959595959595959595959
575757575757575757575757575757
575757575757575757575757575757
595959595959595959595959595959
595959595959595959595959595959
686868686868686868686868686868
999999999999999999999999999999
555555555555555555555555555555
555555555555555555555555555555
464646464646464646464646464646
565656565656565656565656565656
999999999999999999999999999999
393939393939393939393939393939
333333333333333333333333333333
595959595959595959595959595959
575757575757575757575757575757
575757575757575757575757575757
595959595959595959595959595959
393939393939393939393939393939
686868686868686868686868686868
999999999999999999999999999999
555555555555555555555555555555
555555555555555555555555555555
464646464646464646464646464646
565656565656565656565656565656
999999999999999999999999999999
393939393939393939393939393939
333333333333333333333333333333
595959595959595959595959595959
575757575757575757575757575757
575757575757575757575757575757
595959595959595959595959595959
494949494949494949494949494949
686868686868686868686868686868
999999999999999999999999999999
555555555555555555555555555555
555555555555555555555555555555
464646464646464646464646464646
565656565656565656565656565656
999999999999999999999999999999
353535353535353535353535353535
333333333333333333333333333333
595959595959595959595959595959
575757575757575757575757575757
575757575757575757575757575757
595959595959595959595959595959
595959595959595959595959595959
686868686868686868686868686868
999999999999999999999999999999
555555555555555555555555555555
555555555555555555555555555555
464646464646464646464646464646
565656565656565656565656565656
999999999999999999999999999999
333333333333333333333333333333
333333333333333333333333333333
595959595959595959595959595959
575757575757575757575757575757
575757575757575757575757575757
595959595959595959595959595959
595959595959595959595959595959
686868686868686868686868686868
999999999999999999999999999999
555555555555555555555555555555
555555555555555555555555555555
464646464646464646464646464646
565656565656565656565656565656
999999999999999999999999999999
323232323232323232323232323232
333333333333333333333333333333
595959595959595959595959595959
575757575757575757575757575757
575757575757575757575757575757
595959595959595959595959595959
595959595959595959595959595959
686868686868686868686868686868
999999999999999999999999999999
555555555555555555555555555555
555555555555555555555555555555
464646464646464646464646464646
565656565656565656565656565656
999999999999999999999999999999
333333333333333333333333333333
333333333333333333333333333333
595959595959595959595959595959
575757575757575757575757575757
575757575757575757575757575757
555555555555555555555555555555
595959595959595959595959595959
686868686868686868686868686868
999999999999999999999999999999
555555555555555555555555555555
555555555555555555555555555555
464646464646464646464646464646
565656565656565656565656565656
999999999999999999999999999999
333333333333333333333333333333
333333333333333333333333333333
595959595959595959595959595959
575757575757575757575757575757
575757575757575757575757575757
575757575757575757575757575757
595959595959595959595959595959
686868686868686868686868686868
999999999999999999999999999999
555555555555555555555555555555
555555555555555555555555555555
464646464646464646464646464646
565656565656565656565656565656
999999999999999999999999999999
333333333333333333333333333333
333333333333333333333333333333
595959595959595959595959595959
575757575757575757575757575757
575757575757575757575757575757
565656565656565656565656565656
595959595959595959595959595959
686868686868686868686868686868
999999999999999999999999999999
555555555555555555555555555555
555555555555555555555555555555
464646464646464646464646464646
565656565656565656565656565656
595959595959595959595959595959
333333333333333333333333333333
333333333333333333333333333333
595959595959595959595959595959
575757575757575757575757575757
575757575757575757575757575757
565656565656565656565656565656
595959595959595959595959595959
686868686868686868686868686868
999999999999999999999999999999
555555555555555555555555555555
555555555555555555555555555555
464646464646464646464646464646
565656565656565656565656565656
393939393939393939393939393939
333333333333333333333333333333
333333333333333333333333333333
595959595959595959595959595959
575757575757575757575757575757
575757575757575757575757575757
565656565656565656565656565656
595959595959595959595959595959
686868686868686868686868686868
999999999999999999999999999999
555555555555555555555555555555
555555555555555555555555555555
464646464646464646464646464646
565656565656565656565656565656
292929292929292929292929292929
333333333333333333333333333333
333333333333333333333333333333
595959595959595959595959595959
575757575757575757575757575757
575757575757575757575757575757
565656565656565656565656565656
595959595959595959595959595959
686868686868686868686868686868
999999999999999999999999999999
555555555555555555555555555555
555555555555555555555555555555
464646464646464646464646464646
565656565656565656565656565656
292929292929292929292929292929
333333333333333333333333333333
333333333333333333333333333333
595959595959595959595959595959
575757575757575757575757575757
575757575757575757575757575757
565656565656565656565656565656
555555555555555555555555555555
686868686868686868686868686868
999999999999999999999999999999
555555555555555555555555555555
555555555555555555555555555555
464646464646464646464646464646
565656565656565656565656565656
292929292929292929292929292929
333333333333333333333333333333
333333333333333333333333333333
595959595959595959595959595959
575757575757575757575757575757
575757575757575757575757575757
565656565656565656565656565656
535353535353535353535353535353
686868686868686868686868686868
999999999999999999999999999999
555555555555555555555555555555
555555555555555555555555555555
464646464646464646464646464646
565656565656565656565656565656
292929292929292929292929292929
333333333333333333333333333333
333333333333333333333333333333
595959595959595959595959595959
575757575757575757575757575757
575757575757575757575757575757
565656565656565656565656565656
545454545454545454545454545454
686868686868686868686868686868
999999999999999999999999999999
555555555555555555555555555555
555555555555555555555555555555
464646464646464646464646464646
565656565656565656565656565656
252525252525252525252525252525
333333333333333333333333333333
333333333333333333333333333333
595959595959595959595959595959
575757575757575757575757575757
575757575757575757575757575757
565656565656565656565656565656
555555555555555555555555555555
686868686868686868686868686868
999999999999999999999999999999
555555555555555555555555555555
555555555555555555555555555555
464646464646464646464646464646
565656565656565656565656565656
232323232323232323232323232323
333333333333333333333333333333
333333333333333333333333333333
595959595959595959595959595959
575757575757575757575757575757
575757575757575757575757575757
565656565656565656565656565656
555555555555555555555555555555
686868686868686868686868686868
999999999999999999999999999999
555555555555555555555555555555
555555555555555555555555555555
464646464646464646464646464646
565656565656565656565656565656
222222222222222222222222222222
333333333333333333333333333333
333333333333333333333333333333
595959595959595959595959595959
575757575757575757575757575757
575757575757575757575757575757
565656565656565656565656565656
555555555555555555555555555555
686868686868686868686868686868
999999999999999999999999999999
555555555555555555555555555555
555555555555555555555555555555
464646464646464646464646464646
565656565656565656565656565656
222222222222222222222222222222
333333333333333333333333333333
333333333333333333333333333333
595959595959595959595959595959
575757575757575757575757575757
575757575757575757575757575757
565656565656565656565656565656
555555555555555555555555555555
686868686868686868686868686868
595959595959595959595959595959
555555555555555555555555555555
555555555555555555555555555555
464646464646464646464646464646
565656565656565656565656565656
222222222222222222222222222222
333333333333333333333333333333
333333333333333333333333333333
595959595959595959595959595959
575757575757575757575757575757
575757575757575757575757575757
565656565656565656565656565656
555555555555555555555555555555
686868686868686868686868686868
393939393939393939393939393939
555555555555555555555555555555
555555555555555555555555555555
464646464646464646464646464646
565656565656565656565656565656
222222222222222222222222222222
333333333333333333333333333333
333333333333333333333333333333
595959595959595959595959595959
575757575757575757575757575757
575757575757575757575757575757
565656565656565656565656565656
555555555555555555555555555555
686868686868686868686868686868
292929292929292929292929292929
555555555555555555555555555555
555555555555555555555555555555
464646464646464646464646464646
565656565656565656565656565656
222222222222222222222222222222
333333333333333333333333333333
333333333333333333333333333333
595959595959595959595959595959
575757575757575757575757575757
575757575757575757575757575757
565656565656565656565656565656
555555555555555555555555555555
686868686868686868686868686868
353535353535353535353535353535
555555555555555555555555555555
555555555555555555555555555555
464646464646464646464646464646
565656565656565656565656565656
222222222222222222222222222222
333333333333333333333333333333
333333333333333333333333333333
595959595959595959595959595959
575757575757575757575757575757
575757575757575757575757575757
565656565656565656565656565656
555555555555555555555555555555
686868686868686868686868686868
373737373737373737373737373737
555555555555555555555555555555
555555555555555555555555555555
464646464646464646464646464646
565656565656565656565656565656
222222222222222222222222222222
333333333333333333333333333333
333333333333333333333333333333
595959595959595959595959595959
575757575757575757575757575757
575757575757575757575757575757
565656565656565656565656565656
555555555555555555555555555555
686868686868686868686868686868
383838383838383838383838383838
555555555555555555555555555555
555555555555555555555555555555
464646464646464646464646464646
565656565656565656565656565656
252525252525252525252525252525
333333333333333333333333333333
333333333333333333333333333333
595959595959595959595959595959
575757575757575757575757575757
575757575757575757575757575757
565656565656565656565656565656
555555555555555555555555555555
686868686868686868686868686868
393939393939393939393939393939
555555555555555555555555555555
555555555555555555555555555555
464646464646464646464646464646
565656565656565656565656565656
232323232323232323232323232323
333333333333333333333333333333
333333333333333333333333333333
595959595959595959595959595959
575757575757575757575757575757
575757575757575757575757575757
565656565656565656565656565656
555555555555555555555555555555
686868686868686868686868686868
393939393939393939393939393939
555555555555555555555555555555
555555555555555555555555555555
464646464646464646464646464646
565656565656565656565656565656
222222222222222222222222222222
333333333333333333333333333333
333333333333333333333333333333
595959595959595959595959595959
575757575757575757575757575757
575757575757575757575757575757
565656565656565656565656565656
555555555555555555555555555555
686868686868686868686868686868
393939393939393939393939393939
555555555555555555555555555555
555555555555555555555555555555
464646464646464646464646464646
565656565656565656565656565656
222222222222222222222222222222
333333333333333333333333333333
333333333333333333333333333333
595959595151515151515151515151
575757575151515151515151515151
575757575757575757575151515151
565656565656565656565656565656
555555555555555555555555555555
686868686868686868686868686868
393939393939393939393939393939
555555555555555555555555555555
555555555555555555555555555555
464646464646464646464646464646
565656565656565656565656565656
222222222222222222222222222222
333333333333333333333333333333
333333333333333333333333333333
595959595959595959595959595959
575757575757575757575757575757
474747474747474747474747474747
565656565656565656565656565656
555555555555555555555555555555
686868686868686868686868686868
393939393939393939393939393939
555555555555555555555555555555
555555555555555555555555555555
464646464646464646464646464646
565656565656565656565656565656
222222222222222222222222222222
333333333333333333333333333333
333333333333333333333333333333
595959595959595959595959595959
575757575757575757575757575757
565656565656565656565656565656
565656565656565656565656565656
555555555555555555555555555555
686868686868686868686868686868
393939393939393939393939393939
555555555555555555555555555555
555555555555555555555555555555
464646464646464646464646464646
565656565656565656565656565656
222222222222222222222222222222
333333333333333333333333333333
333333333333333333333333333333
494949494949494949494949494949
575757575757575757575757575757
575757575757575757575757575757
565656565656565656565656565656
555555555555555555555555555555
686868686868686868686868686868
393939393939393939393939393939
555555555555555555555555555555
555555555555555555555555555555
464646464646464646464646464646
565656565656565656565656565656
222222222222222222222222222222
333333333333333333333333333333
333333333333333333333333333333
585858585858585858585858585858
575757575757575757575757575757
575757575757575757575757575757
565656565656565656565656565656
555555555555555555555555555555
686868686868686868686868686868
393939393939393939393939393939
555555555555555555555555555555
555555555555555555555555555555
464646464646464646464646464646
565656565656565656565656565656
222222222222222222222222222222
333333333333333333333333333333
333333333333333333333333333333
595959595959595959595959595959
575757575757575757575757575757
575757575757575757575757575757
565656565656565656565656565656
555555555555555555555555555555
686868686868686868686868686868
393939393939393939393939393939
555555555555555555555555555555
555555555555555555555555555555
464646464646464646464646464646
464646464646464646464646464646
222222222222222222222222222222
333333333333333333333333333333
333333333333333333333333333333
595959595959595959595959595959
575757575757575757575757575757
575757575757575757575757575757
565656565656565656565656565656
555555555555555555555555555555
686868686868686868686868686868
393939393939393939393939393939
555555555555555555555555555555
555555555555555555555555555555
464646464646464646464646464646
555555555555555555555555555555
222222222222222222222222222222
333333333333333333333333333333
333333333333333333333333333333
595959595959595959595959595959
575757575757575757575757575757
575757575757575757575757575757
565656565656565656565656565656
555555555555555555555555555555
686868686868686868686868686868
393939393939393939393939393939
555555555555555555555555555555
454545454545454545454545454545
464646464646464646464646464646
565656565656565656565656565656
222222222222222222222222222222
333333333333333333333333333333
333333333333333333333333333333
595959595959595959595959595959
575757575757575757575757575757
575757575757575757575757575757
565656565656565656565656565656
555555555555555555555555555555
686868686868686868686868686868
393939393939393939393939393939
555555555555555555555555555555
545454545454545454545454545454
464646464646464646464646464646
565656565656565656565656565656
222222222222222222222222222222
333333333333333333333333333333
333333333333333333333333333333
595959595959595959595959595959
474747474747474747474747474747
575757575757575757575757575757
565656565656565656565656565656
555555555555555555555555555555
686868686868686868686868686868
393939393939393939393939393939
555555555555555555555555555555
555555555555555555555555555555
464646464646464646464646464646
565656565656565656565656565656
222222222222222222222222222222
333333333333333333333333333333
333333333333333333333333333333
595959595959595959595959595959
565656565656565656565656565656
575757575757575757575757575757
565656565656565656565656565656
555555555555555555555555555555
686868686868686868686868686868
393939393939393939393939393939
555555555555555555555555555555
555555555555555555555555555555
464646464646464646464646464646
565656565656565656565656565656
222222222222222222222222222222
333333333333333333333333333333
333333333333333333333333333333
595959595959595959595959595959
575757575757575757575757575757
575757575757575757575757575757
565656565656565656565656565656
555555555555555555555555555555
585858585858585858585858585858
393939393939393939393939393939
555555555555555555555555555555
555555555555555555555555555555
464646464646464646464646464646
565656565656565656565656565656
