3891819382
10 8 300
9999999999999999
9999999999999999
9999999999999999
9999999999999999
9999999999999999
9999999999999999
9999999999999999
9999999999999999
9999999999999999
9999999999999999
9999999999999999
9999999999999999
5959595959595959
9999999999999999
9999999999999999
9999999999999999
9999999999999999
9999999999999999
9999999999999999
9999999999999999
9999999999999999
9999999999999999
3939393939393939
9999999999999999
9999999999999999
9999999999999999
9999999999999999
9999999999999999
9999999999999999
9999999999999999
9999999999999999
9999999999999999
2929292929292929
9999999999999999
9999999999999999
9999999999999999
9999999999999999
9999999999999999
9999999999999999
9999999999999999
9999999999999999
5959595959595959
3939393939393939
9999999999999999
9999999999999999
9999999999999999
9999999999999999
9999999999999999
9999999999999999
9999999999999999
9999999999999999
3939393939393939
3939393939393939
9999999999999999
9999999999999999
9999999999999999
9999999999999999
9999999999999999
9999999999999999
9999999999999999
9999999999999999
4949494949494949
3939393939393939
9999999999999999
9999999999999999
9999999999999999
9999999999999999
9999999999999999
9999999999999999
9999999999999999
9999999999999999
4949494949494949
3535353535353535
9999999999999999
9999999999999999
9999999999999999
9999999999999999
9999999999999999
9999999999999999
9999999999999999
9999999999999999
4949494949494949
3333333333333333
9999999999999999
9999999999999999
9999999999999999
9999999999999999
9999999999999999
9999999999999999
9999999999999999
9999999999999999
4949494949494949
3232323232323232
9999999999999999
9999999999999999
9999999999999999
9999999999999999
9999999999999999
9999999999999999
9999999999999999
9999999999999999
4949494949494949
3333333333333333
9999999999999999
9999999999999999
9999999999999999
9999999999999999
5959595959595959
9999999999999999
9999999999999999
9999999999999999
4949494949494949
3333333333333333
9999999999999999
9999999999999999
9999999999999999
9999999999999999
3939393939393939
9999999999999999
9999999999999999
9999999999999999
4949494949494949
3333333333333333
9999999999999999
9999999999999999
9999999999999999
9999999999999999
2929292929292929
9999999999999999
9999999999999999
9999999999999999
4545454545454545
3333333333333333
9999999999999999
9999999999999999
9999999999999999
9999999999999999
3939393939393939
9999999999999999
9999999999999999
9999999999999999
4343434343434343
3333333333333333
9999999999999999
9999999999999999
9999999999999999
9999999999999999
3939393939393939
9999999999999999
9999999999999999
9999999999999999
4242424242424242
3333333333333333
9999999999999999
9999999999999999
9999999999999999
9999999999999999
3939393939393939
9999999999999999
9999999999999999
9999999999999999
4242424242424242
3333333333333333
9999999999999999
9999999999999999
9999999999999999
9999999999999999
3535353535353535
9999999999999999
9999999999999999
9999999999999999
4242424242424242
3333333333333333
9999999999999999
9999999999999999
9999999999999999
9999999999999999
3333333333333333
9999999999999999
9999999999999999
9999999999999999
4242424242424242
3333333333333333
9999999999999999
9999999999999999
9999999999999999
9999999999999999
3232323232323232
9999999999999999
9999999999999999
5959595959595959
4242424242424242
3333333333333333
9999999999999999
9999999999999999
9999999999999999
9999999999999999
3232323232323232
9999999999999999
9999999999999999
3939393939393939
4242424242424242
3333333333333333
9999999999999999
9999999999999999
9999999999999999
9999999999999999
3232323232323232
9999999999999999
9999999999999999
4949494949494949
4242424242424242
3333333333333333
9999999999999999
9999999999999999
9999999999999999
9999999999999999
3232323232323232
9999999999999999
9999999999999999
4545454545454545
4242424242424242
3333333333333333
9999999999999999
9999999999999999
9999999999999999
9999999999999999
3232323232323232
9999999999999999
9999999999999999
4343434343434343
4242424242424242
3333333333333333
9999999999999999
9999999999999999
9999999999999999
9999999999999999
3232323232323232
9999999999999999
9999999999999999
4242424242424242
4242424242424242
3333333333333333
9999999999999999
9999999999999999
9999999999999999
9999999999999999
3232323232323232
9999999999999999
9999999999999999
4242424242424242
4242424242424242
3333333333333333
5959595959595959
9999999999999999
9999999999999999
9999999999999999
3232323232323232
9999999999999999
9999999999999999
4242424242424242
4242424242424242
3333333333333333
3939393939393939
9999999999999999
9999999999999999
9999999999999999
3232323232323232
9999999999999999
9999999999999999
4242424242424242
4242424242424242
3333333333333333
4949494949494949
9999999999999999
9999999999999999
9999999999999999
3232323232323232
9999999999999999
9999999999999999
4242424242424242
4242424242424242
3333333333333333
4949494949494949
9999999999999999
9999999999999999
9999999999999999
3232323232323232
5959595959595959
9999999999999999
4242424242424242
4242424242424242
3333333333333333
4949494949494949
9999999999999999
9999999999999999
9999999999999999
3232323232323232
3939393939393939
9999999999999999
4242424242424242
4242424242424242
3333333333333333
4949494949494949
9999999999999999
9999999999999999
9999999999999999
3232323232323232
4949494949494949
9999999999999999
4242424242424242
4242424242424242
3333333333333333
4949494949494949
9999999999999999
9999999999999999
5959595959595959
3232323232323232
4949494949494949
9999999999999999
4242424242424242
4242424242424242
3333333333333333
4949494949494949
9999999999999999
9999999999999999
3939393939393939
3232323232323232
4949494949494949
9999999999999999
4242424242424242
4242424242424242
3333333333333333
4949494949494949
9999999999999999
9999999999999999
4949494949494949
3232323232323232
4949494949494949
9999999999999999
4242424242424242
4242424242424242
3333333333333333
4545454545454545
9999999999999999
9999999999999999
4949494949494949
3232323232323232
4949494949494949
9999999999999999
4242424242424242
4242424242424242
3333333333333333
4343434343434343
9999999999999999
9999999999999999
4949494949494949
3232323232323232
4949494949494949
9999999999999999
4242424242424242
4242424242424242
3333333333333333
4242424242424242
9999999999999999
9999999999999999
4949494949494949
3232323232323232
4949494949494949
9999999999999999
4242424242424242
4242424242424242
3333333333333333
4242424242424242
9999999999999999
9999999999999999
4949494949494949
3232323232323232
4545454545454545
9999999999999999
4242424242424242
4242424242424242
3333333333333333
4242424242424242
9999999999999999
9999999999999999
4949494949494949
3232323232323232
4343434343434343
9999999999999999
4242424242424242
4242424242424242
3333333333333333
4242424242424242
9999999999999999
9999999999999999
4949494949494949
3232323232323232
4242424242424242
9999999999999999
4242424242424242
4242424242424242
3333333333333333
4242424242424242
5959595959595959
9999999999999999
4949494949494949
3232323232323232
4242424242424242
9999999999999999
4242424242424242
4242424242424242
3333333333333333
4242424242424242
3939393939393939
9999999999999999
4949494949494949
3232323232323232
4242424242424242
9999999999999999
4242424242424242
4242424242424242
3333333333333333
4242424242424242
4949494949494949
9999999999999999
4949494949494949
3232323232323232
4242424242424242
9999999999999999
4242424242424242
4242424242424242
3333333333333333
4242424242424242
4949494949494949
9999999999999999
4545454545454545
3232323232323232
4242424242424242
9999999999999999
4242424242424242
4242424242424242
3333333333333333
4242424242424242
4949494949494949
9999999999999999
4343434343434343
3232323232323232
4242424242424242
9999999999999999
4242424242424242
4242424242424242
3333333333333333
4242424242424242
4949494949494949
9999999999999999
4242424242424242
3232323232323232
4242424242424242
9999999999999999
4242424242424242
4242424242424242
3333333333333333
4242424242424242
4949494949494949
5959595959595959
4242424242424242
3232323232323232
4242424242424242
9999999999999999
4242424242424242
4242424242424242
3333333333333333
4242424242424242
4949494949494949
3939393939393939
4242424242424242
3232323232323232
4242424242424242
9999999999999999
4242424242424242
4242424242424242
3333333333333333
4242424242424242
4949494949494949
4949494949494949
4242424242424242
3232323232323232
4242424242424242
9999999999999999
4242424242424242
4242424242424242
3333333333333333
4242424242424242
4545454545454545
4949494949494949
4242424242424242
3232323232323232
4242424242424242
9999999999999999
4242424242424242
4242424242424242
3333333333333333
4242424242424242
4343434343434343
4949494949494949
4242424242424242
3232323232323232
4242424242424242
9999999999999999
4242424242424242
4242424242424242
3333333333333333
4242424242424242
4242424242424242
4949494949494949
4242424242424242
3232323232323232
4242424242424242
9999999999999999
4242424242424242
4242424242424242
3333333333333333
4242424242424242
4242424242424242
4545454545454545
4242424242424242
3232323232323232
4242424242424242
9999999999999999
4242424242424242
4242424242424242
3333333333333333
4242424242424242
4242424242424242
4343434343434343
4242424242424242
3232323232323232
4242424242424242
9999999999999999
4242424242424242
4242424242424242
3333333333333333
4242424242424242
4242424242424242
4242424242424242
4242424242424242
3232323232323232
4242424242424242
9999999999999999
4242424242424242
4242424242424242
3333333333333333
4242424242424242
4242424242424242
4242424242424242
4242424242424242
3232323232323232
4242424242424242
5959595959595959
4242424242424242
4242424242424242
3333333333333333
4242424242424242
4242424242424242
4242424242424242
4242424242424242
3232323232323232
4242424242424242
7979797979797979
4242424242424242
4242424242424242
3333333333333333
4242424242424242
4242424242424242
4242424242424242
4242424242424242
3232323232323232
4242424242424242
6969696969696969
4242424242424242
4242424242424242
3333333333333333
4242424242424242
4242424242424242
4242424242424242
4242424242424242
3232323232323232
4242424242424242
6565656565656565
4242424242424242
4242424242424242
3333333333333333
4242424242424242
4242424242424242
4242424242424242
4242424242424242
3232323232323232
4242424242424242
6363636363636363
4242424242424242
4242424242424242
3333333333333333
4242424242424242
4242424242424242
4242424242424242
4242424242424242
3232323232323232
4242424242424242
6262626262626262
4545454545454545
4242424242424242
3333333333333333
4242424242424242
4242424242424242
4242424242424242
4242424242424242
3232323232323232
4242424242424242
6262626262626262
4343434343434343
4242424242424242
3333333333333333
4242424242424242
4242424242424242
4242424242424242
4242424242424242
3232323232323232
4242424242424242
6262626262626262
4242424242424242
4242424242424242
3333333333333333
4242424242424242
4242424242424242
4242424242424242
4242424242424242
3232323232323232
4242424242424242
6262626262626262
4242424242421212
4242424212121212
3333333333333333
4242424242424242
4242424242424242
4242424242424242
4242424242424242
3232323232323232
4242424242424242
6262626262626262
4242424242424242
3232323232323232
3333333333333333
4242424242424242
4242424242424242
4242424242424242
4242424242424242
3232323232323232
4242424242424242
6262626262626262
4242424242424242
4141414141414141
3333333333333333
4242424242424242
4242424242424242
4242424242424242
4242424242424242
3232323232323232
4242424242424242
6262626262626262
3232323232323232
4141414141414141
3333333333333333
4242424242424242
4242424242424242
4242424242424242
4242424242424242
3232323232323232
4242424242424242
6262626262626262
4141414141414141
4141414141414141
3333333333333333
4242424242424242
4242424242424242
4242424242424242
4242424242424242
3232323232323232
4242424242424242
6262626262626262
4141414141414141
4141414141414141
3333333333333333
3232323232323232
4242424242424242
4242424242424242
4242424242424242
3232323232323232
4242424242424242
6262626262626262
4141414141414141
4141414141414141
3333333333333333
4141414141414141
4242424242424242
4242424242424242
4242424242424242
3232323232323232
4242424242424242
6262626262626262
4141414141414141
4141414141414141
3333333333333333
4141414141414141
4242424242424242
4242424242424242
4242424242424242
3232323232323232
3232323232323232
6262626262626262
4141414141414141
4141414141414141
3333333333333333
4141414141414141
4242424242424242
4242424242424242
4242424242424242
3232323232323232
4141414141414141
6262626262626262
4141414141414141
4141414141414141
2323232323232323
4141414141414141
4242424242424242
4242424242424242
4242424242424242
3232323232323232
4141414141414141
6262626262626262
4141414141414141
4141414141414141
3232323232323232
4141414141414141
4242424242424242
4242424242424242
4242424242424242
3232323232323232
4141414141414141
6262626262626262
4141414141414141
4141414141414141
3333333333333333
4141414141414141
4242424242424242
4242424242424242
4242424242424242
2222222222222222
4141414141414141
6262626262626262
4141414141414141
4141414141414141
3333333333333333
4141414141414141
4242424242424242
4242424242424242
4242424242424242
3131313131313131
4141414141414141
6262626262626262
4141414141414141
4141414141414141
3333333333333333
4141414141414141
4242424242424242
4242424242424242
4242424242424242
3131313131313131
4141414141414141
5252525252525252
4141414141414141
4141414141414141
3333333333333333
4141414141414141
4242424242424242
4242424242424242
4242424242424242
3131313131313131
4141414141414141
6161616161616161
4141414141414141
4141414141414141
3333333333333333
4141414141414141
3232323232323232
4242424242424242
4242424242424242
3131313131313131
4141414141414141
6262626262626262
4141414141414141
4141414141414141
3333333333333333
4141414141414141
4141414141414141
4242424242424242
4242424242424242
3131313131313131
4141414141414141
6262626262626262
4141414141414141
4141414141414141
3333333333333333
4141414141414141
4242424242424242
3232323232323232
4242424242424242
3131313131313131
4141414141414141
6262626262626262
4141414141414141
4141414141414141
3333333333333333
4141414141414141
4242424242424242
4141414141414141
4242424242424242
3131313131313131
4141414141414141
6262626262626262
4141414141414141
4141414141414141
3333333333333333
4141414141414141
4242424242424242
4141414141414141
3232323232323232
3131313131313131
4141414141414141
6262626262626262
4141414141414141
4141414141414141
3333333333333333
4141414141414141
4242424242424242
4141414141414141
4141414141414141
3131313131313131
4141414141414141
6262626262626262
4242424242421212
4242424212121212
3333333333333333
4242424242424242
4242424242424242
4242424242424242
4242424242424242
3232323232323232
4242424242424242
6262626262626262
9999999999999999
4242424242424242
3333333333333333
9999999999999999
9999999999999999
9999999999999999
9494949494949494
3535353535353535
9999999999999999
9999999999999999
4242424242424242
4242424242424242
3333333333333333
4949494949494949
9999999999999999
9999999999999999
4949494949494949
3232323232323232
4141414141414141
9999999999999999
4242424242424242
4242424242424242
3333333333333333
4242424242424242
4242424242424242
4242424242424242
4242424242424242
3232323232323232
4242424242424242
6767676767676767
4242424242424242
4141414141414141
3333333333333333
4949494949494949
9999999999999999
9999999999999999
5959595959595959
3232323232323232
4949494949494949
9999999999999999
4242424242424242
4242424242424242
3333333333333333
4949494949494949
9999999999999999
9999999999999999
9696969696969696
3232323232323232
9999999999999999
9999999999999999
4242424242424242
4242424242424242
3333333333333333
4242424242424242
4949494949494949
4949494949494949
4242424242424242
3535353535353535
4242424242424242
9999999999999999
4242424242424242
4242424242424242
3333333333333333
4343434343434343
4949494949494949
9999999999999999
4343434343434343
3232323232323232
4242424242424242
9999999999999999
4141414141414141
4141414141414141
3333333333333333
4141414141414141
4242424242424242
6161616161616161
4141414141414141
3131313131313131
4141414141414141
6262626262626262
4141414141414141
4141414141414141
3333333333333333
7171717171717171
4242424242424242
3232323232323232
4242424242424242
3131313131313131
3131313131313131
6262626262626262
4242424242424242
4242424242424242
7373737373737373
4242424242424242
4949494949494949
5959595959595959
4242424242424242
3232323232323232
4242424242424242
9999999999999999
4242424242424242
4242424242424242
3333333333333333
4242424242424242
4242424242424242
4242424242424242
4242424242424242
3232323232323232
7272727272727272
6767676767676767
4242424242424242
4242424242424242
3333333333333333
4242424242424242
9999999999999999
9999999999989898
4949494949494949
3232323232323232
4545454545454545
9999999999999999
4141414141414141
4141414141414141
3333333333333333
4646464646464646
4242424242424242
4242424242424242
4242424242424242
3232323232323232
4141414141414141
6262626222222222
4242424242424242
4242424242424242
3333333333333333
4242424242424242
4242424242424242
4242424242424242
4242424242424242
3232323232323232
8282828282828282
5959595959595959
4242424242424242
1212121212121212
3333333333333333
4242424242424242
4949494949494949
4949494949494949
4242424242424242
3535353535353535
4242424242424242
9999999999999999
4141414141414141
4242424242424242
3333333333333333
4242424242424242
4949494949494949
9999999999999999
4545454545454545
3232323232323232
4242424242424242
9999999999999999
9999999999999999
4343434343434343
3333333333333333
9999999999999999
9999999999999999
9999999999999999
9999999999999999
3939393939393939
9797979797979797
9999999999999999
4141414141414141
4141414141414141
3333333333333333
6161616161616161
4242422222222222
4242424242424242
4242424242424242
3232323232323232
4141414141414141
6262626262626262
4949494949494949
4242424242424242
3333333333333333
4242424242424242
4242424242424242
4242424242424242
4242424242424242
3232323232323232
4242424242424242
6565656565656565
4141414141414141
4141414141414141
3838383838383838
4141414141414141
4242424242424242
4141414141414141
4141414141414141
3131313131313131
4141414141414141
6262626262626262
8989898989898989
9999999999999999
9999999999999999
9999999999999999
9999999999999999
9999999999999999
9999999999999999
9999999999999999
9999999898989898
9999999999999999
4242424242424242
4242121212121212
3333333333333333
4242424242424242
4949494949494949
4949494949494949
4242424242424242
3535353535353535
4242424242424242
9999999999999999
4242424242424242
4242424242424242
7373737373737373
5959595959595959
9999999999999999
9999999999999999
9999999999999999
3232323232323232
9999999696969696
9999999999999999
4242424242424242
4242424242424242
3333333333333333
4242424242424242
4949494949494949
8989898989898989
4545454545454545
3232323232323232
4242424242424242
9999999999999999
4141414141414141
4141414141414141
3434343434343434
4141414141414141
4242424242424242
6161616161616161
4141414141414141
3131313131313131
4141414141414141
6262626262626262
4141414141414141
4141414141414141
3333333333333333
4242424242424242
4242424242424242
4242424242424242
4242424242424242
3232323232323232
1212121212121212
6262626262626262
9999999999999999
4343434343434343
3333333333333333
9999999999999999
9999999999999999
9999999999999999
9696969696969696
3939393939393939
9999999999999999
9999999999999999
4242424242424242
4242424242424242
3333333333333333
4242424242424242
4242424242424242
4242424242424242
4242424242424242
3232323232323232
9292929292929292
6363636363636363
1919191919191919
4242424242424242
3333333333333333
9999999999999999
9999999999999999
9999999999999999
9999999999999999
3232323232323232
9999999999999999
9999999999999999
4242424242424242
4242424242424242
3333323232323232
4242424242424242
9999999999999999
9999999999999999
4949494949494949
3232323232323232
4545454545454545
9999999999999999
4242424242424242
4242424242424242
3636363636363636
4242424242424242
4242424242424242
4242424242424242
4242424242424242
3232323232323232
4242424242424242
7979797979797979
4141414141414141
4141414141414141
3333333333333333
4141414141414141
4242424242424242
4242424242424242
4242424242424242
3232323232323232
4141414141414141
6969696969696969
4242424242424141
4242424242424242
3333333333333333
4242424242424242
4242424242424242
4949494949494949
4242424242424242
3232323232323232
4242424242424242
6565656565656565
4242424242424242
2222222222222222
3333333333333333
4949494949494949
9999999999999999
9999999999999999
9696969696969696
3232323232323232
9999999999999999
9999999999999999
4242424242424242
4242424242424242
3333333333333333
4242424242424242
9999999999999999
9999999999999999
4949494949494949
4242424242424242
4545454545454545
9999999999999999
4242424242424242
4242424242424242
3333333333333333
4242424242424242
4242424242424242
4242424242424242
4242424242424242
3232323232323232
3232323232323232
7979797979797979
4141414141414141
4242424242424242
3333333333333333
4343434343434343
4949494949494949
9999999999999999
4343434343434343
3232323232323232
4242424242424242
9999999999999999
4141414141414141
4141414141414141
3636363636363636
4141414141414141
4242424242424242
4141414141414141
4141414141414141
3131313131313131
4141414141414141
6262626262626262
4141414141414141
4141414141414141
3838383838383838
4141414141414141
4242424242424242
6161616161616161
4141414141414141
3131313131313131
4141414141414141
6262626262626262
4242424242424242
4242424242424242
3333333333333333
4343434343434343
4949494949494949
9999999999999999
4343434343434343
3232323232323232
5252525252525252
9999999999999999
4141414141414141
4242424242424242
3333333333333333
4242424242424242
4949494949494949
9999999999999999
4848484848484848
3232323232323232
4242424242424242
9999999999999999
4242424242424242
4141414141414141
3333333333333333
4242424242424242
4242424242424242
4242424242424242
4242424242424242
3232323232323232
4242424242424242
6767676767676767
4141414141414141
4141414141414141
1313131313131313
4242424242424242
4242424242424242
4242424242424242
4242424242424242
3232323232323232
4242424242424242
6262626262626262
4242424242424242
4242424242424242
7373737373737373
3232323232323232
4949494949494949
5959595959595959
4242424242424242
3232323232323232
4242424242424242
9999999999999999
4242424242424242
4242424242424242
2323232323232323
4242424242424242
9999999999999999
9999999999999999
4949494949494949
4242424212121212
4545454545454545
9999999999999999
4242424242424242
4242424242424242
3333333333333333
4242424242424242
4242424242424242
4242424242424242
7272727272727272
3232323232323232
4242424242424242
6262626262626262
4141414141414141
4848484848484848
3333333333333333
4141414141414141
4242424242424242
4242424242424242
4242424242424242
3232323232323232
4141414141414141
6262626262626262
4141414141414141
4141414141111111
3333333333333333
4141414141414141
4242424242424242
4141414141414141
4141414141414141
3636363636363636
4141414141414141
6262626262626262
4242424242424242
4848484848484848
7373737373737373
4242424242424242
4949494949494949
5959595959595959
4242424242424242
3232323232323232
4242424242424242
9999999999969696
4242424242424242
4242424242424242
3333333333333333
4242424242424242
4242424242424242
4242424242424242
4848484848484848
3232323232323232
4242424242424242
7979797979797979
4242424242424242
4242424242424242
3333333333333333
4242424242424242
4545454545454545
4949494949494949
4242424242424242
3737373737373737
4242424242424242
9999999999999999
4141414141414141
4141414141414141
3333333333333333
4141414141414141
4242424242424242
4242424242424242
4242424242424242
3232323232323232
4949494949494949
6969696969696969
4242424242424242
4141414141414141
3333333333333333
4949494949494949
9999999999999999
9999999999999999
5151515151515151
3232323232323232
4949494949494949
9999999999999999
4545454545454545
4242424242424242
3333333333333333
4242424242424242
4242424242424242
4242424242424242
1212121212121212
3232323232323232
4242424242424242
6262626262626262
9999999999999999
4343434343434343
3333333333333333
8989898989898989
9999999999999999
9999999999999999
9696969696969696
3939393939393939
9999999999999999
9999999999999999
4242424242424242
4242424242424242
3333333333333333
4343434343434343
4949494949494949
9999999999999999
4343434343434343
6262626262626262
5252525252525252
9999999999999999
4242424242424242
4242424242424242
3333333333333333
4949494949494949
9999999999999999
9999999999999999
9999999999999999
4242424242424242
4949494949494949
9999999999999999
4141414141414141
4141414141414141
3333333333333333
4141414141414141
4242424242424242
3636363636363636
4242424242424242
3131313131313131
3131313131313131
6262626262626262
4242424242424242
1212121212121212
3333333333333333
4242424242424242
4242424242424242
4242424242424242
4242424242424242
3232323232323232
4242424242424242
6767676767676767
4141414141414141
4141414111111111
3333333333333333
4141414141414141
4242424242424242
4141414141414141
4141414141414141
3131313131313131
4141414141414141
9292929292929292
9999999999999999
4949494949494949
3333333333333333
4949494949494949
9999999999999999
9999999999999999
9999999999999999
5959595959595959
9999999999999999
9999999999999999
4141414141414141
4141414141414141
3838383838383838
4141414141414141
4242424242424242
4141414141414141
4141414141414141
3131313131313131
8181818181818181
6262626262626262
4242424242424242
4242424242424242
3333333333333333
4949494949494949
9999999999999999
7979797979797979
9999999999999999
4242424242424242
4949494949494949
9999999999999999
5252525252525252
4242424242424242
3333333333333333
4242424242424242
4242424242424242
4545454545454545
4242424242424242
3232323232323232
4242424242424242
9999999999999999
9999999999999999
4949494949494949
3939393939393939
9999999999999999
9999999999999999
9999999999999999
9999999999999999
9898989898989898
9999999999999999
9999999999999999
4242424242424242
4242424242424242
3131313131313131
4242424242424242
4242424242424242
4242424242424242
4242424242424242
3232323232323232
4242424242424242
6262626262626262
4242424242424242
4242424242424242
3333333333333333
4242424242424242
4242424242424242
4545454545454545
8282828282828282
3232323232323232
4242424242424242
9999999999999999
8282828282828282
4242424242424242
3333333333333333
4242424242424242
4242424242424242
4242424242424242
4242424242424242
3232323232323232
4242424242424242
6262626262626262
4646464646464646
4242424242424242
3636363636363636
4242424242424242
4242424242424242
4242424242424242
4242424242424242
3232323232323232
4242424242424242
7979797979797979
4242424242424242
4242424242424242
3333333333333333
4242424242424242
9292929292929292
4545454545454545
4242424242424242
3232323232323232
4242424242424242
9999999999999999
4141414141414141
4141414141414141
3333333333333333
4141414141414141
6262626262626262
6161616161616161
4141414141414141
3131313131313131
4141414141414141
6262626262626262
4242424242424242
4242424242424242
3333333333333333
4242424242424242
4949494949494949
5959595959595959
4242424242424242
4242424242424242
4242424242424242
9999999999999998
4242424242424242
4242424242424242
3333333333333333
4242424242424242
4242424242424242
4242424242424242
4242424242424242
6262626262626262
4242424242424242
6767676767676767
4242424242424242
4242424242424242
3333333333333333
4242424242424242
4949494949494949
4343434343434343
4242424242424242
3232323232323232
4242424242424242
9999999999999999
4141414141414141
4141414141414141
3636363636363636
4141414141414141
4242424242424242
4141414141414141
7171717171717171
3131313131313131
4141414141414141
6262626262626262
4242424242424242
4242424242424242
3333333333333333
4242424242424242
4242424242424242
4242424242424242
4242424242323232
6969696969696969
4242424242424242
6767676767676767
4242424242424242
4242424242424242
3333333333333333
4343434343434343
9999999999999999
5959595959595959
4949494949494949
3232323232323232
4949494949494949
9999999999999998
4141414141414141
4242424242424242
3333333333333333
4242424242424242
4949494949494949
9494949494949494
4545454545454545
3232323232323232
4242424242424242
9999999999999999
4242424242424242
4242424242424242
3333333333333333
4242424242424242
9999999999999999
9999999999989898
4949494949494949
6262626262626262
4545454545454545
9999999999999999
4141414141414141
4141414141414141
3737373737373737
4141414141414141
4242424242424242
4242424242424242
4242424242424242
3232323232323232
4242424242424242
6262626262626262
4141414141414141
4141414141414141
3838383838383838
4141414141414141
8282828282828282
4141414141414141
4141414141414141
3131313131313131
4141414141414141
6262626262626262
4242424242424242
4747474747474747
3333333333333333
4242424242424242
4242424242424242
4242424242424242
4242424242424242
3232323232323232
4242424242424242
6262626262626262
4242424242424242
4242424242424242
3333333333333333
4242424242424242
4949494949494949
5959595959595959
4242424242424242
3232323232323232
5252525252525252
9999999999999999
4242424242424242
4848484848484848
7373737373737373
4242424242424242
4949494949494949
5959595959595959
4242424242424242
3131313131313131
4242424242424242
9999999999969696
9797979797979797
4949494949494949
3333333333333333
9999999999999999
9999999999999999
9999999898989898
9999999999999999
5959595959595959
9999999999999999
9999999999999999
9999999999999999
4545454545454545
3333333333333333
9999994949494949
9999999999999999
9999999999999999
9999999999999999
3939393939393939
4949494949494949
9999999999999999
4343434343434343
4242424242424242
3333333333333333
4343434343434343
4949494949494949
9999999999999999
4343434343434343
3232323232323232
5252525252525252
9999999999999999
4242424242424242
4242424242424242
3333333333333333
4343434343434343
4949494949494949
9696969676767676
4343434343434343
6262626262626262
5252525252525252
9999999999999999
4141414141414141
4141414141414141
3333333333333333
4141414141414141
4242424242424242
4242424242424242
4242424242424242
1212121212121212
4242424242424242
6262626262626262
4242424242424242
4242424242424242
7373737373737373
4242424242424242
4949494949494949
5858585858585858
4242424242424242
3232323232323232
4242424242424242
9999999999999999
9999999999999999
9999999999999999
9999999999999999
9999999999999999
9898989898989898
9999999999999999
9999999999999999
9999999999999999
9999999999999999
9999999999999999
4242424242424242
4242424242424241
3333333333333333
4343434343434343
9999999999999999
5959595959595959
4949494949494949
3232323232323232
4949494949494949
9999999999999999
9999999999999999
4545454545454545
3333333333333333
9999999999999999
9999999999999999
9999999999999999
9999999999999999
3939393939393939
6969696969696969
9999999999999999
9292929292929292
4242424242424242
3333333333333333
4242424242424242
9999999999999999
9999999999949494
4949494949494949
3232323232323232
4545454545454545
9999999999999999
4242424242424242
4242424242424242
7373737373737373
5959595959595959
9999999999999999
9797979797979797
9999999999999999
3232323232323232
9999999999999999
9999999999999999
4141414141414141
4141414141414141
3737373737373737
4141414141414141
4242424242424242
4242424242424242
4242424242424242
3232323232323232
4949494949494949
6262626262626262
4242424242424242
4242424242424242
7373737373737373
5959595959595959
9999999999999999
9999999999999999
9999999999999999
4242424242424242
9999999696969696
9999999999999999
4242424242424242
4242424242424242
3333333333333333
4949494949494949
9999999999999999
7979797979797979
7979797979797979
4242424242424242
4949494949494949
9999999999999999
4141414141414141
4141414141111111
3333333333333333
4141414141414141
4242424242424242
4141414141414141
4141414141414141
3636363636363636
4848484848484848
6262626262626262
4242424242424242
4242424242424242
3333333333333333
9292929292929292
9999999999999999
9999999999999999
4949494949494949
4242424242424242
4545454545454545
9999999999595959
4242424242424242
4242424242424242
3333333333333333
6363636363636363
9999999999999999
9999999999999999
4949494949494949
3232323232323232
4949494949494949
9999999999999999
4242424242424242
4343434343434343
3333333333333333
4949494949494949
9999999999999999
9999999999999999
9999999999999999
4242424242424242
4949494949494949
9999999999999999
4242424242424242
4242424242424242
8383838383838383
4242424242424242
9292929292929292
4545454545454545
4242424242424242
3232323232323232
4242424242424242
9999999999999999
4242424242424242
4242424242424242
3333333333333333
4242424242424242
9999999999999999
9999999999999999
4949494949494949
3232323232323232
4141414141414141
9999999999999999
4242424242424242
4343434343434343
3333333333333333
4949494949494949
9999999999999999
4949494949494949
9999999999999999
4242424242424242
4949494949494949
9999999999999999
4242424242424242
4242424242424242
3333333333333333
4242424242424242
4242424242424242
5555555555555555
4242424242424242
3232323232323232
4242424242424242
9999999999999999
4242424242424242
4242424242424242
3333333333333333
4343434343434343
4949494949494949
9999999999999999
4343434343434343
3232323222222222
5252525252525252
9999999999999999
4242424242421212
4242424212121212
1313131313131313
4242424242424242
4242424242424242
4242424242424242
4242424242424242
3232323232323232
4242424242424242
6262626262626262
4545454545454545
4242424242424242
3333333333333333
4242424242424242
4242424242424242
4242424242424242
4848484848484848
3232323232323232
4242424242424242
7979797979797979
4242424242424242
3232323232323232
3333333333333333
4242424242424242
4949494949494949
9999999999999999
4949494949494949
3232323232323232
4242424242424242
9999999999999999
4242424242424242
4242424242424242
3333333333333333
4242424242424242
4343434343434343
4545454545454545
4242424242424242
3232323232323232
4242424242424242
9999999999999999
4141414141414141
4242424242424242
3333333333333333
6363636363636363
4949494949494949
9999999999999999
4343434343434343
3232323232323232
4242424242424242
9999999999999999
4242424242424242
4242424242424242
3333333333333333
4242424242424242
4242424242424242
4242424242424242
4242424242424242
3232323232323232
4242424242424242
9595959595959595
4646464646464646
4242424242424242
3333333333333333
4242424242424242
4949494949494949
5959595959595959
4242424242424242
4242424242424242
4242424242424242
9999999999999998
4242424242424242
4242424242424242
7373737373737373
3232323232323232
4949494949494949
5959595959595959
4242424242424242
6262626262626262
4242424242424242
9999999999999999
4141414141414141
4141414141414141
3333333333333333
4141414141414141
4242424242424242
6161616161616161
4141414141414141
3131313131313131
4646464646464646
6262626262626262
4141414141414141
4242424242424242
3333333333333333
4242424242424242
4949494949494949
9999999999999999
4545454545454545
3232323232323232
4141414141414141
9999999999999999
4242424242424242
4242424242424242
3333333333333333
9393939393939393
9999999999999999
9999999999999999
4949494949494949
3232323232323232
4949494949494949
9999999999999999
4242424242424242
4242424242424242
3333333333333333
4242424242424242
4242424242424242
4949494949494949
4242424242424242
3232323232323232
4242424242424242
9595959595959595
4343434343434343
4242424242424242
3333333333333333
4343434343434343
1919191919191919
9999999999999999
4343434343434343
3232323232323232
5252525252525252
9999999999999999
4141414141414141
5252525252525252
3333333333333333
4242424242424242
4949494949494949
9999999999999999
4545454545454545
3232323232323232
4141414141414141
9999999999999999
4242424242424242
4242424242424242
3333333333333333
4242424242424242
6262626262626262
4242424242424242
4242424242424242
3232323232323232
7272727272727272
6767676767676767
4242424242424242
4242424242424242
7373737373737373
4242424242424242
4949494949494949
5858585858585858
4747474747474747
3232323232323232
4242424242424242
9999494949494949
4242424242424242
4242424242424242
3333333333333333
4242424242424242
4949494949494949
9999999999999999
4545454545454545
3232323232323232
5252525252525252
9999999999999999
4242424242424242
4949494949494949
3333333333333333
4545454545454545
9999999999999999
9999999999999999
4949494949494949
3232323232323232
4949494949494949
9999999999999999
4141414141414141
4141414141414141
3434343434343434
4141414141414141
4242424242424242
6161616161616161
7171717171717171
3131313131313131
4141414141414141
6262626262626262
4242424242424242
4242424242424242
3333333333333333
4242424242424242
4242424242424242
4242424242424242
4242424242424242
3232323232323232
9292929292929292
6767676767676767
4242424242424242
4242424242424242
3333333333333333
4141414141414141
9999999999999999
9999999999999999
4949494949494949
3232323232323232
4949494949494949
9999999999999999
9999999999999999
4343434343434343
3939393939393939
9999999999999999
9999999999999999
9999999999999999
9999999999999999
9898989898989898
9999999999999999
9999999999999999
4242424242424242
6262626262626262
3333333333333333
4242424242424242
4242424242424242
4242424242424242
4242424242424242
3232323232323232
4242424242424242
9595959595959595
4242424242424242
3232323232323232
7373737373737373
5959595959595959
9999999999999999
9797979797979797
9999999999999999
3232323232323232
9999999999999999
9999999999999999
4242424242424242
4242424242424242
3333333333333333
4242424242424242
4242424242424242
4242424242424242
7272727272727272
7272727272727272
4242424242424242
6262626262626262
8282828282828282
4242424242424242
7373737373737373
5959595959595959
9999999999999999
9797979797979797
9999999494949494
3232323232323232
9999999999999999
9999999999999999
4242424242424242
4242424242424242
3333333333333333
4242424242424242
5959595959595959
9999999999999999
4949494949494949
3737373737373737
4242424242424242
9999999999999999
4242424242424242
4242424242424242
3333333333333333
4242424242424242
4949494949494949
5151515151515151
4242424242424242
4242424242424242
4242424242424242
9999999999999998
4242424242424242
4242424242424242
3737373737373737
4949494949494949
9999999999999999
9999999999999999
4949494949494949
3232323222222222
4141414141414141
9999999999999999
4242424242424242
4242424242424242
3333333333333333
4949494949494949
9999999999999999
9999999999999999
9696959595959595
3232323232323232
9999999999999999
9999999999999999
4242424242424242
4141414141414141
7373737373737373
5959595959595959
9999999999999999
9999999999999999
9999999999999999
4242424242424242
9999999999999999
9999999999999999
4242424242424242
4242424242424242
3333333333333333
4242424242424242
4949494949494949
4848484848484848
4242424242424242
3535353535353535
4242424242424242
9999999999999999
4242424242424242
4242424242424241
8383838383838383
4242424242424242
9292929292929292
4545454545454545
4242424242424242
3232323232323232
4242424242424242
9898989898989898
4141414141414141
5252525252525252
3333333333333333
4242424242424242
4949494949494949
9999999999999999
4949494949494949
3232323232323232
4141414141414141
9999999999959595
4141414141414141
4141414141414141
3333333333333333
4141414141414141
4242424242424242
1111111111111111
4141414141414141
3131313131313131
4141414141414141
6262626262626262
9999999999999999
4343434343434343
3333333333333333
9696969696969696
9999999999999999
9999999999999999
9999999999999999
3939393939393939
9999999999999999
9999999999999999
4242424242424242
4242424242424242
3333333333333333
4343434343434343
9999999999999999
9999999999999999
4949494949494949
3232323232323232
4949494946464646
9999999999999999
4141414141414141
4141414141111111
3333333333333333
4141414141414141
4242424242424242
4141414141414141
4141414141414141
3838383838383838
4141414141414141
6262626262626262
4242424242424242
2222222222222222
3333333333333333
4242424242424242
4242424242424242
4242424242424242
4242424242424242
3232323232323232
7272727272727272
6767676767676767
4242424242424242
4242424242424242
7373737373737373
4141414141414141
4949494949494949
5858585858585857
4242424242424242
3232323232323232
4242424242424242
9999999999999999
4141414141414141
4141414141414141
3333333333333333
4141414141414141
4242424242424242
1212121212121212
4242424242424242
3131313131313131
4141414141414141
6262626262626262
4141414141414141
4141414141414141
3434343434343434
1111111111111111
4242424242424242
6161616161616161
7171717171717171
3131313131313131
4141414141414141
6262626262626262
4242424242424242
4242424242424242
7373737373737373
4242424242424242
4949494949491919
4848484848484848
4242424242424242
3535353535353535
4242424242424242
9999999999999999
4848484848484848
4242424242424242
3333333333333333
4242424242424241
4343434343434343
4949494949494949
4242424242424242
3232323232323232
4242424242424242
9999999999999999
9999999999999999
4242424242424242
3333333333333333
9999999999999999
9999999999999999
9999999999999999
9494949494949494
3535353535353535
9898989898989898
9999999999999999
4242424242424242
4242424242424242
3333333333333333
4242424242424242
5959595959595959
9999999999999999
4949494949494949
3232323232323232
5252525252525252
9999999999999999
9999999999999999
4242424242424242
3333333333333333
9999999999999999
9999999999999999
9999999999999999
9999999999999999
3737373737373737
9999999999999999
9999999999999999
4242424242424242
4545454545454545
3333333333333333
4949494949494949
9999999999999999
9999999999999999
9999999999999999
3232323232323232
5959595959595959
9999999999999999
4242424242424242
4242424242424242
7373737373737373
4141414141414141
4949494949494949
5858585858585857
4242424242424242
3232323232323232
4747474747474747
9999999999999999
4242424242424242
4343434343434343
3333333333333333
4949494949494949
9999999999999999
9999999999999999
9999999999999999
3232323232323232
4949494949494949
9999999999999999
4242424242424242
4242424242424242
7373737373737373
5959595959595959
9999999999999999
9999999999999999
9999999999999999
6262626262626262
9999999696969696
9999999999999999
4545454545454545
4242424242424242
3333333333333333
8282828282828282
4242424242424242
4242424242424242
4848484848484848
3232323232323232
4242424242424242
7979797979797979
4242424242424242
4242424242424242
3333333333333333
4242424242424242
6262626262626262
4242424242424242
4242424242424242
3232323232323232
4242424242424242
7979797979797979
4848484848481818
4242424212121212
3333333333333333
4242424242424242
4242424242424242
4242424242424242
4242424242424242
3232323232323232
4242424242424242
6262626262626262
4242424242424242
4242424242424242
3333333333333333
4242424242424242
4242424242424242
4242424242424242
4242424242424242
3232323232323232
4242424242424242
7575757575757575
4242424242424242
4242424242424242
3333333333333333
1313131313131313
9999999999999999
5959595959595959
4949494949494949
3232323232323232
4949494949494949
9999999999999998
5959595959595959
6262626262626262
3333333333333333
9999999999999999
9999999999999999
9999898989898989
9999999999999999
3232323232323232
9999999999999999
9999999999999999
4242424242424242
4242424242424242
3333333333333333
4242424242424242
4949494949494949
5151515151515151
5252525252525252
4242424242424242
4242424242424242
9999999999999998
4242424242424242
4242424242424242
7373737373737373
5959595959595959
6969696969696969
9797979797979797
9999999999999999
3232323232323232
9999999999999999
9999999999999999
4242424242424242
4242424242424242
7373737373737373
4242424242424242
7979797979791919
4848484848484848
4242424242424242
3535353535353535
4242424242424242
9999999494949494
4141414141414141
4141414141414141
3333333333333333
4141414141414141
1212121212121212
4242424242424242
4242424242424242
3232323232323232
4242424242424242
6262626161616161
4141414141414141
4242424242424242
3333333333333333
4949494949494949
9999999999999999
9999999898989898
9696969696969696
3232323232323232
9999999999999999
9999999999999999
4242424242424242
4242424242424242
3333333333333333
4747474747474747
4949191919191919
4343434343434343
4242424242424242
3232323232323232
4242424242424242
9999999999999999
4141414141414141
4141414141414141
3434343434343434
4141414141414141
4848484848484848
6161616161616161
7171717171715151
3131313131313131
4141414141414141
6262626262626262
4242424242424242
4242424242424242
3333333333333333
4949494949494949
9999999999999999
7979797979797979
9999999999999999
4141414141414141
4949494949494949
9999999999999999
4242424242424242
4242424242424242
3333333333333333
4242424242424242
4242424242424242
4646464646464646
4242424242424242
3232323232323232
4242424242424242
5959595959595959
4242424242424242
4242424242424241
8383838383838383
4242424242424242
9292929292929292
1515151515151515
4242424242424242
3232323232323232
4242424242424242
9898989898989898
4242424242424242
4242424242424242
3333333333333333
4747171717171717
4242424242424242
4646464646464646
4242424242424242
3232323232323232
4242424242424242
5959595959595959
4242424242424242
4242424242424242
3333333333333333
4242424242424242
4141414141414141
4242424242424242
4242424242424242
3232323232323232
4242424242424242
6262626262626262
4141414141414141
1111111111111111
3333333333333333
4141414141414141
4242424242424242
6161616161616161
4141414141414141
3131313131313131
4646464646464646
6262626262626262
4242424242424242
4242424242424242
3333333333333333
4242424242424242
5959595959595959
9999999999999999
4949494949494949
3232323232323232
4646464646464646
9999999999999999
4242424242424242
4242424242424242
7373737373737373
4242424242424242
4242424242424242
4242424242424242
4242424242424242
3232323232323232
4242424242424242
6565656565656565
4242424242424242
4747474747474747
3333333333333333
4242424242424242
4949494949494949
9999999999999999
4545454545454545
3232323232323232
5252525252525252
9999999999999999
9999999999999999
4141414141414141
3333333333333333
9999999999999999
9999999999999999
9999999999999999
9696969696969696
3939393939393939
9999999999999999
9999999999999999
4141414141414141
4242424242424242
3333333333333333
4242424242424242
4949494949494949
9494949494949494
4545454545454545
3232323232323232
4242424242424242
9797979797979797
4242424242323232
4242424242424242
3333333333333333
6262626262626262
4949494949494949
5151515151515151
5252525252525252
4242424242424242
4242424242424242
9999999999999998
4141414141414141
4242424242424242
3333333333333333
6363636363636363
9999999999999999
9999999999999999
4949494949494949
3232323232323232
4949494949494949
9999999999999999
4242424242424242
4242424242424242
7373737373737373
5959595959595959
9999999999999999
9999999999999999
9999999999999999
6262626262626262
9999999999999999
9999999999999999
9999999999999999
4242424242424242
3333333333333333
9999999999999999
9999999999999999
9999999999999999
9494949494949494
3535353535353535
9999999999999999
9999979797979797
4242424242424242
4242424242424242
3434343434343434
4242424242424242
6262626262626262
4242424242424242
4242424242424242
3232323232323232
7272727272727272
6767676767676767
4242424242424242
4242424242424242
3333333333333333
4343434343434343
9999999999999999
9999999999999999
4949494949494949
3232323232323232
4646464646464646
9999999999999999
9999999999999999
4242424242424242
3333333333333333
4242424242424242
9999999999999999
9999999999949494
4949494949494949
3232323232323232
4545454545454545
9999999999999999
4242424242424242
4242424242424242
8383838383838383
4242424242424242
4545454545454545
4949494949494949
4242424242424242
3232323232323232
4242424242424242
9999999999999999
4242424242424242
4242424242424242
3333333333333333
4343434343434343
6262626262626262
4242424242424242
4242424242424242
3232323232323232
7272727272727272
6767676767676767
4242424242424242
4242424242424242
3333333333333333
4242424242424242
4242424242424242
4242424242424242
4242424242424242
3232323232323232
1212121212121212
7979797979797979
4141414141414141
4141414141414141
3838383838383838
4141414141414141
6262626262626262
6161616161616161
4141414141414141
3131313131313131
4141414141414141
6262626262626262
4848484848481818
4242424212121212
3333333333333333
4242424242424242
7272727272727272
4242424242424242
4242424242424242
3232323232323232
4242424242424242
6262626262626262
4242424242424242
4242424242424242
3333333333333333
4343434343434343
4949494949494949
9999999999999999
4949494949494948
3232323232323232
4949494946464646
9999999999999999
9999999999999999
4545454545454545
3333333333333333
9999999999999999
9999999999999999
9999999999999999
9999999999999999
3939393939393939
4949494949494949
9999999999999999
5252525252525252
4242424242424242
3333333333333333
4242424242424242
4242424242424242
4545454545454545
4242424242424242
3232323232323232
4242424242424242
7979797979797979
4242424242424242
4242424242424242
3333333333333333
4545454545454545
4949494949494949
9999999999999999
4343434343434343
3232323232323232
5252525252525252
9999999999999999
9999999999999999
4141414141414141
3333333333333333
9999999999999999
9999999999999999
9999999999999999
5656565656565656
3939393939393939
9999999999999999
9999999999999999
4343434343434343
4141414141414141
3636363636363636
4141414141414141
4242424242424242
4141414141414141
7171717171717171
3131313131313131
4141414141414141
6262626262626262
4242424242424242
4242424242424242
3333333333333333
4949494949494949
9999999999999999
9999999999999999
7676767676767676
3232323232323232
9999999999999999
9999999999999999
4242424242424242
4242424242424241
3333333333333333
4343434343434343
9999999999999999
5454545454545454
4949494949494949
3232323232323232
4949494949494949
9999999999999999
4242424242424242
4242424242424242
7373737373737373
4242424242424242
4242424242424242
4242424242424242
4242424242424242
3232323232323232
4242424242424242
6969696969696969
4242424242424242
4242424242424242
3333333333333333
4242424242424242
5959595959595959
9797979797979797
4949494949494949
3232323232323232
4242424242424242
9999999999999999
5959595959595959
4242424242424242
3333333333333333
9999999999999999
9999999999999999
9999999999999999
9999999999999999
3737373737373737
9999999999999999
9999999999999999
4242424242424242
4242424242424242
3333333333333333
4343434343434343
9999999999999999
5353535353535353
4949494949494949
3232323232323232
4949494949494949
9999999999999999
4141414141414141
4141414141414141
7373737373737373
4141414141414141
4242424242424242
4242424242424242
4242424242424242
3232323232323232
4242424242424242
6262626262626262
7272727272727272
4242424242424242
3333333333333333
4242424242424141
4343434343434343
4545454545454545
4242424242424242
3232323232323232
4242424242424242
9999999999999999
4141414141414141
4141414141414141
3333333333333333
4141414141414141
4242424242424242
8181818181818181
4141414141414141
3131313131313131
4141414141414141
6262626262626262
4242424242424242
4242424242424242
3333333333333333
4242424242424242
4242424242424242
4646464646464646
4949494949494949
3232323232323232
4242424242424242
5959595959595959
4646464646464646
4242424242424242
3333333333333333
4242424242424242
4949494949494949
5959595959595959
4242424242424242
4141414141414141
4242424242424242
9999999999999999
4141414141414141
4242424242424242
3333333333333333
4242424242424242
4949494949494949
9999999999999999
4545454545454545
1212121212121212
4242424242424242
9999999999999999
4242424242424242
4242424242424242
3333333333333333
4242424242424242
9999999999999999
9999999999999999
4949494949494949
5252525252525252
4545454545454545
9999999999999999
4141414141414141
4242424242424242
3333333333333333
6363636363636363
9999999999999999
9999999999999999
5959595959595959
3232323232323232
4949494949494949
9999999999999999
