2592789378
15 12 50
999999999999999999999999
999999999999999999999999
999999999999999999999999
999999999999999999999999
999999999999999999999999
999999999999999999999999
999999999999999999999999
999999999999999999999999
999999999999999999999999
999999999999999999999999
999999999999999999999999
999999999999999999999999
999999999999999999999999
999999999999999999999999
999999999999999999999999
999999999999999999999999
999999999999999999999999
999999999999999999999999
595959595959595959595959
999999999999999999999999
999999999999999999999999
999999999999999999999999
999999999999999999999999
999999999999999999999999
999999999999999999999999
999999999999999999999999
999999999999999999999999
999999999999999999999999
999999999999999999999999
999999999999999999999999
999999999999999999999999
999999999999999999999999
999999999999999999999999
797979797979797979797979
999999999999999999999999
999999999999999999999999
999999999999999999999999
999999999999999999999999
999999999999999999999999
999999999999999999999999
999999999999999999999999
999999999999999999999999
999999999999999999999999
999999999999999999999999
999999999999999999999999
999999999999999999999999
999999999999999999999999
999999999999999999999999
696969696969696969696969
999999999999999999999999
999999999999999999999999
999999999999999999999999
999999999999999999999999
999999999999999999999999
999999999999999999999999
999999999999999999999999
999999999999999999999999
999999999999999999999999
999999999999999999999999
999999999999999999999999
999999999999999999999999
999999999999999999999999
999999999999999999999999
656565656565656565656565
999999999999999999999999
999999999999999999999999
999999999999999999999999
999999999999999999999999
999999999999999999999999
999999999999999999999999
999999999999999999999999
999999999999999999999999
999999999999999999999999
999999999999999999999999
999999999999999999999999
999999999999999999999999
999999999999999999999999
999999999999999999999999
636363636363636363636363
999999999999999999999999
999999999999999999999999
999999999999999999999999
999999999999999999999999
999999999999999999999999
999999999999999999999999
999999999999999999999999
999999999999999999999999
999999999999999999999999
999999999999999999999999
999999999999999999999999
999999999999999999999999
999999999999999999999999
999999999999999999999999
646464646464646464646464
999999999999999999999999
999999999999999999999999
999999999999999999999999
999999999999999999999999
999999999999999999999999
999999999999999999999999
999999999999999999999999
999999999999999999999999
999999999999999999999999
999999999999999999999999
999999999999999999999999
999999999999999999999999
999999999999999999999999
999999999999999999999999
646464646464646464646464
999999999999999999999999
999999999999999999999999
999999999999999999999999
595959595959595959595959
999999999999999999999999
999999999999999999999999
999999999999999999999999
999999999999999999999999
999999999999999999999999
999999999999999999999999
999999999999999999999999
999999999999999999999999
999999999999999999999999
999999999999999999999999
646464646464646464646464
999999999999999999999999
999999999999999999999999
999999999999999999999999
393939393939393939393939
999999999999999999999999
999999999999999999999999
999999999999999999999999
999999999999999999999999
999999999999999999999999
999999999999999999999999
999999999999999999999999
999999999999999999999999
999999999999999999999999
999999999999999999999999
646464646464646464646464
999999999999999999999999
999999999999999999999999
999999999999999999999999
292929292929292929292929
999999999999999999999999
999999999999999999999999
999999999999999999999999
999999999999999999999999
999999999999999999999999
999999999999999999999999
999999999999999999999999
999999999999999999999999
999999999999999999999999
999999999999999999999999
646464646464646464646464
999999999999999999999999
999999999999999999999999
999999999999999999999999
353535353535353535353535
999999999999999999999999
999999999999999999999999
999999999999999999999999
999999999999999999999999
999999999999999999999999
999999999999999999999999
999999999999999999999999
999999999999999999999999
999999999999999999999999
999999999999999999999999
646464646464646464646464
999999999999999999999999
999999999999999999999999
999999999999999999999999
333333333333333333333333
999999999999999999999999
999999999999999999999999
999999999999999999999999
999999999999999999999999
999999999999999999999999
999999999999999999999999
999999999999999999999999
999999999999999999999999
999999999999999999999999
999999999999999999999999
646464646464646464646464
999999999999999999999999
999999999999999999999999
999999999999999999999999
323232323232323232323232
999999999999999999999999
999999999999999999999999
999999999999999999999999
999999999999999999999999
999999999999999999999999
999999999999999999999999
999999999999999999999999
999999999999999999999999
595959595959595959595959
999999999999999999999999
646464646464646464646464
999999999999999999999999
999999999999999999999999
999999999999999999999999
323232323232323232323232
999999999999999999999999
999999999999999999999999
999999999999999999999999
999999999999999999999999
999999999999999999999999
999999999999999999999999
999999999999999999999999
999999999999999999999999
797979797979797979797979
999999999999999999999999
646464646464646464646464
999999999999999999999999
999999999999999999999999
999999999999999999999999
323232323232323232323232
999999999999999999999999
999999999999999999999999
999999999999999999999999
999999999999999999999999
999999999999999999999999
999999999999999999999999
999999999999999999999999
999999999999999999999999
696969696969696969696969
999999999999999999999999
646464646464646464646464
999999999999999999999999
999999999999999999999999
999999999999999999999999
323232323232323232323232
999999999999999999999999
999999999999999999999999
999999999999999999999999
999999999999999999999999
999999999999999999999999
999999999999999999999999
999999999999999999999999
999999999999999999999999
797979797979797979797979
999999999999999999999999
646464646464646464646464
999999999999999999999999
595959595959595959595959
999999999999999999999999
323232323232323232323232
999999999999999999999999
999999999999999999999999
999999999999999999999999
999999999999999999999999
999999999999999999999999
999999999999999999999999
999999999999999999999999
999999999999999999999999
797979797979797979797979
999999999999999999999999
646464646464646464646464
999999999999999999999999
393939393939393939393939
999999999999999999999999
323232323232323232323232
999999999999999999999999
999999999999999999999999
999999999999999999999999
999999999999999999999999
999999999999999999999999
999999999999999999999999
999999999999999999999999
999999999999999999999999
797979797979797979797979
999999999999999999999999
646464646464646464646464
999999999999999999999999
292929292929292929292929
999999999999999999999999
323232323232323232323232
999999999999999999999999
999999999999999999999999
999999999999999999999999
999999999999999999999999
999999999999999999999999
999999999999999999999999
999999999999999999999999
999999999999999999999999
757575757575757575757575
999999999999999999999999
646464646464646464646464
999999999999999999999999
393939393939393939393939
999999999999999999999999
323232323232323232323232
999999999999999999999999
999999999999999999999999
999999999999999999999999
999999999999999999999999
999999999999999999999999
999999999999999999999999
999999999999999999999999
999999999999999999999999
777777777777777777777777
999999999999999999999999
646464646464646464646464
999999999999999999999999
393939393939393939393939
999999999999999999999999
323232323232323232323232
999999999999999999999999
999999999999999999999999
999999999999999999999999
999999999999999999999999
999999999999999999999999
999999999999999999999999
999999999999999999999999
999999999999999999999999
767676767676767676767676
999999999999999999999999
646464646464646464646464
999999999999999999999999
393939393939393939393939
999999999999999999999999
323232323232323232323232
999999999999999999999999
999999999999999999999999
999999999999999999999999
999999999999999999999999
999999999999999999999999
999999999999999999999999
999999999999999999999999
999999999999999999999999
777777777777777777777777
999999999999999999999999
646464646464646464646464
999999999999999999999999
353535353535353535353535
999999999999999999999999
323232323232323232323232
999999999999999999999999
999999999999999999999999
999999999999999999999999
999999999999999999999999
999999999999999999999999
999999999999999999999999
999999999999999999999999
999999999999999999999999
777777777777777777777777
999999999999999999999999
646464646464646464646464
999999999999999999999999
333333333333333333333333
999999999999999999999999
323232323232323232323232
999999999999999999999999
999999999999999999999999
999999999999999999999999
999999999999999999999999
999999999999999999999999
999999999999999999999999
999999999999999999999999
999999999999999999999999
777777777777777777777777
999999999999999999999999
646464646464646464646464
999999999999999999999999
343434343434343434343434
999999999999999999999999
323232323232323232323232
999999999999999999999999
999999999999999999999999
999999999999999999999999
999999999999999999999999
999999999999999999999999
999999999999999999999999
999999999999999999999999
999999999999999999999999
777777777777777777777777
999999999999999999999999
646464646464646464646464
999999999999999999999999
343434343434343434343434
999999999999999999999999
323232323232323232323232
999999999999999999999999
999999999999999999999999
999999999999999999999999
999999999999999999999999
999999999999999999999999
595959595959595959595959
999999999999999999999999
999999999999999999999999
777777777777777777777777
999999999999999999999999
646464646464646464646464
999999999999999999999999
343434343434343434343434
999999999999999999999999
323232323232323232323232
999999999999999999999999
999999999999999999999999
999999999999999999999999
999999999999999999999999
999999999999999999999999
393939393939393939393939
999999999999999999999999
999999999999999999999999
777777777777777777777777
999999999999999999999999
646464646464646464646464
999999999999999999999999
343434343434343434343434
999999999999999999999999
323232323232323232323232
999999999999999999999999
999999999999999999999999
999999999999999999999999
999999999999999999999999
999999999999999999999999
494949494949494949494949
999999999999999999999999
999999999999999999999999
777777777777777777777777
999999999999999999999999
646464646464646464646464
999999999999999999999999
343434343434343434343434
999999999999999999999999
323232323232323232323232
595959595959595959595959
999999999999999999999999
999999999999999999999999
999999999999999999999999
999999999999999999999999
494949494949494949494949
999999999999999999999999
999999999999999999999999
777777777777777777777777
999999999999999999999999
646464646464646464646464
999999999999999999999999
343434343434343434343434
999999999999999999999999
323232323232323232323232
393939393939393939393939
999999999999999999999999
999999999999999999999999
999999999999999999999999
999999999999999999999999
494949494949494949494949
999999999999999999999999
999999999999999999999999
777777777777777777777777
999999999999999999999999
646464646464646464646464
999999999999999999999999
343434343434343434343434
999999999999999999999999
323232323232323232323232
494949494949494949494949
999999999999999999999999
999999999999999999999999
999999999999999999999999
999999999999999999999999
494949494949494949494949
999999999999999999999999
999999999999999999999999
777777777777777777777777
999999999999999999999999
646464646464646464646464
999999999999999999999999
343434343434343434343434
999999999999999999999999
323232323232323232323232
494949494949494949494949
595959595959595959595959
999999999999999999999999
999999999999999999999999
999999999999999999999999
494949494949494949494949
999999999999999999999999
999999999999999999999999
777777777777777777777777
999999999999999999999999
646464646464646464646464
999999999999999999999999
343434343434343434343434
999999999999999999999999
323232323232323232323232
494949494949494949494949
393939393939393939393939
999999999999999999999999
999999999999999999999999
999999999999999999999999
494949494949494949494949
999999999999999999999999
999999999999999999999999
777777777777777777777777
999999999999999999999999
646464646464646464646464
999999999999999999999999
343434343434343434343434
999999999999999999999999
323232323232323232323232
494949494949494949494949
292929292929292929292929
999999999999999999999999
999999999999999999999999
999999999999999999999999
494949494949494949494949
999999999999999999999999
999999999999999999999999
777777777777777777777777
999999999999999999999999
646464646464646464646464
999999999999999999999999
343434343434343434343434
999999999999999999999999
323232323232323232323232
494949494949494949494949
393939393939393939393939
999999999999999999999999
999999999999999999999999
595959595959595959595959
494949494949494949494949
999999999999999999999999
999999999999999999999999
777777777777777777777777
999999999999999999999999
646464646464646464646464
999999999999999999999999
343434343434343434343434
999999999999999999999999
323232323232323232323232
494949494949494949494949
393939393939393939393939
999999999999999999999999
999999999999999999999999
393939393939393939393939
494949494949494949494949
999999999999999999999999
999999999999999999999999
777777777777777777777777
999999999999999999999999
646464646464646464646464
999999999999999999999999
343434343434343434343434
999999999999999999999999
323232323232323232323232
494949494949494949494949
393939393939393939393939
999999999999999999999999
999999999999999999999999
292929292929292929292929
494949494949494949494949
999999999999999999999999
999999999999999999999999
777777777777777777777777
999999999999999999999999
646464646464646464646464
999999999999999999999999
343434343434343434343434
999999999999999999999999
323232323232323232323232
494949494949494949494949
393939393939393939393939
999999999999999999999999
999999999999999999999999
393939393939393939393939
454545454545454545454545
999999999999999999999999
999999999999999999999999
777777777777777777777777
999999999999999999999999
646464646464646464646464
999999999999999999999999
343434343434343434343434
999999999999999999999999
323232323232323232323232
494949494949494949494949
393939393939393939393939
999999999999999999999999
999999999999999999999999
393939393939393939393939
434343434343434343434343
999999999999999999999999
999999999999999999999999
777777777777777777777777
999999999999999999999999
646464646464646464646464
999999999999999999999999
343434343434343434343434
999999999999999999999999
323232323232323232323232
494949494949494949494949
393939393939393939393939
999999999999999999999999
999999999999999999999999
393939393939393939393939
444444444444444444444444
999999999999999999999999
999999999999999999999999
777777777777777777777777
999999999999999999999999
646464646464646464646464
999999999999999999999999
343434343434343434343434
595959595959595959595959
323232323232323232323232
494949494949494949494949
393939393939393939393939
999999999999999999999999
999999999999999999999999
393939393939393939393939
444444444444444444444444
999999999999999999999999
999999999999999999999999
777777777777777777777777
999999999999999999999999
646464646464646464646464
999999999999999999999999
343434343434343434343434
393939393939393939393939
323232323232323232323232
494949494949494949494949
393939393939393939393939
999999999999999999999999
999999999999999999999999
393939393939393939393939
444444444444444444444444
999999999999999999999999
999999999999999999999999
777777777777777777777777
999999999999999999999999
646464646464646464646464
999999999999999999999999
343434343434343434343434
494949494949494949494949
323232323232323232323232
494949494949494949494949
393939393939393939393939
999999999999999999999999
999999999999999999999999
393939393939393939393939
444444444444444444444444
999999999999999999999999
999999999999999999999999
777777777777777777777777
999999999999999999999999
646464646464646464646464
999999999999999999999999
343434343434343434343434
494949494949494949494949
323232323232323232323232
454545454545454545454545
393939393939393939393939
999999999999999999999999
999999999999999999999999
393939393939393939393939
444444444444444444444444
999999999999999999999999
999999999999999999999999
777777777777777777777777
999999999999999999999999
646464646464646464646464
999999999999999999999999
343434343434343434343434
494949494949494949494949
323232323232323232323232
434343434343434343434343
393939393939393939393939
999999999999999999999999
999999999999999999999999
393939393939393939393939
444444444444444444444444
999999999999999999999999
999999999999999999999999
777777777777777777777777
999999999999999999999999
646464646464646464646464
999999999999999999999999
343434343434343434343434
494949494949494949494949
323232323232323232323232
444444444444444444444444
393939393939393939393939
999999999999999999999999
999999999999999999999999
393939393939393939393939
444444444444444444444444
999999999999999999999999
595959595959595959595959
777777777777777777777777
999999999999999999999999
646464646464646464646464
999999999999999999999999
343434343434343434343434
494949494949494949494949
323232323232323232323232
454545454545454545454545
393939393939393939393939
999999999999999999999999
999999999999999999999999
393939393939393939393939
444444444444444444444444
999999999999999999999999
393939393939393939393939
777777777777777777777777
999999999999999999999999
646464646464646464646464
999999999999999999999999
343434343434343434343434
494949494949494949494949
323232323232323232323232
454545454545454545454545
393939393939393939393939
999999999999999999999999
999999999999999999999999
393939393939393939393939
444444444444444444444444
999999999999999999999999
494949494949494949494949
777777777777777777777777
999999999999999999999999
646464646464646464646464
999999999999999999999999
343434343434343434343434
494949494949494949494949
323232323232323232323232
454545454545454545454545
393939393939393939393939
999999999999999999999999
999999999999999999999999
393939393939393939393939
444444444444444444444444
999999999999999999999999
494949494949494949494949
777777777777777777777777
999999999999999999999999
646464646464646464646464
999999999999999999999999
343434343434343434343434
494949494949494949494949
323232323232323232323232
454545454545454545454545
353535353535353535353535
999999999999999999999999
999999999999999999999999
393939393939393939393939
444444444444444444444444
999999999999999999999999
