2224383676
16 8 50
9999999999999999
9999999999999999
9999999999999999
9999999999999999
9999999999999999
9999999999999999
9999999999999999
9999999999999999
9999999999999999
9999999999999999
9999999999999999
9999999999999999
9999999999999999
9999999999999999
9999999999999999
9999999999999999
9999999999999999
9999999999999999
9999999999999999
9999999999999999
9999999999999999
5959595959595959
9999999999999999
9999999999999999
9999999999999999
9999999999999999
9999999999999999
9999999999999999
9999999999999999
9999999999999999
9999999999999999
9999999999999999
9999999999999999
9999999999999999
9999999999999999
9999999999999999
9999999999999999
3939393939393939
9999999999999999
9999999999999999
9999999999999999
9999999999999999
9999999999999999
9999999999999999
9999999999999999
9999999999999999
9999999999999999
9999999999999999
9999999999999999
9999999999999999
9999999999999999
9999999999999999
9999999999999999
4949494949494949
9999999999999999
9999999999999999
9999999999999999
9999999999999999
9999999999999999
9999999999999999
9999999999999999
9999999999999999
9999999999999999
9999999999999999
9999999999999999
9999999999999999
9999999999999999
9999999999999999
9999999999999999
5959595959595959
9999999999999999
9999999999999999
9999999999999999
9999999999999999
9999999999999999
9999999999999999
9999999999999999
5959595959595959
9999999999999999
9999999999999999
9999999999999999
9999999999999999
9999999999999999
9999999999999999
9999999999999999
5959595959595959
9999999999999999
9999999999999999
9999999999999999
9999999999999999
9999999999999999
9999999999999999
9999999999999999
3939393939393939
9999999999999999
9999999999999999
9999999999999999
9999999999999999
9999999999999999
9999999999999999
9999999999999999
5959595959595959
9999999999999999
9999999999999999
9999999999999999
9999999999999999
9999999999999999
9999999999999999
9999999999999999
4949494949494949
9999999999999999
9999999999999999
9999999999999999
9999999999999999
5959595959595959
9999999999999999
9999999999999999
5959595959595959
9999999999999999
9999999999999999
9999999999999999
9999999999999999
9999999999999999
9999999999999999
9999999999999999
5959595959595959
9999999999999999
9999999999999999
9999999999999999
9999999999999999
3939393939393939
9999999999999999
9999999999999999
5959595959595959
9999999999999999
9999999999999999
9999999999999999
9999999999999999
9999999999999999
9999999999999999
9999999999999999
5959595959595959
9999999999999999
9999999999999999
9999999999999999
9999999999999999
4949494949494949
9999999999999999
9999999999999999
5959595959595959
9999999999999999
9999999999999999
9999999999999999
9999999999999999
9999999999999999
9999999999999999
9999999999999999
5959595959595959
9999999999999999
9999999999999999
9999999999999999
9999999999999999
4949494949494949
9999999999999999
9999999999999999
5959595959595959
9999999999999999
9999999999999999
9999999999999999
9999999999999999
9999999999999999
9999999999999999
5959595959595959
5959595959595959
9999999999999999
9999999999999999
9999999999999999
9999999999999999
4949494949494949
9999999999999999
9999999999999999
5959595959595959
9999999999999999
9999999999999999
9999999999999999
9999999999999999
9999999999999999
9999999999999999
3939393939393939
5959595959595959
9999999999999999
9999999999999999
9999999999999999
9999999999999999
4949494949494949
9999999999999999
9999999999999999
5959595959595959
9999999999999999
9999999999999999
9999999999999999
9999999999999999
9999999999999999
9999999999999999
4949494949494949
5959595959595959
9999999999999999
9999999999999999
9999999999999999
9999999999999999
4949494949494949
9999999999999999
9999999999999999
5555555555555555
9999999999999999
9999999999999999
9999999999999999
9999999999999999
9999999999999999
9999999999999999
4949494949494949
5959595959595959
9999999999999999
9999999999999999
9999999999999999
9999999999999999
4949494949494949
9999999999999999
9999999999999999
5353535353535353
9999999999999999
9999999999999999
9999999999999999
9999999999999999
9999999999999999
9999999999999999
4949494949494949
5959595959595959
9999999999999999
9999999999999999
9999999999999999
9999999999999999
4949494949494949
9999999999999999
9999999999999999
5454545454545454
9999999999999999
9999999999999999
9999999999999999
9999999999999999
9999999999999999
9999999999999999
4949494949494949
5959595959595959
9999999999999999
9999999999999999
9999999999999999
9999999999999999
4949494949494949
9999999999999999
9999999999999999
5555555555555555
9999999999999999
9999999999999999
9999999999999999
9999999999999999
9999999999999999
9999999999999999
4949494949494949
5555555555555555
9999999999999999
9999999999999999
9999999999999999
9999999999999999
4949494949494949
9999999999999999
9999999999999999
5555555555555555
9999999999999999
9999999999999999
9999999999999999
9999999999999999
9999999999999999
9999999999999999
4949494949494949
5353535353535353
9999999999999999
9999999999999999
9999999999999999
9999999999999999
4949494949494949
9999999999999999
9999999999999999
5555555555555555
9999999999999999
9999999999999999
9999999999999999
9999999999999999
9999999999999999
9999999999999999
4949494949494949
5454545454545454
9999999999999999
9999999999999999
9999999999999999
9999999999999999
4545454545454545
9999999999999999
9999999999999999
5555555555555555
9999999999999999
9999999999999999
9999999999999999
9999999999999999
9999999999999999
9999999999999999
4949494949494949
5454545454545454
9999999999999999
9999999999999999
9999999999999999
9999999999999999
4343434343434343
9999999999999999
9999999999999999
5555555555555555
9999999999999999
9999999999999999
9999999999999999
9999999999999999
9999999999999999
9999999999999999
4949494949494949
5454545454545454
9999999999999999
9999999999999999
9999999999999999
9999999999999999
4242424242424242
9999999999999999
9999999999999999
5555555555555555
9999999999999999
9999999999999999
9999999999999999
9999999999999999
9999999999999999
9999999999999999
4949494949494949
5454545454545454
9999999999999999
9999999999999999
9999999999999999
9999999999999999
4242424242424242
9999999999999999
9999999999999999
5555555555555555
9999999999999999
9999999999999999
9999999999999999
9999999999999999
9999999999999999
9999999999999999
4545454545454545
5454545454545454
9999999999999999
9999999999999999
9999999999999999
9999999999999999
4242424242424242
9999999999999999
9999999999999999
5555555555555555
9999999999999999
9999999999999999
9999999999999999
9999999999999999
9999999999999999
9999999999999999
4343434343434343
5454545454545454
9999999999999999
9999999999999999
9999999999999999
9999999999999999
4242424242424242
9999999999999999
9999999999999999
5555555555555555
9999999999999999
9999999999999999
9999999999999999
9999999999999999
9999999999999999
9999999999999999
4444444444444444
5454545454545454
9999999999999999
9999999999999999
9999999999999999
5959595959595959
4242424242424242
9999999999999999
9999999999999999
5555555555555555
9999999999999999
9999999999999999
9999999999999999
9999999999999999
9999999999999999
9999999999999999
4444444444444444
5454545454545454
9999999999999999
9999999999999999
9999999999999999
3939393939393939
4242424242424242
9999999999999999
9999999999999999
5555555555555555
9999999999999999
9999999999999999
9999999999999999
9999999999999999
9999999999999999
9999999999999999
4444444444444444
5454545454545454
9999999999999999
9999999999999999
9999999999999999
4949494949494949
4242424242424242
9999999999999999
9999999999999999
5555555555555555
9999999999999999
9999999999999999
9999999999999999
9999999999999999
9999999999999999
9999999999999999
4444444444444444
5454545454545454
9999999999999999
9999999999999999
9999999999999999
5959595959595959
4242424242424242
5959595959595959
9999999999999999
5555555555555555
9999999999999999
9999999999999999
9999999999999999
9999999999999999
9999999999999999
9999999999999999
4444444444444444
5454545454545454
9999999999999999
9999999999999999
9999999999999999
5959595959595959
4242424242424242
3939393939393939
9999999999999999
5555555555555555
9999999999999999
9999999999999999
9999999999999999
9999999999999999
9999999999999999
9999999999999999
4444444444444444
5454545454545454
9999999999999999
9999999999999999
9999999999999999
5959595959595959
4242424242424242
4949494949494949
9999999999999999
5555555555555555
9999999999999999
9999999999999999
9999999999999999
9999999999999999
9999999999999999
9999999999999999
4444444444444444
5454545454545454
9999999999999999
9999999999999999
9999999999999999
5959595959595959
4242424242424242
5959595959595959
9999999999999999
5555555555555555
9999999999999999
9999999999999999
5959595959595959
9999999999999999
9999999999999999
9999999999999999
4444444444444444
5454545454545454
9999999999999999
9999999999999999
9999999999999999
5959595959595959
4242424242424242
5959595959595959
9999999999999999
5555555555555555
9999999999999999
9999999999999999
7979797979797979
9999999999999999
9999999999999999
9999999999999999
4444444444444444
5454545454545454
9999999999999999
9999999999999999
9999999999999999
5959595959595959
4242424242424242
5959595959595959
9999999999999999
5555555555555555
9999999999999999
9999999999999999
6969696969696969
9999999999999999
9999999999999999
9999999999999999
4444444444444444
5454545454545454
9999999999999999
9999999999999999
9999999999999999
5959595959595959
4242424242424242
5959595959595959
5959595959595959
5555555555555555
9999999999999999
9999999999999999
6969696969696969
9999999999999999
9999999999999999
9999999999999999
4444444444444444
5454545454545454
9999999999999999
9999999999999999
9999999999999999
5959595959595959
4242424242424242
5959595959595959
3939393939393939
5555555555555555
9999999999999999
9999999999999999
6969696969696969
9999999999999999
9999999999999999
9999999999999999
4444444444444444
5454545454545454
9999999999999999
9999999999999999
9999999999999999
5959595959595959
4242424242424242
5959595959595959
4949494949494949
5555555555555555
9999999999999999
9999999999999999
6969696969696969
9999999999999999
9999999999999999
9999999999999999
4444444444444444
5454545454545454
9999999999999999
9999999999999999
9999999999999999
5959595959595959
4242424242424242
5959595959595959
4949494949494949
5555555555555555
9999999999999999
9999999999999999
6969696969696969
9999999999999999
9999999999999999
9999999999999999
4444444444444444
5454545454545454
9999999999999999
5959595959595959
9999999999999999
5959595959595959
4242424242424242
5959595959595959
4949494949494949
5555555555555555
9999999999999999
9999999999999999
6969696969696969
9999999999999999
9999999999999999
9999999999999999
4444444444444444
5454545454545454
9999999999999999
3939393939393939
9999999999999999
5959595959595959
4242424242424242
5959595959595959
4949494949494949
5555555555555555
9999999999999999
9999999999999999
6969696969696969
9999999999999999
9999999999999999
9999999999999999
4444444444444444
5454545454545454
9999999999999999
4949494949494949
9999999999999999
5959595959595959
4242424242424242
5959595959595959
4949494949494949
5555555555555555
5959595959595959
9999999999999999
6969696969696969
9999999999999999
9999999999999999
9999999999999999
4444444444444444
5454545454545454
9999999999999999
5959595959595959
9999999999999999
5959595959595959
4242424242424242
5959595959595959
4949494949494949
5555555555555555
3939393939393939
9999999999999999
6969696969696969
9999999999999999
9999999999999999
9999999999999999
4444444444444444
5454545454545454
9999999999999999
5959595959595959
9999999999999999
5959595959595959
4242424242424242
5959595959595959
4949494949494949
5555555555555555
4949494949494949
9999999999999999
6969696969696969
9999999999999999
9999999999999999
9999999999999999
4444444444444444
5454545454545454
9999999999999999
5959595959595959
9999999999999999
5555555555555555
4242424242424242
5959595959595959
4949494949494949
5555555555555555
5959595959595959
9999999999999999
6969696969696969
9999999999999999
9999999999999999
9999999999999999
4444444444444444
5454545454545454
9999999999999999
5959595959595959
9999999999999999
5353535353535353
4242424242424242
5959595959595959
4949494949494949
5555555555555555
5959595959595959
9999999999999999
6969696969696969
9999999999999999
9999999999999999
9999999999999999
4444444444444444
5454545454545454
9999999999999999
5959595959595959
9999999999999999
5454545454545454
4242424242424242
5959595959595959
4949494949494949
5555555555555555
5959595959595959
9999999999999999
6969696969696969
9999999999999999
9999999999999999
9999999999999999
4444444444444444
5454545454545454
9999999999999999
5959595959595959
9999999999999999
5555555555555555
4242424242424242
5555555555555555
4949494949494949
5555555555555555
5959595959595959
9999999999999999
6969696969696969
9999999999999999
9999999999999999
9999999999999999
4444444444444444
5454545454545454
9999999999999999
5959595959595959
9999999999999999
5555555555555555
4242424242424242
5353535353535353
4949494949494949
5555555555555555
5959595959595959
9999999999999999
6969696969696969
9999999999999999
9999999999999999
9999999999999999
4444444444444444
5454545454545454
9999999999999999
5959595959595959
9999999999999999
5555555555555555
4242424242424242
5454545454545454
4949494949494949
5555555555555555
5959595959595959
9999999999999999
6969696969696969
9999999999999999
9999999999999999
9999999999999999
4444444444444444
5454545454545454
9999999999999999
5959595959595959
9999999999999999
5555555555555555
4242424242424242
5555555555555555
4949494949494949
5555555555555555
5959595959595959
9999999999999999
6565656565656565
9999999999999999
9999999999999999
9999999999999999
4444444444444444
5454545454545454
9999999999999999
5959595959595959
