3291886614
10 8 100
9999999999999999
9999999999999999
9999999999999999
9999999999999999
9999999999999999
9999999999999999
9999999999999999
9999999999999999
9999999999999999
9999999999999999
9999999999999999
9999999999999999
9999999999999999
9999999999999999
9999999999999999
9999999999999999
9999999999999999
9999999999999999
9999999999999999
5959595959595959
9999999999999999
9999999999999999
9999999999999999
9999999999999999
9999999999999999
9999999999999999
9999999999999999
9999999999999999
9999999999999999
3939393939393939
9999999999999999
9999999999999999
9999999999999999
9999999999999999
9999999999999999
9999999999999999
9999999999999999
9999999999999999
9999999999999999
4949494949494949
9999999999999999
9999999999999999
5959595959595959
9999999999999999
9999999999999999
9999999999999999
9999999999999999
9999999999999999
9999999999999999
5959595959595959
9999999999999999
9999999999999999
3939393939393939
9999999999999999
9999999999999999
9999999999999999
9999999999999999
9999999999999999
9999999999999999
5959595959595959
9999999999999999
9999999999999999
4949494949494949
9999999999999999
9999999999999999
9999999999999999
9999999999999999
9999999999999999
9999999999999999
5959595959595959
9999999999999999
9999999999999999
4949494949494949
9999999999999999
9999999999999999
9999999999999999
9999999999999999
9999999999999999
9999999999999999
5555555555555555
9999999999999999
9999999999999999
4949494949494949
9999999999999999
9999999999999999
9999999999999999
9999999999999999
9999999999999999
9999999999999999
5353535353535353
9999999999999999
9999999999999999
4949494949494949
9999999999999999
9999999999999999
9999999999999999
9999999999999999
9999999999999999
9999999999999999
5454545454545454
9999999999999999
9999999999999999
4949494949494949
9999999999999999
9999999999999999
9999999999999999
9999999999999999
5959595959595959
9999999999999999
5555555555555555
9999999999999999
9999999999999999
4949494949494949
9999999999999999
9999999999999999
9999999999999999
9999999999999999
3939393939393939
9999999999999999
5555555555555555
9999999999999999
9999999999999999
4949494949494949
9999999999999999
9999999999999999
9999999999999999
9999999999999999
4949494949494949
9999999999999999
5555555555555555
9999999999999999
9999999999999999
4545454545454545
9999999999999999
9999999999999999
9999999999999999
9999999999999999
4949494949494949
9999999999999999
5555555555555555
9999999999999999
9999999999999999
4343434343434343
9999999999999999
9999999999999999
9999999999999999
9999999999999999
4949494949494949
9999999999999999
5555555555555555
9999999999999999
9999999999999999
4444444444444444
9999999999999999
9999999999999999
9999999999999999
9999999999999999
4949494949494949
9999999999999999
5555555555555555
9999999999999999
9999999999999999
4444444444444444
9999999999999999
5959595959595959
9999999999999999
9999999999999999
4949494949494949
9999999999999999
5555555555555555
9999999999999999
9999999999999999
4444444444444444
9999999999999999
3939393939393939
9999999999999999
9999999999999999
4949494949494949
9999999999999999
5555555555555555
9999999999999999
9999999999999999
4444444444444444
9999999999999999
4949494949494949
9999999999999999
9999999999999999
4949494949494949
9999999999999999
5555555555555555
9999999999999999
9999999999999999
4444444444444444
9999999999999999
4949494949494949
9999999999999999
9999999999999999
4545454545454545
9999999999999999
5555555555555555
9999999999999999
9999999999999999
4444444444444444
9999999999999999
4949494949494949
9999999999999999
9999999999999999
4747474747474747
9999999999999999
5555555555555555
9999999999999999
9999999999999999
4444444444444444
9999999999999999
4949494949494949
9999999999999999
9999999999999999
4646464646464646
9999999999999999
5555555555555555
9999999999999999
9999999999999999
4444444444444444
9999999999999999
4545454545454545
9999999999999999
9999999999999999
4747474747474747
9999999999999999
5555555555555555
9999999999999999
9999999999999999
4444444444444444
9999999999999999
4747474747474747
9999999999999999
9999999999999999
4747474747474747
9999999999999999
5555555555555555
9999999999999999
9999999999999999
4444444444444444
9999999999999999
4646464646464646
9999999999999999
9999999999999999
4747474747474747
9999999999999999
5555555555555555
9999999999999999
9999999999999999
4444444444444444
9999999999999999
4646464646464646
5959595959595959
9999999999999999
4747474747474747
9999999999999999
5555555555555555
9999999999999999
9999999999999999
4444444444444444
9999999999999999
4646464646464646
3939393939393939
9999999999999999
4747474747474747
9999999999999999
5555555555555555
9999999999999999
9999999999999999
4444444444444444
9999999999999999
4646464646464646
4949494949494949
9999999999999999
4747474747474747
9999999999999999
5555555555555555
9999999999999999
5959595959595959
4444444444444444
9999999999999999
4646464646464646
4949494949494949
9999999999999999
4747474747474747
9999999999999999
5555555555555555
9999999999999999
3939393939393939
4444444444444444
9999999999999999
4646464646464646
4949494949494949
9999999999999999
4747474747474747
9999999999999999
5555555555555555
9999999999999999
4949494949494949
4444444444444444
9999999999999999
4646464646464646
4949494949494949
9999999999999999
4747474747474747
9999999999999999
5555555555555555
9999999999999999
4949494949494949
4444444444444444
9999999999999999
4646464646464646
4545454545454545
9999999999999999
4747474747474747
9999999999999999
5555555555555555
9999999999999999
4949494949494949
4444444444444444
9999999999999999
4646464646464646
4747474747474747
9999999999999999
4747474747474747
9999999999999999
5555555555555555
9999999999999999
4949494949494949
4444444444444444
9999999999999999
4646464646464646
4646464646464646
9999999999999999
4747474747474747
9999999999999999
5555555555555555
9999999999999999
4545454545454545
4444444444444444
9999999999999999
4646464646464646
4646464646464646
9999999999999999
4747474747474747
9999999999999999
5555555555555555
9999999999999999
4343434343434343
4444444444444444
9999999999999999
4646464646464646
4646464646464646
9999999999999999
4747474747474747
9999999999999999
5555555555555555
9999999999999999
4242424242424242
4444444444444444
9999999999999999
4646464646464646
4646464646464646
9999999999999999
4747474747474747
9999999999999999
5555555555555555
9999999999999999
4242424242424242
4444444444444444
9999999999999999
4646464646464646
4646464646464646
9999999999999999
4747474747474747
5959595959595959
5555555555555555
9999999999999999
4242424242424242
4444444444444444
9999999999999999
4646464646464646
4646464646464646
9999999999999999
4747474747474747
7979797979797979
5555555555555555
9999999999999999
4242424242424242
4444444444444444
9999999999999999
4646464646464646
4646464646464646
9999999999999999
4747474747474747
8989898989898989
5555555555555555
9999999999999999
4242424242424242
4444444444444444
9999999999999999
4646464646464646
4646464646464646
5959595959595959
4747474747474747
9999999999999999
5555555555555555
9999999999999999
4242424242424242
4444444444444444
9999999999999999
4646464646464646
4646464646464646
7979797979797979
4747474747474747
9999999999999999
5555555555555555
9999999999999999
4242424242424242
4444444444444444
9999999999999999
4646464646464646
4646464646464646
6969696969696969
4747474747474747
9999999999999999
5555555555555555
5959595959595959
4242424242424242
4444444444444444
9999999999999999
4646464646464646
4646464646464646
6969696969696969
4747474747474747
9999999999999999
5555555555555555
7979797979797979
4242424242424242
4444444444444444
9999999999999999
4646464646464646
4646464646464646
6969696969696969
4747474747474747
9999999999999999
5555555555555555
6969696969696969
4242424242424242
4444444444444444
9999999999999999
4646464646464646
4646464646464646
6969696969696969
4747474747474747
9999999999999999
5555555555555555
7979797979797979
4242424242424242
4444444444444444
9999999999999999
4646464646464646
4646464646464646
6969696969696969
4747474747474747
9595959595959595
5555555555555555
7979797979797979
4242424242424242
4444444444444444
9999999999999999
4646464646464646
4646464646464646
6969696969696969
4747474747474747
9797979797979797
5555555555555555
7979797979797979
4242424242424242
4444444444444444
9999999999999999
4646464646464646
4646464646464646
6969696969696969
4747474747474747
9696969696969696
5555555555555555
7979797979797979
4242424242424242
4444444444444444
5959595959595959
4646464646464646
4646464646464646
6969696969696969
4747474747474747
9696969696969696
5555555555555555
7979797979797979
4242424242424242
4444444444444444
7979797979797979
4646464646464646
4646464646464646
6969696969696969
4747474747474747
9696969696969696
5555555555555555
7979797979797979
4242424242424242
4444444444444444
6969696969696969
4646464646464646
4646464646464646
6969696969696969
4747474747474747
9696969696969696
5555555555555555
7979797979797979
4242424242424242
4444444444444444
6969696969696969
4646464646464646
4646464646464646
6565656565656565
4747474747474747
9696969696969696
5555555555555555
7979797979797979
4242424242424242
4444444444444444
6969696969696969
4646464646464646
4646464646464646
6767676767676767
4747474747474747
9696969696969696
5555555555555555
7979797979797979
4242424242424242
4444444444444444
6969696969696969
4646464646464646
4646464646464646
6868686868686868
4747474747474747
9696969696969696
5555555555555555
7575757575757575
4242424242424242
4444444444444444
6969696969696969
4646464646464646
4646464646464646
6969696969696969
4747474747474747
9696969696969696
5555555555555555
7373737373737373
4242424242424242
4444444444444444
6969696969696969
4646464646464646
4646464646464646
6969696969696969
4747474747474747
9696969696969696
5555555555555555
7272727272727272
4242424242424242
4444444444444444
6969696969696969
4646464646464646
4646464646464646
6969696969696969
4747474747474747
9696969696969696
5555555555555555
7272727272727272
4242424242424242
4444444444444444
6565656565656565
4646464646464646
4646464646464646
6969696969696969
4747474747474747
9696969696969696
5555555555555555
7272727272727272
4242424242424242
4444444444444444
6767676767676767
4646464646464646
4646464646464646
6969696969696969
4747474747474747
9696969696969696
5555555555555555
7272727272727272
4242424242424242
4444444444444444
6666666666666666
4646464646464646
4646464646464646
6969696969696969
4747474747474747
9696969696969696
5555555555555555
7575757575757575
4242424242424242
4444444444444444
6767676767676767
4646464646464646
4646464646464646
6969696969696969
4747474747474747
9696969696969696
5555555555555555
7373737373737373
4242424242424242
4444444444444444
6767676767676767
4646464646464646
4646464646464646
6969696969696969
4747474747474747
9696969696969696
5555555555555555
7272727272727272
4242424242424242
4444444444444444
6767676767676767
4646464646464646
4646464646464646
6969696969696969
4747474747474747
9696969696969696
5555555555555555
7272727272727272
4242424242424242
4444444444444444
6767676767676767
4646464646464646
4646464646464646
6969696969696969
4747474747474141
9696969696969696
5555555555555555
7272727272727272
4242424242424242
4444444444444444
6767676767676767
4646464646464646
4646464646464646
6969696969696969
4747474747474747
9696969696969696
4545454545454545
7272727272727272
4242424242424242
4444444444444444
6767676767676767
4646464646464646
4646464646464646
6969696969696969
4747474747474747
9696969696969696
5454545454545454
7272727272727272
4242424242424242
4444444444444444
6767676767676767
4646464646464646
4646464646464646
6969696969696969
3737373737373737
9696969696969696
5555555555555555
7272727272727272
4242424242424242
4444444444444444
6767676767676767
4646464646464646
4646464646464646
6969696969696969
4646464646464646
9696969696969696
5555555555555555
7272727272727272
4242424242424242
4444444444444444
6767676767676767
4646464646464646
4646464646464646
6969696969696969
4747474747474747
8686868686868686
5555555555555555
7272727272727272
4242424242424242
8484848484848484
6767676767676767
4646464646464646
3636363636363636
6969696969696969
4747474747474747
8686868686868686
5555555555555555
7272727272727272
4242424242424242
8484848484848484
6767676767676767
4646464646464646
4545454545454545
6969696969696969
4747474747474747
8686868686868686
5555555555555555
7272727272727272
4242424242424242
8484848484848484
6767676767676767
3636363636363636
4646464646464646
6969696969696969
4747474747474747
8686868686868686
5555555555555555
7272727272727272
4242424242424242
8484848484848484
6767676767676767
4545454545454545
4646464646464646
6969696969696969
4747474747474747
8686868686868686
5555555555555555
7272727272727272
4242424242424242
7474747474747474
6767676767676767
4646464646464646
4646464646464646
6969696969696969
4747474747474747
8686868686868686
5555555555555555
7272727272727272
4242424242424242
8484848484848484
6767676767676767
4646464646464646
4646464646464646
5959595959595959
4747474747474747
8686868686868686
5555555555555555
6262626262626262
4242424242424242
8484848484848484
6767676767676767
4646464646464646
4646464646464646
6969696969696969
4747474747474747
8686868686868686
5555555555555555
7171717171717171
4242424242424242
8484848484848484
6767676767676767
4646464646464646
4646464646464646
6969696969696969
4747474747474747
8686868686868686
5555555555555555
7272727272727272
4242424242424242
8484848484848484
5757575757575757
4646464646464646
4646464646464646
6969696969696969
4747474747474747
8686868686868686
5555555555555555
7272727272727272
3232323232323232
8484848484848484
6767676767676767
4646464646464646
4646464646464646
6969696969696969
4747474747474747
8686868686868686
5555555555555555
7272727272727272
4141414141414141
8484848484848484
6767676767676767
4646464646464646
4646464646464646
6969696969696969
4747474747474747
8686868686868686
5555555555555555
7272727272727272
4242424242424242
4444444444444414
6767676767676767
4646464646464141
4646464646464646
6969696969696969
4747474747474141
9696969696969696
5555555555555555
9999999999999999
9999999949494949
4444444444444444
9999999999999999
4747474747474747
9999999999999999
9999999999999999
4747474747474747
9999999999999999
9595959595959595
9999999999999999
9999999999999999
4444444242424242
9999999999999999
5959595959595959
9999999999999999
9999999999999999
4949494949494949
9999999999999999
6565656565656565
9999999999999999
5959595959595959
4444444444444444
9999999999999999
4646464646464646
6969696969696969
9999999999999999
4747474747474747
9999999999999999
5555555555555555
9999999999999999
4949494949494949
4444444444444444
9999999999999999
4646464646464646
6969696969696969
9999999999999999
4747474747474747
9999999999999999
5555555555555555
9999999999999999
9999999999999999
4949494949494949
9999898989898989
9999999999999999
9999999999999999
9999999999999999
4848484848484848
9999999999999999
5555555555555555
7272727272727272
4242424242424242
8989898989898989
6767676767676767
4646464646464646
4545454545454545
6969696969696969
4747474747474747
8686868686868686
5555555555555555
9999999999999999
4242424242424242
4444444444444444
9999999999999999
6666666666666666
4646464646464646
7979797979797979
4747474747474747
9999999999999999
5555555555555555
8989898989898989
9999999999999999
4444444444444444
9999999999999999
4747474747474747
9999999999999999
9999999999999949
4747474747474747
9999999999999999
5555555555555555
9999999999999999
9999999999999999
4949494949494949
9999999999999999
9999999999999999
9999999999999999
9999999999999999
5959595959595858
9999999999999999
5555555555555555
7272727272727272
4242424242424242
5454545454545454
6767676767676767
4646464646464646
4646464646464646
6969696969696969
4747474747474747
8686868686868686
5555555555454545
7575757575757575
4242424242424242
4444444444444444
6969696969696969
4848484848484848
4646464646464646
6969696969696969
4747474747474747
9696969696969696
5555555555555555
9999999999999999
4949494949494949
4242424242424242
9999999999999999
4646464646464646
4949494949494949
9999999999999999
4747474747474747
9999999999999999
5555555555555555
9999999999999999
6363636363636363
4444444444444444
9999999999999999
4646464646464646
4646464646464646
9999999999999999
4747474747474747
9999999999999999
5555555555555555
7979797979797979
4242424242424242
4444444444444444
9999999999999999
4646464643434343
4646464646464646
6969696969696969
4747474747474747
9797979797979797
7575757575757575
9999999999999999
9999999999999999
4949494949494949
9999999999999999
9999999999999999
9999999999999999
9999999999999999
5959595959595959
9999999999999999
5757575757575757
9999999999999999
9999949494949494
9999999999999999
9898989898989898
9999999999999999
9999999999999999
9999999999999999
9999999999999999
9999999999999999
9999999999999999
7575757575757575
4242424242424242
4444444444444444
6969696969696969
4646464646464646
4646464646464646
6969696969696969
4747474747474747
9696969696969696
6565656565651515
9999999999999999
4242424242424242
4444444444444444
9999999999999999
6666666666666666
4646464646464646
7979797979797979
4848484848484848
9999999999999999
5555555555555555
