2590406976
14 9 50
999999999999999999
999999999999999999
999999999999999999
999999999999999999
999999999999999999
999999999999999999
999999999999999999
999999999999999999
999999999999999999
999999999999999999
999999999999999999
999999999999999999
999999999999999999
999999999999999999
999999999999999999
999999999999999999
999999999999999999
595959595959595959
999999999999999999
999999999999999999
999999999999999999
999999999999999999
999999999999999999
999999999999999999
999999999999999999
999999999999999999
999999999999999999
999999999999999999
999999999999999999
999999999999999999
999999999999999999
393939393939393939
999999999999999999
999999999999999999
999999999999999999
999999999999999999
999999999999999999
999999999999999999
999999999999999999
999999999999999999
999999999999999999
999999999999999999
999999999999999999
999999999999999999
999999999999999999
494949494949494949
999999999999999999
999999999999999999
999999999999999999
999999999999999999
999999999999999999
999999999999999999
999999999999999999
999999999999999999
999999999999999999
999999999999999999
999999999999999999
999999999999999999
999999999999999999
494949494949494949
999999999999999999
999999999999999999
999999999999999999
999999999999999999
999999999999999999
999999999999999999
999999999999999999
999999999999999999
999999999999999999
595959595959595959
999999999999999999
999999999999999999
999999999999999999
494949494949494949
999999999999999999
999999999999999999
999999999999999999
999999999999999999
999999999999999999
999999999999999999
999999999999999999
999999999999999999
999999999999999999
393939393939393939
999999999999999999
999999999999999999
999999999999999999
494949494949494949
999999999999999999
999999999999999999
999999999999999999
999999999999999999
999999999999999999
999999999999999999
999999999999999999
999999999999999999
999999999999999999
494949494949494949
999999999999999999
999999999999999999
999999999999999999
454545454545454545
999999999999999999
999999999999999999
999999999999999999
999999999999999999
999999999999999999
999999999999999999
999999999999999999
999999999999999999
999999999999999999
494949494949494949
999999999999999999
999999999999999999
999999999999999999
434343434343434343
999999999999999999
999999999999999999
999999999999999999
999999999999999999
999999999999999999
999999999999999999
999999999999999999
999999999999999999
999999999999999999
494949494949494949
999999999999999999
999999999999999999
999999999999999999
424242424242424242
999999999999999999
999999999999999999
999999999999999999
999999999999999999
999999999999999999
999999999999999999
999999999999999999
999999999999999999
999999999999999999
494949494949494949
595959595959595959
999999999999999999
999999999999999999
424242424242424242
999999999999999999
999999999999999999
999999999999999999
999999999999999999
999999999999999999
999999999999999999
999999999999999999
999999999999999999
999999999999999999
494949494949494949
797979797979797979
999999999999999999
999999999999999999
424242424242424242
999999999999999999
999999999999999999
999999999999999999
999999999999999999
999999999999999999
999999999999999999
999999999999999999
999999999999999999
999999999999999999
494949494949494949
696969696969696969
999999999999999999
999999999999999999
424242424242424242
999999999999999999
999999999999999999
999999999999999999
999999999999999999
999999999999999999
999999999999999999
999999999999999999
999999999999999999
999999999999999999
494949494949494949
797979797979797979
999999999999999999
999999999999999999
424242424242424242
999999999999999999
999999999999999999
595959595959595959
999999999999999999
999999999999999999
999999999999999999
999999999999999999
999999999999999999
999999999999999999
494949494949494949
797979797979797979
999999999999999999
999999999999999999
424242424242424242
999999999999999999
999999999999999999
393939393939393939
999999999999999999
999999999999999999
999999999999999999
999999999999999999
999999999999999999
999999999999999999
494949494949494949
797979797979797979
999999999999999999
999999999999999999
424242424242424242
999999999999999999
999999999999999999
494949494949494949
999999999999999999
999999999999999999
999999999999999999
999999999999999999
999999999999999999
999999999999999999
494949494949494949
797979797979797979
999999999999999999
595959595959595959
424242424242424242
999999999999999999
999999999999999999
494949494949494949
999999999999999999
999999999999999999
999999999999999999
999999999999999999
999999999999999999
999999999999999999
494949494949494949
797979797979797979
999999999999999999
393939393939393939
424242424242424242
999999999999999999
999999999999999999
494949494949494949
999999999999999999
999999999999999999
999999999999999999
999999999999999999
999999999999999999
999999999999999999
494949494949494949
797979797979797979
999999999999999999
494949494949494949
424242424242424242
999999999999999999
999999999999999999
494949494949494949
999999999999999999
999999999999999999
999999999999999999
999999999999999999
999999999999999999
999999999999999999
494949494949494949
797979797979797979
999999999999999999
494949494949494949
424242424242424242
595959595959595959
999999999999999999
494949494949494949
999999999999999999
999999999999999999
999999999999999999
999999999999999999
999999999999999999
999999999999999999
494949494949494949
797979797979797979
999999999999999999
494949494949494949
424242424242424242
393939393939393939
999999999999999999
494949494949494949
999999999999999999
999999999999999999
999999999999999999
999999999999999999
999999999999999999
999999999999999999
494949494949494949
797979797979797979
999999999999999999
494949494949494949
424242424242424242
494949494949494949
999999999999999999
494949494949494949
999999999999999999
999999999999999999
999999999999999999
999999999999999999
999999999999999999
999999999999999999
494949494949494949
797979797979797979
999999999999999999
494949494949494949
424242424242424242
494949494949494949
999999999999999999
494949494949494949
999999999999999999
999999999999999999
999999999999999999
999999999999999999
999999999999999999
999999999999999999
454545454545454545
797979797979797979
999999999999999999
494949494949494949
424242424242424242
494949494949494949
999999999999999999
494949494949494949
999999999999999999
999999999999999999
999999999999999999
999999999999999999
999999999999999999
999999999999999999
474747474747474747
797979797979797979
999999999999999999
494949494949494949
424242424242424242
494949494949494949
999999999999999999
494949494949494949
999999999999999999
999999999999999999
999999999999999999
999999999999999999
999999999999999999
999999999999999999
484848484848484848
757575757575757575
999999999999999999
494949494949494949
424242424242424242
494949494949494949
999999999999999999
494949494949494949
999999999999999999
999999999999999999
999999999999999999
999999999999999999
999999999999999999
999999999999999999
494949494949494949
777777777777777777
999999999999999999
494949494949494949
424242424242424242
494949494949494949
999999999999999999
494949494949494949
999999999999999999
999999999999999999
999999999999999999
999999999999999999
999999999999999999
999999999999999999
494949494949494949
767676767676767676
999999999999999999
494949494949494949
424242424242424242
494949494949494949
999999999999999999
494949494949494949
999999999999999999
999999999999999999
999999999999999999
999999999999999999
999999999999999999
999999999999999999
494949494949494949
777777777777777777
999999999999999999
494949494949494949
424242424242424242
494949494949494949
999999999999999999
494949494949494949
999999999999999999
999999999999999999
999999999999999999
999999999999999999
595959595959595959
999999999999999999
494949494949494949
777777777777777777
999999999999999999
494949494949494949
424242424242424242
494949494949494949
999999999999999999
494949494949494949
999999999999999999
999999999999999999
999999999999999999
999999999999999999
393939393939393939
999999999999999999
494949494949494949
777777777777777777
999999999999999999
494949494949494949
424242424242424242
494949494949494949
999999999999999999
494949494949494949
999999999999999999
999999999999999999
999999999999999999
999999999999999999
494949494949494949
999999999999999999
494949494949494949
777777777777777777
999999999999999999
494949494949494949
424242424242424242
494949494949494949
999999999999999999
454545454545454545
999999999999999999
999999999999999999
999999999999999999
999999999999999999
494949494949494949
999999999999999999
494949494949494949
777777777777777777
999999999999999999
494949494949494949
424242424242424242
494949494949494949
999999999999999999
434343434343434343
999999999999999999
999999999999999999
999999999999999999
999999999999999999
494949494949494949
999999999999999999
494949494949494949
777777777777777777
999999999999999999
494949494949494949
424242424242424242
494949494949494949
999999999999999999
424242424242424242
999999999999999999
999999999999999999
999999999999999999
999999999999999999
494949494949494949
999999999999999999
494949494949494949
777777777777777777
999999999999999999
454545454545454545
424242424242424242
494949494949494949
999999999999999999
424242424242424242
999999999999999999
999999999999999999
999999999999999999
999999999999999999
494949494949494949
999999999999999999
494949494949494949
777777777777777777
999999999999999999
434343434343434343
424242424242424242
494949494949494949
999999999999999999
424242424242424242
999999999999999999
999999999999999999
999999999999999999
999999999999999999
494949494949494949
999999999999999999
494949494949494949
777777777777777777
999999999999999999
424242424242424242
424242424242424242
494949494949494949
999999999999999999
424242424242424242
999999999999999999
999999999999999999
999999999999999999
999999999999999999
494949494949494949
999999999999999999
494949494949494949
777777777777777777
999999999999999999
424242424242424242
424242424242424242
454545454545454545
999999999999999999
424242424242424242
999999999999999999
999999999999999999
999999999999999999
999999999999999999
494949494949494949
999999999999999999
494949494949494949
777777777777777777
999999999999999999
424242424242424242
424242424242424242
434343434343434343
999999999999999999
424242424242424242
999999999999999999
999999999999999999
999999999999999999
999999999999999999
494949494949494949
999999999999999999
494949494949494949
777777777777777777
999999999999999999
424242424242424242
424242424242424242
424242424242424242
999999999999999999
424242424242424242
999999999999999999
999999999999999999
999999999999999999
999999999999999999
494949494949494949
999999999999999999
494949494949494949
777777777777777777
999999999999999999
424242424242424242
424242424242424242
434343434343434343
595959595959595959
424242424242424242
999999999999999999
999999999999999999
999999999999999999
999999999999999999
494949494949494949
999999999999999999
494949494949494949
777777777777777777
999999999999999999
424242424242424242
424242424242424242
434343434343434343
393939393939393939
424242424242424242
999999999999999999
999999999999999999
999999999999999999
999999999999999999
494949494949494949
999999999999999999
494949494949494949
777777777777777777
999999999999999999
424242424242424242
424242424242424242
434343434343434343
494949494949494949
424242424242424242
999999999999999999
999999999999999999
999999999999999999
999999999999999999
494949494949494949
999999999999999999
494949494949494949
777777777777777777
999999999999999999
424242424242424242
424242424242424242
434343434343434343
494949494949494949
424242424242424242
999999999999999999
999999999999999999
595959595959595959
999999999999999999
494949494949494949
999999999999999999
494949494949494949
777777777777777777
999999999999999999
424242424242424242
424242424242424242
434343434343434343
494949494949494949
424242424242424242
999999999999999999
999999999999999999
393939393939393939
999999999999999999
494949494949494949
999999999999999999
494949494949494949
777777777777777777
999999999999999999
424242424242424242
424242424242424242
434343434343434343
494949494949494949
424242424242424242
999999999999999999
999999999999999999
494949494949494949
999999999999999999
494949494949494949
999999999999999999
494949494949494949
777777777777777777
999999999999999999
424242424242424242
424242424242424242
434343434343434343
494949494949494949
424242424242424242
999999999999999999
999999999999999999
595959595959595959
999999999999999999
454545454545454545
999999999999999999
494949494949494949
777777777777777777
999999999999999999
424242424242424242
424242424242424242
434343434343434343
494949494949494949
424242424242424242
999999999999999999
999999999999999999
595959595959595959
999999999999999999
434343434343434343
999999999999999999
494949494949494949
777777777777777777
999999999999999999
424242424242424242
424242424242424242
434343434343434343
494949494949494949
424242424242424242
999999999999999999
999999999999999999
595959595959595959
999999999999999999
424242424242424242
999999999999999999
494949494949494949
777777777777777777
999999999999999999
424242424242424242
424242424242424242
434343434343434343
494949494949494949
424242424242424242
999999999999999999
999999999999999999
595959595959595959
999999999999999999
424242424242424242
595959595959595959
494949494949494949
