2622316365
19 12 50
999999999999999999999999
999999999999999999999999
999999999999999999999999
999999999999999999999999
999999999999999999999999
999999999999999999999999
999999999999999999999999
999999999999999999999999
999999999999999999999999
999999999999999999999999
999999999999999999999999
999999999999999999999999
999999999999999999999999
999999999999999999999999
999999999999999999999999
999999999999999999999999
999999999999999999999999
999999999999999999999999
999999999999999999999999
999999999999999999999999
999999999999999999999999
999999999999999999999999
999999999999999999999999
999999999999999999999999
999999999999999999999999
999999999999999999999999
999999999999999999999999
999999999999999999999999
999999999999999999999999
999999999999999999999999
999999999999999999999999
999999999999999999999999
999999999999999999999999
999999999999999999999999
999999999999999999999999
999999999999999999999999
595959595959595959595959
999999999999999999999999
999999999999999999999999
999999999999999999999999
999999999999999999999999
999999999999999999999999
999999999999999999999999
999999999999999999999999
999999999999999999999999
999999999999999999999999
999999999999999999999999
999999999999999999999999
999999999999999999999999
999999999999999999999999
999999999999999999999999
999999999999999999999999
999999999999999999999999
999999999999999999999999
999999999999999999999999
393939393939393939393939
999999999999999999999999
999999999999999999999999
999999999999999999999999
999999999999999999999999
999999999999999999999999
999999999999999999999999
999999999999999999999999
999999999999999999999999
999999999999999999999999
999999999999999999999999
999999999999999999999999
999999999999999999999999
999999999999999999999999
999999999999999999999999
999999999999999999999999
999999999999999999999999
999999999999999999999999
999999999999999999999999
494949494949494949494949
999999999999999999999999
999999999999999999999999
999999999999999999999999
999999999999999999999999
999999999999999999999999
999999999999999999999999
999999999999999999999999
999999999999999999999999
999999999999999999999999
999999999999999999999999
999999999999999999999999
999999999999999999999999
999999999999999999999999
999999999999999999999999
999999999999999999999999
999999999999999999999999
999999999999999999999999
999999999999999999999999
454545454545454545454545
999999999999999999999999
999999999999999999999999
999999999999999999999999
999999999999999999999999
999999999999999999999999
999999999999999999999999
999999999999999999999999
999999999999999999999999
999999999999999999999999
999999999999999999999999
999999999999999999999999
999999999999999999999999
999999999999999999999999
999999999999999999999999
999999999999999999999999
999999999999999999999999
999999999999999999999999
999999999999999999999999
434343434343434343434343
999999999999999999999999
999999999999999999999999
999999999999999999999999
999999999999999999999999
999999999999999999999999
999999999999999999999999
999999999999999999999999
999999999999999999999999
999999999999999999999999
999999999999999999999999
999999999999999999999999
999999999999999999999999
999999999999999999999999
999999999999999999999999
999999999999999999999999
999999999999999999999999
999999999999999999999999
999999999999999999999999
444444444444444444444444
999999999999999999999999
999999999999999999999999
999999999999999999999999
999999999999999999999999
999999999999999999999999
999999999999999999999999
999999999999999999999999
595959595959595959595959
999999999999999999999999
999999999999999999999999
999999999999999999999999
999999999999999999999999
999999999999999999999999
999999999999999999999999
999999999999999999999999
999999999999999999999999
999999999999999999999999
999999999999999999999999
454545454545454545454545
999999999999999999999999
999999999999999999999999
999999999999999999999999
999999999999999999999999
999999999999999999999999
999999999999999999999999
999999999999999999999999
393939393939393939393939
999999999999999999999999
999999999999999999999999
999999999999999999999999
999999999999999999999999
999999999999999999999999
999999999999999999999999
999999999999999999999999
999999999999999999999999
999999999999999999999999
999999999999999999999999
454545454545454545454545
999999999999999999999999
999999999999999999999999
999999999999999999999999
999999999999999999999999
999999999999999999999999
999999999999999999999999
999999999999999999999999
292929292929292929292929
999999999999999999999999
999999999999999999999999
999999999999999999999999
999999999999999999999999
999999999999999999999999
999999999999999999999999
999999999999999999999999
999999999999999999999999
999999999999999999999999
999999999999999999999999
454545454545454545454545
999999999999999999999999
999999999999999999999999
999999999999999999999999
999999999999999999999999
999999999999999999999999
999999999999999999999999
999999999999999999999999
393939393939393939393939
999999999999999999999999
999999999999999999999999
999999999999999999999999
595959595959595959595959
999999999999999999999999
999999999999999999999999
999999999999999999999999
999999999999999999999999
999999999999999999999999
999999999999999999999999
454545454545454545454545
999999999999999999999999
999999999999999999999999
999999999999999999999999
999999999999999999999999
999999999999999999999999
999999999999999999999999
999999999999999999999999
393939393939393939393939
999999999999999999999999
999999999999999999999999
999999999999999999999999
393939393939393939393939
999999999999999999999999
999999999999999999999999
999999999999999999999999
999999999999999999999999
999999999999999999999999
999999999999999999999999
454545454545454545454545
999999999999999999999999
999999999999999999999999
999999999999999999999999
999999999999999999999999
999999999999999999999999
999999999999999999999999
999999999999999999999999
393939393939393939393939
999999999999999999999999
999999999999999999999999
999999999999999999999999
494949494949494949494949
999999999999999999999999
999999999999999999999999
999999999999999999999999
999999999999999999999999
999999999999999999999999
999999999999999999999999
454545454545454545454545
999999999999999999999999
999999999999999999999999
999999999999999999999999
999999999999999999999999
999999999999999999999999
999999999999999999999999
999999999999999999999999
393939393939393939393939
999999999999999999999999
999999999999999999999999
999999999999999999999999
494949494949494949494949
999999999999999999999999
999999999999999999999999
595959595959595959595959
999999999999999999999999
999999999999999999999999
999999999999999999999999
454545454545454545454545
999999999999999999999999
999999999999999999999999
999999999999999999999999
999999999999999999999999
999999999999999999999999
999999999999999999999999
999999999999999999999999
393939393939393939393939
999999999999999999999999
999999999999999999999999
999999999999999999999999
494949494949494949494949
999999999999999999999999
999999999999999999999999
393939393939393939393939
999999999999999999999999
999999999999999999999999
999999999999999999999999
454545454545454545454545
999999999999999999999999
999999999999999999999999
999999999999999999999999
999999999999999999999999
999999999999999999999999
999999999999999999999999
999999999999999999999999
393939393939393939393939
999999999999999999999999
999999999999999999999999
999999999999999999999999
494949494949494949494949
999999999999999999999999
999999999999999999999999
494949494949494949494949
999999999999999999999999
999999999999999999999999
999999999999999999999999
454545454545454545454545
999999999999999999999999
999999999999999999999999
999999999999999999999999
999999999999999999999999
999999999999999999999999
999999999999999999999999
999999999999999999999999
393939393939393939393939
999999999999999999999999
999999999999999999999999
999999999999999999999999
494949494949494949494949
595959595959595959595959
999999999999999999999999
494949494949494949494949
999999999999999999999999
999999999999999999999999
999999999999999999999999
454545454545454545454545
999999999999999999999999
999999999999999999999999
999999999999999999999999
999999999999999999999999
999999999999999999999999
999999999999999999999999
999999999999999999999999
393939393939393939393939
999999999999999999999999
999999999999999999999999
999999999999999999999999
494949494949494949494949
393939393939393939393939
999999999999999999999999
494949494949494949494949
999999999999999999999999
999999999999999999999999
999999999999999999999999
454545454545454545454545
999999999999999999999999
999999999999999999999999
999999999999999999999999
999999999999999999999999
999999999999999999999999
999999999999999999999999
999999999999999999999999
393939393939393939393939
999999999999999999999999
999999999999999999999999
999999999999999999999999
494949494949494949494949
494949494949494949494949
999999999999999999999999
494949494949494949494949
999999999999999999999999
999999999999999999999999
999999999999999999999999
454545454545454545454545
999999999999999999999999
999999999999999999999999
999999999999999999999999
999999999999999999999999
999999999999999999999999
999999999999999999999999
999999999999999999999999
353535353535353535353535
999999999999999999999999
999999999999999999999999
999999999999999999999999
494949494949494949494949
494949494949494949494949
999999999999999999999999
494949494949494949494949
999999999999999999999999
999999999999999999999999
999999999999999999999999
454545454545454545454545
999999999999999999999999
999999999999999999999999
999999999999999999999999
999999999999999999999999
999999999999999999999999
999999999999999999999999
999999999999999999999999
333333333333333333333333
999999999999999999999999
999999999999999999999999
999999999999999999999999
494949494949494949494949
494949494949494949494949
999999999999999999999999
494949494949494949494949
999999999999999999999999
999999999999999999999999
999999999999999999999999
454545454545454545454545
999999999999999999999999
999999999999999999999999
999999999999999999999999
999999999999999999999999
999999999999999999999999
999999999999999999999999
999999999999999999999999
323232323232323232323232
999999999999999999999999
999999999999999999999999
999999999999999999999999
494949494949494949494949
494949494949494949494949
999999999999999999999999
494949494949494949494949
999999999999999999999999
999999999999999999999999
999999999999999999999999
454545454545454545454545
999999999999999999999999
999999999999999999999999
999999999999999999999999
999999999999999999999999
595959595959595959595959
999999999999999999999999
999999999999999999999999
333333333333333333333333
999999999999999999999999
999999999999999999999999
999999999999999999999999
494949494949494949494949
494949494949494949494949
999999999999999999999999
494949494949494949494949
999999999999999999999999
999999999999999999999999
999999999999999999999999
454545454545454545454545
999999999999999999999999
999999999999999999999999
999999999999999999999999
999999999999999999999999
797979797979797979797979
999999999999999999999999
999999999999999999999999
333333333333333333333333
999999999999999999999999
999999999999999999999999
999999999999999999999999
494949494949494949494949
494949494949494949494949
999999999999999999999999
494949494949494949494949
999999999999999999999999
999999999999999999999999
999999999999999999999999
454545454545454545454545
999999999999999999999999
999999999999999999999999
999999999999999999999999
999999999999999999999999
696969696969696969696969
999999999999999999999999
999999999999999999999999
333333333333333333333333
999999999999999999999999
999999999999999999999999
999999999999999999999999
494949494949494949494949
494949494949494949494949
999999999999999999999999
494949494949494949494949
999999999999999999999999
999999999999999999999999
999999999999999999999999
454545454545454545454545
999999999999999999999999
999999999999999999999999
999999999999999999999999
999999999999999999999999
696969696969696969696969
999999999999999999999999
999999999999999999999999
333333333333333333333333
999999999999999999999999
999999999999999999999999
999999999999999999999999
494949494949494949494949
494949494949494949494949
595959595959595959595959
494949494949494949494949
999999999999999999999999
999999999999999999999999
999999999999999999999999
454545454545454545454545
999999999999999999999999
999999999999999999999999
999999999999999999999999
999999999999999999999999
696969696969696969696969
999999999999999999999999
999999999999999999999999
333333333333333333333333
999999999999999999999999
999999999999999999999999
999999999999999999999999
494949494949494949494949
494949494949494949494949
393939393939393939393939
494949494949494949494949
999999999999999999999999
999999999999999999999999
999999999999999999999999
454545454545454545454545
999999999999999999999999
999999999999999999999999
999999999999999999999999
999999999999999999999999
696969696969696969696969
999999999999999999999999
999999999999999999999999
333333333333333333333333
999999999999999999999999
999999999999999999999999
999999999999999999999999
494949494949494949494949
494949494949494949494949
494949494949494949494949
494949494949494949494949
999999999999999999999999
999999999999999999999999
999999999999999999999999
454545454545454545454545
999999999999999999999999
999999999999999999999999
999999999999999999999999
999999999999999999999999
696969696969696969696969
595959595959595959595959
999999999999999999999999
333333333333333333333333
999999999999999999999999
999999999999999999999999
999999999999999999999999
494949494949494949494949
494949494949494949494949
595959595959595959595959
494949494949494949494949
999999999999999999999999
999999999999999999999999
999999999999999999999999
454545454545454545454545
999999999999999999999999
999999999999999999999999
999999999999999999999999
999999999999999999999999
696969696969696969696969
393939393939393939393939
999999999999999999999999
333333333333333333333333
999999999999999999999999
999999999999999999999999
999999999999999999999999
494949494949494949494949
494949494949494949494949
595959595959595959595959
494949494949494949494949
999999999999999999999999
999999999999999999999999
999999999999999999999999
454545454545454545454545
999999999999999999999999
999999999999999999999999
999999999999999999999999
999999999999999999999999
696969696969696969696969
292929292929292929292929
999999999999999999999999
333333333333333333333333
999999999999999999999999
999999999999999999999999
999999999999999999999999
494949494949494949494949
494949494949494949494949
595959595959595959595959
494949494949494949494949
999999999999999999999999
999999999999999999999999
999999999999999999999999
454545454545454545454545
999999999999999999999999
999999999999999999999999
999999999999999999999999
999999999999999999999999
696969696969696969696969
393939393939393939393939
999999999999999999999999
333333333333333333333333
999999999999999999999999
999999999999999999999999
999999999999999999999999
454545454545454545454545
494949494949494949494949
595959595959595959595959
494949494949494949494949
999999999999999999999999
999999999999999999999999
999999999999999999999999
454545454545454545454545
999999999999999999999999
999999999999999999999999
999999999999999999999999
999999999999999999999999
696969696969696969696969
393939393939393939393939
999999999999999999999999
333333333333333333333333
999999999999999999999999
999999999999999999999999
999999999999999999999999
434343434343434343434343
494949494949494949494949
595959595959595959595959
494949494949494949494949
999999999999999999999999
999999999999999999999999
999999999999999999999999
454545454545454545454545
999999999999999999999999
999999999999999999999999
999999999999999999999999
999999999999999999999999
696969696969696969696969
393939393939393939393939
999999999999999999999999
333333333333333333333333
999999999999999999999999
999999999999999999999999
999999999999999999999999
444444444444444444444444
494949494949494949494949
595959595959595959595959
494949494949494949494949
999999999999999999999999
999999999999999999999999
999999999999999999999999
454545454545454545454545
999999999999999999999999
999999999999999999999999
999999999999999999999999
999999999999999999999999
696969696969696969696969
393939393939393939393939
999999999999999999999999
333333333333333333333333
999999999999999999999999
999999999999999999999999
999999999999999999999999
454545454545454545454545
494949494949494949494949
595959595959595959595959
454545454545454545454545
999999999999999999999999
999999999999999999999999
999999999999999999999999
454545454545454545454545
999999999999999999999999
999999999999999999999999
999999999999999999999999
999999999999999999999999
696969696969696969696969
393939393939393939393939
999999999999999999999999
333333333333333333333333
999999999999999999999999
999999999999999999999999
999999999999999999999999
454545454545454545454545
494949494949494949494949
595959595959595959595959
434343434343434343434343
999999999999999999999999
999999999999999999999999
999999999999999999999999
454545454545454545454545
999999999999999999999999
999999999999999999999999
999999999999999999999999
999999999999999999999999
696969696969696969696969
393939393939393939393939
999999999999999999999999
333333333333333333333333
999999999999999999999999
999999999999999999999999
999999999999999999999999
454545454545454545454545
494949494949494949494949
595959595959595959595959
424242424242424242424242
999999999999999999999999
999999999999999999999999
999999999999999999999999
454545454545454545454545
999999999999999999999999
999999999999999999999999
999999999999999999999999
999999999999999999999999
696969696969696969696969
393939393939393939393939
999999999999999999999999
333333333333333333333333
999999999999999999999999
999999999999999999999999
999999999999999999999999
454545454545454545454545
454545454545454545454545
595959595959595959595959
424242424242424242424242
999999999999999999999999
999999999999999999999999
999999999999999999999999
454545454545454545454545
999999999999999999999999
999999999999999999999999
999999999999999999999999
999999999999999999999999
696969696969696969696969
393939393939393939393939
999999999999999999999999
333333333333333333333333
999999999999999999999999
999999999999999999999999
999999999999999999999999
454545454545454545454545
434343434343434343434343
595959595959595959595959
424242424242424242424242
999999999999999999999999
999999999999999999999999
999999999999999999999999
454545454545454545454545
999999999999999999999999
999999999999999999999999
999999999999999999999999
999999999999999999999999
696969696969696969696969
393939393939393939393939
999999999999999999999999
333333333333333333333333
999999999999999999999999
999999999999999999999999
999999999999999999999999
454545454545454545454545
444444444444444444444444
595959595959595959595959
424242424242424242424242
999999999999999999999999
999999999999999999999999
999999999999999999999999
454545454545454545454545
999999999999999999999999
999999999999999999999999
999999999999999999999999
999999999999999999999999
656565656565656565656565
393939393939393939393939
999999999999999999999999
333333333333333333333333
999999999999999999999999
999999999999999999999999
999999999999999999999999
454545454545454545454545
444444444444444444444444
595959595959595959595959
424242424242424242424242
999999999999999999999999
999999999999999999999999
999999999999999999999999
454545454545454545454545
999999999999999999999999
999999999999999999999999
999999999999999999999999
999999999999999999999999
636363636363636363636363
393939393939393939393939
999999999999999999999999
333333333333333333333333
999999999999999999999999
999999999999999999999999
999999999999999999999999
454545454545454545454545
444444444444444444444444
595959595959595959595959
424242424242424242424242
999999999999999999999999
999999999999999999999999
999999999999999999999999
454545454545454545454545
999999999999999999999999
999999999999999999999999
999999999999999999999999
999999999999999999999999
626262626262626262626262
393939393939393939393939
999999999999999999999999
333333333333333333333333
999999999999999999999999
999999999999999999999999
999999999999999999999999
454545454545454545454545
444444444444444444444444
595959595959595959595959
424242424242424242424242
999999999999999999999999
999999999999999999999999
999999999999999999999999
454545454545454545454545
999999999999999999999999
999999999999999999999999
999999999999999999999999
999999999999999999999999
636363636363636363636363
393939393939393939393939
999999999999999999999999
333333333333333333333333
999999999999999999999999
999999999999999999999999
999999999999999999999999
454545454545454545454545
444444444444444444444444
555555555555555555555555
424242424242424242424242
999999999999999999999999
999999999999999999999999
999999999999999999999999
454545454545454545454545
999999999999999999999999
999999999999999999999999
999999999999999999999999
999999999999999999999999
636363636363636363636363
393939393939393939393939
999999999999999999999999
333333333333333333333333
999999999999999999999999
999999999999999999999999
999999999999999999999999
454545454545454545454545
444444444444444444444444
535353535353535353535353
424242424242424242424242
999999999999999999999999
999999999999999999999999
999999999999999999999999
454545454545454545454545
999999999999999999999999
999999999999999999999999
999999999999999999999999
999999999999999999999999
636363636363636363636363
393939393939393939393939
999999999999999999999999
333333333333333333333333
999999999999999999999999
999999999999999999999999
999999999999999999999999
454545454545454545454545
444444444444444444444444
525252525252525252525252
424242424242424242424242
999999999999999999999999
999999999999999999999999
999999999999999999999999
454545454545454545454545
999999999999999999999999
999999999999999999999999
999999999999999999999999
999999999999999999999999
636363636363636363636363
353535353535353535353535
999999999999999999999999
333333333333333333333333
999999999999999999999999
999999999999999999999999
999999999999999999999999
454545454545454545454545
444444444444444444444444
535353535353535353535353
424242424242424242424242
999999999999999999999999
999999999999999999999999
999999999999999999999999
454545454545454545454545
999999999999999999999999
999999999999999999999999
999999999999999999999999
999999999999999999999999
636363636363636363636363
333333333333333333333333
999999999999999999999999
333333333333333333333333
999999999999999999999999
999999999999999999999999
999999999999999999999999
454545454545454545454545
444444444444444444444444
535353535353535353535353
424242424242424242424242
999999999999999999999999
999999999999999999999999
999999999999999999999999
454545454545454545454545
999999999999999999999999
999999999999999999999999
999999999999999999999999
999999999999999999999999
636363636363636363636363
323232323232323232323232
999999999999999999999999
333333333333333333333333
999999999999999999999999
999999999999999999999999
999999999999999999999999
454545454545454545454545
444444444444444444444444
535353535353535353535353
424242424242424242424242
999999999999999999999999
999999999999999999999999
999999999999999999999999
454545454545454545454545
999999999999999999999999
999999999999999999999999
999999999999999999999999
999999999999999999999999
636363636363636363636363
323232323232323232323232
999999999999999999999999
333333333333333333333333
999999999999999999999999
999999999999999999999999
999999999999999999999999
454545454545454545454545
444444444444444444444444
535353535353535353535353
424242424242424242424242
999999999999999999999999
999999999999999999999999
595959595959595959595959
454545454545454545454545
999999999999999999999999
