2482764621
18 10 50
99999999999999999999
99999999999999999999
99999999999999999999
99999999999999999999
99999999999999999999
99999999999999999999
99999999999999999999
99999999999999999999
99999999999999999999
99999999999999999999
99999999999999999999
99999999999999999999
99999999999999999999
99999999999999999999
99999999999999999999
99999999999999999999
99999999999999999999
99999999999999999999
99999999999999999999
99999999999999999999
99999999999999999999
99999999999999999999
99999999999999999999
99999999999999999999
99999999999999999999
99999999999999999999
99999999999999999999
99999999999999999999
99999999999999999999
99999999999999999999
59595959595959595959
99999999999999999999
99999999999999999999
99999999999999999999
99999999999999999999
99999999999999999999
99999999999999999999
99999999999999999999
99999999999999999999
99999999999999999999
99999999999999999999
99999999999999999999
99999999999999999999
99999999999999999999
99999999999999999999
99999999999999999999
99999999999999999999
99999999999999999999
39393939393939393939
99999999999999999999
99999999999999999999
99999999999999999999
99999999999999999999
99999999999999999999
99999999999999999999
99999999999999999999
99999999999999999999
99999999999999999999
99999999999999999999
99999999999999999999
99999999999999999999
99999999999999999999
99999999999999999999
99999999999999999999
99999999999999999999
99999999999999999999
29292929292929292929
99999999999999999999
99999999999999999999
99999999999999999999
99999999999999999999
99999999999999999999
99999999999999999999
99999999999999999999
99999999999999999999
99999999999999999999
99999999999999999999
99999999999999999999
99999999999999999999
99999999999999999999
59595959595959595959
99999999999999999999
99999999999999999999
99999999999999999999
39393939393939393939
99999999999999999999
99999999999999999999
99999999999999999999
99999999999999999999
99999999999999999999
99999999999999999999
99999999999999999999
99999999999999999999
99999999999999999999
99999999999999999999
99999999999999999999
99999999999999999999
99999999999999999999
39393939393939393939
99999999999999999999
99999999999999999999
99999999999999999999
39393939393939393939
99999999999999999999
99999999999999999999
99999999999999999999
99999999999999999999
99999999999999999999
99999999999999999999
99999999999999999999
99999999999999999999
99999999999999999999
99999999999999999999
99999999999999999999
99999999999999999999
99999999999999999999
29292929292929292929
99999999999999999999
99999999999999999999
99999999999999999999
39393939393939393939
99999999999999999999
99999999999999999999
99999999999999999999
99999999999999999999
99999999999999999999
99999999999999999999
99999999999999999999
99999999999999999999
99999999999999999999
99999999999999999999
99999999999999999999
99999999999999999999
99999999999999999999
39393939393939393939
99999999999999999999
99999999999999999999
99999999999999999999
35353535353535353535
99999999999999999999
99999999999999999999
99999999999999999999
99999999999999999999
99999999999999999999
99999999999999999999
99999999999999999999
99999999999999999999
99999999999999999999
99999999999999999999
99999999999999999999
99999999999999999999
99999999999999999999
39393939393939393939
99999999999999999999
99999999999999999999
99999999999999999999
33333333333333333333
99999999999999999999
99999999999999999999
99999999999999999999
99999999999999999999
99999999999999999999
99999999999999999999
99999999999999999999
99999999999999999999
99999999999999999999
99999999999999999999
99999999999999999999
99999999999999999999
99999999999999999999
39393939393939393939
99999999999999999999
99999999999999999999
99999999999999999999
32323232323232323232
99999999999999999999
99999999999999999999
99999999999999999999
99999999999999999999
99999999999999999999
99999999999999999999
99999999999999999999
99999999999999999999
99999999999999999999
99999999999999999999
99999999999999999999
99999999999999999999
99999999999999999999
39393939393939393939
99999999999999999999
59595959595959595959
99999999999999999999
33333333333333333333
99999999999999999999
99999999999999999999
99999999999999999999
99999999999999999999
99999999999999999999
99999999999999999999
99999999999999999999
99999999999999999999
99999999999999999999
99999999999999999999
99999999999999999999
99999999999999999999
99999999999999999999
39393939393939393939
99999999999999999999
79797979797979797979
99999999999999999999
33333333333333333333
99999999999999999999
99999999999999999999
99999999999999999999
99999999999999999999
99999999999999999999
99999999999999999999
99999999999999999999
99999999999999999999
99999999999999999999
99999999999999999999
99999999999999999999
99999999999999999999
99999999999999999999
39393939393939393939
99999999999999999999
69696969696969696969
99999999999999999999
33333333333333333333
99999999999999999999
99999999999999999999
99999999999999999999
99999999999999999999
99999999999999999999
99999999999999999999
99999999999999999999
99999999999999999999
99999999999999999999
99999999999999999999
99999999999999999999
99999999999999999999
99999999999999999999
39393939393939393939
99999999999999999999
79797979797979797979
59595959595959595959
33333333333333333333
99999999999999999999
99999999999999999999
99999999999999999999
99999999999999999999
99999999999999999999
99999999999999999999
99999999999999999999
99999999999999999999
99999999999999999999
99999999999999999999
99999999999999999999
99999999999999999999
99999999999999999999
39393939393939393939
99999999999999999999
79797979797979797979
39393939393939393939
33333333333333333333
99999999999999999999
99999999999999999999
99999999999999999999
99999999999999999999
99999999999999999999
99999999999999999999
99999999999999999999
99999999999999999999
99999999999999999999
99999999999999999999
99999999999999999999
99999999999999999999
99999999999999999999
39393939393939393939
99999999999999999999
79797979797979797979
29292929292929292929
33333333333333333333
99999999999999999999
99999999999999999999
99999999999999999999
99999999999999999999
99999999999999999999
99999999999999999999
99999999999999999999
99999999999999999999
99999999999999999999
99999999999999999999
99999999999999999999
99999999999999999999
99999999999999999999
39393939393939393939
59595959595959595959
79797979797979797979
39393939393939393939
33333333333333333333
99999999999999999999
99999999999999999999
99999999999999999999
99999999999999999999
99999999999999999999
99999999999999999999
99999999999999999999
99999999999999999999
99999999999999999999
99999999999999999999
99999999999999999999
99999999999999999999
99999999999999999999
39393939393939393939
79797979797979797979
79797979797979797979
39393939393939393939
33333333333333333333
99999999999999999999
99999999999999999999
99999999999999999999
99999999999999999999
99999999999999999999
99999999999999999999
99999999999999999999
99999999999999999999
99999999999999999999
99999999999999999999
99999999999999999999
99999999999999999999
99999999999999999999
39393939393939393939
69696969696969696969
79797979797979797979
39393939393939393939
33333333333333333333
99999999999999999999
99999999999999999999
99999999999999999999
99999999999999999999
99999999999999999999
99999999999999999999
99999999999999999999
99999999999999999999
99999999999999999999
99999999999999999999
99999999999999999999
99999999999999999999
99999999999999999999
35353535353535353535
69696969696969696969
79797979797979797979
39393939393939393939
33333333333333333333
99999999999999999999
99999999999999999999
99999999999999999999
99999999999999999999
99999999999999999999
99999999999999999999
99999999999999999999
99999999999999999999
99999999999999999999
99999999999999999999
99999999999999999999
99999999999999999999
99999999999999999999
33333333333333333333
69696969696969696969
79797979797979797979
39393939393939393939
33333333333333333333
99999999999999999999
99999999999999999999
99999999999999999999
99999999999999999999
99999999999999999999
99999999999999999999
99999999999999999999
99999999999999999999
99999999999999999999
99999999999999999999
99999999999999999999
99999999999999999999
99999999999999999999
32323232323232323232
69696969696969696969
79797979797979797979
39393939393939393939
33333333333333333333
99999999999999999999
99999999999999999999
99999999999999999999
99999999999999999999
99999999999999999999
99999999999999999999
99999999999999999999
99999999999999999999
99999999999999999999
99999999999999999999
99999999999999999999
99999999999999999999
99999999999999999999
33333333333333333333
69696969696969696969
75757575757575757575
39393939393939393939
33333333333333333333
99999999999999999999
99999999999999999999
99999999999999999999
99999999999999999999
99999999999999999999
99999999999999999999
99999999999999999999
99999999999999999999
99999999999999999999
99999999999999999999
99999999999999999999
99999999999999999999
99999999999999999999
33333333333333333333
69696969696969696969
77777777777777777777
39393939393939393939
33333333333333333333
99999999999999999999
99999999999999999999
99999999999999999999
99999999999999999999
99999999999999999999
99999999999999999999
99999999999999999999
99999999999999999999
99999999999999999999
99999999999999999999
99999999999999999999
99999999999999999999
99999999999999999999
33333333333333333333
69696969696969696969
76767676767676767676
39393939393939393939
33333333333333333333
99999999999999999999
99999999999999999999
99999999999999999999
99999999999999999999
99999999999999999999
99999999999999999999
99999999999999999999
99999999999999999999
99999999999999999999
99999999999999999999
99999999999999999999
99999999999999999999
99999999999999999999
33333333333333333333
69696969696969696969
76767676767676767676
35353535353535353535
33333333333333333333
99999999999999999999
99999999999999999999
99999999999999999999
99999999999999999999
99999999999999999999
99999999999999999999
99999999999999999999
99999999999999999999
99999999999999999999
99999999999999999999
99999999999999999999
99999999999999999999
99999999999999999999
33333333333333333333
69696969696969696969
76767676767676767676
33333333333333333333
33333333333333333333
99999999999999999999
99999999999999999999
99999999999999999999
99999999999999999999
99999999999999999999
99999999999999999999
99999999999999999999
99999999999999999999
99999999999999999999
99999999999999999999
99999999999999999999
99999999999999999999
99999999999999999999
33333333333333333333
69696969696969696969
76767676767676767676
32323232323232323232
33333333333333333333
99999999999999999999
99999999999999999999
99999999999999999999
99999999999999999999
99999999999999999999
59595959595959595959
99999999999999999999
99999999999999999999
99999999999999999999
99999999999999999999
99999999999999999999
99999999999999999999
99999999999999999999
33333333333333333333
69696969696969696969
76767676767676767676
33333333333333333333
33333333333333333333
99999999999999999999
99999999999999999999
99999999999999999999
99999999999999999999
99999999999999999999
79797979797979797979
99999999999999999999
99999999999999999999
99999999999999999999
99999999999999999999
99999999999999999999
99999999999999999999
99999999999999999999
33333333333333333333
69696969696969696969
76767676767676767676
33333333333333333333
33333333333333333333
99999999999999999999
99999999999999999999
99999999999999999999
99999999999999999999
99999999999999999999
69696969696969696969
99999999999999999999
99999999999999999999
99999999999999999999
99999999999999999999
99999999999999999999
99999999999999999999
99999999999999999999
33333333333333333333
69696969696969696969
76767676767676767676
33333333333333333333
33333333333333333333
99999999999999999999
99999999999999999999
99999999999999999999
99999999999999999999
99999999999999999999
69696969696969696969
99999999999999999999
99999999999999999999
99999999999999999999
99999999999999999999
99999999999999999999
99999999999999999999
99999999999999999999
33333333333333333333
69696969696969696969
76767676767676767676
33333333333333333333
33333333333333333333
59595959595959595959
99999999999999999999
99999999999999999999
99999999999999999999
99999999999999999999
69696969696969696969
99999999999999999999
99999999999999999999
99999999999999999999
99999999999999999999
99999999999999999999
99999999999999999999
99999999999999999999
33333333333333333333
69696969696969696969
76767676767676767676
33333333333333333333
33333333333333333333
39393939393939393939
99999999999999999999
99999999999999999999
99999999999999999999
99999999999999999999
69696969696969696969
99999999999999999999
99999999999999999999
99999999999999999999
99999999999999999999
99999999999999999999
99999999999999999999
99999999999999999999
33333333333333333333
69696969696969696969
76767676767676767676
33333333333333333333
33333333333333333333
29292929292929292929
99999999999999999999
99999999999999999999
99999999999999999999
99999999999999999999
69696969696969696969
99999999999999999999
99999999999999999999
99999999999999999999
99999999999999999999
99999999999999999999
99999999999999999999
99999999999999999999
33333333333333333333
65656565656565656565
76767676767676767676
33333333333333333333
33333333333333333333
39393939393939393939
99999999999999999999
99999999999999999999
99999999999999999999
99999999999999999999
69696969696969696969
99999999999999999999
99999999999999999999
99999999999999999999
99999999999999999999
99999999999999999999
99999999999999999999
99999999999999999999
33333333333333333333
67676767676767676767
76767676767676767676
33333333333333333333
33333333333333333333
39393939393939393939
99999999999999999999
99999999999999999999
99999999999999999999
99999999999999999999
69696969696969696969
99999999999999999999
99999999999999999999
99999999999999999999
99999999999999999999
99999999999999999999
99999999999999999999
99999999999999999999
33333333333333333333
66666666666666666666
76767676767676767676
33333333333333333333
33333333333333333333
39393939393939393939
99999999999999999999
99999999999999999999
99999999999999999999
99999999999999999999
69696969696969696969
99999999999999999999
99999999999999999999
99999999999999999999
99999999999999999999
99999999999999999999
99999999999999999999
99999999999999999999
33333333333333333333
67676767676767676767
76767676767676767676
33333333333333333333
33333333333333333333
39393939393939393939
99999999999999999999
99999999999999999999
99999999999999999999
59595959595959595959
69696969696969696969
99999999999999999999
99999999999999999999
99999999999999999999
99999999999999999999
99999999999999999999
99999999999999999999
99999999999999999999
33333333333333333333
67676767676767676767
76767676767676767676
33333333333333333333
33333333333333333333
39393939393939393939
99999999999999999999
99999999999999999999
99999999999999999999
39393939393939393939
69696969696969696969
99999999999999999999
99999999999999999999
99999999999999999999
99999999999999999999
99999999999999999999
99999999999999999999
99999999999999999999
33333333333333333333
67676767676767676767
76767676767676767676
33333333333333333333
33333333333333333333
39393939393939393939
99999999999999999999
99999999999999999999
99999999999999999999
49494949494949494949
65656565656565656565
99999999999999999999
99999999999999999999
99999999999999999999
99999999999999999999
99999999999999999999
99999999999999999999
99999999999999999999
33333333333333333333
67676767676767676767
76767676767676767676
33333333333333333333
33333333333333333333
39393939393939393939
99999999999999999999
99999999999999999999
99999999999999999999
59595959595959595959
67676767676767676767
99999999999999999999
99999999999999999999
99999999999999999999
99999999999999999999
99999999999999999999
99999999999999999999
99999999999999999999
33333333333333333333
67676767676767676767
76767676767676767676
33333333333333333333
33333333333333333333
39393939393939393939
99999999999999999999
99999999999999999999
99999999999999999999
59595959595959595959
66666666666666666666
99999999999999999999
99999999999999999999
99999999999999999999
99999999999999999999
99999999999999999999
99999999999999999999
99999999999999999999
33333333333333333333
67676767676767676767
76767676767676767676
33333333333333333333
33333333333333333333
39393939393939393939
99999999999999999999
99999999999999999999
99999999999999999999
59595959595959595959
66666666666666666666
99999999999999999999
99999999999999999999
59595959595959595959
99999999999999999999
99999999999999999999
99999999999999999999
99999999999999999999
33333333333333333333
67676767676767676767
76767676767676767676
33333333333333333333
33333333333333333333
39393939393939393939
99999999999999999999
99999999999999999999
99999999999999999999
59595959595959595959
66666666666666666666
99999999999999999999
99999999999999999999
39393939393939393939
99999999999999999999
99999999999999999999
99999999999999999999
99999999999999999999
33333333333333333333
67676767676767676767
76767676767676767676
33333333333333333333
33333333333333333333
39393939393939393939
99999999999999999999
99999999999999999999
99999999999999999999
59595959595959595959
66666666666666666666
99999999999999999999
99999999999999999999
29292929292929292929
99999999999999999999
99999999999999999999
99999999999999999999
99999999999999999999
33333333333333333333
67676767676767676767
76767676767676767676
33333333333333333333
33333333333333333333
39393939393939393939
99999999999999999999
99999999999999999999
99999999999999999999
59595959595959595959
66666666666666666666
99999999999999999999
99999999999999999999
39393939393939393939
99999999999999999999
99999999999999999999
99999999999999999999
99999999999999999999
33333333333333333333
67676767676767676767
76767676767676767676
33333333333333333333
33333333333333333333
35353535353535353535
99999999999999999999
99999999999999999999
99999999999999999999
59595959595959595959
66666666666666666666
99999999999999999999
99999999999999999999
39393939393939393939
99999999999999999999
99999999999999999999
99999999999999999999
99999999999999999999
33333333333333333333
67676767676767676767
76767676767676767676
33333333333333333333
33333333333333333333
33333333333333333333
99999999999999999999
99999999999999999999
99999999999999999999
59595959595959595959
66666666666666666666
99999999999999999999
99999999999999999999
39393939393939393939
99999999999999999999
99999999999999999999
99999999999999999999
99999999999999999999
33333333333333333333
67676767676767676767
76767676767676767676
33333333333333333333
33333333333333333333
34343434343434343434
99999999999999999999
99999999999999999999
99999999999999999999
59595959595959595959
66666666666666666666
99999999999999999999
99999999999999999999
39393939393939393939
99999999999999999999
99999999999999999999
99999999999999999999
99999999999999999999
33333333333333333333
67676767676767676767
76767676767676767676
33333333333333333333
33333333333333333333
34343434343434343434
99999999999999999999
99999999999999999999
99999999999999999999
55555555555555555555
