2285887274
18 12 50
999999999999999999999999
999999999999999999999999
999999999999999999999999
999999999999999999999999
999999999999999999999999
999999999999999999999999
999999999999999999999999
999999999999999999999999
999999999999999999999999
999999999999999999999999
999999999999999999999999
999999999999999999999999
999999999999999999999999
999999999999999999999999
999999999999999999999999
999999999999999999999999
999999999999999999999999
999999999999999999999999
999999999999999999999999
999999999999999999999999
999999999999999999999999
999999999999999999999999
999999999999999999999999
999999999999999999999999
999999999999999999999999
999999999999999999999999
999999999999999999999999
999999999999999999999999
999999999999999999999999
999999999999999999999999
999999999999999999999999
999999999999999999999999
999999999999999999999999
999999999999999999999999
595959595959595959595959
999999999999999999999999
999999999999999999999999
999999999999999999999999
999999999999999999999999
999999999999999999999999
999999999999999999999999
999999999999999999999999
999999999999999999999999
999999999999999999999999
999999999999999999999999
999999999999999999999999
999999999999999999999999
999999999999999999999999
999999999999999999999999
999999999999999999999999
999999999999999999999999
999999999999999999999999
393939393939393939393939
999999999999999999999999
999999999999999999999999
999999999999999999999999
999999999999999999999999
999999999999999999999999
999999999999999999999999
999999999999999999999999
999999999999999999999999
999999999999999999999999
999999999999999999999999
999999999999999999999999
999999999999999999999999
999999999999999999999999
999999999999999999999999
999999999999999999999999
999999999999999999999999
999999999999999999999999
292929292929292929292929
999999999999999999999999
999999999999999999999999
595959595959595959595959
999999999999999999999999
999999999999999999999999
999999999999999999999999
999999999999999999999999
999999999999999999999999
999999999999999999999999
999999999999999999999999
999999999999999999999999
999999999999999999999999
999999999999999999999999
999999999999999999999999
999999999999999999999999
999999999999999999999999
999999999999999999999999
393939393939393939393939
999999999999999999999999
999999999999999999999999
393939393939393939393939
999999999999999999999999
999999999999999999999999
999999999999999999999999
999999999999999999999999
999999999999999999999999
999999999999999999999999
999999999999999999999999
999999999999999999999999
999999999999999999999999
999999999999999999999999
999999999999999999999999
999999999999999999999999
999999999999999999999999
999999999999999999999999
393939393939393939393939
999999999999999999999999
999999999999999999999999
494949494949494949494949
999999999999999999999999
999999999999999999999999
999999999999999999999999
999999999999999999999999
999999999999999999999999
999999999999999999999999
999999999999999999999999
999999999999999999999999
999999999999999999999999
999999999999999999999999
999999999999999999999999
999999999999999999999999
999999999999999999999999
999999999999999999999999
393939393939393939393939
999999999999999999999999
999999999999999999999999
494949494949494949494949
999999999999999999999999
999999999999999999999999
999999999999999999999999
595959595959595959595959
999999999999999999999999
999999999999999999999999
999999999999999999999999
999999999999999999999999
999999999999999999999999
999999999999999999999999
999999999999999999999999
999999999999999999999999
999999999999999999999999
999999999999999999999999
393939393939393939393939
999999999999999999999999
999999999999999999999999
494949494949494949494949
999999999999999999999999
999999999999999999999999
999999999999999999999999
393939393939393939393939
999999999999999999999999
999999999999999999999999
999999999999999999999999
999999999999999999999999
999999999999999999999999
999999999999999999999999
999999999999999999999999
999999999999999999999999
999999999999999999999999
999999999999999999999999
393939393939393939393939
999999999999999999999999
999999999999999999999999
494949494949494949494949
999999999999999999999999
999999999999999999999999
999999999999999999999999
494949494949494949494949
999999999999999999999999
999999999999999999999999
999999999999999999999999
999999999999999999999999
999999999999999999999999
999999999999999999999999
999999999999999999999999
999999999999999999999999
999999999999999999999999
999999999999999999999999
393939393939393939393939
999999999999999999999999
999999999999999999999999
494949494949494949494949
999999999999999999999999
999999999999999999999999
999999999999999999999999
494949494949494949494949
999999999999999999999999
999999999999999999999999
999999999999999999999999
999999999999999999999999
999999999999999999999999
999999999999999999999999
999999999999999999999999
999999999999999999999999
999999999999999999999999
999999999999999999999999
353535353535353535353535
999999999999999999999999
999999999999999999999999
494949494949494949494949
999999999999999999999999
999999999999999999999999
999999999999999999999999
494949494949494949494949
999999999999999999999999
999999999999999999999999
999999999999999999999999
999999999999999999999999
999999999999999999999999
999999999999999999999999
999999999999999999999999
999999999999999999999999
999999999999999999999999
999999999999999999999999
333333333333333333333333
999999999999999999999999
999999999999999999999999
494949494949494949494949
999999999999999999999999
999999999999999999999999
999999999999999999999999
494949494949494949494949
999999999999999999999999
999999999999999999999999
999999999999999999999999
999999999999999999999999
999999999999999999999999
999999999999999999999999
999999999999999999999999
999999999999999999999999
999999999999999999999999
999999999999999999999999
323232323232323232323232
999999999999999999999999
999999999999999999999999
454545454545454545454545
999999999999999999999999
999999999999999999999999
999999999999999999999999
494949494949494949494949
999999999999999999999999
999999999999999999999999
999999999999999999999999
999999999999999999999999
999999999999999999999999
999999999999999999999999
999999999999999999999999
999999999999999999999999
999999999999999999999999
999999999999999999999999
333333333333333333333333
999999999999999999999999
999999999999999999999999
434343434343434343434343
999999999999999999999999
999999999999999999999999
999999999999999999999999
494949494949494949494949
999999999999999999999999
999999999999999999999999
999999999999999999999999
999999999999999999999999
999999999999999999999999
999999999999999999999999
999999999999999999999999
999999999999999999999999
999999999999999999999999
999999999999999999999999
333333333333333333333333
999999999999999999999999
999999999999999999999999
444444444444444444444444
999999999999999999999999
999999999999999999999999
999999999999999999999999
494949494949494949494949
999999999999999999999999
999999999999999999999999
999999999999999999999999
999999999999999999999999
999999999999999999999999
999999999999999999999999
999999999999999999999999
999999999999999999999999
999999999999999999999999
999999999999999999999999
333333333333333333333333
999999999999999999999999
999999999999999999999999
444444444444444444444444
999999999999999999999999
999999999999999999999999
999999999999999999999999
494949494949494949494949
999999999999999999999999
999999999999999999999999
999999999999999999999999
999999999999999999999999
999999999999999999999999
999999999999999999999999
999999999999999999999999
595959595959595959595959
999999999999999999999999
999999999999999999999999
333333333333333333333333
999999999999999999999999
999999999999999999999999
444444444444444444444444
999999999999999999999999
999999999999999999999999
999999999999999999999999
494949494949494949494949
999999999999999999999999
999999999999999999999999
999999999999999999999999
999999999999999999999999
999999999999999999999999
999999999999999999999999
999999999999999999999999
393939393939393939393939
999999999999999999999999
999999999999999999999999
333333333333333333333333
999999999999999999999999
999999999999999999999999
444444444444444444444444
999999999999999999999999
999999999999999999999999
999999999999999999999999
494949494949494949494949
999999999999999999999999
999999999999999999999999
999999999999999999999999
999999999999999999999999
999999999999999999999999
999999999999999999999999
999999999999999999999999
292929292929292929292929
999999999999999999999999
999999999999999999999999
333333333333333333333333
999999999999999999999999
999999999999999999999999
444444444444444444444444
999999999999999999999999
999999999999999999999999
999999999999999999999999
454545454545454545454545
999999999999999999999999
999999999999999999999999
999999999999999999999999
999999999999999999999999
999999999999999999999999
999999999999999999999999
999999999999999999999999
393939393939393939393939
999999999999999999999999
999999999999999999999999
333333333333333333333333
999999999999999999999999
999999999999999999999999
444444444444444444444444
999999999999999999999999
999999999999999999999999
999999999999999999999999
434343434343434343434343
999999999999999999999999
999999999999999999999999
999999999999999999999999
999999999999999999999999
999999999999999999999999
999999999999999999999999
999999999999999999999999
393939393939393939393939
999999999999999999999999
999999999999999999999999
333333333333333333333333
999999999999999999999999
999999999999999999999999
444444444444444444444444
999999999999999999999999
999999999999999999999999
999999999999999999999999
444444444444444444444444
999999999999999999999999
999999999999999999999999
999999999999999999999999
999999999999999999999999
999999999999999999999999
999999999999999999999999
999999999999999999999999
393939393939393939393939
999999999999999999999999
999999999999999999999999
333333333333333333333333
999999999999999999999999
999999999999999999999999
444444444444444444444444
999999999999999999999999
999999999999999999999999
999999999999999999999999
444444444444444444444444
999999999999999999999999
999999999999999999999999
595959595959595959595959
999999999999999999999999
999999999999999999999999
999999999999999999999999
999999999999999999999999
393939393939393939393939
999999999999999999999999
999999999999999999999999
333333333333333333333333
999999999999999999999999
999999999999999999999999
444444444444444444444444
999999999999999999999999
999999999999999999999999
999999999999999999999999
444444444444444444444444
999999999999999999999999
999999999999999999999999
393939393939393939393939
999999999999999999999999
999999999999999999999999
999999999999999999999999
999999999999999999999999
393939393939393939393939
999999999999999999999999
999999999999999999999999
333333333333333333333333
999999999999999999999999
999999999999999999999999
444444444444444444444444
999999999999999999999999
999999999999999999999999
999999999999999999999999
444444444444444444444444
999999999999999999999999
999999999999999999999999
494949494949494949494949
999999999999999999999999
999999999999999999999999
999999999999999999999999
999999999999999999999999
393939393939393939393939
999999999999999999999999
999999999999999999999999
333333333333333333333333
999999999999999999999999
595959595959595959595959
444444444444444444444444
999999999999999999999999
999999999999999999999999
999999999999999999999999
444444444444444444444444
999999999999999999999999
999999999999999999999999
595959595959595959595959
999999999999999999999999
999999999999999999999999
999999999999999999999999
999999999999999999999999
393939393939393939393939
999999999999999999999999
999999999999999999999999
333333333333333333333333
999999999999999999999999
797979797979797979797979
444444444444444444444444
999999999999999999999999
999999999999999999999999
999999999999999999999999
444444444444444444444444
999999999999999999999999
999999999999999999999999
595959595959595959595959
999999999999999999999999
999999999999999999999999
999999999999999999999999
999999999999999999999999
393939393939393939393939
999999999999999999999999
999999999999999999999999
333333333333333333333333
999999999999999999999999
696969696969696969696969
444444444444444444444444
999999999999999999999999
999999999999999999999999
999999999999999999999999
444444444444444444444444
999999999999999999999999
999999999999999999999999
595959595959595959595959
999999999999999999999999
999999999999999999999999
999999999999999999999999
999999999999999999999999
393939393939393939393939
999999999999999999999999
999999999999999999999999
333333333333333333333333
999999999999999999999999
797979797979797979797979
444444444444444444444444
999999999999999999999999
999999999999999999999999
999999999999999999999999
444444444444444444444444
999999999999999999999999
999999999999999999999999
595959595959595959595959
999999999999999999999999
999999999999999999999999
999999999999999999999999
999999999999999999999999
393939393939393939393939
595959595959595959595959
999999999999999999999999
333333333333333333333333
999999999999999999999999
797979797979797979797979
444444444444444444444444
999999999999999999999999
999999999999999999999999
999999999999999999999999
444444444444444444444444
999999999999999999999999
999999999999999999999999
595959595959595959595959
999999999999999999999999
999999999999999999999999
999999999999999999999999
999999999999999999999999
393939393939393939393939
393939393939393939393939
999999999999999999999999
333333333333333333333333
999999999999999999999999
797979797979797979797979
444444444444444444444444
999999999999999999999999
999999999999999999999999
999999999999999999999999
444444444444444444444444
999999999999999999999999
999999999999999999999999
595959595959595959595959
999999999999999999999999
999999999999999999999999
999999999999999999999999
999999999999999999999999
393939393939393939393939
292929292929292929292929
999999999999999999999999
333333333333333333333333
999999999999999999999999
797979797979797979797979
444444444444444444444444
999999999999999999999999
999999999999999999999999
999999999999999999999999
444444444444444444444444
999999999999999999999999
999999999999999999999999
595959595959595959595959
999999999999999999999999
999999999999999999999999
999999999999999999999999
999999999999999999999999
353535353535353535353535
393939393939393939393939
999999999999999999999999
333333333333333333333333
999999999999999999999999
797979797979797979797979
444444444444444444444444
999999999999999999999999
999999999999999999999999
999999999999999999999999
444444444444444444444444
999999999999999999999999
999999999999999999999999
595959595959595959595959
999999999999999999999999
999999999999999999999999
999999999999999999999999
999999999999999999999999
333333333333333333333333
393939393939393939393939
999999999999999999999999
333333333333333333333333
999999999999999999999999
797979797979797979797979
444444444444444444444444
999999999999999999999999
999999999999999999999999
999999999999999999999999
444444444444444444444444
999999999999999999999999
999999999999999999999999
595959595959595959595959
999999999999999999999999
999999999999999999999999
999999999999999999999999
999999999999999999999999
343434343434343434343434
393939393939393939393939
999999999999999999999999
333333333333333333333333
999999999999999999999999
797979797979797979797979
444444444444444444444444
999999999999999999999999
999999999999999999999999
999999999999999999999999
444444444444444444444444
999999999999999999999999
999999999999999999999999
555555555555555555555555
999999999999999999999999
999999999999999999999999
999999999999999999999999
999999999999999999999999
343434343434343434343434
393939393939393939393939
999999999999999999999999
333333333333333333333333
999999999999999999999999
797979797979797979797979
444444444444444444444444
999999999999999999999999
999999999999999999999999
999999999999999999999999
444444444444444444444444
999999999999999999999999
999999999999999999999999
575757575757575757575757
999999999999999999999999
999999999999999999999999
999999999999999999999999
999999999999999999999999
343434343434343434343434
393939393939393939393939
999999999999999999999999
333333333333333333333333
999999999999999999999999
797979797979797979797979
444444444444444444444444
999999999999999999999999
999999999999999999999999
999999999999999999999999
444444444444444444444444
999999999999999999999999
999999999999999999999999
565656565656565656565656
999999999999999999999999
999999999999999999999999
999999999999999999999999
999999999999999999999999
343434343434343434343434
393939393939393939393939
999999999999999999999999
333333333333333333333333
999999999999999999999999
797979797979797979797979
444444444444444444444444
999999999999999999999999
999999999999999999999999
999999999999999999999999
444444444444444444444444
999999999999999999999999
999999999999999999999999
565656565656565656565656
595959595959595959595959
999999999999999999999999
999999999999999999999999
999999999999999999999999
343434343434343434343434
393939393939393939393939
999999999999999999999999
333333333333333333333333
999999999999999999999999
797979797979797979797979
444444444444444444444444
999999999999999999999999
999999999999999999999999
999999999999999999999999
444444444444444444444444
999999999999999999999999
999999999999999999999999
565656565656565656565656
393939393939393939393939
999999999999999999999999
999999999999999999999999
999999999999999999999999
343434343434343434343434
393939393939393939393939
999999999999999999999999
333333333333333333333333
999999999999999999999999
797979797979797979797979
444444444444444444444444
999999999999999999999999
999999999999999999999999
999999999999999999999999
444444444444444444444444
999999999999999999999999
999999999999999999999999
565656565656565656565656
494949494949494949494949
999999999999999999999999
999999999999999999999999
999999999999999999999999
343434343434343434343434
393939393939393939393939
999999999999999999999999
333333333333333333333333
999999999999999999999999
757575757575757575757575
444444444444444444444444
999999999999999999999999
999999999999999999999999
999999999999999999999999
444444444444444444444444
999999999999999999999999
999999999999999999999999
565656565656565656565656
494949494949494949494949
999999999999999999999999
999999999999999999999999
999999999999999999999999
343434343434343434343434
393939393939393939393939
999999999999999999999999
333333333333333333333333
999999999999999999999999
777777777777777777777777
444444444444444444444444
999999999999999999999999
999999999999999999999999
999999999999999999999999
444444444444444444444444
999999999999999999999999
999999999999999999999999
565656565656565656565656
494949494949494949494949
999999999999999999999999
999999999999999999999999
999999999999999999999999
343434343434343434343434
393939393939393939393939
999999999999999999999999
333333333333333333333333
999999999999999999999999
787878787878787878787878
444444444444444444444444
999999999999999999999999
999999999999999999999999
999999999999999999999999
444444444444444444444444
999999999999999999999999
999999999999999999999999
565656565656565656565656
494949494949494949494949
999999999999999999999999
999999999999999999999999
999999999999999999999999
343434343434343434343434
393939393939393939393939
999999999999999999999999
333333333333333333333333
999999999999999999999999
787878787878787878787878
444444444444444444444444
999999999999999999999999
595959595959595959595959
999999999999999999999999
444444444444444444444444
999999999999999999999999
999999999999999999999999
565656565656565656565656
494949494949494949494949
999999999999999999999999
999999999999999999999999
999999999999999999999999
343434343434343434343434
393939393939393939393939
999999999999999999999999
333333333333333333333333
999999999999999999999999
787878787878787878787878
444444444444444444444444
999999999999999999999999
797979797979797979797979
999999999999999999999999
444444444444444444444444
999999999999999999999999
999999999999999999999999
565656565656565656565656
494949494949494949494949
999999999999999999999999
999999999999999999999999
999999999999999999999999
343434343434343434343434
393939393939393939393939
999999999999999999999999
333333333333333333333333
999999999999999999999999
787878787878787878787878
444444444444444444444444
999999999999999999999999
696969696969696969696969
999999999999999999999999
444444444444444444444444
999999999999999999999999
999999999999999999999999
565656565656565656565656
494949494949494949494949
999999999999999999999999
999999999999999999999999
999999999999999999999999
343434343434343434343434
393939393939393939393939
999999999999999999999999
333333333333333333333333
999999999999999999999999
787878787878787878787878
444444444444444444444444
999999999999999999999999
696969696969696969696969
999999999999999999999999
444444444444444444444444
999999999999999999999999
999999999999999999999999
565656565656565656565656
494949494949494949494949
999999999999999999999999
999999999999999999999999
999999999999999999999999
343434343434343434343434
393939393939393939393939
999999999999999999999999
333333333333333333333333
595959595959595959595959
787878787878787878787878
444444444444444444444444
999999999999999999999999
696969696969696969696969
999999999999999999999999
444444444444444444444444
999999999999999999999999
999999999999999999999999
565656565656565656565656
494949494949494949494949
999999999999999999999999
999999999999999999999999
999999999999999999999999
343434343434343434343434
393939393939393939393939
999999999999999999999999
333333333333333333333333
393939393939393939393939
787878787878787878787878
444444444444444444444444
999999999999999999999999
696969696969696969696969
999999999999999999999999
444444444444444444444444
999999999999999999999999
999999999999999999999999
565656565656565656565656
494949494949494949494949
999999999999999999999999
999999999999999999999999
999999999999999999999999
343434343434343434343434
393939393939393939393939
999999999999999999999999
333333333333333333333333
292929292929292929292929
787878787878787878787878
444444444444444444444444
999999999999999999999999
696969696969696969696969
999999999999999999999999
444444444444444444444444
999999999999999999999999
999999999999999999999999
565656565656565656565656
494949494949494949494949
999999999999999999999999
999999999999999999999999
999999999999999999999999
343434343434343434343434
353535353535353535353535
999999999999999999999999
333333333333333333333333
292929292929292929292929
