2558641373
10 12 100
999999999999999999999999
999999999999999999999999
999999999999999999999999
999999999999999999999999
999999999999999999999999
999999999999999999999999
999999999999999999999999
999999999999999999999999
999999999999999999999999
999999999999999999999999
999999999999999999999999
999999999999999999999999
999999999999999999999999
595959595959595959595959
999999999999999999999999
999999999999999999999999
999999999999999999999999
999999999999999999999999
999999999999999999999999
999999999999999999999999
999999999999999999999999
999999999999999999999999
999999999999999999999999
393939393939393939393939
999999999999999999999999
999999999999999999999999
999999999999999999999999
999999999999999999999999
999999999999999999999999
999999999999999999999999
999999999999999999999999
999999999999999999999999
999999999999999999999999
494949494949494949494949
999999999999999999999999
999999999999999999999999
999999999999999999999999
999999999999999999999999
999999999999999999999999
999999999999999999999999
999999999999999999999999
999999999999999999999999
999999999999999999999999
494949494949494949494949
999999999999999999999999
595959595959595959595959
999999999999999999999999
999999999999999999999999
999999999999999999999999
999999999999999999999999
999999999999999999999999
999999999999999999999999
999999999999999999999999
494949494949494949494949
999999999999999999999999
393939393939393939393939
999999999999999999999999
999999999999999999999999
999999999999999999999999
999999999999999999999999
999999999999999999999999
999999999999999999999999
999999999999999999999999
494949494949494949494949
999999999999999999999999
494949494949494949494949
999999999999999999999999
999999999999999999999999
999999999999999999999999
999999999999999999999999
999999999999999999999999
999999999999999999999999
999999999999999999999999
454545454545454545454545
999999999999999999999999
494949494949494949494949
999999999999999999999999
999999999999999999999999
999999999999999999999999
999999999999999999999999
999999999999999999999999
999999999999999999999999
999999999999999999999999
474747474747474747474747
999999999999999999999999
494949494949494949494949
999999999999999999999999
999999999999999999999999
999999999999999999999999
999999999999999999999999
999999999999999999999999
999999999999999999999999
999999999999999999999999
484848484848484848484848
999999999999999999999999
494949494949494949494949
999999999999999999999999
999999999999999999999999
999999999999999999999999
999999999999999999999999
999999999999999999999999
999999999999999999999999
999999999999999999999999
484848484848484848484848
999999999999999999999999
454545454545454545454545
999999999999999999999999
999999999999999999999999
999999999999999999999999
999999999999999999999999
999999999999999999999999
999999999999999999999999
999999999999999999999999
484848484848484848484848
999999999999999999999999
434343434343434343434343
999999999999999999999999
999999999999999999999999
999999999999999999999999
999999999999999999999999
999999999999999999999999
999999999999999999999999
999999999999999999999999
484848484848484848484848
999999999999999999999999
444444444444444444444444
999999999999999999999999
999999999999999999999999
999999999999999999999999
999999999999999999999999
999999999999999999999999
999999999999999999999999
999999999999999999999999
484848484848484848484848
999999999999999999999999
444444444444444444444444
999999999999999999999999
595959595959595959595959
999999999999999999999999
999999999999999999999999
999999999999999999999999
999999999999999999999999
999999999999999999999999
484848484848484848484848
999999999999999999999999
444444444444444444444444
999999999999999999999999
393939393939393939393939
999999999999999999999999
999999999999999999999999
999999999999999999999999
999999999999999999999999
999999999999999999999999
484848484848484848484848
999999999999999999999999
444444444444444444444444
999999999999999999999999
494949494949494949494949
999999999999999999999999
999999999999999999999999
999999999999999999999999
999999999999999999999999
999999999999999999999999
484848484848484848484848
999999999999999999999999
444444444444444444444444
999999999999999999999999
595959595959595959595959
999999999999999999999999
595959595959595959595959
999999999999999999999999
999999999999999999999999
999999999999999999999999
484848484848484848484848
999999999999999999999999
444444444444444444444444
999999999999999999999999
595959595959595959595959
999999999999999999999999
393939393939393939393939
999999999999999999999999
999999999999999999999999
999999999999999999999999
484848484848484848484848
999999999999999999999999
444444444444444444444444
999999999999999999999999
595959595959595959595959
999999999999999999999999
494949494949494949494949
999999999999999999999999
999999999999999999999999
999999999999999999999999
484848484848484848484848
595959595959595959595959
444444444444444444444444
999999999999999999999999
595959595959595959595959
999999999999999999999999
595959595959595959595959
999999999999999999999999
999999999999999999999999
999999999999999999999999
484848484848484848484848
393939393939393939393939
444444444444444444444444
999999999999999999999999
595959595959595959595959
999999999999999999999999
595959595959595959595959
999999999999999999999999
999999999999999999999999
999999999999999999999999
484848484848484848484848
494949494949494949494949
444444444444444444444444
999999999999999999999999
595959595959595959595959
999999999999999999999999
595959595959595959595959
999999999999999999999999
999999999999999999999999
595959595959595959595959
484848484848484848484848
494949494949494949494949
444444444444444444444444
999999999999999999999999
595959595959595959595959
999999999999999999999999
595959595959595959595959
999999999999999999999999
999999999999999999999999
393939393939393939393939
484848484848484848484848
494949494949494949494949
444444444444444444444444
999999999999999999999999
595959595959595959595959
999999999999999999999999
595959595959595959595959
999999999999999999999999
999999999999999999999999
494949494949494949494949
484848484848484848484848
494949494949494949494949
444444444444444444444444
999999999999999999999999
595959595959595959595959
999999999999999999999999
595959595959595959595959
999999999999999999999999
999999999999999999999999
595959595959595959595959
484848484848484848484848
494949494949494949494949
444444444444444444444444
999999999999999999999999
555555555555555555555555
999999999999999999999999
595959595959595959595959
999999999999999999999999
999999999999999999999999
595959595959595959595959
484848484848484848484848
494949494949494949494949
444444444444444444444444
999999999999999999999999
535353535353535353535353
999999999999999999999999
595959595959595959595959
999999999999999999999999
999999999999999999999999
595959595959595959595959
484848484848484848484848
494949494949494949494949
444444444444444444444444
999999999999999999999999
545454545454545454545454
999999999999999999999999
595959595959595959595959
999999999999999999999999
999999999999999999999999
595959595959595959595959
484848484848484848484848
494949494949494949494949
444444444444444444444444
999999999999999999999999
555555555555555555555555
999999999999999999999999
555555555555555555555555
999999999999999999999999
999999999999999999999999
595959595959595959595959
484848484848484848484848
494949494949494949494949
444444444444444444444444
999999999999999999999999
555555555555555555555555
999999999999999999999999
535353535353535353535353
999999999999999999999999
999999999999999999999999
595959595959595959595959
484848484848484848484848
494949494949494949494949
444444444444444444444444
999999999999999999999999
555555555555555555555555
999999999999999999999999
545454545454545454545454
999999999999999999999999
999999999999999999999999
595959595959595959595959
484848484848484848484848
454545454545454545454545
444444444444444444444444
999999999999999999999999
555555555555555555555555
999999999999999999999999
555555555555555555555555
999999999999999999999999
999999999999999999999999
595959595959595959595959
484848484848484848484848
474747474747474747474747
444444444444444444444444
999999999999999999999999
555555555555555555555555
999999999999999999999999
555555555555555555555555
999999999999999999999999
999999999999999999999999
595959595959595959595959
484848484848484848484848
464646464646464646464646
444444444444444444444444
999999999999999999999999
555555555555555555555555
999999999999999999999999
555555555555555555555555
595959595959595959595959
999999999999999999999999
595959595959595959595959
484848484848484848484848
464646464646464646464646
444444444444444444444444
999999999999999999999999
555555555555555555555555
999999999999999999999999
555555555555555555555555
393939393939393939393939
999999999999999999999999
595959595959595959595959
484848484848484848484848
464646464646464646464646
444444444444444444444444
999999999999999999999999
555555555555555555555555
999999999999999999999999
555555555555555555555555
494949494949494949494949
999999999999999999999999
595959595959595959595959
484848484848484848484848
464646464646464646464646
444444444444444444444444
999999999999999999999999
555555555555555555555555
999999999999999999999999
555555555555555555555555
494949494949494949494949
999999999999999999999999
555555555555555555555555
484848484848484848484848
464646464646464646464646
444444444444444444444444
999999999999999999999999
555555555555555555555555
999999999999999999999999
555555555555555555555555
494949494949494949494949
999999999999999999999999
535353535353535353535353
484848484848484848484848
464646464646464646464646
444444444444444444444444
999999999999999999999999
555555555555555555555555
999999999999999999999999
555555555555555555555555
494949494949494949494949
999999999999999999999999
525252525252525252525252
484848484848484848484848
464646464646464646464646
444444444444444444444444
999999999999999999999999
555555555555555555555555
999999999999999999999999
555555555555555555555555
454545454545454545454545
999999999999999999999999
535353535353535353535353
484848484848484848484848
464646464646464646464646
444444444444444444444444
999999999999999999999999
555555555555555555555555
999999999999999999999999
555555555555555555555555
434343434343434343434343
999999999999999999999999
535353535353535353535353
484848484848484848484848
464646464646464646464646
444444444444444444444444
999999999999999999999999
555555555555555555555555
999999999999999999999999
555555555555555555555555
444444444444444444444444
999999999999999999999999
535353535353535353535353
484848484848484848484848
464646464646464646464646
444444444444444444444444
999999999999999999999999
555555555555555555555555
999999999999999999999999
555555555555555555555555
444444444444444444444444
999999999999999999999999
535353535353535353535353
484848484848484848484848
464646464646464646464646
444444444444444444444444
999999999999999999999999
555555555555555555555555
595959595959595959595959
555555555555555555555555
444444444444444444444444
999999999999999999999999
535353535353535353535353
484848484848484848484848
464646464646464646464646
444444444444444444444444
999999999999999999999999
555555555555555555555555
393939393939393939393939
555555555555555555555555
444444444444444444444444
999999999999999999999999
535353535353535353535353
484848484848484848484848
464646464646464646464646
444444444444444444444444
999999999999999999999999
555555555555555555555555
494949494949494949494949
555555555555555555555555
444444444444444444444444
595959595959595959595959
535353535353535353535353
484848484848484848484848
464646464646464646464646
444444444444444444444444
999999999999999999999999
555555555555555555555555
595959595959595959595959
555555555555555555555555
444444444444444444444444
797979797979797979797979
535353535353535353535353
484848484848484848484848
464646464646464646464646
444444444444444444444444
999999999999999999999999
555555555555555555555555
595959595959595959595959
555555555555555555555555
444444444444444444444444
696969696969696969696969
535353535353535353535353
484848484848484848484848
464646464646464646464646
444444444444444444444444
999999999999999999999999
555555555555555555555555
595959595959595959595959
555555555555555555555555
444444444444444444444444
696969696969696969696969
535353535353535353535353
484848484848484848484848
464646464646464646464646
444444444444444444444444
999999999999999999999999
555555555555555555555555
555555555555555555555555
555555555555555555555555
444444444444444444444444
696969696969696969696969
535353535353535353535353
484848484848484848484848
464646464646464646464646
444444444444444444444444
999999999999999999999999
555555555555555555555555
535353535353535353535353
555555555555555555555555
444444444444444444444444
696969696969696969696969
535353535353535353535353
484848484848484848484848
464646464646464646464646
444444444444444444444444
999999999999999999999999
555555555555555555555555
545454545454545454545454
555555555555555555555555
444444444444444444444444
696969696969696969696969
535353535353535353535353
484848484848484848484848
464646464646464646464646
444444444444444444444444
595959595959595959595959
555555555555555555555555
555555555555555555555555
555555555555555555555555
444444444444444444444444
696969696969696969696969
535353535353535353535353
484848484848484848484848
464646464646464646464646
444444444444444444444444
393939393939393939393939
555555555555555555555555
555555555555555555555555
555555555555555555555555
444444444444444444444444
696969696969696969696969
535353535353535353535353
484848484848484848484848
464646464646464646464646
444444444444444444444444
494949494949494949494949
555555555555555555555555
555555555555555555555555
555555555555555555555555
444444444444444444444444
656565656565656565656565
535353535353535353535353
484848484848484848484848
464646464646464646464646
444444444444444444444444
595959595959595959595959
555555555555555555555555
555555555555555555555555
555555555555555555555555
444444444444444444444444
636363636363636363636363
535353535353535353535353
484848484848484848484848
464646464646464646464646
444444444444444444444444
595959595959595959595959
555555555555555555555555
555555555555555555555555
555555555555555555555555
444444444444444444444444
626262626262626262626262
535353535353535353535353
484848484848484848484848
464646464646464646464646
444444444444444444444444
595959595959595959595959
555555555555555555555555
555555555555555555555555
555555555555555555555555
444444444444444444444444
636363636363636363636363
535353535353535353535353
484848484848484848484848
464646464646464646464646
444444444444444444444444
555555555555555555555555
555555555555555555555555
555555555555555555555555
555555555555555555555555
444444444444444444444444
636363636363636363636363
535353535353535353535353
484848484848484848484848
464646464646464646464646
444444444444444444444444
575757575757575757575757
555555555555555555555555
555555555555555555555555
555555555555555555555555
444444444444444444444444
636363636363636363636363
535353535353535353535353
484848484848484848484848
464646464646464646464646
444444444444444444444444
565656565656565656565656
555555555555555555555555
555555555555555555555555
555555555555555555555555
454545454545454545454545
636363636363636363636363
535353535353535353535353
484848484848484848484848
464646464646464646464646
444444444444444444444444
565656565656565656565656
555555555555555555555555
555555555555555555555555
555555555555555555555555
434343434343434343434343
636363636363636363636363
535353535353535353535353
484848484848484848484848
464646464646464646464646
444444444444444444444444
565656565656565656565656
555555555555555555555555
555555555555555555555555
555555555555555555555555
444444444444444444444444
636363636363636363636363
535353535353535353535353
484848484848484848484848
464646464646464646464646
444444444444444444444444
565656565656565656565656
555555555555555555555555
555555555555555555555555
555555555555555555555555
444444444444444444444444
636363636363636363636363
535353535353535353535353
484848484848484848111111
464646464646464646464646
444444444444444444441414
565656565656565656565656
555555555555555555555555
555555555555555555555555
555555555555555555555555
444444444444444444444444
636363636363636363636363
535353535353535353535353
383838383838383838383838
464646464646464646464646
444444444444444444444444
565656565656565656565656
555555555555555555555555
555555555555555555555555
555555555555555555555555
444444444444444444444444
636363636363636363636363
535353535353535353535353
474747474747474747474747
464646464646464646464646
444444444444444444444444
565656565656565656565656
555555555555555555555555
555555555555555555555555
555555555555555555555555
444444444444444444444444
636363636363636363636363
535353535353535353535353
484848484848484848484848
464646464646464646464646
343434343434343434343434
565656565656565656565656
555555555555555555555555
555555555555555555555555
555555555555555555555555
444444444444444444444444
636363636363636363636363
535353535353535353535353
484848484848484848484848
464646464646464646464646
434343434343434343434343
565656565656565656565656
555555555555555555555555
555555555555555555555555
555555555555555555555555
444444444444444444444444
636363636363636363636363
535353535353535353535353
484848484848484848484848
464646464646464646464646
444444444444444444444444
565656565656565656565656
555555555555555555555555
555555555555555555555555
454545454545454545454545
444444444444444444444444
636363636363636363636363
535353535353535353535353
484848484848484848484848
464646464646464646464646
444444444444444444444444
565656565656565656565656
555555555555555555555555
555555555555555555555555
545454545454545454545454
444444444444444444444444
636363636363636363636363
535353535353535353535353
484848484848484848484848
464646464646464646464646
444444444444444444444444
565656565656565656565656
454545454545454545454545
555555555555555555555555
555555555555555555555555
444444444444444444444444
636363636363636363636363
535353535353535353535353
484848484848484848484848
464646464646464646464646
444444444444444444444444
565656565656565656565656
545454545454545454545454
555555555555555555555555
555555555555555555555555
444444444444444444444444
636363636363636363636363
434343434343434343434343
484848484848484848484848
464646464646464646464646
444444444444444444444444
565656565656565656565656
555555555555555555555555
555555555555555555555555
555555555555555555555555
444444444444444444444444
636363636363636363636363
525252525252525252525252
484848484848484848484848
464646464646464646464646
444444444444444444444444
565656565656565656565656
555555555555555555555555
555555555555555555555555
555555555555555555555555
444444444444444444444444
636363636363636363636363
535353535353535353535353
484848484848484848484848
363636363636363636363636
444444444444444444444444
565656565656565656565656
555555555555555555555555
555555555555555555555555
555555555555555555555555
444444444444444444444444
636363636363636363636363
535353535353535353535353
484848484848484848484848
454545454545454545454545
444444444444444444444444
565656565656565656565656
555555555555555555555555
555555555555555555555555
555555555555555555555555
444444444444444444444444
535353535353535353535353
535353535353535353535353
484848484848484848484848
464646464646464646464646
444444444444444444444444
565656565656565656565656
555555555555555555555555
555555555555555555555555
555555555555555555555555
444444444444444444444444
626262626262626262626262
535353535353535353535353
484848484848484848484848
464646464646464646464646
444444444444444444444444
565656565656565656565656
555555555555555555555555
555555555555555555555555
555555555555555555555555
444444444444444444444444
636363636363636363636363
535353535353535353535353
484848484848484848484848
464646464646464646464646
444444444444444444444444
565656565656565656565656
555555555555555555555555
454545454545454545454545
555555555555555555555555
444444444444444444444444
636363636363636363636363
535353535353535353535353
484848484848484848484848
464646464646464646464646
444444444444444444444444
565656565656565656565656
555555555555555555555555
545454545454545454545454
555555555555555555555555
343434343434343434343434
636363636363636363636363
535353535353535353535353
484848484848484848484848
464646464646464646464646
444444444444444444444444
565656565656565656565656
555555555555555555555555
555555555555555555555555
555555555555555555555555
434343434343434343434343
636363636363636363636363
535353535353535353535353
484848484848484848484848
464646464646464646464646
444444444444444444444444
565656565656565656565656
555555555555555555555555
555555555555555555555555
555555555555555555555555
444444444444444444444444
636363636363636363636363
535353535353535353535353
484848484848484848484848
464646464646464646464646
444444444444444444444444
464646464646464646464646
555555555555555555555555
555555555555555555555555
555555555555555555555555
444444444444444444444444
636363636363636363636363
535353535353535353535353
484848484848484848484848
464646464646464646464646
444444444444444444444444
555555555555555555555555
555555555555555555555555
555555555555555555555555
555555555555555555555555
444444444444444444444444
636363636363636363636363
535353535353535353535353
484848484848484848111111
464646464646464646464646
444444444444444444441414
565656565656565656565656
555555555555555555555555
555555555555555555555555
555555555555555555555555
444444444444444444444444
636363636363636363636363
737373737373737373737373
484848484848484848484848
464646464646464646464646
444444444444444444444444
575757575757575757575757
555555555555555555555555
555555555555555555555555
555555555555555555555555
494949484848484848484848
999999999999999999999999
555555555555555555555555
181818181818181818181818
464646464646464646464646
444444444444444444444444
999999999999999999999999
555555555555555555555555
999999999999999999999999
555555555555555555555555
454545454545454545454545
999999999999999999999999
535353535353535353535353
484848484848484848484848
464646464646464646464646
444444444444444444444444
999999999999999999999999
555555555555555555555555
999999999999999999999999
858585858585858585858585
444444444444444444444444
656565656565656565656565
575757575757575757575757
484848484848484848484848
464646464646464646464646
444444444444444444444444
595959595959595959595959
555555555555555555555555
555555555555555555555555
555555555555555555555555
999999999999999999999999
999999999999989898989898
999999999999999999999999
888888888888888888888888
999999999999999999999999
444444444444444444444444
999999999999999999999999
595959595959595959595959
999999999999999999999999
595959595959595959595959
444444444444444444444444
656565656565656565656565
575757575757575757575757
989898989898989898989898
464646464646464646464646
444444444444444444444444
595959595959595959595959
555555555555555555555555
555555555555555555555555
555555555555555555555555
979797979797979797979797
999999999999999999999999
595959595959595959595959
484848484848484848484848
494949494949494949494949
444444444444444444444444
999999999999999999999999
595959595959595959595959
999999999999999999999999
595959595959595959595959
454545454545454545454545
636363636363636363636363
535353535353535353535353
484848484848484848484848
868686868686868686868686
444444444444444444444444
565656565656565656565656
555555555555555555555555
555555555555555555555555
555555555555555555555555
444444444444444444444444
656565656565656565656565
535353535353535353535353
484848484848484848484848
969696969696969696969696
444444444444444444444444
595959595959595959595959
555555555555555555555555
555555555555555555555555
555555555555555555555555
494949494949494949494949
999999999999999999999898
555555555555555555555555
484848484848484848484848
464646464646464646464646
444444444444444444444444
999999999999999999999999
595959595959595959595959
999999999999999999999999
555555555555555555555555
999999999999999999999999
999999999999999999999999
595959595959595959595959
484848484848484848484848
494949494949494949494949
444444444444444444444444
999999999999999999999999
515151515151515151515151
999999999999999999999999
595959595959595959595959
454545454545454545454545
636363631313131313131313
535353535353535353535353
484848484848484848484848
868686868686868686868686
141414141414141414141414
565656565656565656565656
555555555555555555555555
555555555555555555555555
555555555555555555555555
999999999999999999999999
999999999999999999999999
696969696969696969696969
999999999999999999999999
999999999999999999999999
999999999999999999999999
999999999999999999999999
999999999999999999999999
999999999999999999999999
999999999999999999999999
444444444444444444444443
636363636363636363636363
737373737373737373737373
484848484848484848484848
464646464646464646464646
444444444444444444444444
575757575757575757575757
555555555555555555555555
555555555555555555555555
656565656565656565656565
