2809166044
17 10 50
99999999999999999999
99999999999999999999
99999999999999999999
99999999999999999999
99999999999999999999
99999999999999999999
99999999999999999999
99999999999999999999
99999999999999999999
99999999999999999999
99999999999999999999
99999999999999999999
99999999999999999999
99999999999999999999
99999999999999999999
99999999999999999999
99999999999999999999
99999999999999999999
99999999999999999999
99999999999999999999
99999999999999999999
99999999999999999999
99999999999999999999
99999999999999999999
99999999999999999999
99999999999999999999
99999999999999999999
99999999999999999999
99999999999999999999
99999999999999999999
99999999999999999999
99999999999999999999
59595959595959595959
99999999999999999999
99999999999999999999
99999999999999999999
99999999999999999999
99999999999999999999
99999999999999999999
99999999999999999999
99999999999999999999
99999999999999999999
99999999999999999999
99999999999999999999
99999999999999999999
99999999999999999999
99999999999999999999
99999999999999999999
99999999999999999999
39393939393939393939
99999999999999999999
99999999999999999999
99999999999999999999
99999999999999999999
99999999999999999999
99999999999999999999
99999999999999999999
99999999999999999999
99999999999999999999
99999999999999999999
99999999999999999999
99999999999999999999
99999999999999999999
99999999999999999999
99999999999999999999
99999999999999999999
29292929292929292929
99999999999999999999
99999999999999999999
99999999999999999999
99999999999999999999
59595959595959595959
99999999999999999999
99999999999999999999
99999999999999999999
99999999999999999999
99999999999999999999
99999999999999999999
99999999999999999999
99999999999999999999
99999999999999999999
99999999999999999999
99999999999999999999
29292929292929292929
99999999999999999999
99999999999999999999
99999999999999999999
99999999999999999999
39393939393939393939
99999999999999999999
99999999999999999999
99999999999999999999
99999999999999999999
99999999999999999999
99999999999999999999
99999999999999999999
99999999999999999999
99999999999999999999
99999999999999999999
99999999999999999999
29292929292929292929
99999999999999999999
99999999999999999999
99999999999999999999
99999999999999999999
49494949494949494949
99999999999999999999
99999999999999999999
99999999999999999999
99999999999999999999
99999999999999999999
99999999999999999999
99999999999999999999
99999999999999999999
99999999999999999999
99999999999999999999
99999999999999999999
29292929292929292929
99999999999999999999
99999999999999999999
99999999999999999999
99999999999999999999
49494949494949494949
99999999999999999999
99999999999999999999
99999999999999999999
99999999999999999999
99999999999999999999
99999999999999999999
99999999999999999999
99999999999999999999
99999999999999999999
99999999999999999999
99999999999999999999
25252525252525252525
99999999999999999999
99999999999999999999
99999999999999999999
99999999999999999999
49494949494949494949
99999999999999999999
99999999999999999999
99999999999999999999
99999999999999999999
99999999999999999999
99999999999999999999
99999999999999999999
99999999999999999999
99999999999999999999
99999999999999999999
99999999999999999999
23232323232323232323
99999999999999999999
99999999999999999999
99999999999999999999
99999999999999999999
49494949494949494949
99999999999999999999
99999999999999999999
99999999999999999999
99999999999999999999
99999999999999999999
99999999999999999999
99999999999999999999
99999999999999999999
99999999999999999999
99999999999999999999
99999999999999999999
22222222222222222222
99999999999999999999
99999999999999999999
99999999999999999999
99999999999999999999
45454545454545454545
99999999999999999999
99999999999999999999
99999999999999999999
99999999999999999999
99999999999999999999
99999999999999999999
99999999999999999999
99999999999999999999
99999999999999999999
99999999999999999999
99999999999999999999
23232323232323232323
99999999999999999999
99999999999999999999
99999999999999999999
99999999999999999999
43434343434343434343
99999999999999999999
99999999999999999999
99999999999999999999
99999999999999999999
99999999999999999999
99999999999999999999
99999999999999999999
99999999999999999999
99999999999999999999
99999999999999999999
99999999999999999999
23232323232323232323
99999999999999999999
99999999999999999999
99999999999999999999
99999999999999999999
42424242424242424242
99999999999999999999
99999999999999999999
99999999999999999999
99999999999999999999
99999999999999999999
99999999999999999999
99999999999999999999
99999999999999999999
99999999999999999999
99999999999999999999
99999999999999999999
23232323232323232323
99999999999999999999
99999999999999999999
99999999999999999999
99999999999999999999
42424242424242424242
99999999999999999999
99999999999999999999
99999999999999999999
99999999999999999999
99999999999999999999
59595959595959595959
99999999999999999999
99999999999999999999
99999999999999999999
99999999999999999999
99999999999999999999
23232323232323232323
99999999999999999999
99999999999999999999
99999999999999999999
99999999999999999999
42424242424242424242
99999999999999999999
99999999999999999999
99999999999999999999
99999999999999999999
99999999999999999999
39393939393939393939
99999999999999999999
99999999999999999999
99999999999999999999
99999999999999999999
99999999999999999999
23232323232323232323
99999999999999999999
99999999999999999999
99999999999999999999
99999999999999999999
42424242424242424242
99999999999999999999
99999999999999999999
99999999999999999999
99999999999999999999
99999999999999999999
49494949494949494949
99999999999999999999
99999999999999999999
99999999999999999999
99999999999999999999
99999999999999999999
23232323232323232323
99999999999999999999
99999999999999999999
99999999999999999999
99999999999999999999
42424242424242424242
99999999999999999999
99999999999999999999
99999999999999999999
59595959595959595959
99999999999999999999
49494949494949494949
99999999999999999999
99999999999999999999
99999999999999999999
99999999999999999999
99999999999999999999
23232323232323232323
99999999999999999999
99999999999999999999
99999999999999999999
99999999999999999999
42424242424242424242
99999999999999999999
99999999999999999999
99999999999999999999
39393939393939393939
99999999999999999999
49494949494949494949
99999999999999999999
99999999999999999999
99999999999999999999
99999999999999999999
99999999999999999999
23232323232323232323
99999999999999999999
99999999999999999999
99999999999999999999
99999999999999999999
42424242424242424242
99999999999999999999
99999999999999999999
99999999999999999999
49494949494949494949
99999999999999999999
49494949494949494949
99999999999999999999
99999999999999999999
99999999999999999999
99999999999999999999
99999999999999999999
23232323232323232323
99999999999999999999
99999999999999999999
99999999999999999999
99999999999999999999
42424242424242424242
99999999999999999999
99999999999999999999
99999999999999999999
49494949494949494949
99999999999999999999
49494949494949494949
99999999999999999999
99999999999999999999
99999999999999999999
99999999999999999999
99999999999999999999
23232323232323232323
59595959595959595959
99999999999999999999
99999999999999999999
99999999999999999999
42424242424242424242
99999999999999999999
99999999999999999999
99999999999999999999
49494949494949494949
99999999999999999999
49494949494949494949
99999999999999999999
99999999999999999999
99999999999999999999
99999999999999999999
99999999999999999999
23232323232323232323
39393939393939393939
99999999999999999999
99999999999999999999
99999999999999999999
42424242424242424242
99999999999999999999
99999999999999999999
99999999999999999999
49494949494949494949
99999999999999999999
49494949494949494949
99999999999999999999
99999999999999999999
99999999999999999999
99999999999999999999
99999999999999999999
23232323232323232323
49494949494949494949
99999999999999999999
99999999999999999999
99999999999999999999
42424242424242424242
99999999999999999999
99999999999999999999
99999999999999999999
49494949494949494949
99999999999999999999
45454545454545454545
99999999999999999999
99999999999999999999
99999999999999999999
99999999999999999999
99999999999999999999
23232323232323232323
49494949494949494949
99999999999999999999
99999999999999999999
99999999999999999999
42424242424242424242
99999999999999999999
99999999999999999999
99999999999999999999
49494949494949494949
99999999999999999999
43434343434343434343
99999999999999999999
99999999999999999999
99999999999999999999
99999999999999999999
99999999999999999999
23232323232323232323
49494949494949494949
99999999999999999999
99999999999999999999
99999999999999999999
42424242424242424242
99999999999999999999
99999999999999999999
99999999999999999999
49494949494949494949
99999999999999999999
42424242424242424242
99999999999999999999
99999999999999999999
99999999999999999999
99999999999999999999
99999999999999999999
23232323232323232323
49494949494949494949
99999999999999999999
99999999999999999999
99999999999999999999
42424242424242424242
99999999999999999999
59595959595959595959
99999999999999999999
49494949494949494949
99999999999999999999
42424242424242424242
99999999999999999999
99999999999999999999
99999999999999999999
99999999999999999999
99999999999999999999
23232323232323232323
49494949494949494949
99999999999999999999
99999999999999999999
99999999999999999999
42424242424242424242
99999999999999999999
39393939393939393939
99999999999999999999
49494949494949494949
99999999999999999999
42424242424242424242
99999999999999999999
99999999999999999999
99999999999999999999
99999999999999999999
99999999999999999999
23232323232323232323
49494949494949494949
99999999999999999999
99999999999999999999
99999999999999999999
42424242424242424242
99999999999999999999
29292929292929292929
99999999999999999999
49494949494949494949
99999999999999999999
42424242424242424242
99999999999999999999
99999999999999999999
99999999999999999999
99999999999999999999
99999999999999999999
23232323232323232323
49494949494949494949
99999999999999999999
99999999999999999999
99999999999999999999
42424242424242424242
99999999999999999999
29292929292929292929
99999999999999999999
49494949494949494949
99999999999999999999
42424242424242424242
99999999999999999999
59595959595959595959
99999999999999999999
99999999999999999999
99999999999999999999
23232323232323232323
49494949494949494949
99999999999999999999
99999999999999999999
99999999999999999999
42424242424242424242
99999999999999999999
29292929292929292929
99999999999999999999
49494949494949494949
99999999999999999999
42424242424242424242
99999999999999999999
39393939393939393939
99999999999999999999
99999999999999999999
99999999999999999999
23232323232323232323
49494949494949494949
99999999999999999999
99999999999999999999
99999999999999999999
42424242424242424242
99999999999999999999
29292929292929292929
99999999999999999999
49494949494949494949
99999999999999999999
42424242424242424242
99999999999999999999
29292929292929292929
99999999999999999999
99999999999999999999
99999999999999999999
23232323232323232323
49494949494949494949
99999999999999999999
99999999999999999999
99999999999999999999
42424242424242424242
99999999999999999999
29292929292929292929
99999999999999999999
45454545454545454545
99999999999999999999
42424242424242424242
99999999999999999999
39393939393939393939
99999999999999999999
99999999999999999999
99999999999999999999
23232323232323232323
49494949494949494949
99999999999999999999
99999999999999999999
99999999999999999999
42424242424242424242
99999999999999999999
29292929292929292929
99999999999999999999
43434343434343434343
99999999999999999999
42424242424242424242
99999999999999999999
39393939393939393939
99999999999999999999
99999999999999999999
99999999999999999999
23232323232323232323
49494949494949494949
99999999999999999999
99999999999999999999
99999999999999999999
42424242424242424242
99999999999999999999
29292929292929292929
99999999999999999999
42424242424242424242
99999999999999999999
42424242424242424242
99999999999999999999
39393939393939393939
99999999999999999999
99999999999999999999
99999999999999999999
23232323232323232323
49494949494949494949
59595959595959595959
99999999999999999999
99999999999999999999
42424242424242424242
99999999999999999999
29292929292929292929
99999999999999999999
42424242424242424242
99999999999999999999
42424242424242424242
99999999999999999999
39393939393939393939
99999999999999999999
99999999999999999999
99999999999999999999
23232323232323232323
49494949494949494949
79797979797979797979
99999999999999999999
99999999999999999999
42424242424242424242
99999999999999999999
29292929292929292929
99999999999999999999
42424242424242424242
99999999999999999999
42424242424242424242
99999999999999999999
39393939393939393939
99999999999999999999
99999999999999999999
99999999999999999999
23232323232323232323
49494949494949494949
89898989898989898989
99999999999999999999
99999999999999999999
42424242424242424242
99999999999999999999
29292929292929292929
99999999999999999999
42424242424242424242
99999999999999999999
42424242424242424242
99999999999999999999
39393939393939393939
99999999999999999999
99999999999999999999
99999999999999999999
23232323232323232323
49494949494949494949
99999999999999999999
99999999999999999999
99999999999999999999
42424242424242424242
99999999999999999999
29292929292929292929
99999999999999999999
42424242424242424242
99999999999999999999
42424242424242424242
99999999999999999999
39393939393939393939
99999999999999999999
99999999999999999999
99999999999999999999
23232323232323232323
45454545454545454545
99999999999999999999
99999999999999999999
99999999999999999999
42424242424242424242
99999999999999999999
29292929292929292929
99999999999999999999
42424242424242424242
99999999999999999999
42424242424242424242
99999999999999999999
39393939393939393939
99999999999999999999
99999999999999999999
99999999999999999999
23232323232323232323
43434343434343434343
99999999999999999999
99999999999999999999
99999999999999999999
42424242424242424242
99999999999999999999
29292929292929292929
99999999999999999999
42424242424242424242
99999999999999999999
42424242424242424242
99999999999999999999
39393939393939393939
99999999999999999999
99999999999999999999
99999999999999999999
23232323232323232323
44444444444444444444
99999999999999999999
99999999999999999999
99999999999999999999
42424242424242424242
99999999999999999999
25252525252525252525
99999999999999999999
42424242424242424242
99999999999999999999
42424242424242424242
99999999999999999999
39393939393939393939
99999999999999999999
99999999999999999999
99999999999999999999
23232323232323232323
45454545454545454545
99999999999999999999
99999999999999999999
99999999999999999999
42424242424242424242
99999999999999999999
23232323232323232323
99999999999999999999
42424242424242424242
99999999999999999999
42424242424242424242
99999999999999999999
39393939393939393939
99999999999999999999
99999999999999999999
99999999999999999999
23232323232323232323
45454545454545454545
99999999999999999999
99999999999999999999
99999999999999999999
42424242424242424242
99999999999999999999
22222222222222222222
99999999999999999999
42424242424242424242
99999999999999999999
42424242424242424242
99999999999999999999
39393939393939393939
99999999999999999999
99999999999999999999
99999999999999999999
23232323232323232323
45454545454545454545
99999999999999999999
99999999999999999999
99999999999999999999
42424242424242424242
99999999999999999999
22222222222222222222
99999999999999999999
42424242424242424242
99999999999999999999
42424242424242424242
99999999999999999999
35353535353535353535
99999999999999999999
99999999999999999999
99999999999999999999
23232323232323232323
45454545454545454545
99999999999999999999
99999999999999999999
99999999999999999999
42424242424242424242
99999999999999999999
22222222222222222222
99999999999999999999
42424242424242424242
99999999999999999999
42424242424242424242
99999999999999999999
33333333333333333333
99999999999999999999
99999999999999999999
99999999999999999999
23232323232323232323
45454545454545454545
99999999999999999999
99999999999999999999
99999999999999999999
42424242424242424242
99999999999999999999
22222222222222222222
99999999999999999999
42424242424242424242
99999999999999999999
42424242424242424242
99999999999999999999
32323232323232323232
99999999999999999999
99999999999999999999
99999999999999999999
23232323232323232323
45454545454545454545
95959595959595959595
99999999999999999999
99999999999999999999
42424242424242424242
99999999999999999999
22222222222222222222
99999999999999999999
42424242424242424242
99999999999999999999
42424242424242424242
99999999999999999999
33333333333333333333
99999999999999999999
99999999999999999999
99999999999999999999
23232323232323232323
45454545454545454545
93939393939393939393
99999999999999999999
99999999999999999999
42424242424242424242
99999999999999999999
22222222222222222222
99999999999999999999
42424242424242424242
99999999999999999999
42424242424242424242
99999999999999999999
33333333333333333333
99999999999999999999
99999999999999999999
99999999999999999999
23232323232323232323
45454545454545454545
94949494949494949494
99999999999999999999
99999999999999999999
42424242424242424242
99999999999999999999
22222222222222222222
99999999999999999999
42424242424242424242
99999999999999999999
42424242424242424242
99999999999999999999
33333333333333333333
99999999999999999999
99999999999999999999
99999999999999999999
23232323232323232323
45454545454545454545
95959595959595959595
99999999999999999999
99999999999999999999
42424242424242424242
99999999999999999999
22222222222222222222
99999999999999999999
42424242424242424242
99999999999999999999
42424242424242424242
59595959595959595959
33333333333333333333
99999999999999999999
99999999999999999999
99999999999999999999
23232323232323232323
45454545454545454545
