2616065829
15 9 100
999999999999999999
999999999999999999
999999999999999999
999999999999999999
999999999999999999
999999999999999999
999999999999999999
999999999999999999
999999999999999999
999999999999999999
999999999999999999
999999999999999999
999999999999999999
999999999999999999
999999999999999999
999999999999999999
999999999999999999
999999999999999999
999999999999999999
999999999999999999
595959595959595959
999999999999999999
999999999999999999
999999999999999999
999999999999999999
999999999999999999
999999999999999999
999999999999999999
999999999999999999
999999999999999999
999999999999999999
999999999999999999
999999999999999999
999999999999999999
999999999999999999
393939393939393939
999999999999999999
999999999999999999
999999999999999999
999999999999999999
999999999999999999
999999999999999999
999999999999999999
999999999999999999
999999999999999999
999999999999999999
999999999999999999
999999999999999999
999999999999999999
999999999999999999
494949494949494949
999999999999999999
999999999999999999
999999999999999999
999999999999999999
999999999999999999
999999999999999999
999999999999999999
999999999999999999
999999999999999999
999999999999999999
999999999999999999
999999999999999999
999999999999999999
999999999999999999
595959595959595959
999999999999999999
999999999999999999
999999999999999999
999999999999999999
595959595959595959
999999999999999999
999999999999999999
999999999999999999
999999999999999999
999999999999999999
999999999999999999
999999999999999999
999999999999999999
999999999999999999
595959595959595959
999999999999999999
999999999999999999
999999999999999999
999999999999999999
393939393939393939
999999999999999999
999999999999999999
999999999999999999
999999999999999999
999999999999999999
999999999999999999
999999999999999999
999999999999999999
999999999999999999
595959595959595959
999999999999999999
999999999999999999
999999999999999999
999999999999999999
494949494949494949
999999999999999999
999999999999999999
999999999999999999
999999999999999999
999999999999999999
999999999999999999
999999999999999999
999999999999999999
999999999999999999
595959595959595959
999999999999999999
999999999999999999
999999999999999999
595959595959595959
494949494949494949
999999999999999999
999999999999999999
999999999999999999
999999999999999999
999999999999999999
999999999999999999
999999999999999999
999999999999999999
999999999999999999
595959595959595959
999999999999999999
999999999999999999
999999999999999999
797979797979797979
494949494949494949
999999999999999999
999999999999999999
999999999999999999
999999999999999999
999999999999999999
999999999999999999
999999999999999999
999999999999999999
999999999999999999
595959595959595959
999999999999999999
999999999999999999
999999999999999999
696969696969696969
494949494949494949
999999999999999999
999999999999999999
999999999999999999
999999999999999999
999999999999999999
999999999999999999
999999999999999999
999999999999999999
999999999999999999
555555555555555555
999999999999999999
999999999999999999
999999999999999999
696969696969696969
494949494949494949
999999999999999999
999999999999999999
999999999999999999
999999999999999999
999999999999999999
999999999999999999
999999999999999999
999999999999999999
999999999999999999
535353535353535353
999999999999999999
999999999999999999
999999999999999999
696969696969696969
494949494949494949
999999999999999999
999999999999999999
999999999999999999
999999999999999999
999999999999999999
999999999999999999
999999999999999999
999999999999999999
999999999999999999
525252525252525252
999999999999999999
999999999999999999
999999999999999999
696969696969696969
494949494949494949
999999999999999999
999999999999999999
999999999999999999
999999999999999999
999999999999999999
999999999999999999
999999999999999999
999999999999999999
999999999999999999
535353535353535353
999999999999999999
999999999999999999
999999999999999999
696969696969696969
494949494949494949
595959595959595959
999999999999999999
999999999999999999
999999999999999999
999999999999999999
999999999999999999
999999999999999999
999999999999999999
999999999999999999
535353535353535353
999999999999999999
999999999999999999
999999999999999999
696969696969696969
494949494949494949
797979797979797979
999999999999999999
999999999999999999
999999999999999999
999999999999999999
999999999999999999
999999999999999999
999999999999999999
999999999999999999
535353535353535353
999999999999999999
999999999999999999
999999999999999999
696969696969696969
494949494949494949
696969696969696969
999999999999999999
999999999999999999
999999999999999999
999999999999999999
999999999999999999
999999999999999999
999999999999999999
999999999999999999
535353535353535353
999999999999999999
999999999999999999
999999999999999999
696969696969696969
454545454545454545
696969696969696969
999999999999999999
999999999999999999
999999999999999999
999999999999999999
999999999999999999
999999999999999999
999999999999999999
999999999999999999
535353535353535353
999999999999999999
999999999999999999
999999999999999999
696969696969696969
474747474747474747
696969696969696969
999999999999999999
999999999999999999
999999999999999999
999999999999999999
999999999999999999
999999999999999999
999999999999999999
999999999999999999
535353535353535353
999999999999999999
999999999999999999
999999999999999999
696969696969696969
464646464646464646
696969696969696969
999999999999999999
999999999999999999
999999999999999999
999999999999999999
999999999999999999
999999999999999999
999999999999999999
999999999999999999
535353535353535353
999999999999999999
999999999999999999
999999999999999999
656565656565656565
464646464646464646
696969696969696969
999999999999999999
999999999999999999
999999999999999999
999999999999999999
999999999999999999
999999999999999999
999999999999999999
999999999999999999
535353535353535353
999999999999999999
999999999999999999
999999999999999999
636363636363636363
464646464646464646
696969696969696969
999999999999999999
999999999999999999
999999999999999999
999999999999999999
999999999999999999
999999999999999999
999999999999999999
999999999999999999
535353535353535353
999999999999999999
999999999999999999
999999999999999999
626262626262626262
464646464646464646
696969696969696969
999999999999999999
999999999999999999
999999999999999999
999999999999999999
999999999999999999
999999999999999999
999999999999999999
999999999999999999
535353535353535353
999999999999999999
999999999999999999
595959595959595959
626262626262626262
464646464646464646
696969696969696969
999999999999999999
999999999999999999
999999999999999999
999999999999999999
999999999999999999
999999999999999999
999999999999999999
999999999999999999
535353535353535353
999999999999999999
999999999999999999
393939393939393939
626262626262626262
464646464646464646
696969696969696969
999999999999999999
999999999999999999
999999999999999999
999999999999999999
999999999999999999
999999999999999999
999999999999999999
999999999999999999
535353535353535353
999999999999999999
999999999999999999
494949494949494949
626262626262626262
464646464646464646
696969696969696969
999999999999999999
999999999999999999
999999999999999999
999999999999999999
999999999999999999
999999999999999999
999999999999999999
999999999999999999
535353535353535353
999999999999999999
999999999999999999
595959595959595959
626262626262626262
464646464646464646
656565656565656565
999999999999999999
999999999999999999
999999999999999999
999999999999999999
999999999999999999
999999999999999999
999999999999999999
999999999999999999
535353535353535353
999999999999999999
999999999999999999
595959595959595959
626262626262626262
464646464646464646
636363636363636363
999999999999999999
999999999999999999
999999999999999999
999999999999999999
999999999999999999
999999999999999999
999999999999999999
999999999999999999
535353535353535353
999999999999999999
999999999999999999
595959595959595959
626262626262626262
464646464646464646
626262626262626262
999999999999999999
999999999999999999
999999999999999999
999999999999999999
999999999999999999
999999999999999999
999999999999999999
595959595959595959
535353535353535353
999999999999999999
999999999999999999
595959595959595959
626262626262626262
464646464646464646
626262626262626262
999999999999999999
999999999999999999
999999999999999999
999999999999999999
999999999999999999
999999999999999999
999999999999999999
797979797979797979
535353535353535353
999999999999999999
999999999999999999
595959595959595959
626262626262626262
464646464646464646
626262626262626262
999999999999999999
999999999999999999
999999999999999999
999999999999999999
999999999999999999
999999999999999999
999999999999999999
898989898989898989
535353535353535353
999999999999999999
999999999999999999
595959595959595959
626262626262626262
464646464646464646
626262626262626262
999999999999999999
999999999999999999
999999999999999999
999999999999999999
999999999999999999
999999999999999999
999999999999999999
898989898989898989
535353535353535353
999999999999999999
999999999999999999
555555555555555555
626262626262626262
464646464646464646
626262626262626262
999999999999999999
999999999999999999
999999999999999999
999999999999999999
999999999999999999
999999999999999999
999999999999999999
898989898989898989
535353535353535353
999999999999999999
999999999999999999
535353535353535353
626262626262626262
464646464646464646
626262626262626262
999999999999999999
999999999999999999
999999999999999999
999999999999999999
999999999999999999
999999999999999999
999999999999999999
898989898989898989
535353535353535353
999999999999999999
999999999999999999
525252525252525252
626262626262626262
464646464646464646
626262626262626262
999999999999999999
999999999999999999
999999999999999999
999999999999999999
999999999999999999
999999999999999999
999999999999999999
898989898989898989
535353535353535353
999999999999999999
999999999999999999
525252525252525252
626262626262626262
464646464646464646
626262626262626262
999999999999999999
595959595959595959
999999999999999999
999999999999999999
999999999999999999
999999999999999999
999999999999999999
898989898989898989
535353535353535353
999999999999999999
999999999999999999
525252525252525252
626262626262626262
464646464646464646
626262626262626262
999999999999999999
797979797979797979
999999999999999999
999999999999999999
999999999999999999
999999999999999999
999999999999999999
898989898989898989
535353535353535353
999999999999999999
999999999999999999
525252525252525252
626262626262626262
464646464646464646
626262626262626262
999999999999999999
696969696969696969
999999999999999999
999999999999999999
595959595959595959
999999999999999999
999999999999999999
898989898989898989
535353535353535353
999999999999999999
999999999999999999
525252525252525252
626262626262626262
464646464646464646
626262626262626262
999999999999999999
797979797979797979
999999999999999999
999999999999999999
797979797979797979
999999999999999999
999999999999999999
898989898989898989
535353535353535353
999999999999999999
999999999999999999
525252525252525252
626262626262626262
464646464646464646
626262626262626262
999999999999999999
797979797979797979
999999999999999999
999999999999999999
898989898989898989
999999999999999999
999999999999999999
898989898989898989
535353535353535353
999999999999999999
999999999999999999
525252525252525252
626262626262626262
464646464646464646
626262626262626262
999999999999999999
797979797979797979
999999999999999999
999999999999999999
999999999999999999
999999999999999999
999999999999999999
858585858585858585
535353535353535353
999999999999999999
999999999999999999
525252525252525252
626262626262626262
464646464646464646
626262626262626262
999999999999999999
797979797979797979
999999999999999999
999999999999999999
999999999999999999
999999999999999999
999999999999999999
838383838383838383
535353535353535353
999999999999999999
999999999999999999
525252525252525252
626262626262626262
464646464646464646
626262626262626262
999999999999999999
797979797979797979
999999999999999999
999999999999999999
999999999999999999
999999999999999999
999999999999999999
828282828282828282
535353535353535353
999999999999999999
999999999999999999
525252525252525252
626262626262626262
464646464646464646
626262626262626262
999999999999999999
797979797979797979
999999999999999999
595959595959595959
999999999999999999
999999999999999999
999999999999999999
828282828282828282
535353535353535353
999999999999999999
999999999999999999
525252525252525252
626262626262626262
464646464646464646
626262626262626262
999999999999999999
797979797979797979
999999999999999999
797979797979797979
999999999999999999
999999999999999999
999999999999999999
828282828282828282
535353535353535353
999999999999999999
999999999999999999
525252525252525252
626262626262626262
464646464646464646
626262626262626262
999999999999999999
797979797979797979
999999999999999999
898989898989898989
999999999999999999
999999999999999999
999999999999999999
828282828282828282
535353535353535353
999999999999999999
999999999999999999
525252525252525252
626262626262626262
464646464646464646
626262626262626262
999999999999999999
797979797979797979
999999999999999999
999999999999999999
999999999999999999
999999999999999999
999999999999999999
828282828282828282
535353535353535353
595959595959595959
999999999999999999
525252525252525252
626262626262626262
464646464646464646
626262626262626262
999999999999999999
797979797979797979
999999999999999999
999999999999999999
999999999999999999
999999999999999999
999999999999999999
828282828282828282
535353535353535353
797979797979797979
999999999999999999
525252525252525252
626262626262626262
464646464646464646
626262626262626262
999999999999999999
797979797979797979
999999999999999999
999999999999999999
999999999999999999
999999999999999999
999999999999999999
828282828282828282
535353535353535353
696969696969696969
999999999999999999
525252525252525252
626262626262626262
464646464646464646
626262626262626262
999999999999999999
797979797979797979
999999999999999999
999999999999999999
999999999999999999
999999999999999999
999999999999999999
828282828282828282
535353535353535353
797979797979797979
999999999999999999
525252525252525252
626262626262626262
464646464646464646
626262626262626262
999999999999999999
757575757575757575
999999999999999999
999999999999999999
999999999999999999
999999999999999999
999999999999999999
828282828282828282
535353535353535353
797979797979797979
999999999999999999
525252525252525252
626262626262626262
464646464646464646
626262626262626262
999999999999999999
737373737373737373
999999999999999999
999999999999999999
999999999999999999
999999999999999999
999999999999999999
828282828282828282
535353535353535353
797979797979797979
999999999999999999
525252525252525252
626262626262626262
464646464646464646
626262626262626262
999999999999999999
727272727272727272
999999999999999999
999999999999999999
959595959595959595
999999999999999999
999999999999999999
828282828282828282
535353535353535353
797979797979797979
999999999999999999
525252525252525252
626262626262626262
464646464646464646
626262626262626262
999999999999999999
727272727272727272
999999999999999999
999999999999999999
939393939393939393
999999999999999999
999999999999999999
828282828282828282
535353535353535353
797979797979797979
999999999999999999
525252525252525252
626262626262626262
464646464646464646
626262626262626262
999999999999999999
727272727272727272
999999999999999999
999999999999999999
929292929292929292
999999999999999999
999999999999999999
828282828282828282
535353535353535353
797979797979797979
999999999999999999
525252525252525252
626262626262626262
464646464646464646
626262626262626262
999999999999999999
727272727272727272
999999999999999999
959595959595959595
929292929292929292
999999999999999999
999999999999999999
828282828282828282
535353535353535353
797979797979797979
999999999999999999
525252525252525252
626262626262626262
464646464646464646
626262626262626262
999999999999999999
727272727272727272
999999999999999999
939393939393939393
929292929292929292
999999999999999999
999999999999999999
828282828282828282
535353535353535353
797979797979797979
999999999999999999
525252525252525252
626262626262626262
464646464646464646
626262626262626262
999999999999999999
727272727272727272
999999999999999999
929292929292929292
929292929292929292
999999999999999999
999999999999999999
828282828282828282
535353535353535353
797979797979797979
999999999999999999
525252525252525252
626262626262626262
464646464646464646
626262626262626262
999999999999999999
727272727272727272
999999999999999999
929292929292929292
929292929292929292
999999999999999999
999999999999999999
828282828282828282
535353535353535353
757575757575757575
999999999999999999
525252525252525252
626262626262626262
464646464646464646
626262626262626262
999999999999999999
727272727272727272
999999999999999999
929292929292929292
929292929292929292
999999999999999999
999999999999999999
828282828282828282
535353535353535353
737373737373737373
999999999999999999
525252525252525252
626262626262626262
464646464646464646
626262626262626262
999999999999999999
727272727272727272
999999999999999999
929292929292929292
929292929292929292
999999999999999999
999999999999999999
828282828282828282
535353535353535353
727272727272727272
999999999999999999
525252525252525252
626262626262626262
464646464646464646
626262626262626262
999999999999999999
727272727272727272
999999999999999999
929292929292929292
929292929292929292
595959595959595959
999999999999999999
828282828282828282
535353535353535353
727272727272727272
999999999999999999
525252525252525252
626262626262626262
464646464646464646
626262626262626262
999999999999999999
727272727272727272
999999999999999999
929292929292929292
929292929292929292
797979797979797979
999999999999999999
828282828282828282
535353535353535353
727272727272727272
999999999999999999
525252525252525252
626262626262626262
464646464646464646
626262626262626262
999999999999999999
727272727272727272
999999999999999999
929292929292929292
929292929292929292
898989898989898989
999999999999999999
828282828282828282
535353535353535353
727272727272727272
999999999999999999
525252525252525252
626262626262626262
464646464646464646
626262626262626262
999999999999999999
727272727272727272
999999999999999999
929292929292929292
929292929292929292
898989898989898989
999999999999999999
828282828282828282
535353535353535353
727272727272727272
999999999999999999
525252525252525252
626262626262626262
464646464646464646
626262626262626262
999999999999999999
727272727272727272
595959595959595959
929292929292929292
929292929292929292
898989898989898989
999999999999999999
828282828282828282
535353535353535353
727272727272727272
999999999999999999
525252525252525252
626262626262626262
464646464646464646
626262626262626262
999999999999999999
727272727272727272
797979797979797979
929292929292929292
929292929292929292
898989898989898989
999999999999999999
828282828282828282
535353535353535353
727272727272727272
999999999999999999
525252525252525252
626262626262626262
464646464646464646
626262626262626262
999999999999999999
727272727272727272
696969696969696969
929292929292929292
929292929292929292
858585858585858585
999999999999999999
828282828282828282
535353535353535353
727272727272727272
999999999999999999
525252525252525252
626262626262626262
464646464646464646
626262626262626262
999999999999999999
727272727272727272
696969696969696969
929292929292929292
929292929292929292
838383838383838383
999999999999999999
828282828282828282
535353535353535353
727272727272727272
999999999999999999
525252525252525252
626262626262626262
464646464646464646
626262626262626262
999999999999999999
727272727272727272
696969696969696969
929292929292929292
929292929292929292
828282828282828282
999999999999999999
828282828282828282
535353535353535353
727272727272727272
999999999999999999
525252525252525252
626262626262626262
464646464646464646
626262626262626262
999999999999999999
727272727272727272
696969696969696969
929292929292929292
929292929292929292
828282828282828282
999999999999999999
828282828282828282
535353535353535353
727272727272727272
999999999999999999
525252525252525252
626262626262626262
464646464646464646
626262626262626262
999999999999999999
727272727272727272
656565656565656565
929292929292929292
929292929292929292
828282828282828282
999999999999999999
828282828282828282
535353535353535353
727272727272727272
999999999999999999
525252525252525252
626262626262626262
464646464646464646
626262626262626262
999999999999999999
727272727272727272
636363636363636363
929292929292929292
929292929292929292
828282828282828282
999999999999999999
828282828282828282
535353535353535353
727272727272727272
999999999999999999
525252525252525252
626262626262626262
464646464646464646
626262626262626262
999999999999999999
727272727272727272
646464646464646464
929292929292929292
929292929292929292
828282828282828282
999999999999999999
828282828282828282
535353535353535353
727272727272727272
595959595959595959
525252525252525252
626262626262626262
464646464646464646
626262626262626262
999999999999999999
727272727272727272
646464646464646464
929292929292929292
929292929292929292
828282828282828282
999999999999999999
828282828282828282
535353535353535353
727272727272727272
797979797979797979
525252525252525252
626262626262626262
464646464646464646
626262626262626262
999999999999999999
727272727272727272
646464646464646464
929292929292929292
929292929292929292
828282828282828282
999999999999999999
828282828282828282
535353535353535353
727272727272727272
696969696969696969
525252525252525252
626262626262626262
464646464646464646
626262626262626262
999999999999999999
727272727272727272
646464646464646464
929292929292929292
929292929292929292
828282828282828282
595959595959595959
828282828282828282
535353535353535353
727272727272727272
696969696969696969
525252525252525252
626262626262626262
464646464646464646
626262626262626262
999999999999999999
727272727272727272
646464646464646464
929292929292929292
929292929292929292
828282828282828282
393939393939393939
828282828282828282
535353535353535353
727272727272727272
696969696969696969
525252525252525252
626262626262626262
464646464646464646
626262626262626262
999999999999999999
727272727272727272
646464646464646464
929292929292929292
929292929292929292
828282828282828282
494949494949494949
828282828282828282
535353535353535353
727272727272727272
696969696969696969
525252525252525252
626262626262626262
464646464646464646
626262626262626262
999999999999999999
727272727272727272
646464646464646464
929292929292929292
929292929292929292
828282828282828282
595959595959595959
828282828282828282
535353535353535353
727272727272727272
696969696969696969
525252525252525252
626262626262626262
464646464646464646
626262626262626262
595959595959595959
727272727272727272
646464646464646464
929292929292929292
929292929292929292
828282828282828282
595959595959595959
828282828282828282
535353535353535353
727272727272727272
696969696969696969
525252525252525252
626262626262626262
464646464646464646
626262626262626262
797979797979797979
727272727272727272
646464646464646464
929292929292929292
929292929292929292
828282828282828282
595959595959595959
828282828282828282
535353535353535353
727272727272727272
696969696969696969
525252525252525252
626262626262626262
464646464646464646
626262626262626262
898989898989898989
727272727272727272
646464646464646464
929292929292929292
929292929292929292
828282828282828282
595959595959595959
828282828282828282
535353535353535353
727272727272727272
656565656565656565
525252525252525252
626262626262626262
464646464646464646
626262626262626262
898989898989898989
727272727272727272
646464646464646464
929292929292929292
929292929292929292
828282828282828282
595959595959595959
828282828282828282
535353535353535353
727272727272727272
636363636363636363
525252525252525252
626262626262626262
464646464646464646
626262626262626262
898989898989898989
727272727272727272
646464646464646464
929292929292929292
929292929292929292
828282828282828282
595959595959595959
828282828282828282
535353535353535353
727272727272727272
626262626262626262
525252525252525252
626262626262626262
464646464646464646
626262626262626262
898989898989898989
727272727272727272
646464646464646464
929292929292929292
929292929292929292
828282828282828282
555555555555555555
828282828282828282
535353535353535353
727272727272727272
636363636363636363
525252525252525252
626262626262626262
464646464646464646
626262626262626262
898989898989898989
727272727272727272
646464646464646464
929292929292929292
929292929292929292
828282828282828282
535353535353535353
828282828282828282
535353535353535353
727272727272727272
636363636363636363
525252525252525252
626262626262626262
464646464646464646
626262626262626262
898989898989898989
727272727272727272
646464646464646464
929292929292929292
929292929292929292
828282828282828282
525252525252525252
828282828282828282
535353535353535353
727272727272727272
636363636363636363
525252525252525252
626262626262626262
464646464646464646
626262626262626262
898989898989898989
727272727272727272
646464646464646464
929292929292929292
929292929292929292
828282828282828282
525252525252525252
828282828282828282
535353535353535353
727272727272727272
636363636363636363
525252525252525252
626262626262626262
464646464646464646
626262626262626262
858585858585858585
727272727272727272
646464646464646464
929292929292929292
929292929292929292
828282828282828282
525252525252525252
828282828282828282
535353535353535353
727272727272727272
636363636363636363
525252525252525252
626262626262626262
464646464646464646
626262626262626262
838383838383838383
727272727272727272
646464646464646464
929292929292929292
929292929292929292
828282828282828282
525252525252525252
828282828282828282
535353535353535353
727272727272727272
636363636363636363
525252525252525252
626262626262626262
464646464646464646
626262626262626262
848484848484848484
727272727272727272
646464646464646464
959595959595959595
929292929292929292
828282828282828282
525252525252525252
828282828282828282
535353535353535353
727272727272727272
636363636363636363
525252525252525252
626262626262626262
464646464646464646
626262626262626262
848484848484848484
727272727272727272
646464646464646464
939393939393939393
929292929292929292
828282828282828282
525252525252525252
828282828282828282
535353535353535353
727272727272727272
636363636363636363
525252525252525252
626262626262626262
464646464646464646
626262626262626262
848484848484848484
727272727272727272
646464646464646464
929292929292929292
929292929292929292
828282828282828282
525252525252525252
828282828282828282
535353535353535353
727272727272727272
636363636363636363
525252525252525252
626262626262626262
464646464646464646
626262626262626262
848484848484848484
727272727272727272
646464646464646464
929292921212121212
929292929212121212
828282828282828282
525252525252525252
828282828282828282
535353535353535353
727272727272727272
636363636363636363
525252525252525252
626262626262626262
464646464646464646
626262626262626262
848484848484848484
727272727272727272
646464646464646464
929292929292929292
828282828282828282
828282828282828282
525252525252525252
828282828282828282
535353535353535353
727272727272727272
636363636363636363
525252525252525252
626262626262626262
464646464646464646
626262626262626262
848484848484848484
727272727272727272
646464646464646464
929292929292929292
919191919191919191
828282828282828282
525252525252525252
828282828282828282
535353535353535353
727272727272727272
636363636363636363
525252525252525252
626262626262626262
464646464646464646
626262626262626262
848484848484848484
727272727272727272
646464646464646464
929292929292929292
919191919191919191
828282828282828282
525252525252525252
727272727272727272
535353535353535353
727272727272727272
636363636363636363
525252525252525252
626262626262626262
464646464646464646
626262626262626262
848484848484848484
727272727272727272
646464646464646464
929292929292929292
919191919191919191
828282828282828282
525252525252525252
818181818181818181
535353535353535353
727272727272727272
636363636363636363
525252525252525252
626262626262626262
464646464646464646
626262626262626262
848484848484848484
727272727272727272
646464646464646464
929292929292929292
919191919191919191
828282828282828282
525252525252525252
818181818181818181
535353535353535353
727272727272727272
636363636363636363
525252525252525252
525252525252525252
464646464646464646
626262626262626262
848484848484848484
727272727272727272
646464646464646464
