3248780577
15 12 100
999999999999999999999999
999999999999999999999999
999999999999999999999999
999999999999999999999999
999999999999999999999999
999999999999999999999999
999999999999999999999999
999999999999999999999999
999999999999999999999999
999999999999999999999999
999999999999999999999999
999999999999999999999999
999999999999999999999999
999999999999999999999999
999999999999999999999999
999999999999999999999999
999999999999999999999999
595959595959595959595959
999999999999999999999999
999999999999999999999999
999999999999999999999999
999999999999999999999999
999999999999999999999999
999999999999999999999999
999999999999999999999999
999999999999999999999999
999999999999999999999999
999999999999999999999999
999999999999999999999999
999999999999999999999999
999999999999999999999999
999999999999999999999999
393939393939393939393939
999999999999999999999999
999999999999999999999999
999999999999999999999999
999999999999999999999999
999999999999999999999999
999999999999999999999999
999999999999999999999999
999999999999999999999999
999999999999999999999999
999999999999999999999999
999999999999999999999999
999999999999999999999999
999999999999999999999999
999999999999999999999999
292929292929292929292929
999999999999999999999999
999999999999999999999999
999999999999999999999999
999999999999999999999999
999999999999999999999999
999999999999999999999999
999999999999999999999999
999999999999999999999999
999999999999999999999999
999999999999999999999999
999999999999999999999999
999999999999999999999999
999999999999999999999999
999999999999999999999999
393939393939393939393939
999999999999999999999999
999999999999999999999999
999999999999999999999999
999999999999999999999999
999999999999999999999999
999999999999999999999999
999999999999999999999999
595959595959595959595959
999999999999999999999999
999999999999999999999999
999999999999999999999999
999999999999999999999999
999999999999999999999999
999999999999999999999999
393939393939393939393939
999999999999999999999999
999999999999999999999999
999999999999999999999999
999999999999999999999999
999999999999999999999999
999999999999999999999999
999999999999999999999999
393939393939393939393939
999999999999999999999999
999999999999999999999999
999999999999999999999999
999999999999999999999999
999999999999999999999999
999999999999999999999999
393939393939393939393939
999999999999999999999999
999999999999999999999999
999999999999999999999999
999999999999999999999999
999999999999999999999999
999999999999999999999999
999999999999999999999999
494949494949494949494949
999999999999999999999999
999999999999999999999999
999999999999999999999999
999999999999999999999999
999999999999999999999999
999999999999999999999999
393939393939393939393939
999999999999999999999999
999999999999999999999999
999999999999999999999999
999999999999999999999999
999999999999999999999999
999999999999999999999999
999999999999999999999999
595959595959595959595959
999999999999999999999999
595959595959595959595959
999999999999999999999999
999999999999999999999999
999999999999999999999999
999999999999999999999999
393939393939393939393939
999999999999999999999999
999999999999999999999999
999999999999999999999999
999999999999999999999999
999999999999999999999999
999999999999999999999999
999999999999999999999999
595959595959595959595959
999999999999999999999999
393939393939393939393939
999999999999999999999999
999999999999999999999999
999999999999999999999999
999999999999999999999999
393939393939393939393939
999999999999999999999999
999999999999999999999999
999999999999999999999999
999999999999999999999999
999999999999999999999999
999999999999999999999999
999999999999999999999999
595959595959595959595959
999999999999999999999999
494949494949494949494949
999999999999999999999999
999999999999999999999999
999999999999999999999999
999999999999999999999999
353535353535353535353535
999999999999999999999999
999999999999999999999999
999999999999999999999999
999999999999999999999999
999999999999999999999999
999999999999999999999999
999999999999999999999999
595959595959595959595959
999999999999999999999999
494949494949494949494949
999999999999999999999999
999999999999999999999999
999999999999999999999999
999999999999999999999999
333333333333333333333333
999999999999999999999999
999999999999999999999999
999999999999999999999999
999999999999999999999999
999999999999999999999999
999999999999999999999999
999999999999999999999999
595959595959595959595959
999999999999999999999999
494949494949494949494949
999999999999999999999999
999999999999999999999999
999999999999999999999999
999999999999999999999999
323232323232323232323232
999999999999999999999999
999999999999999999999999
999999999999999999999999
999999999999999999999999
999999999999999999999999
999999999999999999999999
999999999999999999999999
595959595959595959595959
999999999999999999999999
494949494949494949494949
999999999999999999999999
999999999999999999999999
999999999999999999999999
999999999999999999999999
333333333333333333333333
999999999999999999999999
595959595959595959595959
999999999999999999999999
999999999999999999999999
999999999999999999999999
999999999999999999999999
999999999999999999999999
595959595959595959595959
999999999999999999999999
494949494949494949494949
999999999999999999999999
999999999999999999999999
999999999999999999999999
999999999999999999999999
333333333333333333333333
999999999999999999999999
393939393939393939393939
999999999999999999999999
999999999999999999999999
999999999999999999999999
999999999999999999999999
999999999999999999999999
595959595959595959595959
999999999999999999999999
494949494949494949494949
999999999999999999999999
999999999999999999999999
999999999999999999999999
999999999999999999999999
333333333333333333333333
999999999999999999999999
494949494949494949494949
999999999999999999999999
999999999999999999999999
999999999999999999999999
999999999999999999999999
999999999999999999999999
595959595959595959595959
999999999999999999999999
494949494949494949494949
999999999999999999999999
999999999999999999999999
999999999999999999999999
999999999999999999999999
333333333333333333333333
999999999999999999999999
494949494949494949494949
999999999999999999999999
999999999999999999999999
999999999999999999999999
999999999999999999999999
999999999999999999999999
555555555555555555555555
999999999999999999999999
494949494949494949494949
999999999999999999999999
999999999999999999999999
999999999999999999999999
999999999999999999999999
333333333333333333333333
999999999999999999999999
494949494949494949494949
999999999999999999999999
999999999999999999999999
999999999999999999999999
999999999999999999999999
999999999999999999999999
535353535353535353535353
999999999999999999999999
494949494949494949494949
999999999999999999999999
999999999999999999999999
999999999999999999999999
999999999999999999999999
333333333333333333333333
999999999999999999999999
494949494949494949494949
999999999999999999999999
999999999999999999999999
999999999999999999999999
999999999999999999999999
999999999999999999999999
525252525252525252525252
999999999999999999999999
494949494949494949494949
999999999999999999999999
999999999999999999999999
999999999999999999999999
999999999999999999999999
333333333333333333333333
999999999999999999999999
494949494949494949494949
999999999999999999999999
999999999999999999999999
999999999999999999999999
999999999999999999999999
999999999999999999999999
535353535353535353535353
999999999999999999999999
454545454545454545454545
999999999999999999999999
999999999999999999999999
999999999999999999999999
999999999999999999999999
333333333333333333333333
999999999999999999999999
494949494949494949494949
999999999999999999999999
999999999999999999999999
999999999999999999999999
999999999999999999999999
999999999999999999999999
535353535353535353535353
999999999999999999999999
434343434343434343434343
999999999999999999999999
999999999999999999999999
999999999999999999999999
999999999999999999999999
333333333333333333333333
999999999999999999999999
494949494949494949494949
999999999999999999999999
999999999999999999999999
999999999999999999999999
999999999999999999999999
999999999999999999999999
535353535353535353535353
999999999999999999999999
444444444444444444444444
999999999999999999999999
999999999999999999999999
999999999999999999999999
999999999999999999999999
333333333333333333333333
999999999999999999999999
494949494949494949494949
999999999999999999999999
999999999999999999999999
999999999999999999999999
999999999999999999999999
595959595959595959595959
535353535353535353535353
999999999999999999999999
444444444444444444444444
999999999999999999999999
999999999999999999999999
999999999999999999999999
999999999999999999999999
333333333333333333333333
999999999999999999999999
494949494949494949494949
999999999999999999999999
999999999999999999999999
999999999999999999999999
999999999999999999999999
393939393939393939393939
535353535353535353535353
999999999999999999999999
444444444444444444444444
999999999999999999999999
999999999999999999999999
999999999999999999999999
999999999999999999999999
333333333333333333333333
999999999999999999999999
494949494949494949494949
999999999999999999999999
999999999999999999999999
999999999999999999999999
999999999999999999999999
494949494949494949494949
535353535353535353535353
999999999999999999999999
444444444444444444444444
999999999999999999999999
999999999999999999999999
999999999999999999999999
999999999999999999999999
333333333333333333333333
999999999999999999999999
454545454545454545454545
999999999999999999999999
999999999999999999999999
999999999999999999999999
999999999999999999999999
494949494949494949494949
535353535353535353535353
999999999999999999999999
444444444444444444444444
999999999999999999999999
999999999999999999999999
999999999999999999999999
999999999999999999999999
333333333333333333333333
999999999999999999999999
434343434343434343434343
999999999999999999999999
999999999999999999999999
999999999999999999999999
999999999999999999999999
494949494949494949494949
535353535353535353535353
999999999999999999999999
444444444444444444444444
999999999999999999999999
999999999999999999999999
999999999999999999999999
999999999999999999999999
333333333333333333333333
999999999999999999999999
444444444444444444444444
999999999999999999999999
999999999999999999999999
999999999999999999999999
999999999999999999999999
494949494949494949494949
535353535353535353535353
999999999999999999999999
444444444444444444444444
999999999999999999999999
999999999999999999999999
999999999999999999999999
999999999999999999999999
333333333333333333333333
999999999999999999999999
454545454545454545454545
999999999999999999999999
999999999999999999999999
999999999999999999999999
999999999999999999999999
454545454545454545454545
535353535353535353535353
999999999999999999999999
444444444444444444444444
999999999999999999999999
999999999999999999999999
999999999999999999999999
999999999999999999999999
333333333333333333333333
999999999999999999999999
454545454545454545454545
999999999999999999999999
999999999999999999999999
999999999999999999999999
999999999999999999999999
434343434343434343434343
535353535353535353535353
999999999999999999999999
444444444444444444444444
999999999999999999999999
999999999999999999999999
999999999999999999999999
999999999999999999999999
333333333333333333333333
999999999999999999999999
454545454545454545454545
999999999999999999999999
999999999999999999999999
999999999999999999999999
999999999999999999999999
424242424242424242424242
535353535353535353535353
999999999999999999999999
444444444444444444444444
999999999999999999999999
999999999999999999999999
999999999999999999999999
999999999999999999999999
333333333333333333333333
999999999999999999999999
454545454545454545454545
999999999999999999999999
999999999999999999999999
999999999999999999999999
999999999999999999999999
434343434343434343434343
535353535353535353535353
595959595959595959595959
444444444444444444444444
999999999999999999999999
999999999999999999999999
999999999999999999999999
999999999999999999999999
333333333333333333333333
999999999999999999999999
454545454545454545454545
999999999999999999999999
999999999999999999999999
999999999999999999999999
999999999999999999999999
434343434343434343434343
535353535353535353535353
393939393939393939393939
444444444444444444444444
999999999999999999999999
999999999999999999999999
999999999999999999999999
999999999999999999999999
333333333333333333333333
999999999999999999999999
454545454545454545454545
999999999999999999999999
999999999999999999999999
999999999999999999999999
999999999999999999999999
434343434343434343434343
535353535353535353535353
494949494949494949494949
444444444444444444444444
999999999999999999999999
999999999999999999999999
999999999999999999999999
595959595959595959595959
333333333333333333333333
999999999999999999999999
454545454545454545454545
999999999999999999999999
999999999999999999999999
999999999999999999999999
999999999999999999999999
434343434343434343434343
535353535353535353535353
595959595959595959595959
444444444444444444444444
999999999999999999999999
999999999999999999999999
999999999999999999999999
393939393939393939393939
333333333333333333333333
999999999999999999999999
454545454545454545454545
999999999999999999999999
999999999999999999999999
999999999999999999999999
999999999999999999999999
434343434343434343434343
535353535353535353535353
595959595959595959595959
444444444444444444444444
999999999999999999999999
999999999999999999999999
999999999999999999999999
494949494949494949494949
333333333333333333333333
999999999999999999999999
454545454545454545454545
999999999999999999999999
999999999999999999999999
999999999999999999999999
999999999999999999999999
434343434343434343434343
535353535353535353535353
595959595959595959595959
444444444444444444444444
999999999999999999999999
999999999999999999999999
999999999999999999999999
494949494949494949494949
333333333333333333333333
595959595959595959595959
454545454545454545454545
999999999999999999999999
999999999999999999999999
999999999999999999999999
999999999999999999999999
434343434343434343434343
535353535353535353535353
595959595959595959595959
444444444444444444444444
999999999999999999999999
999999999999999999999999
999999999999999999999999
494949494949494949494949
333333333333333333333333
797979797979797979797979
454545454545454545454545
999999999999999999999999
999999999999999999999999
999999999999999999999999
999999999999999999999999
434343434343434343434343
535353535353535353535353
595959595959595959595959
444444444444444444444444
999999999999999999999999
999999999999999999999999
999999999999999999999999
494949494949494949494949
333333333333333333333333
898989898989898989898989
454545454545454545454545
999999999999999999999999
999999999999999999999999
999999999999999999999999
999999999999999999999999
434343434343434343434343
535353535353535353535353
595959595959595959595959
444444444444444444444444
999999999999999999999999
999999999999999999999999
999999999999999999999999
494949494949494949494949
333333333333333333333333
898989898989898989898989
454545454545454545454545
999999999999999999999999
999999999999999999999999
999999999999999999999999
999999999999999999999999
434343434343434343434343
535353535353535353535353
555555555555555555555555
444444444444444444444444
999999999999999999999999
999999999999999999999999
999999999999999999999999
494949494949494949494949
333333333333333333333333
898989898989898989898989
454545454545454545454545
999999999999999999999999
999999999999999999999999
999999999999999999999999
999999999999999999999999
434343434343434343434343
535353535353535353535353
535353535353535353535353
444444444444444444444444
999999999999999999999999
999999999999999999999999
999999999999999999999999
494949494949494949494949
333333333333333333333333
898989898989898989898989
454545454545454545454545
999999999999999999999999
999999999999999999999999
999999999999999999999999
999999999999999999999999
434343434343434343434343
535353535353535353535353
545454545454545454545454
444444444444444444444444
999999999999999999999999
999999999999999999999999
999999999999999999999999
494949494949494949494949
333333333333333333333333
898989898989898989898989
454545454545454545454545
595959595959595959595959
999999999999999999999999
999999999999999999999999
999999999999999999999999
434343434343434343434343
535353535353535353535353
555555555555555555555555
444444444444444444444444
999999999999999999999999
999999999999999999999999
999999999999999999999999
494949494949494949494949
333333333333333333333333
898989898989898989898989
454545454545454545454545
393939393939393939393939
999999999999999999999999
999999999999999999999999
999999999999999999999999
434343434343434343434343
535353535353535353535353
555555555555555555555555
444444444444444444444444
999999999999999999999999
999999999999999999999999
999999999999999999999999
494949494949494949494949
333333333333333333333333
898989898989898989898989
454545454545454545454545
494949494949494949494949
999999999999999999999999
999999999999999999999999
999999999999999999999999
434343434343434343434343
535353535353535353535353
555555555555555555555555
444444444444444444444444
999999999999999999999999
999999999999999999999999
999999999999999999999999
454545454545454545454545
333333333333333333333333
898989898989898989898989
454545454545454545454545
595959595959595959595959
999999999999999999999999
999999999999999999999999
999999999999999999999999
434343434343434343434343
535353535353535353535353
555555555555555555555555
444444444444444444444444
999999999999999999999999
999999999999999999999999
999999999999999999999999
434343434343434343434343
333333333333333333333333
898989898989898989898989
454545454545454545454545
595959595959595959595959
999999999999999999999999
999999999999999999999999
999999999999999999999999
434343434343434343434343
535353535353535353535353
555555555555555555555555
444444444444444444444444
999999999999999999999999
999999999999999999999999
999999999999999999999999
424242424242424242424242
333333333333333333333333
898989898989898989898989
454545454545454545454545
595959595959595959595959
999999999999999999999999
999999999999999999999999
999999999999999999999999
434343434343434343434343
535353535353535353535353
555555555555555555555555
444444444444444444444444
999999999999999999999999
999999999999999999999999
999999999999999999999999
424242424242424242424242
333333333333333333333333
898989898989898989898989
454545454545454545454545
595959595959595959595959
595959595959595959595959
999999999999999999999999
999999999999999999999999
434343434343434343434343
535353535353535353535353
555555555555555555555555
444444444444444444444444
999999999999999999999999
999999999999999999999999
999999999999999999999999
424242424242424242424242
333333333333333333333333
898989898989898989898989
454545454545454545454545
595959595959595959595959
393939393939393939393939
999999999999999999999999
999999999999999999999999
434343434343434343434343
535353535353535353535353
555555555555555555555555
444444444444444444444444
999999999999999999999999
999999999999999999999999
999999999999999999999999
424242424242424242424242
333333333333333333333333
898989898989898989898989
454545454545454545454545
595959595959595959595959
494949494949494949494949
999999999999999999999999
999999999999999999999999
434343434343434343434343
535353535353535353535353
555555555555555555555555
444444444444444444444444
999999999999999999999999
999999999999999999999999
999999999999999999999999
424242424242424242424242
333333333333333333333333
858585858585858585858585
454545454545454545454545
595959595959595959595959
595959595959595959595959
999999999999999999999999
999999999999999999999999
434343434343434343434343
535353535353535353535353
555555555555555555555555
444444444444444444444444
999999999999999999999999
999999999999999999999999
999999999999999999999999
424242424242424242424242
333333333333333333333333
878787878787878787878787
454545454545454545454545
595959595959595959595959
595959595959595959595959
999999999999999999999999
999999999999999999999999
434343434343434343434343
535353535353535353535353
555555555555555555555555
444444444444444444444444
999999999999999999999999
999999999999999999999999
999999999999999999999999
424242424242424242424242
333333333333333333333333
868686868686868686868686
454545454545454545454545
595959595959595959595959
595959595959595959595959
999999999999999999999999
999999999999999999999999
434343434343434343434343
535353535353535353535353
555555555555555555555555
444444444444444444444444
999999999999999999999999
999999999999999999999999
999999999999999999999999
424242424242424242424242
333333333333333333333333
878787878787878787878787
454545454545454545454545
555555555555555555555555
595959595959595959595959
999999999999999999999999
999999999999999999999999
434343434343434343434343
535353535353535353535353
555555555555555555555555
444444444444444444444444
999999999999999999999999
999999999999999999999999
999999999999999999999999
424242424242424242424242
333333333333333333333333
878787878787878787878787
454545454545454545454545
535353535353535353535353
595959595959595959595959
999999999999999999999999
999999999999999999999999
434343434343434343434343
535353535353535353535353
555555555555555555555555
444444444444444444444444
999999999999999999999999
999999999999999999999999
999999999999999999999999
424242424242424242424242
333333333333333333333333
878787878787878787878787
454545454545454545454545
525252525252525252525252
595959595959595959595959
999999999999999999999999
999999999999999999999999
434343434343434343434343
535353535353535353535353
555555555555555555555555
444444444444444444444444
999999999999999999999999
999999999999999999999999
999999999999999999999999
424242424242424242424242
333333333333333333333333
878787878787878787878787
454545454545454545454545
535353535353535353535353
595959595959595959595959
595959595959595959595959
999999999999999999999999
434343434343434343434343
535353535353535353535353
555555555555555555555555
444444444444444444444444
999999999999999999999999
999999999999999999999999
999999999999999999999999
424242424242424242424242
333333333333333333333333
878787878787878787878787
454545454545454545454545
535353535353535353535353
595959595959595959595959
393939393939393939393939
999999999999999999999999
434343434343434343434343
535353535353535353535353
555555555555555555555555
444444444444444444444444
999999999999999999999999
999999999999999999999999
999999999999999999999999
424242424242424242424242
333333333333333333333333
878787878787878787878787
454545454545454545454545
535353535353535353535353
595959595959595959595959
494949494949494949494949
999999999999999999999999
434343434343434343434343
535353535353535353535353
555555555555555555555555
444444444444444444444444
999999999999999999999999
999999999999999999999999
999999999999999999999999
424242424242424242424242
333333333333333333333333
878787878787878787878787
454545454545454545454545
535353535353535353535353
555555555555555555555555
595959595959595959595959
999999999999999999999999
434343434343434343434343
535353535353535353535353
555555555555555555555555
444444444444444444444444
999999999999999999999999
999999999999999999999999
999999999999999999999999
424242424242424242424242
333333333333333333333333
878787878787878787878787
454545454545454545454545
535353535353535353535353
535353535353535353535353
595959595959595959595959
999999999999999999999999
434343434343434343434343
535353535353535353535353
555555555555555555555555
444444444444444444444444
999999999999999999999999
999999999999999999999999
999999999999999999999999
424242424242424242424242
333333333333333333333333
878787878787878787878787
454545454545454545454545
535353535353535353535353
545454545454545454545454
595959595959595959595959
999999999999999999999999
434343434343434343434343
535353535353535353535353
555555555555555555555555
444444444444444444444444
999999999999999999999999
999999999999999999999999
999999999999999999999999
424242424242424242424242
333333333333333333333333
878787878787878787878787
454545454545454545454545
535353535353535353535353
545454545454545454545454
595959595959595959595959
999999999999999999999999
434343434343434343434343
535353535353535353535353
555555555555555555555555
444444444444444444444444
999999999999999999999999
595959595959595959595959
999999999999999999999999
424242424242424242424242
333333333333333333333333
878787878787878787878787
454545454545454545454545
535353535353535353535353
545454545454545454545454
595959595959595959595959
999999999999999999999999
434343434343434343434343
535353535353535353535353
555555555555555555555555
444444444444444444444444
999999999999999999999999
797979797979797979797979
999999999999999999999999
424242424242424242424242
333333333333333333333333
878787878787878787878787
454545454545454545454545
535353535353535353535353
545454545454545454545454
595959595959595959595959
999999999999999999999999
434343434343434343434343
535353535353535353535353
555555555555555555555555
444444444444444444444444
999999999999999999999999
696969696969696969696969
595959595959595959595959
424242424242424242424242
333333333333333333333333
878787878787878787878787
454545454545454545454545
535353535353535353535353
545454545454545454545454
595959595959595959595959
999999999999999999999999
434343434343434343434343
535353535353535353535353
555555555555555555555555
444444444444444444444444
999999999999999999999999
696969696969696969696969
797979797979797979797979
424242424242424242424242
333333333333333333333333
878787878787878787878787
454545454545454545454545
535353535353535353535353
545454545454545454545454
595959595959595959595959
999999999999999999999999
434343434343434343434343
535353535353535353535353
555555555555555555555555
444444444444444444444444
999999999999999999999999
696969696969696969696969
696969696969696969696969
424242424242424242424242
333333333333333333333333
878787878787878787878787
454545454545454545454545
535353535353535353535353
545454545454545454545454
595959595959595959595959
999999999999999999999999
434343434343434343434343
535353535353535353535353
555555555555555555555555
444444444444444444444444
999999999999999999999999
696969696969696969696969
797979797979797979797979
424242424242424242424242
333333333333333333333333
878787878787878787878787
454545454545454545454545
535353535353535353535353
545454545454545454545454
555555555555555555555555
999999999999999999999999
434343434343434343434343
535353535353535353535353
555555555555555555555555
444444444444444444444444
999999999999999999999999
696969696969696969696969
797979797979797979797979
424242424242424242424242
333333333333333333333333
878787878787878787878787
454545454545454545454545
535353535353535353535353
545454545454545454545454
535353535353535353535353
999999999999999999999999
434343434343434343434343
535353535353535353535353
555555555555555555555555
444444444444444444444444
999999999999999999999999
696969696969696969696969
797979797979797979797979
424242424242424242424242
333333333333333333333333
878787878787878787878787
454545454545454545454545
535353535353535353535353
545454545454545454545454
545454545454545454545454
999999999999999999999999
434343434343434343434343
535353535353535353535353
555555555555555555555555
444444444444444444444444
999999999999999999999999
696969696969696969696969
797979797979797979797979
424242424242424242424242
333333333333333333333333
878787878787878787878787
454545454545454545454545
535353535353535353535353
545454545454545454545454
555555555555555555555555
999999999999999999999999
434343434343434343434343
535353535353535353535353
555555555555555555555555
444444444444444444444444
595959595959595959595959
696969696969696969696969
797979797979797979797979
424242424242424242424242
333333333333333333333333
878787878787878787878787
454545454545454545454545
535353535353535353535353
545454545454545454545454
555555555555555555555555
999999999999999999999999
434343434343434343434343
535353535353535353535353
555555555555555555555555
444444444444444444444444
393939393939393939393939
696969696969696969696969
797979797979797979797979
424242424242424242424242
333333333333333333333333
878787878787878787878787
454545454545454545454545
535353535353535353535353
545454545454545454545454
555555555555555555555555
999999999999999999999999
434343434343434343434343
535353535353535353535353
555555555555555555555555
444444444444444444444444
292929292929292929292929
696969696969696969696969
797979797979797979797979
424242424242424242424242
333333333333333333333333
878787878787878787878787
454545454545454545454545
535353535353535353535353
545454545454545454545454
555555555555555555555555
999999999999999999999999
434343434343434343434343
535353535353535353535353
555555555555555555555555
444444444444444444444444
393939393939393939393939
656565656565656565656565
797979797979797979797979
424242424242424242424242
333333333333333333333333
878787878787878787878787
454545454545454545454545
535353535353535353535353
545454545454545454545454
555555555555555555555555
999999999999999999999999
434343434343434343434343
535353535353535353535353
555555555555555555555555
444444444444444444444444
393939393939393939393939
676767676767676767676767
797979797979797979797979
424242424242424242424242
333333333333333333333333
878787878787878787878787
454545454545454545454545
535353535353535353535353
545454545454545454545454
555555555555555555555555
999999999999999999999999
434343434343434343434343
535353535353535353535353
555555555555555555555555
444444444444444444444444
393939393939393939393939
666666666666666666666666
797979797979797979797979
424242424242424242424242
333333333333333333333333
878787878787878787878787
454545454545454545454545
535353535353535353535353
545454545454545454545454
555555555555555555555555
595959595959595959595959
434343434343434343434343
535353535353535353535353
555555555555555555555555
444444444444444444444444
393939393939393939393939
666666666666666666666666
797979797979797979797979
424242424242424242424242
333333333333333333333333
878787878787878787878787
454545454545454545454545
535353535353535353535353
545454545454545454545454
555555555555555555555555
393939393939393939393939
434343434343434343434343
535353535353535353535353
555555555555555555555555
444444444444444444444444
393939393939393939393939
666666666666666666666666
797979797979797979797979
424242424242424242424242
333333333333333333333333
878787878787878787878787
454545454545454545454545
535353535353535353535353
545454545454545454545454
555555555555555555555555
494949494949494949494949
434343434343434343434343
535353535353535353535353
555555555555555555555555
444444444444444444444444
393939393939393939393939
666666666666666666666666
757575757575757575757575
424242424242424242424242
333333333333333333333333
878787878787878787878787
454545454545454545454545
535353535353535353535353
545454545454545454545454
555555555555555555555555
595959595959595959595959
434343434343434343434343
535353535353535353535353
555555555555555555555555
444444444444444444444444
393939393939393939393939
666666666666666666666666
777777777777777777777777
424242424242424242424242
333333333333333333333333
878787878787878787878787
454545454545454545454545
535353535353535353535353
545454545454545454545454
555555555555555555555555
595959595959595959595959
434343434343434343434343
535353535353535353535353
555555555555555555555555
444444444444444444444444
393939393939393939393939
666666666666666666666666
767676767676767676767676
424242424242424242424242
333333333333333333333333
878787878787878787878787
454545454545454545454545
535353535353535353535353
545454545454545454545454
555555555555555555555555
595959595959595959595959
434343434343434343434343
535353535353535353535353
555555555555555555555555
444444444444444444444444
393939393939393939393939
666666666666666666666666
777777777777777777777777
424242424242424242424242
333333333333333333333333
878787878787878787878787
454545454545454545454545
535353535353535353535353
545454545454545454545454
555555555555555555555555
595959595959595959595959
434343434343434343434343
535353535353535353535353
555555555555555555555555
444444444444444444444444
353535353535353535353535
666666666666666666666666
777777777777777777777777
424242424242424242424242
333333333333333333333333
878787878787878787878787
454545454545454545454545
535353535353535353535353
545454545454545454545454
555555555555555555555555
595959595959595959595959
434343434343434343434343
535353535353535353535353
555555555555555555555555
444444444444444444444444
333333333333333333333333
666666666666666666666666
777777777777777777777777
424242424242424242424242
333333333333333333333333
878787878787878787878787
454545454545454545454545
535353535353535353535353
545454545454545454545454
555555555555555555555555
595959595959595959595959
434343434343434343434343
535353535353535353535353
555555555555555555555555
444444444444444444444444
343434343434343434343434
666666666666666666666666
777777777777777777777777
424242424242424242424242
333333333333333333333333
878787878787878787878787
454545454545454545454545
535353535353535353535353
545454545454545454545454
555555555555555555555555
555555555555555555555555
434343434343434343434343
535353535353535353535353
555555555555555555555555
444444444444444444444444
343434343434343434343434
666666666666666666666666
777777777777777777777777
424242424242424242424242
333333333333333333333333
878787878787878787878787
454545454545454545454545
535353535353535353535353
545454545454545454545454
555555555555555555555555
575757575757575757575757
434343434343434343434343
535353535353535353535353
555555555555555555555555
444444444444444444444444
343434343434343434343434
666666666666666666666666
777777777777777777777777
424242424242424242424242
333333333333333333333333
878787878787878787878787
454545454545454545454545
535353535353535353535353
545454545454545454545454
555555555555555555555555
565656565656565656565656
434343434343434343434343
535353535353535353535353
555555555555555555555555
444444444444444444444444
343434343434343434343434
666666666666666666666666
757575757575757575757575
424242424242424242424242
333333333333333333333333
878787878787878787878787
454545454545454545454545
535353535353535353535353
545454545454545454545454
555555555555555555555555
565656565656565656565656
434343434343434343434343
535353535353535353535353
555555555555555555555555
444444444444444444444444
343434343434343434343434
666666666666666666666666
777777777777777777777777
424242424242424242424242
333333333333333333333333
878787878787878787878787
454545454545454545454545
535353535353535353535353
545454545454545454545454
555555555555555555555555
565656565656565656565656
434343434343434343434343
535353535353535353535353
555555555555555555555555
444444444444444444444444
343434343434343434343434
666666666666666666666666
767676767676767676767676
424242424242424242424242
333333333333333333333333
878787878787878787878787
454545454545454545454545
535353535353535353535353
545454545454545454545454
555555555555555555555555
565656565656565656565656
434343434343434343434343
535353535353535353535353
555555555555555555555555
444444444444444444444444
343434343434343434343434
666666666666666666666666
777777777771111111111111
424242424242424242424242
333333333333333333333333
878787878787878787878717
454545454545454545454545
535353535353535353535353
545454545454545454545454
555555555555555555555555
565656565656565656565656
434343434343434343434343
535353535353535353531313
555555555555555555551515
444444444444444444444444
343434343434343434343434
666666666666666666666666
777777777777777777777777
424242424242424242424242
333333333333333333333333
777777777777777777777777
454545454545454545454545
535353535353535353535353
545454545454545454545454
555555555555555555555555
565656565656565656565656
434343434343434343434343
535353535353535353535353
555555555555555555555555
444444444444444444444444
343434343434343434343434
666666666666666666666666
777777777777777777777777
424242424242424242424242
333333333333333333333333
868686868686868686868686
454545454545454545454545
535353535353535353535353
545454545454545454545454
555555555555555555555555
565656565656565656565656
434343434343434343434343
535353535353535353535353
555555555555555555555555
444444444444444444444444
343434343434343434343434
666666666666666666666666
777777777777777777777777
424242424242424242424242
333333333333333333333333
878787878787878787878787
454545454545454545454545
535353535353535353535353
545454545454545454545454
555555555555555555555555
565656565656565656565656
434343434343434343434343
434343434343434343434343
555555555555555555555555
444444444444444444444444
343434343434343434343434
666666666666666666666666
777777777777777777777777
424242424242424242424242
333333333333333333333333
878787878787878787878787
454545454545454545454545
535353535353535353535353
545454545454545454545454
555555555555555555555555
565656565656565656565656
434343434343434343434343
525252525252525252525252
555555555555555555555555
444444444444444444444444
343434343434343434343434
666666666666666666666666
777777777777777777777777
424242424242424242424242
333333333333333333333333
878787878787878787878787
454545454545454545454545
535353535353535353535353
545454545454545454545454
555555555555555555555555
565656565656565656565656
434343434343434343434343
535353535353535353535353
454545454545454545454545
444444444444444444444444
343434343434343434343434
666666666666666666666666
