2914690901
14 9 100
999999999999999999
999999999999999999
999999999999999999
999999999999999999
999999999999999999
999999999999999999
999999999999999999
999999999999999999
999999999999999999
999999999999999999
999999999999999999
999999999999999999
999999999999999999
999999999999999999
999999999999999999
999999999999999999
999999999999999999
999999999999999999
999999999999999999
999999999999999999
999999999999999999
999999999999999999
999999999999999999
999999999999999999
999999999999999999
999999999999999999
595959595959595959
999999999999999999
999999999999999999
999999999999999999
999999999999999999
999999999999999999
999999999999999999
999999999999999999
999999999999999999
999999999999999999
999999999999999999
999999999999999999
999999999999999999
999999999999999999
393939393939393939
999999999999999999
999999999999999999
999999999999999999
999999999999999999
999999999999999999
999999999999999999
999999999999999999
999999999999999999
999999999999999999
999999999999999999
999999999999999999
999999999999999999
999999999999999999
494949494949494949
999999999999999999
999999999999999999
999999999999999999
999999999999999999
999999999999999999
999999999999999999
999999999999999999
999999999999999999
999999999999999999
999999999999999999
999999999999999999
999999999999999999
999999999999999999
595959595959595959
595959595959595959
999999999999999999
999999999999999999
999999999999999999
999999999999999999
999999999999999999
999999999999999999
999999999999999999
999999999999999999
999999999999999999
999999999999999999
999999999999999999
999999999999999999
595959595959595959
797979797979797979
999999999999999999
999999999999999999
999999999999999999
999999999999999999
999999999999999999
999999999999999999
999999999999999999
999999999999999999
999999999999999999
999999999999999999
999999999999999999
999999999999999999
595959595959595959
696969696969696969
999999999999999999
999999999999999999
999999999999999999
999999999999999999
999999999999999999
595959595959595959
999999999999999999
999999999999999999
999999999999999999
999999999999999999
999999999999999999
999999999999999999
595959595959595959
696969696969696969
999999999999999999
999999999999999999
999999999999999999
999999999999999999
999999999999999999
393939393939393939
999999999999999999
999999999999999999
999999999999999999
999999999999999999
999999999999999999
999999999999999999
595959595959595959
696969696969696969
999999999999999999
999999999999999999
999999999999999999
999999999999999999
999999999999999999
494949494949494949
999999999999999999
999999999999999999
999999999999999999
999999999999999999
999999999999999999
999999999999999999
595959595959595959
696969696969696969
999999999999999999
999999999999999999
999999999999999999
999999999999999999
999999999999999999
494949494949494949
999999999999999999
999999999999999999
999999999999999999
999999999999999999
999999999999999999
999999999999999999
555555555555555555
696969696969696969
999999999999999999
999999999999999999
999999999999999999
999999999999999999
999999999999999999
494949494949494949
999999999999999999
999999999999999999
999999999999999999
999999999999999999
999999999999999999
999999999999999999
535353535353535353
696969696969696969
999999999999999999
999999999999999999
999999999999999999
999999999999999999
999999999999999999
494949494949494949
999999999999999999
999999999999999999
999999999999999999
999999999999999999
999999999999999999
999999999999999999
525252525252525252
696969696969696969
999999999999999999
999999999999999999
999999999999999999
999999999999999999
999999999999999999
494949494949494949
999999999999999999
999999999999999999
999999999999999999
999999999999999999
999999999999999999
999999999999999999
525252525252525252
656565656565656565
999999999999999999
999999999999999999
999999999999999999
999999999999999999
999999999999999999
494949494949494949
999999999999999999
999999999999999999
999999999999999999
999999999999999999
999999999999999999
999999999999999999
525252525252525252
636363636363636363
999999999999999999
999999999999999999
999999999999999999
999999999999999999
999999999999999999
494949494949494949
999999999999999999
999999999999999999
999999999999999999
999999999999999999
999999999999999999
999999999999999999
525252525252525252
626262626262626262
999999999999999999
999999999999999999
999999999999999999
999999999999999999
999999999999999999
454545454545454545
999999999999999999
999999999999999999
999999999999999999
999999999999999999
999999999999999999
999999999999999999
525252525252525252
626262626262626262
999999999999999999
999999999999999999
999999999999999999
999999999999999999
999999999999999999
474747474747474747
999999999999999999
999999999999999999
999999999999999999
999999999999999999
999999999999999999
999999999999999999
525252525252525252
626262626262626262
999999999999999999
999999999999999999
999999999999999999
999999999999999999
999999999999999999
464646464646464646
999999999999999999
999999999999999999
999999999999999999
999999999999999999
999999999999999999
999999999999999999
525252525252525252
626262626262626262
595959595959595959
999999999999999999
999999999999999999
999999999999999999
999999999999999999
464646464646464646
999999999999999999
999999999999999999
999999999999999999
999999999999999999
999999999999999999
999999999999999999
525252525252525252
626262626262626262
393939393939393939
999999999999999999
999999999999999999
999999999999999999
999999999999999999
464646464646464646
999999999999999999
999999999999999999
999999999999999999
999999999999999999
999999999999999999
999999999999999999
525252525252525252
626262626262626262
494949494949494949
999999999999999999
999999999999999999
999999999999999999
999999999999999999
464646464646464646
999999999999999999
999999999999999999
999999999999999999
999999999999999999
999999999999999999
999999999999999999
525252525252525252
626262626262626262
595959595959595959
999999999999999999
999999999999999999
595959595959595959
999999999999999999
464646464646464646
999999999999999999
999999999999999999
999999999999999999
999999999999999999
999999999999999999
999999999999999999
525252525252525252
626262626262626262
595959595959595959
999999999999999999
999999999999999999
797979797979797979
999999999999999999
464646464646464646
999999999999999999
999999999999999999
999999999999999999
999999999999999999
999999999999999999
999999999999999999
525252525252525252
626262626262626262
595959595959595959
999999999999999999
999999999999999999
898989898989898989
999999999999999999
464646464646464646
999999999999999999
999999999999999999
999999999999999999
999999999999999999
999999999999999999
999999999999999999
525252525252525252
626262626262626262
595959595959595959
999999999999999999
595959595959595959
999999999999999999
999999999999999999
464646464646464646
999999999999999999
999999999999999999
999999999999999999
999999999999999999
999999999999999999
999999999999999999
525252525252525252
626262626262626262
595959595959595959
999999999999999999
393939393939393939
999999999999999999
999999999999999999
464646464646464646
999999999999999999
999999999999999999
999999999999999999
999999999999999999
999999999999999999
999999999999999999
525252525252525252
626262626262626262
595959595959595959
999999999999999999
494949494949494949
999999999999999999
999999999999999999
464646464646464646
999999999999999999
999999999999999999
999999999999999999
999999999999999999
999999999999999999
999999999999999999
525252525252525252
626262626262626262
595959595959595959
595959595959595959
494949494949494949
999999999999999999
999999999999999999
464646464646464646
999999999999999999
999999999999999999
999999999999999999
999999999999999999
999999999999999999
999999999999999999
525252525252525252
626262626262626262
595959595959595959
393939393939393939
494949494949494949
999999999999999999
999999999999999999
464646464646464646
999999999999999999
999999999999999999
999999999999999999
999999999999999999
999999999999999999
999999999999999999
525252525252525252
626262626262626262
595959595959595959
494949494949494949
494949494949494949
999999999999999999
999999999999999999
464646464646464646
999999999999999999
999999999999999999
999999999999999999
999999999999999999
999999999999999999
999999999999999999
525252525252525252
626262626262626262
595959595959595959
595959595959595959
494949494949494949
999999999999999999
999999999999999999
464646464646464646
999999999999999999
595959595959595959
999999999999999999
999999999999999999
999999999999999999
999999999999999999
525252525252525252
626262626262626262
595959595959595959
595959595959595959
494949494949494949
999999999999999999
999999999999999999
464646464646464646
999999999999999999
797979797979797979
999999999999999999
999999999999999999
999999999999999999
999999999999999999
525252525252525252
626262626262626262
595959595959595959
595959595959595959
494949494949494949
999999999999999999
999999999999999999
464646464646464646
999999999999999999
696969696969696969
999999999999999999
999999999999999999
999999999999999999
999999999999999999
525252525252525252
626262626262626262
595959595959595959
595959595959595959
494949494949494949
999999999999999999
999999999999999999
464646464646464646
999999999999999999
696969696969696969
999999999999999999
999999999999999999
595959595959595959
999999999999999999
525252525252525252
626262626262626262
595959595959595959
595959595959595959
494949494949494949
999999999999999999
999999999999999999
464646464646464646
999999999999999999
696969696969696969
999999999999999999
999999999999999999
797979797979797979
999999999999999999
525252525252525252
626262626262626262
595959595959595959
595959595959595959
494949494949494949
999999999999999999
999999999999999999
464646464646464646
999999999999999999
696969696969696969
999999999999999999
999999999999999999
696969696969696969
999999999999999999
525252525252525252
626262626262626262
555555555555555555
595959595959595959
494949494949494949
999999999999999999
999999999999999999
464646464646464646
999999999999999999
696969696969696969
999999999999999999
999999999999999999
696969696969696969
999999999999999999
525252525252525252
626262626262626262
535353535353535353
595959595959595959
494949494949494949
999999999999999999
999999999999999999
464646464646464646
999999999999999999
696969696969696969
999999999999999999
999999999999999999
696969696969696969
999999999999999999
525252525252525252
626262626262626262
545454545454545454
595959595959595959
494949494949494949
999999999999999999
999999999999999999
464646464646464646
999999999999999999
696969696969696969
999999999999999999
999999999999999999
696969696969696969
999999999999999999
525252525252525252
626262626262626262
555555555555555555
595959595959595959
494949494949494949
959595959595959595
999999999999999999
464646464646464646
999999999999999999
696969696969696969
999999999999999999
999999999999999999
696969696969696969
999999999999999999
525252525252525252
626262626262626262
555555555555555555
595959595959595959
494949494949494949
979797979797979797
999999999999999999
464646464646464646
999999999999999999
696969696969696969
999999999999999999
999999999999999999
696969696969696969
999999999999999999
525252525252525252
626262626262626262
555555555555555555
595959595959595959
494949494949494949
989898989898989898
999999999999999999
464646464646464646
999999999999999999
696969696969696969
999999999999999999
999999999999999999
696969696969696969
999999999999999999
525252525252525252
626262626262626262
555555555555555555
595959595959595959
494949494949494949
999999999999999999
999999999999999999
464646464646464646
595959595959595959
696969696969696969
999999999999999999
999999999999999999
696969696969696969
999999999999999999
525252525252525252
626262626262626262
555555555555555555
595959595959595959
494949494949494949
999999999999999999
999999999999999999
464646464646464646
393939393939393939
696969696969696969
999999999999999999
999999999999999999
696969696969696969
999999999999999999
525252525252525252
626262626262626262
555555555555555555
595959595959595959
494949494949494949
999999999999999999
999999999999999999
464646464646464646
494949494949494949
696969696969696969
999999999999999999
999999999999999999
696969696969696969
999999999999999999
525252525252525252
626262626262626262
555555555555555555
595959595959595959
454545454545454545
999999999999999999
999999999999999999
464646464646464646
494949494949494949
696969696969696969
999999999999999999
999999999999999999
696969696969696969
999999999999999999
525252525252525252
626262626262626262
555555555555555555
595959595959595959
474747474747474747
999999999999999999
999999999999999999
464646464646464646
494949494949494949
696969696969696969
999999999999999999
999999999999999999
696969696969696969
999999999999999999
525252525252525252
626262626262626262
555555555555555555
595959595959595959
464646464646464646
999999999999999999
999999999999999999
464646464646464646
494949494949494949
696969696969696969
999999999999999999
999999999999999999
696969696969696969
999999999999999999
525252525252525252
626262626262626262
555555555555555555
595959595959595959
464646464646464646
999999999999999999
999999999999999999
464646464646464646
494949494949494949
696969696969696969
595959595959595959
999999999999999999
696969696969696969
999999999999999999
525252525252525252
626262626262626262
555555555555555555
595959595959595959
464646464646464646
999999999999999999
999999999999999999
464646464646464646
494949494949494949
696969696969696969
393939393939393939
999999999999999999
696969696969696969
999999999999999999
525252525252525252
626262626262626262
555555555555555555
595959595959595959
464646464646464646
999999999999999999
999999999999999999
464646464646464646
494949494949494949
696969696969696969
494949494949494949
999999999999999999
696969696969696969
999999999999999999
525252525252525252
626262626262626262
555555555555555555
555555555555555555
464646464646464646
999999999999999999
999999999999999999
464646464646464646
494949494949494949
696969696969696969
494949494949494949
999999999999999999
696969696969696969
999999999999999999
525252525252525252
626262626262626262
555555555555555555
535353535353535353
464646464646464646
999999999999999999
999999999999999999
464646464646464646
494949494949494949
696969696969696969
494949494949494949
999999999999999999
696969696969696969
999999999999999999
525252525252525252
626262626262626262
555555555555555555
545454545454545454
464646464646464646
999999999999999999
999999999999999999
464646464646464646
494949494949494949
696969696969696969
494949494949494949
999999999999999999
696969696969696969
999999999999999999
525252525252525252
626262626262626262
555555555555555555
555555555555555555
464646464646464646
999999999999999999
999999999999999999
464646464646464646
494949494949494949
656565656565656565
494949494949494949
999999999999999999
696969696969696969
999999999999999999
525252525252525252
626262626262626262
555555555555555555
555555555555555555
464646464646464646
999999999999999999
999999999999999999
464646464646464646
494949494949494949
676767676767676767
494949494949494949
999999999999999999
696969696969696969
999999999999999999
525252525252525252
626262626262626262
555555555555555555
555555555555555555
464646464646464646
999999999999999999
999999999999999999
464646464646464646
494949494949494949
666666666666666666
494949494949494949
999999999999999999
696969696969696969
999999999999999999
525252525252525252
626262626262626262
555555555555555555
555555555555555555
464646464646464646
999999999999999999
999999999999999999
464646464646464646
494949494949494949
676767676767676767
494949494949494949
999999999999999999
656565656565656565
999999999999999999
525252525252525252
626262626262626262
555555555555555555
555555555555555555
464646464646464646
999999999999999999
999999999999999999
464646464646464646
494949494949494949
676767676767676767
494949494949494949
999999999999999999
636363636363636363
999999999999999999
525252525252525252
626262626262626262
555555555555555555
555555555555555555
464646464646464646
999999999999999999
999999999999999999
464646464646464646
494949494949494949
676767676767676767
494949494949494949
999999999999999999
626262626262626262
999999999999999999
525252525252525252
626262626262626262
555555555555555555
555555555555555555
464646464646464646
999999999999999999
999999999999999999
464646464646464646
494949494949494949
676767676767676767
494949494949494949
999999999999999999
636363636363636363
595959595959595959
525252525252525252
626262626262626262
555555555555555555
555555555555555555
464646464646464646
999999999999999999
999999999999999999
464646464646464646
494949494949494949
676767676767676767
494949494949494949
999999999999999999
636363636363636363
393939393939393939
525252525252525252
626262626262626262
555555555555555555
555555555555555555
464646464646464646
999999999999999999
999999999999999999
464646464646464646
494949494949494949
676767676767676767
494949494949494949
999999999999999999
636363636363636363
494949494949494949
525252525252525252
626262626262626262
555555555555555555
555555555555555555
464646464646464646
999999999999999999
999999999999999999
464646464646464646
454545454545454545
676767676767676767
494949494949494949
999999999999999999
636363636363636363
595959595959595959
525252525252525252
626262626262626262
555555555555555555
555555555555555555
464646464646464646
999999999999999999
999999999999999999
464646464646464646
434343434343434343
676767676767676767
494949494949494949
999999999999999999
636363636363636363
595959595959595959
525252525252525252
626262626262626262
555555555555555555
555555555555555555
464646464646464646
999999999999999999
999999999999999999
464646464646464646
444444444444444444
676767676767676767
494949494949494949
999999999999999999
636363636363636363
595959595959595959
525252525252525252
626262626262626262
555555555555555555
555555555555555555
464646464646464646
999999999999999999
999999999999999999
464646464646464646
454545454545454545
676767676767676767
454545454545454545
999999999999999999
636363636363636363
595959595959595959
525252525252525252
626262626262626262
555555555555555555
555555555555555555
464646464646464646
999999999999999999
999999999999999999
464646464646464646
454545454545454545
676767676767676767
434343434343434343
999999999999999999
636363636363636363
595959595959595959
525252525252525252
626262626262626262
555555555555555555
555555555555555555
464646464646464646
999999999999999999
999999999999999999
464646464646464646
454545454545454545
676767676767676767
424242424242424242
999999999999999999
636363636363636363
595959595959595959
525252525252525252
626262626262626262
555555555555555555
555555555555555555
464646464646464646
999999999999999999
595959595959595959
464646464646464646
454545454545454545
676767676767676767
434343434343434343
999999999999999999
636363636363636363
595959595959595959
525252525252525252
626262626262626262
555555555555555555
555555555555555555
464646464646464646
999999999999999999
797979797979797979
464646464646464646
454545454545454545
676767676767676767
434343434343434343
999999999999999999
636363636363636363
595959595959595959
525252525252525252
626262626262626262
555555555555555555
555555555555555555
464646464646464646
999999999999999999
696969696969696969
464646464646464646
454545454545454545
676767676767676767
434343434343434343
999999999999999999
636363636363636363
595959595959595959
525252525252525252
626262626262626262
555555555555555555
555555555555555555
464646464646464646
999999999999999999
797979797979797979
464646464646464646
454545454545454545
676767676767676767
434343434343434343
999999999999999999
636363636363636363
555555555555555555
525252525252525252
626262626262626262
555555555555555555
555555555555555555
464646464646464646
999999999999999999
797979797979797979
464646464646464646
454545454545454545
676767676767676767
434343434343434343
999999999999999999
636363636363636363
535353535353535353
525252525252525252
626262626262626262
555555555555555555
555555555555555555
464646464646464646
999999999999999999
797979797979797979
464646464646464646
454545454545454545
676767676767676767
434343434343434343
999999999999999999
636363636363636363
525252525252525252
525252525252525252
626262626262626262
555555555555555555
555555555555555555
464646464646464646
999999999999999999
797979797979797979
464646464646464646
454545454545454545
676767676767676767
434343434343434343
595959595959595959
636363636363636363
535353535353535353
525252525252525252
626262626262626262
555555555555555555
555555555555555555
464646464646464646
999999999999999999
797979797979797979
464646464646464646
454545454545454545
676767676767676767
434343434343434343
797979797979797979
636363636363636363
535353535353535353
525252525252525252
626262626262626262
555555555555555555
555555555555555555
464646464646464646
999999999999999999
797979797979797979
464646464646464646
454545454545454545
676767676767676767
434343434343434343
696969696969696969
636363636363636363
535353535353535353
525252525252525252
626262626262626262
555555555555555555
555555555555555555
464646464646464646
999999999999999999
757575757575757575
464646464646464646
454545454545454545
676767676767676767
434343434343434343
696969696969696969
636363636363636363
535353535353535353
525252525252525252
626262626262626262
555555555555555555
555555555555555555
464646464646464646
999999999999999999
777777777777777777
464646464646464646
454545454545454545
676767676767676767
434343434343434343
696969696969696969
636363636363636363
535353535353535353
525252525252525252
626262626262626262
555555555555555555
555555555555555555
464646464646464646
999999999999999999
767676767676767676
464646464646464646
454545454545454545
676767676767676767
434343434343434343
696969696969696969
636363636363636363
535353535353535353
525252525252525252
626262626262626262
555555555555555555
555555555555555555
464646464646464646
999999999999999999
777777777777777777
464646464646464646
454545454545454545
676767676767676767
434343434343434343
656565656565656565
636363636363636363
535353535353535353
525252525252525252
626262626262626262
555555555555555555
555555555555555555
464646464646464646
999999999999999999
777777777777777777
464646464646464646
454545454545454545
676767676767676767
434343434343434343
676767676767676767
636363636363636363
535353535353535353
525252525252525252
626262626262626262
555555555555555555
555555555555555555
464646464646464646
999999999999999999
777777777777777777
464646464646464646
454545454545454545
676767676767676767
434343434343434343
666666666666666666
636363636363636363
535353535353535353
525252525252525252
626262626262626262
555555555555555555
555555555555555555
464646464646464646
999999999999999999
777777777777777777
464646464646464646
454545454545454545
676767676767676767
434343434343434343
666666666666666666
636363636363636363
535353535353535353
525252525252525252
626262626262626262
535353535353535353
555555555555555555
464646464646464646
999999999999999999
777777777777777777
464646464646464646
454545454545454545
676767676767676767
434343434343434343
666666666666666666
636363636363636363
535353535353535353
525252525252525252
626262626262626262
444444444444444444
555555555555555555
464646464646464646
999999999999999999
777777777777777777
464646464646464646
454545454545454545
676767676767676767
434343434343434343
666666666666666666
636363636363636363
535353535353535353
525252525252525252
626262626262626262
555555555555555555
555555555555555555
464646464646464646
999999911111111111
777777777777777777
464646464641414141
454545454545454545
676767676767676767
434343434343434343
666666666666666666
636363636363636363
535353535353535353
525252525252525252
626262626262626212
555555555555555555
555555555555555555
464646464646464646
898989898989898989
777777777777777777
464646464646464646
454545454545454545
676767676767676767
434343434343434343
666666666666666666
636363636363636363
535353535353535353
525252525252525252
626262626262626262
555555555555555555
555555555555555555
464646464646464646
989898989898989898
777777777777777777
464646464646464646
454545454545454545
676767676767676767
434343434343434343
666666666666666666
636363636363636363
535353535353535353
525252525252525252
626262626262626262
555555555555555555
555555555555555555
464646464646464646
999999999999999999
777777777777777777
464646464646464646
454545454545454545
676767676767676767
434343434343434343
666666666666666666
636363636363636363
535353535353535353
525252525252525252
525252525252525252
555555555555555555
555555555555555555
464646464646464646
999999999999999999
777777777777777777
464646464646464646
454545454545454545
676767676767676767
434343434343434343
666666666666666666
636363636363636363
535353535353535353
525252525252525252
616161616161616161
555555555555555555
555555555555555555
464646464646464646
999999999999999999
777777777777777777
464646464646464646
454545454545454545
676767676767676767
434343434343434343
666666666666666666
636363636363636363
535353535353535353
424242424242424242
616161616161616161
555555555555555555
555555555555555555
464646464646464646
999999999999999999
777777777777777777
464646464646464646
454545454545454545
676767676767676767
434343434343434343
666666666666666666
636363636363636363
535353535353535353
515151515151515151
616161616161616161
555555555555555555
555555555555555555
464646464646464646
999999999999999999
777777777777777777
363636363636363636
454545454545454545
676767676767676767
434343434343434343
666666666666666666
636363636363636363
535353535353535353
525252525252525252
616161616161616161
555555555555555555
555555555555555555
464646464646464646
999999999999999999
777777777777777777
454545454545454545
454545454545454545
676767676767676767
434343434343434343
666666666666666666
636363636363636363
535353535353535353
525252525252525252
616161616161616161
555555555555555555
555555555555555555
464646464646464646
999999999999999999
777777777777777777
464646464646464646
454545454545454545
676767676767676767
434343434343434343
666666666666666666
535353535353535353
535353535353535353
525252525252525252
616161616161616161
555555555555555555
555555555555555555
464646464646464646
999999999999999999
777777777777777777
464646464646464646
454545454545454545
676767676767676767
434343434343434343
666666666666666666
626262626262626262
535353535353535353
525252525252525252
616161616161616161
555555555555555555
555555555555555555
464646464646464646
999999999999999999
777777777777777777
464646464646464646
454545454545454545
575757575757575757
434343434343434343
666666666666666666
636363636363636363
535353535353535353
525252525252525252
616161616161616161
