2640108575
15 9 100
999999999999999999
999999999999999999
999999999999999999
999999999999999999
999999999999999999
999999999999999999
999999999999999999
999999999999999999
999999999999999999
999999999999999999
999999999999999999
999999999999999999
999999999999999999
999999999999999999
999999999999999999
999999999999999999
999999999999999999
999999999999999999
999999999999999999
999999999999999999
999999999999999999
999999999999999999
999999999999999999
999999999999999999
999999999999999999
595959595959595959
999999999999999999
999999999999999999
999999999999999999
999999999999999999
999999999999999999
999999999999999999
999999999999999999
999999999999999999
999999999999999999
999999999999999999
999999999999999999
999999999999999999
999999999999999999
999999999999999999
393939393939393939
999999999999999999
999999999999999999
999999999999999999
999999999999999999
999999999999999999
999999999999999999
999999999999999999
999999999999999999
999999999999999999
999999999999999999
999999999999999999
999999999999999999
999999999999999999
999999999999999999
494949494949494949
999999999999999999
999999999999999999
999999999999999999
999999999999999999
999999999999999999
999999999999999999
999999999999999999
999999999999999999
999999999999999999
999999999999999999
999999999999999999
999999999999999999
999999999999999999
999999999999999999
454545454545454545
999999999999999999
999999999999999999
999999999999999999
999999999999999999
999999999999999999
999999999999999999
999999999999999999
999999999999999999
999999999999999999
999999999999999999
999999999999999999
999999999999999999
999999999999999999
999999999999999999
474747474747474747
999999999999999999
999999999999999999
999999999999999999
999999999999999999
999999999999999999
999999999999999999
999999999999999999
999999999999999999
999999999999999999
999999999999999999
999999999999999999
999999999999999999
999999999999999999
999999999999999999
464646464646464646
999999999999999999
999999999999999999
999999999999999999
999999999999999999
999999999999999999
999999999999999999
999999999999999999
595959595959595959
999999999999999999
999999999999999999
999999999999999999
999999999999999999
999999999999999999
999999999999999999
464646464646464646
999999999999999999
999999999999999999
999999999999999999
999999999999999999
999999999999999999
999999999999999999
999999999999999999
393939393939393939
999999999999999999
999999999999999999
999999999999999999
999999999999999999
999999999999999999
999999999999999999
464646464646464646
999999999999999999
999999999999999999
999999999999999999
999999999999999999
999999999999999999
999999999999999999
999999999999999999
494949494949494949
999999999999999999
999999999999999999
999999999999999999
999999999999999999
999999999999999999
999999999999999999
464646464646464646
999999999999999999
999999999999999999
999999999999999999
999999999999999999
999999999999999999
999999999999999999
999999999999999999
494949494949494949
999999999999999999
999999999999999999
999999999999999999
595959595959595959
999999999999999999
999999999999999999
464646464646464646
999999999999999999
999999999999999999
999999999999999999
999999999999999999
999999999999999999
999999999999999999
999999999999999999
494949494949494949
999999999999999999
999999999999999999
999999999999999999
797979797979797979
999999999999999999
999999999999999999
464646464646464646
999999999999999999
999999999999999999
999999999999999999
999999999999999999
999999999999999999
999999999999999999
999999999999999999
494949494949494949
999999999999999999
999999999999999999
999999999999999999
696969696969696969
999999999999999999
999999999999999999
464646464646464646
999999999999999999
999999999999999999
999999999999999999
999999999999999999
999999999999999999
999999999999999999
999999999999999999
494949494949494949
999999999999999999
595959595959595959
999999999999999999
797979797979797979
999999999999999999
999999999999999999
464646464646464646
999999999999999999
999999999999999999
999999999999999999
999999999999999999
999999999999999999
999999999999999999
999999999999999999
494949494949494949
999999999999999999
393939393939393939
999999999999999999
797979797979797979
999999999999999999
999999999999999999
464646464646464646
999999999999999999
999999999999999999
999999999999999999
999999999999999999
999999999999999999
999999999999999999
999999999999999999
494949494949494949
999999999999999999
494949494949494949
999999999999999999
797979797979797979
999999999999999999
999999999999999999
464646464646464646
999999999999999999
999999999999999999
999999999999999999
999999999999999999
999999999999999999
999999999999999999
999999999999999999
454545454545454545
999999999999999999
494949494949494949
999999999999999999
797979797979797979
999999999999999999
999999999999999999
464646464646464646
999999999999999999
999999999999999999
999999999999999999
999999999999999999
999999999999999999
999999999999999999
999999999999999999
434343434343434343
999999999999999999
494949494949494949
999999999999999999
797979797979797979
999999999999999999
999999999999999999
464646464646464646
999999999999999999
999999999999999999
999999999999999999
999999999999999999
999999999999999999
999999999999999999
999999999999999999
444444444444444444
999999999999999999
494949494949494949
999999999999999999
797979797979797979
999999999999999999
999999999999999999
464646464646464646
999999999999999999
999999999999999999
999999999999999999
999999999999999999
999999999999999999
999999999999999999
999999999999999999
444444444444444444
999999999999999999
494949494949494949
999999999999999999
797979797979797979
999999999999999999
999999999999999999
464646464646464646
999999999999999999
999999999999999999
999999999999999999
595959595959595959
999999999999999999
999999999999999999
999999999999999999
444444444444444444
999999999999999999
494949494949494949
999999999999999999
797979797979797979
999999999999999999
999999999999999999
464646464646464646
999999999999999999
999999999999999999
999999999999999999
393939393939393939
999999999999999999
999999999999999999
999999999999999999
444444444444444444
999999999999999999
494949494949494949
999999999999999999
797979797979797979
999999999999999999
999999999999999999
464646464646464646
999999999999999999
999999999999999999
999999999999999999
494949494949494949
999999999999999999
999999999999999999
999999999999999999
444444444444444444
999999999999999999
494949494949494949
999999999999999999
797979797979797979
595959595959595959
999999999999999999
464646464646464646
999999999999999999
999999999999999999
999999999999999999
595959595959595959
999999999999999999
999999999999999999
999999999999999999
444444444444444444
999999999999999999
494949494949494949
999999999999999999
797979797979797979
797979797979797979
999999999999999999
464646464646464646
999999999999999999
999999999999999999
999999999999999999
595959595959595959
999999999999999999
999999999999999999
999999999999999999
444444444444444444
999999999999999999
494949494949494949
999999999999999999
797979797979797979
696969696969696969
999999999999999999
464646464646464646
999999999999999999
999999999999999999
999999999999999999
595959595959595959
999999999999999999
999999999999999999
999999999999999999
444444444444444444
999999999999999999
494949494949494949
999999999999999999
757575757575757575
797979797979797979
999999999999999999
464646464646464646
999999999999999999
999999999999999999
999999999999999999
595959595959595959
999999999999999999
999999999999999999
999999999999999999
444444444444444444
999999999999999999
494949494949494949
999999999999999999
777777777777777777
797979797979797979
999999999999999999
464646464646464646
999999999999999999
999999999999999999
999999999999999999
595959595959595959
999999999999999999
999999999999999999
999999999999999999
444444444444444444
999999999999999999
494949494949494949
999999999999999999
767676767676767676
797979797979797979
999999999999999999
464646464646464646
999999999999999999
999999999999999999
999999999999999999
595959595959595959
999999999999999999
999999999999999999
999999999999999999
444444444444444444
999999999999999999
454545454545454545
999999999999999999
777777777777777777
797979797979797979
999999999999999999
464646464646464646
999999999999999999
999999999999999999
999999999999999999
595959595959595959
999999999999999999
999999999999999999
999999999999999999
444444444444444444
999999999999999999
434343434343434343
999999999999999999
777777777777777777
797979797979797979
999999999999999999
464646464646464646
999999999999999999
999999999999999999
999999999999999999
595959595959595959
999999999999999999
999999999999999999
999999999999999999
444444444444444444
999999999999999999
444444444444444444
999999999999999999
777777777777777777
797979797979797979
999999999999999999
464646464646464646
999999999999999999
999999999999999999
999999999999999999
595959595959595959
999999999999999999
999999999999999999
999999999999999999
444444444444444444
999999999999999999
444444444444444444
999999999999999999
777777777777777777
797979797979797979
999999999999999999
464646464646464646
999999999999999999
999999999999999999
999999999999999999
555555555555555555
999999999999999999
999999999999999999
999999999999999999
444444444444444444
999999999999999999
444444444444444444
999999999999999999
777777777777777777
797979797979797979
999999999999999999
464646464646464646
999999999999999999
999999999999999999
999999999999999999
575757575757575757
999999999999999999
999999999999999999
999999999999999999
444444444444444444
999999999999999999
444444444444444444
999999999999999999
777777777777777777
797979797979797979
999999999999999999
464646464646464646
999999999999999999
999999999999999999
999999999999999999
585858585858585858
999999999999999999
999999999999999999
999999999999999999
444444444444444444
999999999999999999
444444444444444444
999999999999999999
777777777777777777
757575757575757575
999999999999999999
464646464646464646
999999999999999999
999999999999999999
999999999999999999
585858585858585858
999999999999999999
999999999999999999
999999999999999999
444444444444444444
999999999999999999
444444444444444444
999999999999999999
777777777777777777
777777777777777777
999999999999999999
464646464646464646
999999999999999999
999999999999999999
999999999999999999
585858585858585858
999999999999999999
999999999999999999
999999999999999999
444444444444444444
999999999999999999
444444444444444444
999999999999999999
777777777777777777
767676767676767676
999999999999999999
464646464646464646
999999999999999999
999999999999999999
999999999999999999
585858585858585858
999999999999999999
999999999999999999
999999999999999999
444444444444444444
999999999999999999
444444444444444444
999999999999999999
777777777777777777
777777777777777777
999999999999999999
464646464646464646
999999999999999999
999999999999999999
595959595959595959
585858585858585858
999999999999999999
999999999999999999
999999999999999999
444444444444444444
999999999999999999
444444444444444444
999999999999999999
777777777777777777
777777777777777777
999999999999999999
464646464646464646
999999999999999999
999999999999999999
393939393939393939
585858585858585858
999999999999999999
999999999999999999
999999999999999999
444444444444444444
999999999999999999
444444444444444444
999999999999999999
777777777777777777
777777777777777777
999999999999999999
464646464646464646
999999999999999999
999999999999999999
292929292929292929
585858585858585858
999999999999999999
999999999999999999
999999999999999999
444444444444444444
999999999999999999
444444444444444444
999999999999999999
777777777777777777
777777777777777777
999999999999999999
464646464646464646
999999999999999999
595959595959595959
393939393939393939
585858585858585858
999999999999999999
999999999999999999
999999999999999999
444444444444444444
999999999999999999
444444444444444444
999999999999999999
777777777777777777
777777777777777777
999999999999999999
464646464646464646
999999999999999999
393939393939393939
393939393939393939
585858585858585858
999999999999999999
999999999999999999
999999999999999999
444444444444444444
999999999999999999
444444444444444444
999999999999999999
777777777777777777
777777777777777777
999999999999999999
464646464646464646
999999999999999999
292929292929292929
393939393939393939
585858585858585858
999999999999999999
999999999999999999
999999999999999999
444444444444444444
999999999999999999
444444444444444444
999999999999999999
777777777777777777
777777777777777777
595959595959595959
464646464646464646
999999999999999999
393939393939393939
393939393939393939
585858585858585858
999999999999999999
999999999999999999
999999999999999999
444444444444444444
999999999999999999
444444444444444444
999999999999999999
777777777777777777
777777777777777777
797979797979797979
464646464646464646
999999999999999999
393939393939393939
393939393939393939
585858585858585858
999999999999999999
999999999999999999
999999999999999999
444444444444444444
999999999999999999
444444444444444444
999999999999999999
777777777777777777
777777777777777777
696969696969696969
464646464646464646
999999999999999999
393939393939393939
393939393939393939
585858585858585858
595959595959595959
999999999999999999
999999999999999999
444444444444444444
999999999999999999
444444444444444444
999999999999999999
777777777777777777
777777777777777777
797979797979797979
464646464646464646
999999999999999999
393939393939393939
393939393939393939
585858585858585858
393939393939393939
999999999999999999
999999999999999999
444444444444444444
999999999999999999
444444444444444444
999999999999999999
777777777777777777
777777777777777777
797979797979797979
464646464646464646
999999999999999999
393939393939393939
393939393939393939
585858585858585858
494949494949494949
999999999999999999
999999999999999999
444444444444444444
999999999999999999
444444444444444444
999999999999999999
777777777777777777
777777777777777777
797979797979797979
464646464646464646
999999999999999999
393939393939393939
393939393939393939
585858585858585858
494949494949494949
999999999999999999
999999999999999999
444444444444444444
999999999999999999
444444444444444444
999999999999999999
777777777777777777
777777777777777777
797979797979797979
464646464646464646
999999999999999999
393939393939393939
353535353535353535
585858585858585858
494949494949494949
999999999999999999
999999999999999999
444444444444444444
999999999999999999
444444444444444444
999999999999999999
777777777777777777
777777777777777777
797979797979797979
464646464646464646
999999999999999999
393939393939393939
333333333333333333
585858585858585858
494949494949494949
999999999999999999
999999999999999999
444444444444444444
999999999999999999
444444444444444444
999999999999999999
777777777777777777
777777777777777777
797979797979797979
464646464646464646
999999999999999999
393939393939393939
323232323232323232
585858585858585858
494949494949494949
999999999999999999
999999999999999999
444444444444444444
999999999999999999
444444444444444444
999999999999999999
777777777777777777
777777777777777777
797979797979797979
464646464646464646
999999999999999999
353535353535353535
333333333333333333
585858585858585858
494949494949494949
999999999999999999
999999999999999999
444444444444444444
999999999999999999
444444444444444444
999999999999999999
777777777777777777
777777777777777777
797979797979797979
464646464646464646
999999999999999999
333333333333333333
333333333333333333
585858585858585858
494949494949494949
999999999999999999
999999999999999999
444444444444444444
999999999999999999
444444444444444444
999999999999999999
777777777777777777
777777777777777777
797979797979797979
464646464646464646
999999999999999999
323232323232323232
333333333333333333
585858585858585858
494949494949494949
999999999999999999
595959595959595959
444444444444444444
999999999999999999
444444444444444444
999999999999999999
777777777777777777
777777777777777777
797979797979797979
464646464646464646
999999999999999999
333333333333333333
333333333333333333
585858585858585858
494949494949494949
999999999999999999
393939393939393939
444444444444444444
999999999999999999
444444444444444444
999999999999999999
777777777777777777
777777777777777777
797979797979797979
464646464646464646
999999999999999999
333333333333333333
333333333333333333
585858585858585858
494949494949494949
999999999999999999
494949494949494949
444444444444444444
999999999999999999
444444444444444444
999999999999999999
777777777777777777
777777777777777777
797979797979797979
464646464646464646
999999999999999999
333333333333333333
333333333333333333
585858585858585858
494949494949494949
999999999999999999
595959595959595959
444444444444444444
999999999999999999
444444444444444444
999999999999999999
777777777777777777
777777777777777777
757575757575757575
464646464646464646
999999999999999999
333333333333333333
333333333333333333
585858585858585858
494949494949494949
999999999999999999
595959595959595959
444444444444444444
999999999999999999
444444444444444444
999999999999999999
777777777777777777
777777777777777777
777777777777777777
464646464646464646
999999999999999999
333333333333333333
333333333333333333
585858585858585858
494949494949494949
999999999999999999
595959595959595959
444444444444444444
999999999999999999
444444444444444444
999999999999999999
777777777777777777
777777777777777777
767676767676767676
464646464646464646
999999999999999999
333333333333333333
333333333333333333
585858585858585858
494949494949494949
999999999999999999
595959595959595959
444444444444444444
999999999999999999
444444444444444444
595959595959595959
777777777777777777
777777777777777777
777777777777777777
464646464646464646
999999999999999999
333333333333333333
333333333333333333
585858585858585858
494949494949494949
999999999999999999
595959595959595959
444444444444444444
999999999999999999
444444444444444444
393939393939393939
777777777777777777
777777777777777777
777777777777777777
464646464646464646
999999999999999999
333333333333333333
333333333333333333
585858585858585858
494949494949494949
999999999999999999
595959595959595959
444444444444444444
999999999999999999
444444444444444444
494949494949494949
777777777777777777
777777777777777777
777777777777777777
464646464646464646
999999999999999999
333333333333333333
333333333333333333
585858585858585858
454545454545454545
999999999999999999
595959595959595959
444444444444444444
999999999999999999
444444444444444444
494949494949494949
777777777777777777
777777777777777777
777777777777777777
464646464646464646
999999999999999999
333333333333333333
333333333333333333
585858585858585858
434343434343434343
999999999999999999
595959595959595959
444444444444444444
999999999999999999
444444444444444444
494949494949494949
777777777777777777
777777777777777777
777777777777777777
464646464646464646
999999999999999999
333333333333333333
333333333333333333
585858585858585858
444444444444444444
999999999999999999
595959595959595959
444444444444444444
999999999999999999
444444444444444444
494949494949494949
777777777777777777
777777777777777777
777777777777777777
464646464646464646
999999999999999999
333333333333333333
333333333333333333
585858585858585858
444444444444444444
999999999999999999
595959595959595959
444444444444444444
999999999999999999
444444444444444444
494949494949494949
777777777777777777
777777777777777777
777777777777777777
464646464646464646
595959595959595959
333333333333333333
333333333333333333
585858585858585858
444444444444444444
999999999999999999
595959595959595959
444444444444444444
999999999999999999
444444444444444444
494949494949494949
777777777777777777
777777777777777777
777777777777777777
464646464646464646
797979797979797979
333333333333333333
333333333333333333
585858585858585858
444444444444444444
999999999999999999
595959595959595959
444444444444444444
999999999999999999
444444444444444444
494949494949494949
777777777777777777
777777777777777777
777777777777777777
464646464646464646
696969696969696969
333333333333333333
333333333333333333
585858585858585858
444444444444444444
999999999999999999
555555555555555555
444444444444444444
999999999999999999
444444444444444444
494949494949494949
777777777777777777
777777777777777777
777777777777777777
464646464646464646
696969696969696969
333333333333333333
333333333333333333
585858585858585858
444444444444444444
999999999999999999
575757575757575757
444444444444444444
999999999999999999
444444444444444444
494949494949494949
777777777777777777
777777777777777777
777777777777777777
464646464646464646
696969696969696969
333333333333333333
333333333333333333
585858585858585858
444444444444444444
999999999999999999
585858585858585858
444444444444444444
999999999999999999
444444444444444444
494949494949494949
777777777777777777
777777777777777777
777777777777777777
464646464646464646
696969696969696969
333333333333333333
333333333333333333
585858585858585858
444444444444444444
999999999999999999
595959595959595959
444444444444444444
595959595959595959
444444444444444444
494949494949494949
777777777777777777
777777777777777777
777777777777777777
464646464646464646
696969696969696969
333333333333333333
333333333333333333
585858585858585858
444444444444444444
999999999999999999
595959595959595959
444444444444444444
393939393939393939
444444444444444444
494949494949494949
777777777777777777
777777777777777777
777777777777777777
464646464646464646
696969696969696969
333333333333333333
333333333333333333
585858585858585858
444444444444444444
999999999999999999
595959595959595959
444444444444444444
494949494949494949
444444444444444444
494949494949494949
777777777777777777
777777777777777777
777777777777777777
464646464646464646
696969696969696969
333333333333333333
333333333333333333
585858585858585858
444444444444444444
999999999999999999
595959595959595959
444444444444444444
494949494949494949
444444444444444444
454545454545454545
777777777777777777
777777777777777777
777777777777777777
464646464646464646
696969696969696969
333333333333333333
333333333333333333
585858585858585858
444444444444444444
999999999999999999
595959595959595959
444444444444444444
494949494949494949
444444444444444444
434343434343434343
777777777777777777
777777777777777777
777777777777777777
464646464646464646
696969696969696969
333333333333333333
333333333333333333
585858585858585858
444444444444444444
999999999999999999
595959595959595959
444444444444444444
494949494949494949
444444444444444444
444444444444444444
777777777777777777
777777777777777777
777777777777777777
464646464646464646
696969696969696969
333333333333333333
333333333333333333
585858585858585858
444444444444444444
999999999999999999
595959595959595959
444444444444444444
494949494949494949
444444444444444444
444444444444444444
777777777777777777
777777777777777777
777777777777777777
464646464646464646
656565656565656565
333333333333333333
333333333333333333
585858585858585858
444444444444444444
999999999999999999
595959595959595959
444444444444444444
494949494949494949
444444444444444444
444444444444444444
777777777777777777
777777777777777777
777777777777777777
464646464646464646
676767676767676767
333333333333333333
333333333333333333
585858585858585858
444444444444444444
999999999999999999
595959595959595959
444444444444444444
494949494949494949
444444444444444444
444444444444444444
777777777777777777
777777777777777777
777777777777777777
464646464646464646
666666666666666666
333333333333333333
333333333333333333
585858585858585858
444444444444444444
595959595959595959
595959595959595959
444444444444444444
494949494949494949
444444444444444444
444444444444444444
777777777777777777
777777777777777777
777777777777777777
464646464646464646
666666666666666666
333333333333333333
333333333333333333
585858585858585858
444444444444444444
393939393939393939
595959595959595959
444444444444444444
494949494949494949
444444444444444444
444444444444444444
777777777777777777
777777777777777777
777777777777777777
464646464646464646
666666666666666666
333333333333333333
333333333333333333
585858585858585858
444444444444444444
494949494949494949
595959595959595959
444444444444444444
494949494949494949
444444444444444444
444444444444444444
777777777777777777
777777777777777777
777777777777777777
464646464646464646
666666666666666666
333333333333333333
333333333333333333
585858585858585858
444444444444444444
494949494949494949
595959595959595959
444444444444444444
454545454545454545
444444444444444444
444444444444444444
777777777777777777
777777777777777777
777777777777777777
464646464646464646
666666666666666666
333333333333333333
333333333333333333
585858585858585858
444444444444444444
494949494949494949
595959595959595959
444444444444444444
434343434343434343
444444444444444444
444444444444444444
777777777777777777
777777777777777777
777777777777777777
464646464646464646
666666666666666666
333333333333333333
333333333333333333
585858585858585858
444444444444444444
494949494949494949
595959595959595959
444444444444444444
444444444444444444
444444444444444444
444444444444444444
777777777777777777
777777777777777777
777777777777777777
464646464646464646
666666666666666666
333333333333333333
333333333333333333
585858585858585858
444444444444444444
454545454545454545
595959595959595959
444444444444444444
444444444444444444
444444444444444444
444444444444444444
777777777777777777
777777777777777777
777777777777777777
464646464646464646
666666666666666666
333333333333333333
333333333333333333
585858585858585858
444444444444444444
434343434343434343
595959595959595959
444444444444444444
444444444444444444
444444444444444444
444444444444444444
777777777777777777
777777777777777777
777777777777777777
464646464646464646
666666666666666666
333333333333333333
333333333333333333
585858585858585858
444444444444444444
444444444444444444
595959595959595959
444444444444444444
444444444444444444
444444444444444444
444444444444444444
777777777777777777
777777777777777777
777777777777777777
464646464646464646
666666666666666666
333333333333333333
333333333333333333
585858585858585858
454545454545454545
444444444444444444
595959595959595959
444444444444444444
444444444444444444
444444444444444444
444444444444444444
777777777777777777
777777777777777777
777777777777777777
464646464646464646
666666666666666666
333333333333333333
333333333333333333
585858585858585858
434343434343434343
444444444444444444
595959595959595959
444444444444444444
444444444444444444
444444444444444444
444444444444444444
777777777777777777
777777777777777777
777777777777777777
464646464646464646
666666666666666666
333333333333333333
333333333333333333
585858585858585858
444444444444444444
444444444444444444
595959595959595959
444444444444444444
444444444444444444
444444444444444444
444444444444444444
777777777777777777
777777777777777777
777777777777777777
464646464646464646
666666666666666666
333333333333333333
333333333333333333
585858585858585858
444444444444444444
444444444444444444
595959595959595959
444444444444444444
444444444444444444
444444444444444444
444444444444444444
777777777777771717
777777777717171717
777777777777777777
464646464141414141
666666666666666666
333333333333333333
333333333333333333
585851515151515151
444444444444444444
444444444444444444
595959595959595959
444444444444444444
444444444444444444
444444444444444444
444444444444444444
676767676767676767
777777777777777777
777777777777777777
464646464646464646
666666666666666666
333333333333333333
333333333333333333
585858585858585858
444444444444444444
444444444444444444
595959595959595959
444444444444444444
444444444444444444
444444444444444444
444444444444444444
767676767676767676
777777777777777777
777777777777777777
464646464646464646
666666666666666666
333333333333333333
333333333333333333
585858585858585858
444444444444444444
444444444444444444
595959595959595959
444444444444444444
444444444444444444
444444444444444444
444444444444444444
777777777777777777
676767676767676767
777777777777777777
464646464646464646
666666666666666666
333333333333333333
333333333333333333
585858585858585858
444444444444444444
444444444444444444
595959595959595959
444444444444444444
444444444444444444
444444444444444444
444444444444444444
777777777777777777
767676767676767676
777777777777777777
464646464646464646
666666666666666666
333333333333333333
333333333333333333
585858585858585858
444444444444444444
444444444444444444
595959595959595959
444444444444444444
444444444444444444
444444444444444444
444444444444444444
777777777777777777
777777777777777777
777777777777777777
464646464646464646
666666666666666666
333333333333333333
333333333333333333
484848484848484848
