2831261836
15 9 300
999999999999999999
999999999999999999
999999999999999999
999999999999999999
999999999999999999
999999999999999999
999999999999999999
999999999999999999
999999999999999999
999999999999999999
999999999999999999
999999999999999999
999999999999999999
999999999999999999
999999999999999999
999999999999999999
999999999999999999
999999999999999999
999999999999999999
999999999999999999
999999999999999999
999999999999999999
999999999999999999
595959595959595959
999999999999999999
999999999999999999
999999999999999999
999999999999999999
999999999999999999
999999999999999999
999999999999999999
999999999999999999
999999999999999999
999999999999999999
999999999999999999
999999999999999999
999999999999999999
999999999999999999
393939393939393939
999999999999999999
999999999999999999
999999999999999999
999999999999999999
999999999999999999
999999999999999999
999999999999999999
999999999999999999
999999999999999999
999999999999999999
999999999999999999
999999999999999999
999999999999999999
999999999999999999
494949494949494949
999999999999999999
999999999999999999
999999999999999999
999999999999999999
999999999999999999
999999999999999999
999999999999999999
999999999999999999
999999999999999999
999999999999999999
999999999999999999
999999999999999999
999999999999999999
999999999999999999
494949494949494949
999999999999999999
595959595959595959
999999999999999999
999999999999999999
999999999999999999
999999999999999999
999999999999999999
999999999999999999
999999999999999999
999999999999999999
999999999999999999
999999999999999999
999999999999999999
999999999999999999
494949494949494949
999999999999999999
393939393939393939
999999999999999999
999999999999999999
999999999999999999
999999999999999999
999999999999999999
999999999999999999
999999999999999999
999999999999999999
999999999999999999
999999999999999999
999999999999999999
999999999999999999
494949494949494949
999999999999999999
292929292929292929
999999999999999999
999999999999999999
999999999999999999
999999999999999999
999999999999999999
999999999999999999
999999999999999999
999999999999999999
999999999999999999
999999999999999999
999999999999999999
999999999999999999
454545454545454545
999999999999999999
393939393939393939
999999999999999999
999999999999999999
999999999999999999
999999999999999999
999999999999999999
999999999999999999
999999999999999999
999999999999999999
999999999999999999
999999999999999999
999999999999999999
999999999999999999
434343434343434343
999999999999999999
393939393939393939
999999999999999999
999999999999999999
999999999999999999
999999999999999999
999999999999999999
999999999999999999
999999999999999999
999999999999999999
999999999999999999
999999999999999999
999999999999999999
999999999999999999
444444444444444444
999999999999999999
393939393939393939
999999999999999999
999999999999999999
999999999999999999
999999999999999999
999999999999999999
999999999999999999
999999999999999999
999999999999999999
999999999999999999
999999999999999999
999999999999999999
999999999999999999
444444444444444444
999999999999999999
353535353535353535
999999999999999999
999999999999999999
999999999999999999
999999999999999999
999999999999999999
999999999999999999
999999999999999999
999999999999999999
999999999999999999
999999999999999999
999999999999999999
999999999999999999
444444444444444444
999999999999999999
333333333333333333
999999999999999999
999999999999999999
999999999999999999
999999999999999999
999999999999999999
999999999999999999
999999999999999999
999999999999999999
999999999999999999
999999999999999999
999999999999999999
999999999999999999
444444444444444444
999999999999999999
323232323232323232
999999999999999999
999999999999999999
999999999999999999
999999999999999999
999999999999999999
999999999999999999
999999999999999999
595959595959595959
999999999999999999
999999999999999999
999999999999999999
999999999999999999
444444444444444444
999999999999999999
323232323232323232
999999999999999999
999999999999999999
999999999999999999
999999999999999999
999999999999999999
999999999999999999
999999999999999999
393939393939393939
999999999999999999
999999999999999999
999999999999999999
999999999999999999
444444444444444444
999999999999999999
323232323232323232
999999999999999999
999999999999999999
999999999999999999
999999999999999999
999999999999999999
999999999999999999
999999999999999999
494949494949494949
999999999999999999
999999999999999999
999999999999999999
999999999999999999
444444444444444444
999999999999999999
323232323232323232
999999999999999999
999999999999999999
999999999999999999
999999999999999999
999999999999999999
999999999999999999
999999999999999999
494949494949494949
999999999999999999
999999999999999999
999999999999999999
999999999999999999
444444444444444444
999999999999999999
323232323232323232
595959595959595959
999999999999999999
999999999999999999
999999999999999999
999999999999999999
999999999999999999
999999999999999999
494949494949494949
999999999999999999
999999999999999999
999999999999999999
999999999999999999
444444444444444444
999999999999999999
323232323232323232
393939393939393939
999999999999999999
999999999999999999
999999999999999999
999999999999999999
999999999999999999
999999999999999999
494949494949494949
999999999999999999
999999999999999999
999999999999999999
999999999999999999
444444444444444444
999999999999999999
323232323232323232
494949494949494949
999999999999999999
999999999999999999
999999999999999999
999999999999999999
999999999999999999
999999999999999999
494949494949494949
999999999999999999
999999999999999999
595959595959595959
999999999999999999
444444444444444444
999999999999999999
323232323232323232
595959595959595959
999999999999999999
999999999999999999
999999999999999999
999999999999999999
999999999999999999
999999999999999999
494949494949494949
999999999999999999
999999999999999999
797979797979797979
999999999999999999
444444444444444444
999999999999999999
323232323232323232
595959595959595959
999999999999999999
999999999999999999
999999999999999999
999999999999999999
999999999999999999
999999999999999999
494949494949494949
999999999999999999
999999999999999999
696969696969696969
999999999999999999
444444444444444444
999999999999999999
323232323232323232
595959595959595959
999999999999999999
999999999999999999
999999999999999999
999999999999999999
999999999999999999
999999999999999999
454545454545454545
999999999999999999
999999999999999999
797979797979797979
999999999999999999
444444444444444444
999999999999999999
323232323232323232
595959595959595959
999999999999999999
999999999999999999
999999999999999999
999999999999999999
999999999999999999
999999999999999999
434343434343434343
999999999999999999
999999999999999999
797979797979797979
999999999999999999
444444444444444444
999999999999999999
323232323232323232
595959595959595959
999999999999999999
999999999999999999
999999999999999999
999999999999999999
999999999999999999
999999999999999999
424242424242424242
999999999999999999
999999999999999999
797979797979797979
999999999999999999
444444444444444444
999999999999999999
323232323232323232
595959595959595959
999999999999999999
999999999999999999
999999999999999999
999999999999999999
999999999999999999
999999999999999999
434343434343434343
999999999999999999
999999999999999999
797979797979797979
999999999999999999
444444444444444444
999999999999999999
323232323232323232
555555555555555555
999999999999999999
999999999999999999
999999999999999999
999999999999999999
999999999999999999
999999999999999999
434343434343434343
999999999999999999
999999999999999999
797979797979797979
999999999999999999
444444444444444444
999999999999999999
323232323232323232
575757575757575757
999999999999999999
999999999999999999
999999999999999999
999999999999999999
999999999999999999
999999999999999999
434343434343434343
999999999999999999
999999999999999999
797979797979797979
999999999999999999
444444444444444444
999999999999999999
323232323232323232
585858585858585858
999999999999999999
999999999999999999
999999999999999999
999999999999999999
595959595959595959
999999999999999999
434343434343434343
999999999999999999
999999999999999999
797979797979797979
999999999999999999
444444444444444444
999999999999999999
323232323232323232
595959595959595959
999999999999999999
999999999999999999
999999999999999999
999999999999999999
393939393939393939
999999999999999999
434343434343434343
999999999999999999
999999999999999999
797979797979797979
999999999999999999
444444444444444444
999999999999999999
323232323232323232
595959595959595959
999999999999999999
999999999999999999
999999999999999999
999999999999999999
292929292929292929
999999999999999999
434343434343434343
999999999999999999
999999999999999999
797979797979797979
999999999999999999
444444444444444444
999999999999999999
323232323232323232
595959595959595959
999999999999999999
999999999999999999
999999999999999999
999999999999999999
393939393939393939
999999999999999999
434343434343434343
999999999999999999
999999999999999999
757575757575757575
999999999999999999
444444444444444444
999999999999999999
323232323232323232
595959595959595959
999999999999999999
999999999999999999
999999999999999999
999999999999999999
393939393939393939
999999999999999999
434343434343434343
999999999999999999
999999999999999999
737373737373737373
999999999999999999
444444444444444444
999999999999999999
323232323232323232
595959595959595959
999999999999999999
999999999999999999
999999999999999999
999999999999999999
393939393939393939
999999999999999999
434343434343434343
999999999999999999
999999999999999999
727272727272727272
999999999999999999
444444444444444444
999999999999999999
323232323232323232
595959595959595959
999999999999999999
999999999999999999
999999999999999999
595959595959595959
393939393939393939
999999999999999999
434343434343434343
999999999999999999
999999999999999999
727272727272727272
999999999999999999
444444444444444444
999999999999999999
323232323232323232
595959595959595959
999999999999999999
999999999999999999
999999999999999999
797979797979797979
393939393939393939
999999999999999999
434343434343434343
999999999999999999
999999999999999999
727272727272727272
999999999999999999
444444444444444444
999999999999999999
323232323232323232
595959595959595959
999999999999999999
999999999999999999
999999999999999999
898989898989898989
393939393939393939
999999999999999999
434343434343434343
999999999999999999
999999999999999999
727272727272727272
999999999999999999
444444444444444444
999999999999999999
323232323232323232
595959595959595959
999999999999999999
999999999999999999
999999999999999999
999999999999999999
393939393939393939
999999999999999999
434343434343434343
999999999999999999
595959595959595959
727272727272727272
999999999999999999
444444444444444444
999999999999999999
323232323232323232
595959595959595959
999999999999999999
999999999999999999
999999999999999999
999999999999999999
393939393939393939
999999999999999999
434343434343434343
999999999999999999
797979797979797979
727272727272727272
999999999999999999
444444444444444444
999999999999999999
323232323232323232
595959595959595959
999999999999999999
999999999999999999
999999999999999999
999999999999999999
393939393939393939
999999999999999999
434343434343434343
999999999999999999
898989898989898989
727272727272727272
999999999999999999
444444444444444444
999999999999999999
323232323232323232
595959595959595959
999999999999999999
999999999999999999
999999999999999999
999999999999999999
353535353535353535
999999999999999999
434343434343434343
999999999999999999
898989898989898989
727272727272727272
999999999999999999
444444444444444444
999999999999999999
323232323232323232
595959595959595959
999999999999999999
999999999999999999
999999999999999999
999999999999999999
373737373737373737
999999999999999999
434343434343434343
999999999999999999
898989898989898989
727272727272727272
999999999999999999
444444444444444444
999999999999999999
323232323232323232
595959595959595959
999999999999999999
999999999999999999
999999999999999999
999999999999999999
363636363636363636
999999999999999999
434343434343434343
999999999999999999
898989898989898989
727272727272727272
999999999999999999
444444444444444444
999999999999999999
323232323232323232
595959595959595959
999999999999999999
999999999999999999
999999999999999999
999999999999999999
373737373737373737
999999999999999999
434343434343434343
999999999999999999
898989898989898989
727272727272727272
595959595959595959
444444444444444444
999999999999999999
323232323232323232
595959595959595959
999999999999999999
999999999999999999
999999999999999999
999999999999999999
373737373737373737
999999999999999999
434343434343434343
999999999999999999
898989898989898989
727272727272727272
393939393939393939
444444444444444444
999999999999999999
323232323232323232
595959595959595959
999999999999999999
999999999999999999
999999999999999999
999999999999999999
373737373737373737
999999999999999999
434343434343434343
999999999999999999
898989898989898989
727272727272727272
494949494949494949
444444444444444444
999999999999999999
323232323232323232
595959595959595959
999999999999999999
999999999999999999
999999999999999999
959595959595959595
373737373737373737
999999999999999999
434343434343434343
999999999999999999
898989898989898989
727272727272727272
494949494949494949
444444444444444444
999999999999999999
323232323232323232
595959595959595959
999999999999999999
999999999999999999
999999999999999999
939393939393939393
373737373737373737
999999999999999999
434343434343434343
999999999999999999
898989898989898989
727272727272727272
494949494949494949
444444444444444444
999999999999999999
323232323232323232
595959595959595959
999999999999999999
999999999999999999
999999999999999999
929292929292929292
373737373737373737
999999999999999999
434343434343434343
999999999999999999
898989898989898989
727272727272727272
494949494949494949
444444444444444444
999999999999999999
323232323232323232
595959595959595959
999999999999999999
999999999999999999
999999999999999999
939393939393939393
373737373737373737
999999999999999999
434343434343434343
999999999999999999
898989898989898989
727272727272727272
494949494949494949
444444444444444444
999999999999999999
323232323232323232
595959595959595959
999999999999999999
595959595959595959
999999999999999999
939393939393939393
373737373737373737
999999999999999999
434343434343434343
999999999999999999
898989898989898989
727272727272727272
494949494949494949
444444444444444444
999999999999999999
323232323232323232
595959595959595959
999999999999999999
393939393939393939
999999999999999999
939393939393939393
373737373737373737
999999999999999999
434343434343434343
999999999999999999
898989898989898989
727272727272727272
494949494949494949
444444444444444444
999999999999999999
323232323232323232
595959595959595959
999999999999999999
494949494949494949
999999999999999999
939393939393939393
373737373737373737
999999999999999999
434343434343434343
999999999999999999
858585858585858585
727272727272727272
494949494949494949
444444444444444444
999999999999999999
323232323232323232
595959595959595959
999999999999999999
595959595959595959
999999999999999999
939393939393939393
373737373737373737
999999999999999999
434343434343434343
999999999999999999
838383838383838383
727272727272727272
494949494949494949
444444444444444444
999999999999999999
323232323232323232
595959595959595959
999999999999999999
595959595959595959
999999999999999999
939393939393939393
373737373737373737
999999999999999999
434343434343434343
999999999999999999
828282828282828282
727272727272727272
494949494949494949
444444444444444444
999999999999999999
323232323232323232
595959595959595959
999999999999999999
595959595959595959
999999999999999999
939393939393939393
373737373737373737
999999999999999999
434343434343434343
999999999999999999
838383838383838383
727272727272727272
494949494949494949
444444444444444444
999999999999999999
323232323232323232
595959595959595959
999999999999999999
595959595959595959
595959595959595959
939393939393939393
373737373737373737
999999999999999999
434343434343434343
999999999999999999
838383838383838383
727272727272727272
494949494949494949
444444444444444444
999999999999999999
323232323232323232
595959595959595959
999999999999999999
595959595959595959
393939393939393939
939393939393939393
373737373737373737
999999999999999999
434343434343434343
999999999999999999
838383838383838383
727272727272727272
494949494949494949
444444444444444444
999999999999999999
323232323232323232
595959595959595959
999999999999999999
595959595959595959
494949494949494949
939393939393939393
373737373737373737
999999999999999999
434343434343434343
999999999999999999
838383838383838383
727272727272727272
454545454545454545
444444444444444444
999999999999999999
323232323232323232
595959595959595959
999999999999999999
595959595959595959
494949494949494949
939393939393939393
373737373737373737
999999999999999999
434343434343434343
999999999999999999
838383838383838383
727272727272727272
474747474747474747
444444444444444444
999999999999999999
323232323232323232
595959595959595959
999999999999999999
595959595959595959
494949494949494949
939393939393939393
373737373737373737
999999999999999999
434343434343434343
999999999999999999
838383838383838383
727272727272727272
484848484848484848
444444444444444444
999999999999999999
323232323232323232
595959595959595959
999999999999999999
595959595959595959
494949494949494949
939393939393939393
373737373737373737
999999999999999999
434343434343434343
595959595959595959
838383838383838383
727272727272727272
494949494949494949
444444444444444444
999999999999999999
323232323232323232
595959595959595959
999999999999999999
595959595959595959
494949494949494949
939393939393939393
373737373737373737
999999999999999999
434343434343434343
797979797979797979
838383838383838383
727272727272727272
494949494949494949
444444444444444444
999999999999999999
323232323232323232
595959595959595959
999999999999999999
595959595959595959
494949494949494949
939393939393939393
373737373737373737
999999999999999999
434343434343434343
696969696969696969
838383838383838383
727272727272727272
494949494949494949
444444444444444444
999999999999999999
323232323232323232
595959595959595959
999999999999999999
595959595959595959
494949494949494949
939393939393939393
373737373737373737
999999999999999999
434343434343434343
797979797979797979
838383838383838383
727272727272727272
494949494949494949
444444444444444444
999999999999999999
323232323232323232
595959595959595959
999999999999999999
555555555555555555
494949494949494949
939393939393939393
373737373737373737
999999999999999999
434343434343434343
797979797979797979
838383838383838383
727272727272727272
494949494949494949
444444444444444444
999999999999999999
323232323232323232
595959595959595959
999999999999999999
535353535353535353
494949494949494949
939393939393939393
373737373737373737
999999999999999999
434343434343434343
797979797979797979
838383838383838383
727272727272727272
494949494949494949
444444444444444444
999999999999999999
323232323232323232
595959595959595959
999999999999999999
545454545454545454
494949494949494949
939393939393939393
373737373737373737
999999999999999999
434343434343434343
797979797979797979
838383838383838383
727272727272727272
494949494949494949
444444444444444444
999999999999999999
323232323232323232
595959595959595959
999999999999999999
555555555555555555
454545454545454545
939393939393939393
373737373737373737
999999999999999999
434343434343434343
797979797979797979
838383838383838383
727272727272727272
494949494949494949
444444444444444444
999999999999999999
323232323232323232
595959595959595959
999999999999999999
555555555555555555
474747474747474747
939393939393939393
373737373737373737
999999999999999999
434343434343434343
797979797979797979
838383838383838383
727272727272727272
494949494949494949
444444444444444444
999999999999999999
323232323232323232
595959595959595959
999999999999999999
555555555555555555
464646464646464646
939393939393939393
373737373737373737
595959595959595959
434343434343434343
797979797979797979
838383838383838383
727272727272727272
494949494949494949
444444444444444444
999999999999999999
323232323232323232
595959595959595959
999999999999999999
555555555555555555
464646464646464646
939393939393939393
373737373737373737
393939393939393939
434343434343434343
797979797979797979
838383838383838383
727272727272727272
494949494949494949
444444444444444444
999999999999999999
323232323232323232
595959595959595959
999999999999999999
555555555555555555
464646464646464646
939393939393939393
373737373737373737
494949494949494949
434343434343434343
797979797979797979
838383838383838383
727272727272727272
494949494949494949
444444444444444444
999999999999999999
323232323232323232
595959595959595959
999999999999999999
555555555555555555
464646464646464646
939393939393939393
373737373737373737
494949494949494949
434343434343434343
797979797979797979
838383838383838383
727272727272727272
494949494949494949
444444444444444444
999999999999999999
323232323232323232
595959595959595959
595959595959595959
555555555555555555
464646464646464646
939393939393939393
373737373737373737
494949494949494949
434343434343434343
797979797979797979
838383838383838383
727272727272727272
494949494949494949
444444444444444444
999999999999999999
323232323232323232
595959595959595959
393939393939393939
555555555555555555
464646464646464646
939393939393939393
373737373737373737
494949494949494949
434343434343434343
797979797979797979
838383838383838383
727272727272727272
494949494949494949
444444444444444444
999999999999999999
323232323232323232
595959595959595959
494949494949494949
555555555555555555
464646464646464646
939393939393939393
373737373737373737
494949494949494949
434343434343434343
797979797979797979
838383838383838383
727272727272727272
494949494949494949
444444444444444444
595959595959595959
323232323232323232
595959595959595959
595959595959595959
555555555555555555
464646464646464646
939393939393939393
373737373737373737
494949494949494949
434343434343434343
797979797979797979
838383838383838383
727272727272727272
494949494949494949
444444444444444444
393939393939393939
323232323232323232
595959595959595959
595959595959595959
555555555555555555
464646464646464646
939393939393939393
373737373737373737
494949494949494949
434343434343434343
797979797979797979
838383838383838383
727272727272727272
494949494949494949
444444444444444444
494949494949494949
323232323232323232
595959595959595959
595959595959595959
555555555555555555
464646464646464646
939393939393939393
373737373737373737
494949494949494949
434343434343434343
757575757575757575
838383838383838383
727272727272727272
494949494949494949
444444444444444444
494949494949494949
323232323232323232
595959595959595959
595959595959595959
555555555555555555
464646464646464646
939393939393939393
373737373737373737
494949494949494949
434343434343434343
737373737373737373
838383838383838383
727272727272727272
494949494949494949
444444444444444444
494949494949494949
323232323232323232
595959595959595959
595959595959595959
555555555555555555
464646464646464646
939393939393939393
373737373737373737
494949494949494949
434343434343434343
727272727272727272
838383838383838383
727272727272727272
494949494949494949
444444444444444444
494949494949494949
323232323232323232
595959595959595959
595959595959595959
555555555555555555
464646464646464646
939393939393939393
373737373737373737
454545454545454545
434343434343434343
727272727272727272
838383838383838383
727272727272727272
494949494949494949
444444444444444444
494949494949494949
323232323232323232
595959595959595959
595959595959595959
555555555555555555
464646464646464646
939393939393939393
373737373737373737
434343434343434343
434343434343434343
727272727272727272
838383838383838383
727272727272727272
494949494949494949
444444444444444444
494949494949494949
323232323232323232
595959595959595959
595959595959595959
555555555555555555
464646464646464646
939393939393939393
373737373737373737
444444444444444444
434343434343434343
727272727272727272
838383838383838383
727272727272727272
494949494949494949
444444444444444444
494949494949494949
323232323232323232
595959595959595959
595959595959595959
555555555555555555
464646464646464646
939393939393939393
373737373737373737
454545454545454545
434343434343434343
727272727272727272
838383838383838383
727272727272727272
494949494949494949
444444444444444444
494949494949494949
323232323232323232
595959595959595959
555555555555555555
555555555555555555
464646464646464646
939393939393939393
373737373737373737
454545454545454545
434343434343434343
727272727272727272
838383838383838383
727272727272727272
494949494949494949
444444444444444444
494949494949494949
323232323232323232
595959595959595959
575757575757575757
555555555555555555
464646464646464646
939393939393939393
373737373737373737
454545454545454545
434343434343434343
727272727272727272
838383838383838383
727272727272727272
494949494949494949
444444444444444444
494949494949494949
323232323232323232
595959595959595959
565656565656565656
555555555555555555
464646464646464646
939393939393939393
373737373737373737
454545454545454545
434343434343434343
727272727272727272
838383838383838383
727272727272727272
494949494949494949
444444444444444444
454545454545454545
323232323232323232
595959595959595959
575757575757575757
555555555555555555
464646464646464646
939393939393939393
373737373737373737
454545454545454545
434343434343434343
727272727272727272
838383838383838383
727272727272727272
494949494949494949
444444444444444444
434343434343434343
323232323232323232
595959595959595959
575757575757575757
555555555555555555
464646464646464646
939393939393939393
373737373737373737
454545454545454545
434343434343434343
727272727272727272
838383838383838383
727272727272727272
494949494949494949
444444444444444444
444444444444444444
323232323232323232
595959595959595959
575757575757575757
555555555555555555
464646464646464646
959595959595959595
373737373737373737
454545454545454545
434343434343434343
727272727272727272
838383838383838383
727272727272727272
494949494949494949
444444444444444444
444444444444444444
323232323232323232
595959595959595959
575757575757575757
555555555555555555
464646464646464646
939393939393939393
373737373737373737
454545454545454545
434343434343434343
727272727272727272
838383838383838383
727272727272727272
494949494949494949
444444444444444444
444444444444444444
323232323232323232
595959595959595959
575757575757575757
555555555555555555
464646464646464646
929292929292929292
373737373737373737
454545454545454545
434343434343434343
727272727272727272
838383838383838383
727272727272727272
494949494949494949
444444444444444444
444444444444444444
323232323232323232
595959595959595959
575757575757575757
555555555555555555
464646464646464646
939393931313131313
373737373737373737
454545454545454545
434343434343434343
727272727272727272
838383838383131313
727272727272721212
494949494949494949
444444444444444444
444444444444444444
323232323232323232
595959595959595151
575757575757575757
555555555555555555
464646464646464646
939393939393939393
373737373737373737
454545454545454545
434343434343434343
727272727272727272
838383838383838383
727272727272727272
494949494949494949
444444444444444444
444444444444444444
323232323232323232
494949494949494949
575757575757575757
555555555555555555
464646464646464646
939393939393939393
373737373737373737
454545454545454545
434343434343434343
727272727272727272
838383838383838383
727272727272727272
494949494949494949
444444444444444444
444444444444444444
323232323232323232
585858585858585858
575757575757575757
555555555555555555
464646464646464646
838383838383838383
373737373737373737
454545454545454545
434343434343434343
727272727272727272
838383838383838383
727272727272727272
494949494949494949
444444444444444444
444444444444444444
323232323232323232
595959595959595959
575757575757575757
555555555555555555
464646464646464646
929292929292929292
373737373737373737
454545454545454545
434343434343434343
727272727272727272
838383838383838383
727272727272727272
494949494949494949
444444444444444444
444444444444444444
323232323232323232
595959595959595959
575757575757575757
555555555555555555
464646464646464646
939393939393939393
373737373737373737
454545454545454545
434343434343434343
727272727272727272
838383838383838383
626262626262626262
494949494949494949
444444444444444444
444444444444444444
323232323232323232
595959595959595959
575757575757575757
555555555555555555
464646464646464646
939393939393939393
373737373737373737
454545454545454545
434343434343434343
727272727272727272
838383838383838383
717171717171717171
494949494949494949
444444444444444444
444444444444444444
323232323232323232
595959595959595959
575757575757575757
555555555555555555
464646464646464646
939393939393939393
373737373737373737
454545454545454545
434343434343434343
727272727272727272
737373737373737373
727272727272727272
494949494949494949
444444444444444444
444444444444444444
323232323232323232
595959595959595959
575757575757575757
555555555555555555
464646464646464646
939393939393939393
373737373737373737
454545454545454545
434343434343434343
727272727272727272
828282828282828282
727272727272727272
494949494949494949
444444444444444444
444444444444444444
323232323232323232
595959595959595959
575757575757575757
555555555555555555
464646464646464646
939393939393939393
373737373737373737
454545454545454545
434343434343434343
727272727272727272
838383838383838383
727272727272727272
494949494949494949
343434343434343434
444444444444444444
323232323232323232
595959595959595959
575757575757575757
555555555555555555
464646464646464646
939393939393939393
373737373737373737
454545454545454545
434343434343434343
727272727272727272
838383838383838383
727272727272727272
494949494949494949
434343434343434343
444444444444444444
323232323232323232
595959595959595959
575757575757575757
555555555555555555
464646464646464646
939393939393939393
373737373737373737
454545454545454545
434343434343434343
727272727272727272
838383838383838383
727272727272727272
393939393939393939
444444444444444444
444444444444444444
323232323232323232
595959595959595959
575757575757575757
555555555555555555
464646464646464646
939393939393939393
373737373737373737
454545454545454545
434343434343434343
727272727272727272
838383838383838383
727272727272727272
484848484848484848
444444444444444444
444444444444444444
323232323232323232
595959595959595959
575757575757575757
555555555555555555
464646464646464646
939393939393939393
373737373737373737
454545454545454545
434343434343434343
727272727272727272
838383838383838383
727272727272727272
494949494949494949
444444444444444444
444444444444444444
222222222222222222
595959595959595959
575757575757575757
555555555555555555
464646464646464646
939393939393939393
373737373737373737
454545454545454545
434343434343434343
727272727272727272
838383838383838383
727272727272727272
494949494949494949
444444444444444444
444444444444444444
313131313131313131
595959595959595959
575757575757575757
555555555555555555
464646464646464646
939393939393939393
272727272727272727
454545454545454545
434343434343434343
727272727272727272
838383838383838383
727272727272727272
494949494949494949
444444444444444444
444444444444444444
323232323232323232
595959595959595959
575757575757575757
555555555555555555
464646464646464646
939393939393939393
363636363636363636
454545454545454545
434343434343434343
727272727272727272
838383838383838383
727272727272727272
494949494949494949
444444444444444444
444444444444444444
323232323232323232
595959595959595959
575757575757575757
555555555555555555
464646464646464646
939393939393939393
373737373737373737
454545454545454545
434343434343434343
727272727272727272
838383838383838383
727272727272727272
494949494949494949
444444444444444444
444444444444444444
323232323232323232
595959595959595959
575757575757575757
454545454545454545
464646464646464646
939393939393939393
373737373737373737
454545454545454545
434343434343434343
727272727272727272
838383838383838383
727272727272727272
494949494949494949
444444444444444444
444444444444444444
323232323232323232
595959595959595959
575757575757575757
545454545454545454
464646464646464646
939393939393939393
373737373737373737
454545454545454545
434343434343434343
626262626262626262
838383838383838383
727272727272727272
494949494949494949
444444444444444444
444444444444444444
323232323232323232
595959595959595959
575757575757575757
555555555555555555
464646464646464646
939393939393939393
373737373737373737
454545454545454545
434343434343434343
717171717171717171
838383838383838383
727272727272727272
494949494949494949
444444444444444444
444444444444444444
323232323232323232
595959595959595959
575757575757575757
555555555555555555
464646464646464646
939393939393939393
373737373737373737
454545454545454545
333333333333333333
717171717171717171
838383838383838383
727272727272727272
494949494949494949
444444444444444444
444444444444444444
323232323232323232
595959595959595959
575757575757575757
555555555555555555
464646464646464646
939393939393939393
373737373737373737
454545454545454545
424242424242424242
717171717171717171
838383838383838383
727272727272727272
494949494949494949
444444444444444444
444444444444444444
323232323232323232
595959595959595959
575757575757575757
555555555555555555
464646464646464646
939393939393939393
373737373737373737
454545454545454545
434343434343434343
717171717171717171
838383838383838383
727272727272727272
494949494949494949
444444444444444444
444444444444444444
323232323232323232
595959595959595959
474747474747474747
555555555555555555
464646464646464646
939393939393939393
373737373737373737
454545454545454545
434343434343434343
717171717171717171
838383838383838383
727272727272727272
494949494949494949
444444444444444444
444444444444444444
323232323232323232
595959595959595959
565656565656565656
555555555555555555
464646464646464646
939393939393939393
373737373737373737
454545454545454545
434343434343434343
717171717171717171
838383838383838383
727272727272727272
494949494949494949
444444444444444444
444444444444444444
323232323232323232
595959595959595959
575757575757575757
555555555555555555
363636363636363636
939393939393939393
373737373737373737
454545454545454545
434343434343434343
717171717171717171
838383838383838383
727272727272727272
494949494949494949
444444444444444444
444444444444444444
323232323232323232
595959595959595959
575757575757575757
555555555555555555
454545454545454545
939393939393939393
373737373737373737
454545454545454545
434343434343434343
717171717171717171
838383838383838383
727272727272727272
494949494949494949
444444444444444444
343434343434343434
323232323232323232
595959595959595959
575757575757575757
555555555555555555
464646464646464646
939393939393939393
373737373737373737
454545454545454545
434343434343434343
717171717171717171
838383838383838383
727272727272727272
494949494949494949
444444444444444444
434343434343434343
323232323232323232
595959595959595959
575757575757575757
555555555555555555
464646464646464646
939393939393939393
373737373737373737
353535353535353535
434343434343434343
717171717171717171
838383838383838383
727272727272727272
494949494949494949
444444444444444444
444444444444444444
323232323232323232
595959595959595959
575757575757575757
555555555555555555
464646464646464646
939393939393939393
373737373737373737
444444444444444444
434343434343434343
717171717171717171
838383838383838383
727272727272727272
494949494949494949
444444444444444444
444444444444444444
323232323232323232
595959595959595959
575757575757575757
555555555555555555
464646464646464646
939393931313131313
373737373737373737
454545454545454545
434343434343434343
717171717171717171
838383838383131313
727272727272721212
494949494949494949
444444444444444444
444444444444444444
323232323232323232
595959595959595151
575757575757575757
555555555555555555
464646464646464646
999999999999999999
373737373737373737
999999989898989898
434343434343434343
999999999999999999
898989898989898989
727272727272727272
494949494949494949
444444444444444444
999999999999999999
626262626262626262
595959595959595959
999999999999999999
999999999999999999
999999999999999999
999999999999999999
999999999999999999
999999999999999999
454545454545454545
999999999999999999
999999999999999999
797979797979797979
999999999999999999
444444444444444444
999999999999999999
323232323232323232
595959595656565656
999999999999999999
999999999999999999
999999999999999999
999999999999999999
999999999999999999
999999999999999999
999999999999999999
999999999999999999
999999999999999999
999999999999999999
999999999999999999
999999999999999999
999999999999999999
999999999999999999
999999999999999999
999999999999999999
999999999999999999
969696969696969696
939393939393939393
373737373737373737
454545454545454545
434343434343434343
727272727272727272
838383838383838383
727272727272727272
797979797979797979
444444444444444444
444444444444444444
323232323232323232
595959595959595959
575757575757575757
555555555555555555
464646464646464646
999999999999999999
373737373737373737
999999989898989898
434343434343434343
999999999999999999
898989898989898989
727272727272727272
494949494949494949
444444444444444444
999999999999949494
626262626262626262
595959595959595959
999999999999999999
999999999999999999
999999999999999999
939393939393939393
373737373737373737
999999999999999999
434343434343434343
797979797979797979
838383838383838383
929292929292929292
494949494949494949
444424242424242424
999999999999999999
323232323232323232
595959595959595959
999999999999999999
555555555555555555
494949494949494949
999999999999999999
373737373737373737
999999999999999999
434343434343434343
999999999999999999
898989898989898989
727272727272727272
999999999797979797
444444444444444444
999999999999999999
727272727272727272
595959595959595959
999999999999999999
999999999999999999
999999999999999999
939393939393939393
313131313131313131
494949494949494949
434343434343434343
797979797979797979
838383838383838383
727272727272727272
494949494949494949
444444444444444444
595959595959595959
323232323232323232
595959595959595959
595959595959595959
555555555555555555
464646464646464646
999999999999999999
999999999999999999
999999999999999999
494949494949494949
999999999999999999
999999999999999999
999999999999999999
989898989898989898
444444444444444444
999999999999999999
323232323232323232
595959595959595959
999999999999999999
999999999999999999
999999999999999999
939393939393939393
373737373737373737
999999999999999999
434343434343434343
999999999999999999
838383838383838383
727272727272727272
494949494949494949
454545454545454545
999999999999999999
323232323232323232
595959595959595959
999999999999999999
595959595959595959
494949494949494949
939393939393939393
373737373737373737
999999999999999999
232323232323232323
999999999999999999
858585858585858585
727272727272727272
494949494949494948
444444444444444444
999999999999999999
323232323232323232
595959595959595959
999999999999999999
595959595959595959
999999999999999999
999999999999999999
313131313131313131
999999999999999999
434343434343434343
999999999999999999
999999999999999999
737373737373737373
999999999999999999
444444444444444444
999999999999999999
323232323232323232
595959595959595959
999999999999999999
999999999999999999
999999999999999999
939393939393939393
373737373737373737
999999999999999999
434343434343434343
999999999999999999
858585858585858585
727272727272727272
494949494949494949
444444444444444444
999999999999999979
323232323232323232
595959595959595959
999999999999999999
595959595959595959
999999999999999999
999999999999999999
999999999999999999
999999999999999999
999999999999999999
999999999999999999
999999999999999999
999999999999999999
999999999999999999
646464646464646464
999999999999999999
393939393939393939
999999999696969696
999999999999999999
999999999999999999
999999999999999999
999999999999999999
999999999999999999
494949494949494949
454545454545454545
999999999999999999
999999999999999999
797979797979797979
999999999999999999
444444444444444444
999999999999999999
323232323232323232
595959595656565656
999999999999999999
999999999999999999
999999999999999999
939393939393939393
373737373737373737
494949494949494949
434343434343434242
737373737373737373
838383838383838383
797979797979797979
494949494949494949
444444444444444444
494949494949494949
323232323232323232
595959595959595959
595959595959595959
555555555555555555
464646464646464646
999999999999999999
999999999999999999
999999999999999999
999999989898989898
999999999999999999
999999999999999999
999999999999999999
999999999999999999
454545454545454545
999999999999999999
494949494949494949
999999999999999999
999999999999999999
999999999999999999
999999999999999999
939393939393939393
373737373737373737
494949494949494949
434343434343434343
797979797979797979
838383838383838383
727272727272727272
414141414141414141
444444444444444444
595959595959595959
323232323232323232
595959595959595959
595959595959595959
555555555555555555
464646464646464646
939393939393939393
373737373737373737
494949494949494949
424242424242424242
757575757575757575
838383838383838383
727272727272727272
494949494949494949
444444444444444444
494949494949494949
323232323231313131
595959595959595959
595959595959595959
555555555555555555
464646464646464646
999999999999999999
999999999999999999
999999999999999999
494949494949494949
999999999999999999
999999999999999999
949494949494949494
989898989898989898
444444444444444444
999999999999999999
323232323232323232
595959595959595959
999999999999999999
999999999999999999
999999999999999999
999999999999999999
999999999999999999
999999999999999999
999999999999999999
999999999999999999
999999999999999999
999999999999999999
999999999999999999
454545454545454545
999999999999999999
393939393939191919
999999999999999999
999999999999999999
999999999999999999
999999999999999999
939393939393939393
373737373737373737
494949474747474747
434343434343434343
797979797979797979
838383838383838383
727272727272727272
494949494949494949
444444444444444444
999999999999999999
323232323232323232
595959595959595959
999999999999999999
555555555555555555
464646464646464646
999999999999999999
373737373737373737
999999989898989898
434343434343434343
999999999999999999
898989898989898989
727272727272727272
494949494949494949
444444444444444444
999999999999949494
626262626262626262
797979797979797979
999999999999999999
999999999999999999
999999999999999999
939393939393939393
373737373737373737
999999999999999999
434343434343434343
999999999999999999
858585858585858585
727272727272727272
494949494949494848
444444444444444444
999999999999999979
323232323232323232
595959595959595959
999999999999999999
696969696969696969
999999999999999999
939393939393939393
373737373737373737
999999999999999999
434343434343434343
797979797979797979
838383838383838383
727272727272727272
494949494949494949
444444444444444444
999999999999999999
323232323232323232
595959595959595959
999999999999999999
595959595959595959
474747474747474747
999999999999999999
959595959595959595
999999999999999999
999999999999999999
999999999999999999
999999999999999999
999999999999999999
999999999999999999
444444444444444444
999999999999999999
353535353535353535
999999999999999999
999999999999999999
999999999999999999
999999999999999999
939393939393939393
373737373737373737
454545454545454545
434343434343434343
727272727272727272
838383838383838383
727272727272727272
494949494949494949
444444444444444444
444444444444444444
323232323232323232
595959595959595959
575757575757575757
555555555555555555
666666666666666666
939393939393939393
373737373737373737
494949494949494949
434343434343434343
737373737373737373
838383838383838383
727272727272727272
494949494949494949
444444444444444444
494949494949494949
828282828282828282
595959595959595959
595959595959595959
555555555555555555
464646464646464646
939393939393939393
373737373737373737
454545454545454545
434343434343434343
919191919191919191
838383838383838383
727272727272727272
494949494949494949
444444444444444444
444444444444444444
323232323232323232
595959595959595959
575757575757575757
555555555555555555
464646464646464646
939393939393939393
373737373737373737
999999999999999999
434343434343434343
494949494949494949
838383838383838383
727272727272727272
494949494949494949
444444444444444444
999999999999999999
323232323232323232
595959595959595959
999999999999999999
555555555555555555
474747474747474747
939393939393939393
373737373737373737
494949494949494949
434343434343434343
737373737373737373
636363636363636363
727272727272727272
494949494949494949
444444444444444444
494949494949494949
828282828282828282
595959595959595959
595959595959595959
555555555555555555
464646464646464646
999999999999999999
595959595959595959
999999999999999999
434343434343434343
999999999999999999
999999999999999999
797979797979797979
959595959595989898
444444444444444444
999999999999999999
323232323232323232
595959595959595959
999999999999999999
999999999999999999
999999999999999999
939393939393939393
373737373737373737
454545454545454545
434343434343434343
727272727272727272
838383838383838383
727272727272727272
595959595959595959
444444444444444444
444444444444444444
323232323232323232
595959595959595959
575757575757575757
555555555555555555
666666666666666666
999999999999999999
373737373737373737
999999989898989898
434343434343434343
999999999999999999
898989898989898989
727272727272727272
494949494949494949
444444444444444444
999999999999999999
686868686868686868
595959595959595959
999999999999999999
999999999999999999
999999999999999999
939393939393939393
373737373737373737
494949494949494949
434343434343434343
797979797979797979
838383838383838383
727272727272727272
494949494949494949
484848484848484848
999999999999999999
323232323232323232
595959595959595959
999999999999999999
555555555555555555
464646464646464646
999999999999999999
393939393939393939
999999999999999999
434343434343434343
999999999999999999
898989898989898989
727272727272727272
999999999999999999
444444444444444444
999999999999999999
323232323232323232
595959595959595959
999999999999999999
999999999999999999
797979797979797979
939393939393939393
373737373737373737
494949494949494949
434343434343434343
797979797979797979
838383838383838383
727272727272727272
494949494949494949
444444444444444444
595959595959595959
343434343434343434
595959595959595959
595959595959595959
555555555555555555
464646464646464646
939393939393939393
373737373737373737
494949474747474747
434343434343434343
797979797979797979
838383838383838383
727272727272727272
494949494949494949
444444444444444444
999999999999999999
323232323232323232
898989898989898989
999999999999999999
555555555555555555
464646464646464646
939393939393939393
373737373737373737
494949494949494949
434343434343434343
757575757575757575
838383838383838383
727272727272727272
494949494949494949
141414141414141414
494949494949494949
323232323232323232
595959595959595959
595959595959595959
555555555555555555
464646464646464646
939393939393939393
373737373737373737
999999999999999999
434343434343434343
797979797979797979
858585858585858585
727272727272727272
494949494949494848
444444444444444444
999999999999999979
323232323232323232
595959595959595959
999999999999999999
696969696969696919
999999999999999999
999999999999999999
383838383838383838
999999989898989898
434343434343434343
999999999999999999
898989898989898989
727272727272727272
494949494949494949
444444444444444444
999999999999999999
686868686868686868
595959595959595959
999999999999999999
999999999999999999
999999999999999999
939393939393939393
373737373737373737
454545454545454545
434343434343434343
727272727272727272
838383838383838383
727272727272727272
494949494949494949
444444444444444444
494949494949494949
323232323232323232
535353535353535353
595959595959595959
555555555555555555
464646464646464646
939393939393939393
343434343434343434
999999999999999999
434343434343434343
999999999999999999
858585858585858585
727272727272727272
494949494949494949
444444444444444444
999999999999999999
323232323232323232
595959595959595959
999999999999999999
595959595959595959
999999999999999999
999999999999999999
999999999999999999
999999999999999999
999999999999999999
999999999999999999
999999999999999999
999999999999999999
999999494949494949
444444444444444444
999999999999999999
393939393939393939
999999999999999999
999999999999999999
999999999999999999
999999999999999999
797979797979797979
373737373737373737
999999999999999999
434343434343434343
999999999999999999
898989898989898989
727272727272727272
595959595959595959
444444444444444444
999999999999999999
323232323232323232
595959595959595959
999999999999797979
999999999999999999
999999999999999999
939393939393939393
373737373737373737
454545454545454545
434343434343434343
919191919191919191
838383838383838383
727272727272727272
494949494949494949
484848484848484848
444444444444444444
323232323232323232
595959595959595959
575757575757575757
555555555555555555
464646464646464646
939393939393939393
373737373737373737
494949494949494949
434343434343434343
797979797979797979
939393939393939393
727272727272727272
494949494949494949
444444444444444444
999999999999999999
323232323232323232
595959595959595959
999999999999999999
555555555555555555
464646464646464646
939393939393939393
373737373737373737
454545454545454545
434343434343434343
727272727272727272
838383838383838383
727272727272727272
494949494949494949
444444444444444424
494949494949494949
343434343434343434
595959595959595959
575757575757575757
555555555555555555
464646464646464646
939393939393939393
373737373737373737
999999999999999999
434343434343434343
797979797979797979
838383838383838383
727272727272727272
494949494949494949
444444444444444444
999999999999999999
323232323232323232
797979797979797979
999999999999999999
595959595959595959
474747474747474747
939393939393939393
373737373737373737
424242424242424242
434343434343434343
797979797979797979
838383838383838383
727272727272727272
494949494949494949
444444444444444444
999999999999999999
323232323232323232
595959595959595959
999999999999999999
555555555555555555
464646464646464646
999999999999999999
373737373737373737
797979797979797979
434343434343434343
999999999999999999
898989898989898989
727272727272727272
999999999999999999
444444444444444444
999999999999999999
727272727272727272
595959595959595959
999999999999999999
999999999999999999
999999999999999999
999999999999999999
383838383838383838
999999989898989898
131313131313131313
999999999999999999
898989898989898989
727272727272727272
494949494949494949
444444444443434343
999999999999999999
686868686868686868
595959595959595959
999999999999999999
999999999999999999
999999999999999999
939393939393939393
373737373737373737
999999999999999999
434343434343434343
797979797979797979
858585858585858585
727272727272727272
696969696969696868
444444444444444444
999999999999999979
323232323232323232
595959595959595959
999999999999999999
696969696969696919
999999999999999999
999999999999999999
999999999999999999
999999999999999999
999999999999999998
999999999999999999
999999999999999999
999999999999999999
999999999999999999
454545454545454545
999999999999999999
393939393939393939
999999999999999999
999999999999999999
999999999999999999
999999999999999999
999999999999999999
393939393939393939
999999999999999999
434343434343434343
999999999999999999
999999999999999999
757575757575757575
999999999999999999
444444414141414141
999999999999999999
323232323232323232
535353535353535353
999999999999999999
999999999999999999
999999999999999999
939393939393939393
373737373736363636
494949494949494949
434343434343434343
797979797979797979
838383838383838383
727272727272727272
494949494949494949
444444444444444444
595959595959595959
343434343434343434
595959595959595959
595959595959595959
858585858585858585
464646464646464646
939393939393939393
373737373737373737
454545454545454545
434343434343434343
727272727272727272
838383838383838383
727272727272727272
494949494949494949
444444444444444444
494949494949494949
383838383838383838
595959595959595959
595959595959595959
555555555555555555
464646464646464646
858585858585858585
373737373737373737
999999999999999999
434343434343434343
999999999999999999
898989898989898989
727272727272727272
494949494949494949
444444444444444444
999999999999999999
323232323232323232
595959595959595959
999999999999999999
999999999999999999
999999999999999999
939393939393939393
373737373737373737
999999999999999999
434343434343434343
999999999999999999
838383838383838383
727272727272727272
494949494949494949
454545454545454545
999999999999999999
323232323232323232
595959595959595959
999999999999999999
575757575757575757
494949494949494949
494949494949494949
999999999999999999
999999999999999999
454545454545454545
999999999999999999
999999999999999999
797979797979797979
999999999999999999
444444444444444444
999999999999999999
323232323232323232
595959595656565656
999999999999999999
999999999999999999
999999999999999999
939393939393939393
373737373737373737
454545454545454545
434343434343434343
727272727272727272
838383838383838383
828282828282828282
494949494949494949
444444444444444444
494949494949494949
383838383838383838
595959595959595959
595959595959595959
555555555555555555
464646464646464646
939393939393939393
373737373737373737
444444444444444444
434343434343434343
717171717171717171
838383838383838383
727272727272727272
494949494949494949
444444444444444444
444444444444444444
323232323232323232
595959595959595959
979797979797979797
555555555555555555
464646464646464646
999999999999999999
373737373737373737
999999999999999999
434343434343434343
999999999999999999
898989898989898989
727272727272727272
494949494949494949
444444444444444444
999999999999999999
323232323232323232
515151515151515151
999999999999999999
999999999999999999
999999999999999999
999999999999999999
999999999999999999
999999999999999999
494949494949494949
999999999999999999
999999999999999999
949494949494949494
989898989898989898
545454545454545454
999999999999999999
323232323232323232
595959595955555555
999999999999999999
999999999999999999
999999999999999999
939393939393939393
373737373737373737
999999999999999999
434343434343434343
999999999999999999
858585858585858585
727272727272727272
494949494949494949
444444444444444444
999999999999999999
353535353535353535
595959595959595959
999999999999999999
595959595959595959
999999999999999999
939393939393939393
373737373737373737
454545454545454545
434343434343434343
727272727272727272
838383838383838383
828282828282828282
494949494949494949
444444444444444444
494949494949494949
383838383838383838
595959595959595959
797979797979797979
555555555555555555
464646464646464646
939393939393939393
373737373737373737
494949494949494949
494949494949494949
757575757575757575
838383838383838383
727272727272727272
494949494949494949
444444444444444444
494949494949494949
323232323232323232
595959595959595959
595959595959595959
555555555555555555
464646464646464646
939393939393939393
373737373737373737
999999999999999999
434343434343434343
797979797979797979
838383838383838383
747474747474747474
494949494949494949
444444444444444444
999999999999999999
323232323232323232
595959595959595959
999999999999999999
595959595959595959
474747474747474747
999999999999999999
999999999999999999
999999989898989898
999999999999999999
999999999999999999
999999999999999999
999999999999999999
999999999999999999
444444444444444444
999999999999999999
353535353535353535
999999999999999999
999999999999999999
999999999999999999
999999999999999999
939393939393939393
373737373737373737
999999999999999999
131313131313131313
797979797979797979
838383838383838383
727272727272727272
494949494949494949
444444444444444444
999999999999999999
323232323232323232
595959595959595959
999999999999999999
595959595959595959
474747474747474747
939393939393939393
373737373737373737
454545454545454545
434343434343434343
979797979797979797
838383838383838383
727272727272727272
494949494949494949
444444444444444444
444444444444444444
323232323232323232
595959595959595959
575757575757575757
555555555555555555
464646464646464646
959595959595959595
373737373737373737
999999999999999999
434343434343434343
999999999999999999
898989898989898989
727272727272727272
494949494949494949
444444444444444444
999999999999999999
323232323232323232
595959595959595959
999999999999999998
999999999999999999
999999999999999999
939393939393939393
373737373737373737
999999999999999999
434343434343434343
999999999999999999
838383838383838383
727272727272727272
494949494949494949
414141414141414141
999999999999999999
323232323232323232
595959595959595959
999999999999999999
595959595959595959
494949494949494949
939393939393939393
373737373737373737
454545454545454545
434343434343434343
979797979797878787
838383838383838383
727272727272727272
494949494949494949
747474747474747474
444444444444444444
323232323232323232
595959595959595959
575757575757575757
555555555555555555
464646464646464646
939393939393939393
373737373737373737
999999999999999999
434343434343434343
999999999999999999
838383838383838383
727272727272727272
494949494949494949
484848484848484848
999999999999999999
323232323232323232
595959595959595959
999999999999999999
575757575757575757
494949494949494949
939393939393939393
373737373737373737
454545454545454545
434343434343434343
979797979797979797
838383838383838383
727272727272727272
494949494949494949
444444444444444444
444444444444444444
323232323232323232
595959595959595959
575757575757575757
555555555555555555
666666666666666666
939393939393939393
373737373737373737
454545454545454545
434343434343434343
727272727272727272
838383838383838383
727272727272727272
595959595959595959
444444444444444444
444444444444444444
323232323232323232
595959595959595959
585858585858585858
555555555555555555
666666666666666666
999999999999999999
999999999999999999
999999999999999999
999999999999999999
999999999959595959
999999999999999999
999999999999999999
999999999999999999
444444444444444444
999999999999999999
191919191919191919
999999999999999999
999999999999999999
999999999999999999
999999999999999999
939393939393939393
373737373737373737
494949494949494949
636363636363636363
797979797979797979
838383838383838383
727272727272727272
494949494949494949
444444444444444444
595959595959595959
343434343434343434
595959595959595959
595959595959595959
555555555555555555
464646464646464646
999999999999999999
373737373737373737
999999989898989898
434343434343434343
999999999999999999
898989898989898988
787878787878787878
494949494949494949
444444444444444444
999999999999999999
626262626262626262
595959595959595959
999999999999999999
999999999999999999
999999999999999999
939393939393939393
373737373737373737
999999999898989898
434343434343434343
999999999999999999
838383838383838383
727272727272727272
494949494949494949
454545454545454545
999999999999999999
323232323232323232
595959595959595959
999999999999999999
595959595959595959
595959595959595959
939393939393939393
373737373737373737
999999999999999999
434343434343434343
999999999999999999
858585858585858585
727272727272727272
696969696969696969
444444444444444444
999999999999999979
323232323232323232
595959595959595959
999999999999999999
696969696969696919
999999999999999999
939393939393939393
373737373737373737
454545454545454545
434343434343434343
727272727272727272
838383838383838383
727272727272727272
494949494949494949
474747474747474727
494949494949494949
343434343434343434
595959595959595959
575757575757575757
555555555555555555
464646464646464646
999999999999999999
999999999999999999
959595959595959595
999999999999999999
999999999999999999
999999999999999999
999999999999999999
999999999999999999
454545454545454545
999999999999999999
393939393939191919
999999999999999999
999999999999999999
999999999999999999
999999999999999999
959595959595959595
373737373737373737
999999999999999999
434343434343434343
999999999999999999
898989898989898989
727272727272727272
494949494949494949
444444444444444444
999999999999999999
343434343434343434
595959595959595959
999999999999999999
999999999999999999
999999999999999999
939393939393939393
363636363636363636
454545454545454545
434343434343434343
727272727272727272
838383838383838383
727272727272727272
797979797979797979
444444444444444444
444444444444444444
323232323232323232
595959595959595959
575757575757575757
555555555555555555
464646464646464646
939393939393939393
373737373737373737
494949474747474747
434343434343434343
797979797979797979
838383838383838383
727272727272727272
494949464646464646
444444444444444444
999999999999999999
323232323232323232
565656565656565656
999999999999999999
555555555555555555
464646464646464646
999999999999999999
373737373737373737
454545454545454545
434343434343434343
727272727272727272
838383838383838383
727272727272727272
797979797979797979
444444444444444444
444444444444444444
323232323232323232
595959595959595959
575757575757575757
555555555555555555
464646464646464646
959595959595959595
373737373737373737
949494949494949494
434343434343434343
999999999999999999
898989898989898989
727272727272727272
494949494949494949
444444444444444444
999999999999999999
323232323232323232
595959595959595959
999999999999999999
999999999999999999
999999999999999999
939393939393939393
373737373737373737
999999999999999999
434343434343434343
393939393939393939
858585858585858585
727272727272727272
494949494949494949
444444444444444444
999999999999999979
323232323232323232
595959595959595959
999999999999999999
696969696969696919
999999999999999999
939393939393939393
373737373737373737
454545454545454545
434343434343434343
949494949494848484
838383838383838383
727272727272727272
494949494949494949
747474747474747474
444444444444444444
323232323232323232
595959595959595959
575757575757575757
555555555555555555
464646464646464646
999999999999999999
999999999999999999
959595959595959595
999999999999999999
999999999999999999
999999999999999999
999999999999999999
999999999999999999
454545454545454545
999999999999999999
393939393939393939
999999999999999999
999999999999999999
999999999999999999
999999999999999999
959595959595959595
373737373737373737
999999999999999999
434343434343434343
999999999999999999
898989898989898989
727272727272727272
454545454545454545
444444444444444444
999999999999999999
323232323232323232
595959595959595959
999999999999999999
999999999999999999
999999999999999999
999999999999999999
999999999999999999
757575757575757575
999999999999999999
999999999999999999
999999999999999999
999999999999999999
999999999999999999
454545454545454545
999999999999999999
393939393939393939
999999999999999999
999999999999999999
999999999999797979
999999999999999999
535353535353535353
373737373737373737
454545454545454545
434343434343434343
727272727272727272
838383838383838383
727272727272727272
494949494949494949
444444444444444444
494949494949494949
323232323232323232
595959595959595959
575757575757575757
555555555555555555
464646464646464646
939393939393939393
373737373737373737
999999999999999999
434343434343434343
797979797979797979
838383838383838383
727272727272727272
494949494949494949
444444444444444444
999999999999999999
323232323232323232
595959595959595959
999999999999999999
555555555555555555
595959595959595959
939393939393939393
373737373737373737
494949494949494949
434343434343434343
797979797979797979
838383838383838383
727272727272727272
494949494949494949
444444444444444444
999999999999999999
323232323232323232
595959595959595959
595959595959595959
959595959595959595
464646464646464646
939393939393939393
373737373737373737
999999999999999999
434343434343434343
999999999999999999
838383838383838383
727272727272727272
494949494949494949
454545454545454545
999999999999999999
323232323232323232
595959595959595959
999999999999999999
575757575757575757
474747474747474747
999999999999999999
999999999898989898
999999999999999999
999999999999999999
999999999999999999
989898989898989898
999999999999999999
999999999999999999
454545454545454545
999999999999999999
393939393939393939
999999999999999999
999999999999999999
999999999999999999
999999999999999999
999999999999999999
373737373737373737
999999989898989898
434343434343434343
797979797979797979
898989898989898989
727272727272727272
494949494949494949
444444444441414141
999999999999999999
686868686868686868
595959595959595959
999999999999999999
999999999999999999
999999999999999999
939393939393939393
373737373737373737
454545454545454545
434343434343434343
727272727272727272
838383838383838383
727272727272727272
494949494949494949
444444444444444444
494949494949494949
323232323232323231
595959595959595959
575757575757575757
595959595959595959
464646464646464646
999999999999999999
383838383838383838
999999989898989898
434343434343434343
999999999999999999
898989898989898989
727272727272727272
999999999999999999
444444444444444444
999999999999999999
686868686868686868
595959595959595959
999999999999999999
999999999999999999
999999999999999999
939393939393939393
373737373737373737
999999999999999999
434343434343434343
999999999898989898
838383838383838383
727272727272727272
484848484848484848
444444444444444444
979797979797979797
323232323232323232
595959595959595959
999999999999999999
595959595959595959
494949494949494949
999999999999999999
373737373737373737
999999999999999999
434343434343434343
999999999999999999
878787878787878787
727272727272727272
999999999797979797
444444444444444444
999999999999999999
727272727272727272
595959595959595959
999999999999999999
999999999999999999
999999999999999999
939393939393939393
575757575757575757
494949494949494949
434343434343434343
797979797979797979
939393939393939393
727272727272727272
494949494949494949
444444444444444444
999999999999999999
323232323232323232
595959595959595959
999999999999999999
555555555555555555
464646464646464646
939393939393939393
373737373737373737
454545454545454545
434343434343434343
727272727272727272
838383838383838383
727272727272727272
585858585858585858
444444444444444444
444444444444444444
323232323232323232
595959595959595959
575757575757575757
555555555555555555
666666666666666666
999999999999999999
999999999999999999
999999999989898989
494949494949494949
999999999999999999
999999999999999999
949494949494949494
989898989898989898
444444444444444444
999999999999999999
323232323232323232
595959595959595959
999999999999999999
999999999999999999
999999999999999999
939393939393939393
373737373737373737
979797979797979797
434343434343434343
797979797979797979
838383838383838383
727272727272727272
494949494949494949
444444444444444444
999999999999999999
323232323232323232
595959595959595959
999999999999999999
595959595959595959
474747474747474747
939393939393939393
373737373737373737
454545454545454545
434343434343434343
727272727272727272
838383838383838383
727272727272727272
494949494949494949
444444444444444444
494949494949494949
424242424242424242
595959595959595959
575757575757575757
555555555555555555
464646464646464646
939393939393939393
373737373737373737
454545454545454545
434343434343434343
727272727272727272
838383838383838383
727272727272727272
797979797979797979
444444444444444444
444444444444444444
323232323232323232
595959595959595959
575757575757575757
959595959595959595
464646464646464646
939393939393939393
373737373737373737
979797979797979797
434343434343434343
797979797979797979
838383838383838383
727272727252525252
494949494949494949
444444444444444444
999999999999999999
323232323232323232
595959595959595959
999999999999999999
595959595959595959
474747474747474747
999999999999999999
999999999999999999
999999999999999999
525252525858585858
999999999999999999
999999999999999999
999999999999999999
999999999999999999
444444444444444444
999999999999999999
323232323232323232
999999999999999999
999999999999999999
999999999999999999
999999999999999999
939393939393939393
373737373737373737
999999999999999999
434343434343434343
797979797979797979
838383838383838383
727272727272727272
464646464646464646
444444444444444444
999999999999999999
323232323232323232
595959595959595959
999999999999999969
555555555555555555
595959595959595959
999999999999999999
373737373737373737
454545454545454545
434343434343434343
727272727272727272
838383838383838383
727272727272727272
797979797979797979
494949494949494949
444444444444444444
323232323232323232
595959595959595959
575757575757575757
555555555555555555
464646464646464646
939393939393939393
373737373737373737
999999999999999999
434343434343434343
999999999999999999
858585858585858585
727272727272727272
494949494949494949
464646464646464646
999999999999999999
323232323232323232
595959595959595959
999999999999999999
595959595959595959
999999999999999999
999999999999999999
999999999999999999
999999999999999999
999999999999999999
999999999999999999
999999999999999999
999999999999999999
999999999999999999
444444444444444444
999999999999999999
797979797979797979
999999999999999999
999999999999999999
999999999999999999
999999999999999999
999999999999999999
999999999999999999
999999999999999999
494949494949494949
999999999999999999
999999999999999999
797979797979797979
949494949494949494
444444444444444444
999999999999999999
323232323232323232
595959191919191919
999999999999999999
999999999999999999
999999999999999999
939393939393939393
373737373737373737
999999999999999999
434343434343434343
797979797979797979
838383838383838383
797979797979797979
494949494949494949
444444444444444444
999999999999999999
323232323232323232
595959595959595959
999999999999999999
595959595959595959
494949494949494949
939393939393939393
373737373737373737
454545454545454545
434343434343434343
919191919191919191
838383838383838383
828282828282828282
494949494949494949
484848484848484848
444444444444444444
323232323232323232
595959595959595959
575757575757575757
555555555555555555
464646464646464646
999999999999999999
999999999999999999
999999999999999999
454545454545454545
999999999999999999
999999999999999999
797979797979797979
999999999999999999
444444444444444444
999999999999999999
323232323232323232
595959595656565656
999999999999999999
999999999999999999
999999999999999998
959595959595959595
323232323232323232
999999999999999999
434343434343434343
999999999999999999
898989898989898989
727272727272727272
494949494949494949
444444444444444444
999999999999999999
323232323232323232
595959595959595959
999999999999999999
999999999999999999
999999999999999999
939393939393939393
373737373737373737
999999999999999999
434343434343434343
999999999999999999
838383838383838383
727272727272727272
494949494949494949
444444444444444444
999999999999999999
323232323232323232
595959595959595959
999999999999999999
585858585858585858
494949494949494949
939393939393939393
373737373737373737
999999999999999999
434343434343434343
999999999999999999
838383838383838383
727272727272727272
191919191919191919
444444444444444444
999999999999999999
323232323232323232
595959595959595959
999999999999999999
585858585858585858
494949494949494949
939393939393939393
373737373737373737
494949494949494949
434343434343434343
797979797979797979
838383838383838383
797979797979797979
494949494949494949
444444444444444444
595959595959595959
323232323232323232
595959595959595959
595959595959595959
555555555555555555
464646262626262626
939393939393939393
313131313131313131
454545454545454545
434343434343434343
717171717171717171
838383838383838383
727272727272727272
494949494949494949
444444444444444444
444444444444444444
323232323232323232
595959595959595959
575757575757575757
555555555555555555
464646464646464646
939393939393939393
373737373737373737
454545434343434343
434343434343434343
727272727272727272
838383838383838383
727272727272727272
494949494949494949
444444444444444444
494949494949494949
323232323232323232
595959595959595959
595959595959595959
555555555555555555
464646464646464646
939393939393939393
373737373737373737
999999999999999999
434343434343434343
797979797979797979
838381818181818181
727272727272727272
494949494949494949
444444444444444444
999999999999999999
323232323232323232
595959595959595959
999999999999999999
555555555555555555
979797979797979797
999999999999999999
989898989898989898
999999999999999999
999999999999999999
999999999999999999
999999999999999999
999999999999999999
999999999999999999
646464646464646464
999999999999999999
393939393939391919
999999999696969696
999999999999999999
999999999999999999
999999999999999999
939393939393939393
373737373737373737
454545454545454545
424242424242424242
727272727272727272
838383838383838383
828282828282828282
494949494949494949
444444444444444444
494949494949494949
383838383838383838
595959595959595959
797979797979797979
555555555555555555
464646464646464646
939393939393939393
373737373737373737
999999999999999999
434343434343434343
999999999999999999
838383838383838383
727272727272727272
595959595959595959
454545454545454545
999999999999999999
323232323232323232
595959595959595959
999999999999999999
595959595959595959
494949494949494949
939393939393939393
373737373737373737
454545454545454545
434343434343434343
727272727272727272
838383838383838383
727272727272727272
595959595959595959
444444444444444444
848484848484848484
323232323232323232
595959595959595959
585858585858585858
555555555555555555
666666666666666666
939393939393939393
343434343434343434
999999999999999999
434343434343434343
797979797979797979
838383838383838383
727272727272727272
494949494949494949
444444444444444444
999999999999999999
323232323232323232
595959595959595959
999999999999999999
555555555555555555
595959595959595959
939393939393939393
373737373737373737
999999999999999999
434343434343434343
999999999999999999
838383838383838383
797979797979797979
494949494949494949
444444444444444444
999999999999999999
323232323232323232
595959595959595959
999999999999999999
585858585858585858
494949494949494949
939393939393939393
373737373737373737
999999999898989898
434343434343434343
797979797979797979
858585858585858585
727272727272727272
696969696969696868
444444444444444444
999999999999999979
323232323232323232
595959595959595959
999999999999999999
696969696969696919
999999999999999999
939393939393939393
373737373737373737
999999999999999999
333333333333333333
797979797979797979
838383838383838383
727272727272727272
494949494949494949
444444444444444444
999999999999999999
323232323232323232
595959595959595959
999999999999999999
555555555555555555
474747474747474747
939393939393939393
373737373737373737
999999999999999999
434343434343434343
999999999999999999
858585858585858585
727272727272727272
474747474747474747
444444444444444444
999999999999999999
323232323232323232
595959595959595959
999999999999999999
595959595959595959
999999999999999999
939393939393939393
373737373737373737
494949494949494949
434343434343434343
797979797979797979
838383838383838383
727272727272727272
474747474747474747
444444444444444444
999999999999999999
323232323232323232
595959595959595959
999999999999999999
555555555555555555
464646464646464646
939393939393939393
171717171717171717
999999999999999999
434343434343434343
999999999999999999
858585858585858585
727272727272727272
494949494949494949
464646464646464646
999999999999999999
323232323232323232
595959595959595959
999999999999999999
595959595959595959
999999999999999999
939393939393939393
373737373737373737
494949494949494949
434343434343434343
797979797979797979
838383838383838383
727272727272727272
696969696969696969
444444444444444444
999999999999999999
323232323232323232
595959595959595959
999999999999999999
555555555555555555
464646464646464646
939393939393939393
373737373737373737
494949494949494949
434343434343434343
757575757575757575
838383838383838383
787878787878787878
494949494949494949
444444444444444444
494949494949494949
323232323232323232
595959595959595959
595959595959595959
555555555555555555
464646464646464646
939393939393939393
373737373737373737
999999999999999999
434343434343434343
797979797979797979
838383838383838383
727272727272727272
797979797979797979
444444444444444444
999999999999999999
323232323232323232
595959595959595959
999999999999999999
595959595959595959
474747474747474747
959595959595959595
373737373737373737
999999999999999999
434343434343434343
999999999999999999
898989898989898989
727272727272727272
494949494949494949
444444444444444444
999999999999999999
343434313131313131
595959595959595959
999999999999999999
999999999999999999
999999999999999999
999999999999999999
373737373737373737
999999999999999999
434343434343434343
999999999999999999
898989898989898989
727272727272727272
494949494949494949
444444444444444444
999999999999949494
626262626262626262
797979797979797979
999999999999999999
999999999999999999
999999999999999999
999999999999999999
999999999999999999
999999999999999999
494949494949494949
999999999999999999
696969696969696969
999999999999999999
989898989898989898
444444444444444444
999999999999999999
323232323232323232
595959595959595959
999999999999999999
999999999999999999
999999999999999999
939393939393939393
373737373737373737
424242424242424242
434343434343434343
727272727272727272
838383838383838383
727272727272727272
494949494949494949
474747474747474727
494949494949494949
343434343434343434
595959595959595959
575757575757575757
555555555555555555
464646464646464646
939393939393939392
373737373737373737
494949494949494949
434343434343434343
797979797979797979
838383838383838383
727272727272727272
696969696969696969
444444444444444444
999999999999999999
323232323232323232
595959595959595959
999999999999999999
555555555555555555
464646464646464646
939393939393939393
373737373737373737
494949494949494949
494949494949494949
757575757575757575
838383838383838383
727272727272727272
494949494949494949
444444444444444444
494949494949494949
323232323232323232
595959595959595959
797979797979797979
555555555555555555
464646464646464646
999999999999999999
595959595959595959
999999999999999999
434343434343434343
999999999999999999
999999999999999999
797979797979797979
959595959595959595
444444444444444444
999999999999999999
323232323232323232
595959595959595959
999999999999999999
999999999999999999
999999999999999999
999999999999696969
595959595959595959
949494949494949494
434343434343434343
999999999999999999
999999999999999999
797979797979797979
999999999999999999
444444444444444444
999999999999999999
323232323232323232
595959595959595959
999999999999999999
999999999999999999
999999999999999999
999999999999999999
383838383838383838
999999989898989898
434343434343434343
999999999999999999
696969696565656565
727272727272727272
999999999999999999
444444444444444444
999999999999999999
686868686868686868
595959595959595959
999999999999999999
999999999999999999
999999999999999999
999999999999999999
373737373737373737
999999999999999999
434343434343434343
999999999999999999
878787878787878787
727272727272727272
999999999797979797
444444444444444444
999999999999999999
727272727272727272
515151515141414141
999999999999999999
999999999999999999
999999999999999999
939393939393939393
373737373737373737
494949494949494949
434343434343434343
737373737373737373
838383838383838383
727272727272727272
292929292929292929
444444444444444444
494949494949494949
828282828282828282
595959595959595959
595959595959595959
555555555555555555
464646464646464646
999999999999999999
373737373737373737
959595959595959595
434343434343434343
727272727272727272
838383838383838383
727272727272727272
797979797979797979
444444444444444444
444444444444444444
323232323232323232
595959595959595959
575757575757575757
555555555555555555
464646464646464646
999999999999999999
343434343434343434
999999999999999999
434343434343434343
999999999999999999
898989898989898989
727272727272727272
494949494949494949
444444444444444444
999999999999999999
626262626262626262
797979797979797979
999999999999999999
999999999999999999
999999999999999999
999999999999999999
999999999999999999
999999999999999999
999999999999999999
999999898989898989
999999999999999999
999999999999999999
959595959595959595
444444444444444444
999999999999999999
333333333333333333
999999999999999999
999999999999999999
999999999999999999
999999999999999999
797979797979797979
999999999999999999
999999999999999999
999999999999999999
999999999999999999
999999999999999999
999999999999999999
999999999999999999
999999999999999999
999999999999999999
999999999999999999
999999999999999999
999999999999999999
999999999999999999
999999999999999999
939393939393939393
373737373737373737
454545454545454545
434343434343434343
727272727272727272
838383838383838383
727272727272727272
494949494949494949
444444444444444444
191919191919191919
323232323232323232
595959595959595959
595959595959595959
555555555555555555
464646464646464646
999999999999999999
595959595959595959
999999999999989898
434343434343434343
999999999999999999
999999999999999999
797979797979797979
959595959595989898
444444444444444444
999999999999999999
323232323232323232
595959595959595959
999999999999999999
999999999999999999
999999999999999999
999999999999999999
373737373737373737
999999989898989898
434343434343434343
999999999999999999
898989898989898989
727272727272727272
494949494949494949
444444444444444444
999999999999949494
626262626262626262
595959595956565656
999999999999999999
999999999999999999
999999999999999999
939393939393939393
373737373737373737
454545454545454545
434343434343434343
717171717171717171
838383838383838383
727272727272727272
494949494949494949
444444444444444444
444444444444444444
323232323232323232
595949494949494949
575757575757575757
555555555555555555
474747474747474747
999999999999999999
979797979797979797
999999999999999999
999999999999999999
999999999999999999
999999999999999999
999999999999999999
999999999999999999
999999999999999999
999999999999999999
999999999999999999
999999999999999999
999999999999999999
999999999999999999
969696969696969696
999999999999999999
373737373737373737
999999989898989898
434343434343434343
999999999999999999
898989898989898989
727272727272727272
797979797977777777
444444444444444444
999999999999949494
626262626262626262
595959595959595959
999999999999999999
999999999999999999
999999999999999999
999999999999999999
373737373737373737
959595959595959595
434343434343434343
727272727272727272
838383838383838383
626262626262626262
797979797979797979
444444444444444444
444444444444444444
323232323232323232
595959595959595959
575757575757575757
555555555555555555
464646464646464646
939393939393939393
373737373737373737
999999999999999999
434343434343434343
999999999999989898
858585858585858585
929292929292929292
494949494949494949
444444444444444444
999999999999999999
323232323232323232
595959595959595959
999999999999999999
595959595959595959
999999999999999999
999999999999999999
999999999999999999
999999999999999999
999999999999999999
999998989898989898
999999999999999999
999999999999999999
999999999999999999
999999999999999999
999999999999999999
999999999999999999
999999999999999999
999999999999999999
999999999999999999
969696969696969696
939393939393939392
373737373737373737
494949494949494949
434343434343434343
797979797979797979
838383838383838383
727272727272727272
696969696969696969
444444444444444444
999999999999999999
424242424242424242
595959595959595959
999999999999999999
555555555555555555
464646464646464646
737373737373737373
373737373737373737
999999999999999999
434343434343434343
999999999999999999
858585858585858585
727272727272727272
494949494949494949
444444444444444444
999999999999999999
353535353535353535
595959595959595959
999999999999999999
595959595959595959
999999999999999999
939393939393939393
373737373737373737
454545454545454545
434343434343434343
727272727272727272
838383838383838383
727272727272727272
585858585858585858
454545454545454545
444444444444444444
323232323232323232
595959595959595959
575757575757575757
555555555555555555
666666666666666666
999999999999999999
373737373737373737
999999989898989898
434343434343434343
999999999999999999
898989898989898989
797979797979797979
494949494949494949
444444444444444444
999999999999999999
626262626262626262
595959595959595959
999999999979797979
999999999999999999
999999999999999999
939393939393939393
373737373737373737
999999999999999999
434343434343434343
797979797979797979
838383838383838383
727272727272727272
414141414141414141
444444444444444444
999999999999999999
323232323232323232
595959595959595959
999999999999999999
555555555555555555
474747474747474747
999999999999999999
393939393939393939
999999999999999999
434343434343434343
989898989898989898
999999999999999999
737373737373737373
999999999999999999
444444444444444444
999999999999999999
323232323232323232
595959595959595959
999999999999999999
999999999999999999
999999999999999999
939393939393939393
373737373737373737
999999999999999999
131313131313131313
999999999999999999
838383838383838383
727272727272727272
494949494949494949
444444444444444444
999999999999999999
323232323232323232
595959595959595959
999999999999999999
595959595959595959
595959595959595959
939393939393939393
373737373737373737
494949494949494949
434343434343434343
737373737373333333
838383838383838383
727272727272727272
494949494949494949
444444444444444444
494949494949494949
323232323232323232
595959595959595959
595959595959595959
575757575757575757
464646464646464646
939393939393939393
373737373737373737
191919191919191919
494949494949494949
757575757575757575
838383838383838383
727222222222222222
494949494949494949
444444444444444444
494949494949494949
323232323232323232
595959595959595959
797979797979797979
555555555555555555
464646464646464646
