3338401392
10 8 50
9999999999999999
9999999999999999
9999999999999999
9999999999999999
9999999999999999
9999999999999999
9999999999999999
9999999999999999
9999999999999999
9999999999999999
9999999999999999
9999999999999999
5959595959595959
9999999999999999
9999999999999999
9999999999999999
9999999999999999
9999999999999999
9999999999999999
9999999999999999
9999999999999999
9999999999999999
3939393939393939
9999999999999999
9999999999999999
9999999999999999
9999999999999999
9999999999999999
9999999999999999
9999999999999999
9999999999999999
9999999999999999
2929292929292929
9999999999999999
9999999999999999
9999999999999999
9999999999999999
9999999999999999
9999999999999999
9999999999999999
9999999999999999
9999999999999999
2525252525252525
9999999999999999
9999999999999999
9999999999999999
9999999999999999
9999999999999999
9999999999999999
9999999999999999
9999999999999999
9999999999999999
2323232323232323
9999999999999999
9999999999999999
9999999999999999
9999999999999999
9999999999999999
9999999999999999
9999999999999999
9999999999999999
9999999999999999
2424242424242424
9999999999999999
9999999999999999
9999999999999999
9999999999999999
9999999999999999
9999999999999999
9999999999999999
9999999999999999
5959595959595959
2424242424242424
9999999999999999
9999999999999999
9999999999999999
9999999999999999
9999999999999999
9999999999999999
9999999999999999
9999999999999999
3939393939393939
2424242424242424
9999999999999999
9999999999999999
9999999999999999
9999999999999999
9999999999999999
9999999999999999
9999999999999999
9999999999999999
2929292929292929
2424242424242424
9999999999999999
9999999999999999
9999999999999999
9999999999999999
9999999999999999
9999999999999999
9999999999999999
9999999999999999
3939393939393939
2424242424242424
9999999999999999
9999999999999999
5959595959595959
9999999999999999
9999999999999999
9999999999999999
9999999999999999
9999999999999999
3939393939393939
2424242424242424
9999999999999999
9999999999999999
7979797979797979
9999999999999999
9999999999999999
9999999999999999
9999999999999999
9999999999999999
3939393939393939
2424242424242424
9999999999999999
9999999999999999
6969696969696969
9999999999999999
9999999999999999
9999999999999999
9999999999999999
9999999999999999
3535353535353535
2424242424242424
9999999999999999
9999999999999999
7979797979797979
9999999999999999
9999999999999999
9999999999999999
9999999999999999
9999999999999999
3333333333333333
2424242424242424
9999999999999999
9999999999999999
7979797979797979
9999999999999999
9999999999999999
9999999999999999
9999999999999999
9999999999999999
3232323232323232
2424242424242424
9999999999999999
9999999999999999
7979797979797979
9999999999999999
9999999999999999
9999999999999999
9999999999999999
9999999999999999
3232323232323232
2424242424242424
9999999999999999
5959595959595959
7979797979797979
9999999999999999
9999999999999999
9999999999999999
9999999999999999
9999999999999999
3232323232323232
2424242424242424
9999999999999999
3939393939393939
7979797979797979
9999999999999999
9999999999999999
9999999999999999
9999999999999999
9999999999999999
3232323232323232
2424242424242424
9999999999999999
4949494949494949
7979797979797979
9999999999999999
9999999999999999
9999999999999999
9999999999999999
9999999999999999
3232323232323232
2424242424242424
9999999999999999
4949494949494949
7575757575757575
9999999999999999
9999999999999999
9999999999999999
9999999999999999
9999999999999999
3232323232323232
2424242424242424
9999999999999999
4949494949494949
7373737373737373
9999999999999999
9999999999999999
9999999999999999
9999999999999999
9999999999999999
3232323232323232
2424242424242424
9999999999999999
4949494949494949
7272727272727272
9999999999999999
9999999999999999
9999999999999999
9999999999999999
9999999999999999
3232323232323232
2424242424242424
9999999999999999
4949494949494949
7272727272727272
5959595959595959
9999999999999999
9999999999999999
9999999999999999
9999999999999999
3232323232323232
2424242424242424
9999999999999999
4949494949494949
7272727272727272
7979797979797979
9999999999999999
9999999999999999
9999999999999999
9999999999999999
3232323232323232
2424242424242424
9999999999999999
4949494949494949
7272727272727272
6969696969696969
9999999999999999
9999999999999999
9999999999999999
9999999999999999
3232323232323232
2424242424242424
9999999999999999
4545454545454545
7272727272727272
7979797979797979
9999999999999999
9999999999999999
9999999999999999
9999999999999999
3232323232323232
2424242424242424
9999999999999999
4343434343434343
7272727272727272
7979797979797979
9999999999999999
9999999999999999
9999999999999999
9999999999999999
3232323232323232
2424242424242424
9999999999999999
4444444444444444
7272727272727272
7979797979797979
9999999999999999
9999999999999999
9999999999999999
9999999999999999
3232323232323232
2424242424242424
9999999999999999
4545454545454545
7272727272727272
7979797979797979
5959595959595959
9999999999999999
9999999999999999
9999999999999999
3232323232323232
2424242424242424
9999999999999999
4545454545454545
7272727272727272
7979797979797979
3939393939393939
9999999999999999
9999999999999999
9999999999999999
3232323232323232
2424242424242424
9999999999999999
4545454545454545
7272727272727272
7979797979797979
2929292929292929
9999999999999999
9999999999999999
9999999999999999
3232323232323232
2424242424242424
9999999999999999
4545454545454545
7272727272727272
7575757575757575
3939393939393939
9999999999999999
9999999999999999
9999999999999999
3232323232323232
2424242424242424
9999999999999999
4545454545454545
7272727272727272
7777777777777777
3939393939393939
9999999999999999
9999999999999999
9999999999999999
3232323232323232
2424242424242424
9999999999999999
4545454545454545
7272727272727272
7676767676767676
3939393939393939
9999999999999999
9999999999999999
9999999999999999
3232323232323232
2424242424242424
9999999999999999
4545454545454545
7272727272727272
7777777777777777
3939393939393939
5959595959595959
9999999999999999
9999999999999999
3232323232323232
2424242424242424
9999999999999999
4545454545454545
7272727272727272
7777777777777777
3939393939393939
3939393939393939
9999999999999999
9999999999999999
3232323232323232
2424242424242424
9999999999999999
4545454545454545
7272727272727272
7777777777777777
3939393939393939
2929292929292929
9999999999999999
9999999999999999
3232323232323232
2424242424242424
9999999999999999
4545454545454545
7272727272727272
7777777777777777
3535353535353535
3939393939393939
9999999999999999
9999999999999999
3232323232323232
2424242424242424
9999999999999999
4545454545454545
7272727272727272
7777777777777777
3333333333333333
3939393939393939
9999999999999999
9999999999999999
3232323232323232
2424242424242424
9999999999999999
4545454545454545
7272727272727272
7777777777777777
3434343434343434
3939393939393939
9999999999999999
9999999999999999
3232323232323232
2424242424242424
9999999999999999
4545454545454545
7272727272727272
7777777777777777
3535353535353535
3535353535353535
9999999999999999
9999999999999999
3232323232323232
2424242424242424
9999999999999999
4545454545454545
7272727272727272
7777777777777777
3535353535353535
3333333333333333
9999999999999999
9999999999999999
3232323232323232
2424242424242424
9999999999999999
4545454545454545
7272727272727272
7777777777777777
3535353535353535
3232323232323232
9999999999999999
9999999999999999
3232323232323232
2424242424242424
9999999999999999
4545454545454545
7272727272727272
7777777777777777
3535353535353535
3232323232323232
5959595959595959
9999999999999999
3232323232323232
2424242424242424
9999999999999999
4545454545454545
7272727272727272
7777777777777777
3535353535353535
3232323232323232
3939393939393939
9999999999999999
3232323232323232
2424242424242424
9999999999999999
4545454545454545
7272727272727272
7777777777777777
3535353535353535
3232323232323232
2929292929292929
5959595959595959
3232323232323232
2424242424242424
9999999999999999
4545454545454545
7272727272727272
7777777777777777
3535353535353535
3232323232323232
3939393939393939
3939393939393939
3232323232323232
2424242424242424
9999999999999999
4545454545454545
7272727272727272
7777777777777777
3535353535353535
3232323232323232
3939393939393939
4949494949494949
3232323232323232
2424242424242424
9999999999999999
4545454545454545
7272727272727272
7777777777777777
3535353535353535
3232323232323232
3939393939393939
4949494949494949
3232323232323232
2424242424242424
5959595959595959
4545454545454545
7272727272727272
7777777777777777
3535353535353535
3232323232323232
3939393939393939
