2913560971
13 15 50
999999999999999999999999999999
999999999999999999999999999999
999999999999999999999999999999
999999999999999999999999999999
999999999999999999999999999999
999999999999999999999999999999
999999999999999999999999999999
999999999999999999999999999999
999999999999999999999999999999
999999999999999999999999999999
999999999999999999999999999999
999999999999999999999999999999
999999999999999999999999999999
999999999999999999999999999999
999999999999999999999999999999
999999999999999999999999999999
999999999999999999999999999999
999999999999999999999999999999
999999999999999999999999999999
999999999999999999999999999999
595959595959595959595959595959
999999999999999999999999999999
999999999999999999999999999999
999999999999999999999999999999
999999999999999999999999999999
999999999999999999999999999999
999999999999999999999999999999
999999999999999999999999999999
999999999999999999999999999999
999999999999999999999999999999
999999999999999999999999999999
999999999999999999999999999999
999999999999999999999999999999
393939393939393939393939393939
999999999999999999999999999999
999999999999999999999999999999
999999999999999999999999999999
999999999999999999999999999999
999999999999999999999999999999
999999999999999999999999999999
999999999999999999999999999999
999999999999999999999999999999
999999999999999999999999999999
999999999999999999999999999999
999999999999999999999999999999
999999999999999999999999999999
494949494949494949494949494949
999999999999999999999999999999
999999999999999999999999999999
999999999999999999999999999999
999999999999999999999999999999
999999999999999999999999999999
999999999999999999999999999999
999999999999999999999999999999
999999999999999999999999999999
999999999999999999999999999999
999999999999999999999999999999
999999999999999999999999999999
999999999999999999999999999999
454545454545454545454545454545
999999999999999999999999999999
999999999999999999999999999999
999999999999999999999999999999
999999999999999999999999999999
999999999999999999999999999999
999999999999999999999999999999
999999999999999999999999999999
999999999999999999999999999999
999999999999999999999999999999
999999999999999999999999999999
999999999999999999999999999999
999999999999999999999999999999
434343434343434343434343434343
999999999999999999999999999999
999999999999999999999999999999
999999999999999999999999999999
999999999999999999999999999999
999999999999999999999999999999
999999999999999999999999999999
999999999999999999999999999999
999999999999999999999999999999
999999999999999999999999999999
999999999999999999999999999999
999999999999999999999999999999
999999999999999999999999999999
424242424242424242424242424242
999999999999999999999999999999
999999999999999999999999999999
999999999999999999999999999999
999999999999999999999999999999
999999999999999999999999999999
999999999999999999999999999999
999999999999999999999999999999
999999999999999999999999999999
595959595959595959595959595959
999999999999999999999999999999
999999999999999999999999999999
999999999999999999999999999999
424242424242424242424242424242
999999999999999999999999999999
999999999999999999999999999999
999999999999999999999999999999
999999999999999999999999999999
999999999999999999999999999999
999999999999999999999999999999
999999999999999999999999999999
999999999999999999999999999999
393939393939393939393939393939
999999999999999999999999999999
999999999999999999999999999999
999999999999999999999999999999
424242424242424242424242424242
999999999999999999999999999999
999999999999999999999999999999
999999999999999999999999999999
999999999999999999999999999999
999999999999999999999999999999
999999999999999999999999999999
999999999999999999999999999999
999999999999999999999999999999
292929292929292929292929292929
999999999999999999999999999999
999999999999999999999999999999
999999999999999999999999999999
424242424242424242424242424242
999999999999999999999999999999
999999999999999999999999999999
999999999999999999999999999999
999999999999999999999999999999
999999999999999999999999999999
999999999999999999999999999999
999999999999999999999999999999
999999999999999999999999999999
393939393939393939393939393939
999999999999999999999999999999
999999999999999999999999999999
999999999999999999999999999999
424242424242424242424242424242
999999999999999999999999999999
999999999999999999999999999999
999999999999999999999999999999
595959595959595959595959595959
999999999999999999999999999999
999999999999999999999999999999
999999999999999999999999999999
999999999999999999999999999999
393939393939393939393939393939
999999999999999999999999999999
999999999999999999999999999999
999999999999999999999999999999
424242424242424242424242424242
999999999999999999999999999999
999999999999999999999999999999
999999999999999999999999999999
797979797979797979797979797979
999999999999999999999999999999
999999999999999999999999999999
999999999999999999999999999999
999999999999999999999999999999
393939393939393939393939393939
999999999999999999999999999999
999999999999999999999999999999
999999999999999999999999999999
424242424242424242424242424242
999999999999999999999999999999
999999999999999999999999999999
999999999999999999999999999999
696969696969696969696969696969
999999999999999999999999999999
999999999999999999999999999999
999999999999999999999999999999
999999999999999999999999999999
393939393939393939393939393939
999999999999999999999999999999
999999999999999999999999999999
999999999999999999999999999999
424242424242424242424242424242
999999999999999999999999999999
999999999999999999999999999999
999999999999999999999999999999
696969696969696969696969696969
595959595959595959595959595959
999999999999999999999999999999
999999999999999999999999999999
999999999999999999999999999999
393939393939393939393939393939
999999999999999999999999999999
999999999999999999999999999999
999999999999999999999999999999
424242424242424242424242424242
999999999999999999999999999999
999999999999999999999999999999
999999999999999999999999999999
696969696969696969696969696969
393939393939393939393939393939
999999999999999999999999999999
999999999999999999999999999999
999999999999999999999999999999
393939393939393939393939393939
999999999999999999999999999999
999999999999999999999999999999
999999999999999999999999999999
424242424242424242424242424242
999999999999999999999999999999
999999999999999999999999999999
999999999999999999999999999999
696969696969696969696969696969
494949494949494949494949494949
999999999999999999999999999999
999999999999999999999999999999
999999999999999999999999999999
393939393939393939393939393939
999999999999999999999999999999
999999999999999999999999999999
999999999999999999999999999999
424242424242424242424242424242
999999999999999999999999999999
595959595959595959595959595959
999999999999999999999999999999
696969696969696969696969696969
595959595959595959595959595959
999999999999999999999999999999
999999999999999999999999999999
999999999999999999999999999999
393939393939393939393939393939
999999999999999999999999999999
999999999999999999999999999999
999999999999999999999999999999
424242424242424242424242424242
999999999999999999999999999999
797979797979797979797979797979
999999999999999999999999999999
696969696969696969696969696969
595959595959595959595959595959
999999999999999999999999999999
999999999999999999999999999999
999999999999999999999999999999
393939393939393939393939393939
999999999999999999999999999999
999999999999999999999999999999
999999999999999999999999999999
424242424242424242424242424242
999999999999999999999999999999
696969696969696969696969696969
999999999999999999999999999999
696969696969696969696969696969
595959595959595959595959595959
999999999999999999999999999999
595959595959595959595959595959
999999999999999999999999999999
393939393939393939393939393939
999999999999999999999999999999
999999999999999999999999999999
999999999999999999999999999999
424242424242424242424242424242
999999999999999999999999999999
696969696969696969696969696969
999999999999999999999999999999
696969696969696969696969696969
595959595959595959595959595959
999999999999999999999999999999
393939393939393939393939393939
999999999999999999999999999999
393939393939393939393939393939
999999999999999999999999999999
999999999999999999999999999999
999999999999999999999999999999
424242424242424242424242424242
999999999999999999999999999999
696969696969696969696969696969
999999999999999999999999999999
696969696969696969696969696969
595959595959595959595959595959
999999999999999999999999999999
494949494949494949494949494949
999999999999999999999999999999
393939393939393939393939393939
999999999999999999999999999999
999999999999999999999999999999
999999999999999999999999999999
424242424242424242424242424242
999999999999999999999999999999
696969696969696969696969696969
999999999999999999999999999999
696969696969696969696969696969
595959595959595959595959595959
999999999999999999999999999999
494949494949494949494949494949
999999999999999999999999999999
353535353535353535353535353535
999999999999999999999999999999
999999999999999999999999999999
999999999999999999999999999999
424242424242424242424242424242
999999999999999999999999999999
696969696969696969696969696969
999999999999999999999999999999
696969696969696969696969696969
595959595959595959595959595959
999999999999999999999999999999
494949494949494949494949494949
999999999999999999999999999999
333333333333333333333333333333
999999999999999999999999999999
999999999999999999999999999999
999999999999999999999999999999
424242424242424242424242424242
999999999999999999999999999999
696969696969696969696969696969
999999999999999999999999999999
696969696969696969696969696969
595959595959595959595959595959
999999999999999999999999999999
494949494949494949494949494949
999999999999999999999999999999
323232323232323232323232323232
999999999999999999999999999999
999999999999999999999999999999
999999999999999999999999999999
424242424242424242424242424242
999999999999999999999999999999
696969696969696969696969696969
999999999999999999999999999999
696969696969696969696969696969
595959595959595959595959595959
999999999999999999999999999999
494949494949494949494949494949
999999999999999999999999999999
333333333333333333333333333333
999999999999999999999999999999
999999999999999999999999999999
999999999999999999999999999999
424242424242424242424242424242
999999999999999999999999999999
696969696969696969696969696969
999999999999999999999999999999
656565656565656565656565656565
595959595959595959595959595959
999999999999999999999999999999
494949494949494949494949494949
999999999999999999999999999999
333333333333333333333333333333
999999999999999999999999999999
999999999999999999999999999999
999999999999999999999999999999
424242424242424242424242424242
999999999999999999999999999999
696969696969696969696969696969
999999999999999999999999999999
636363636363636363636363636363
595959595959595959595959595959
999999999999999999999999999999
494949494949494949494949494949
999999999999999999999999999999
333333333333333333333333333333
999999999999999999999999999999
999999999999999999999999999999
999999999999999999999999999999
424242424242424242424242424242
999999999999999999999999999999
696969696969696969696969696969
999999999999999999999999999999
626262626262626262626262626262
595959595959595959595959595959
999999999999999999999999999999
494949494949494949494949494949
999999999999999999999999999999
333333333333333333333333333333
999999999999999999999999999999
999999999999999999999999999999
999999999999999999999999999999
424242424242424242424242424242
999999999999999999999999999999
696969696969696969696969696969
999999999999999999999999999999
636363636363636363636363636363
555555555555555555555555555555
999999999999999999999999999999
494949494949494949494949494949
999999999999999999999999999999
333333333333333333333333333333
999999999999999999999999999999
999999999999999999999999999999
999999999999999999999999999999
424242424242424242424242424242
999999999999999999999999999999
696969696969696969696969696969
999999999999999999999999999999
636363636363636363636363636363
535353535353535353535353535353
999999999999999999999999999999
494949494949494949494949494949
999999999999999999999999999999
333333333333333333333333333333
999999999999999999999999999999
999999999999999999999999999999
999999999999999999999999999999
424242424242424242424242424242
999999999999999999999999999999
696969696969696969696969696969
999999999999999999999999999999
636363636363636363636363636363
545454545454545454545454545454
999999999999999999999999999999
494949494949494949494949494949
999999999999999999999999999999
333333333333333333333333333333
595959595959595959595959595959
999999999999999999999999999999
999999999999999999999999999999
424242424242424242424242424242
999999999999999999999999999999
696969696969696969696969696969
999999999999999999999999999999
636363636363636363636363636363
555555555555555555555555555555
999999999999999999999999999999
494949494949494949494949494949
999999999999999999999999999999
333333333333333333333333333333
393939393939393939393939393939
999999999999999999999999999999
999999999999999999999999999999
424242424242424242424242424242
999999999999999999999999999999
696969696969696969696969696969
999999999999999999999999999999
636363636363636363636363636363
555555555555555555555555555555
999999999999999999999999999999
494949494949494949494949494949
999999999999999999999999999999
333333333333333333333333333333
292929292929292929292929292929
999999999999999999999999999999
999999999999999999999999999999
424242424242424242424242424242
999999999999999999999999999999
696969696969696969696969696969
999999999999999999999999999999
636363636363636363636363636363
555555555555555555555555555555
999999999999999999999999999999
494949494949494949494949494949
999999999999999999999999999999
333333333333333333333333333333
393939393939393939393939393939
999999999999999999999999999999
999999999999999999999999999999
424242424242424242424242424242
999999999999999999999999999999
656565656565656565656565656565
999999999999999999999999999999
636363636363636363636363636363
555555555555555555555555555555
999999999999999999999999999999
494949494949494949494949494949
999999999999999999999999999999
333333333333333333333333333333
393939393939393939393939393939
999999999999999999999999999999
999999999999999999999999999999
424242424242424242424242424242
999999999999999999999999999999
636363636363636363636363636363
999999999999999999999999999999
636363636363636363636363636363
555555555555555555555555555555
999999999999999999999999999999
494949494949494949494949494949
999999999999999999999999999999
333333333333333333333333333333
393939393939393939393939393939
999999999999999999999999999999
999999999999999999999999999999
424242424242424242424242424242
999999999999999999999999999999
646464646464646464646464646464
999999999999999999999999999999
636363636363636363636363636363
555555555555555555555555555555
999999999999999999999999999999
494949494949494949494949494949
999999999999999999999999999999
333333333333333333333333333333
393939393939393939393939393939
999999999999999999999999999999
999999999999999999999999999999
424242424242424242424242424242
999999999999999999999999999999
646464646464646464646464646464
595959595959595959595959595959
636363636363636363636363636363
555555555555555555555555555555
999999999999999999999999999999
494949494949494949494949494949
999999999999999999999999999999
333333333333333333333333333333
393939393939393939393939393939
999999999999999999999999999999
999999999999999999999999999999
424242424242424242424242424242
999999999999999999999999999999
646464646464646464646464646464
393939393939393939393939393939
636363636363636363636363636363
555555555555555555555555555555
999999999999999999999999999999
494949494949494949494949494949
999999999999999999999999999999
333333333333333333333333333333
393939393939393939393939393939
999999999999999999999999999999
999999999999999999999999999999
424242424242424242424242424242
999999999999999999999999999999
646464646464646464646464646464
494949494949494949494949494949
636363636363636363636363636363
555555555555555555555555555555
999999999999999999999999999999
494949494949494949494949494949
999999999999999999999999999999
333333333333333333333333333333
393939393939393939393939393939
595959595959595959595959595959
999999999999999999999999999999
424242424242424242424242424242
999999999999999999999999999999
646464646464646464646464646464
595959595959595959595959595959
636363636363636363636363636363
555555555555555555555555555555
999999999999999999999999999999
494949494949494949494949494949
999999999999999999999999999999
333333333333333333333333333333
393939393939393939393939393939
797979797979797979797979797979
999999999999999999999999999999
424242424242424242424242424242
999999999999999999999999999999
646464646464646464646464646464
595959595959595959595959595959
636363636363636363636363636363
555555555555555555555555555555
999999999999999999999999999999
494949494949494949494949494949
999999999999999999999999999999
333333333333333333333333333333
393939393939393939393939393939
696969696969696969696969696969
999999999999999999999999999999
424242424242424242424242424242
999999999999999999999999999999
646464646464646464646464646464
595959595959595959595959595959
636363636363636363636363636363
555555555555555555555555555555
999999999999999999999999999999
454545454545454545454545454545
999999999999999999999999999999
333333333333333333333333333333
393939393939393939393939393939
696969696969696969696969696969
999999999999999999999999999999
424242424242424242424242424242
999999999999999999999999999999
646464646464646464646464646464
595959595959595959595959595959
636363636363636363636363636363
555555555555555555555555555555
999999999999999999999999999999
434343434343434343434343434343
999999999999999999999999999999
333333333333333333333333333333
393939393939393939393939393939
696969696969696969696969696969
999999999999999999999999999999
424242424242424242424242424242
999999999999999999999999999999
646464646464646464646464646464
595959595959595959595959595959
636363636363636363636363636363
555555555555555555555555555555
999999999999999999999999999999
444444444444444444444444444444
999999999999999999999999999999
333333333333333333333333333333
393939393939393939393939393939
696969696969696969696969696969
999999999999999999999999999999
424242424242424242424242424242
999999999999999999999999999999
646464646464646464646464646464
595959595959595959595959595959
636363636363636363636363636363
555555555555555555555555555555
999999999999999999999999999999
454545454545454545454545454545
999999999999999999999999999999
333333333333333333333333333333
393939393939393939393939393939
696969696969696969696969696969
999999999999999999999999999999
424242424242424242424242424242
595959595959595959595959595959
646464646464646464646464646464
595959595959595959595959595959
636363636363636363636363636363
555555555555555555555555555555
999999999999999999999999999999
454545454545454545454545454545
999999999999999999999999999999
333333333333333333333333333333
393939393939393939393939393939
696969696969696969696969696969
999999999999999999999999999999
424242424242424242424242424242
393939393939393939393939393939
646464646464646464646464646464
595959595959595959595959595959
636363636363636363636363636363
555555555555555555555555555555
999999999999999999999999999999
454545454545454545454545454545
999999999999999999999999999999
333333333333333333333333333333
393939393939393939393939393939
696969696969696969696969696969
999999999999999999999999999999
424242424242424242424242424242
494949494949494949494949494949
646464646464646464646464646464
595959595959595959595959595959
636363636363636363636363636363
555555555555555555555555555555
999999999999999999999999999999
454545454545454545454545454545
999999999999999999999999999999
333333333333333333333333333333
353535353535353535353535353535
696969696969696969696969696969
999999999999999999999999999999
424242424242424242424242424242
494949494949494949494949494949
646464646464646464646464646464
595959595959595959595959595959
636363636363636363636363636363
555555555555555555555555555555
