2770462469
13 14 100
9999999999999999999999999999
9999999999999999999999999999
9999999999999999999999999999
9999999999999999999999999999
9999999999999999999999999999
9999999999999999999999999999
9999999999999999999999999999
9999999999999999999999999999
9999999999999999999999999999
9999999999999999999999999999
9999999999999999999999999999
9999999999999999999999999999
9999999999999999999999999999
5959595959595959595959595959
9999999999999999999999999999
9999999999999999999999999999
9999999999999999999999999999
9999999999999999999999999999
9999999999999999999999999999
9999999999999999999999999999
9999999999999999999999999999
9999999999999999999999999999
9999999999999999999999999999
9999999999999999999999999999
9999999999999999999999999999
9999999999999999999999999999
7979797979797979797979797979
9999999999999999999999999999
9999999999999999999999999999
9999999999999999999999999999
9999999999999999999999999999
9999999999999999999999999999
9999999999999999999999999999
9999999999999999999999999999
9999999999999999999999999999
9999999999999999999999999999
9999999999999999999999999999
9999999999999999999999999999
9999999999999999999999999999
6969696969696969696969696969
9999999999999999999999999999
9999999999999999999999999999
9999999999999999999999999999
9999999999999999999999999999
9999999999999999999999999999
9999999999999999999999999999
9999999999999999999999999999
9999999999999999999999999999
9999999999999999999999999999
9999999999999999999999999999
9999999999999999999999999999
9999999999999999999999999999
6969696969696969696969696969
9999999999999999999999999999
9999999999999999999999999999
9999999999999999999999999999
9999999999999999999999999999
9999999999999999999999999999
9999999999999999999999999999
9999999999999999999999999999
9999999999999999999999999999
9999999999999999999999999999
5959595959595959595959595959
9999999999999999999999999999
9999999999999999999999999999
6969696969696969696969696969
9999999999999999999999999999
9999999999999999999999999999
9999999999999999999999999999
9999999999999999999999999999
9999999999999999999999999999
9999999999999999999999999999
9999999999999999999999999999
9999999999999999999999999999
9999999999999999999999999999
3939393939393939393939393939
9999999999999999999999999999
9999999999999999999999999999
6969696969696969696969696969
9999999999999999999999999999
9999999999999999999999999999
9999999999999999999999999999
9999999999999999999999999999
9999999999999999999999999999
9999999999999999999999999999
9999999999999999999999999999
9999999999999999999999999999
9999999999999999999999999999
2929292929292929292929292929
9999999999999999999999999999
9999999999999999999999999999
6565656565656565656565656565
9999999999999999999999999999
9999999999999999999999999999
9999999999999999999999999999
9999999999999999999999999999
9999999999999999999999999999
9999999999999999999999999999
9999999999999999999999999999
9999999999999999999999999999
9999999999999999999999999999
3939393939393939393939393939
9999999999999999999999999999
9999999999999999999999999999
6767676767676767676767676767
9999999999999999999999999999
9999999999999999999999999999
9999999999999999999999999999
9999999999999999999999999999
9999999999999999999999999999
9999999999999999999999999999
9999999999999999999999999999
9999999999999999999999999999
9999999999999999999999999999
3939393939393939393939393939
9999999999999999999999999999
9999999999999999999999999999
6666666666666666666666666666
9999999999999999999999999999
9999999999999999999999999999
9999999999999999999999999999
9999999999999999999999999999
9999999999999999999999999999
9999999999999999999999999999
9999999999999999999999999999
9999999999999999999999999999
9999999999999999999999999999
3939393939393939393939393939
9999999999999999999999999999
9999999999999999999999999999
6767676767676767676767676767
9999999999999999999999999999
9999999999999999999999999999
9999999999999999999999999999
9999999999999999999999999999
9999999999999999999999999999
9999999999999999999999999999
9999999999999999999999999999
9999999999999999999999999999
9999999999999999999999999999
3939393939393939393939393939
9999999999999999999999999999
5959595959595959595959595959
6767676767676767676767676767
9999999999999999999999999999
9999999999999999999999999999
9999999999999999999999999999
9999999999999999999999999999
9999999999999999999999999999
9999999999999999999999999999
9999999999999999999999999999
9999999999999999999999999999
9999999999999999999999999999
3939393939393939393939393939
9999999999999999999999999999
7979797979797979797979797979
6767676767676767676767676767
9999999999999999999999999999
9999999999999999999999999999
9999999999999999999999999999
9999999999999999999999999999
9999999999999999999999999999
9999999999999999999999999999
9999999999999999999999999999
9999999999999999999999999999
9999999999999999999999999999
3939393939393939393939393939
9999999999999999999999999999
6969696969696969696969696969
6767676767676767676767676767
9999999999999999999999999999
9999999999999999999999999999
9999999999999999999999999999
9999999999999999999999999999
9999999999999999999999999999
9999999999999999999999999999
9999999999999999999999999999
9999999999999999999999999999
9999999999999999999999999999
3535353535353535353535353535
9999999999999999999999999999
6969696969696969696969696969
6767676767676767676767676767
9999999999999999999999999999
9999999999999999999999999999
9999999999999999999999999999
9999999999999999999999999999
9999999999999999999999999999
9999999999999999999999999999
9999999999999999999999999999
9999999999999999999999999999
9999999999999999999999999999
3333333333333333333333333333
9999999999999999999999999999
6969696969696969696969696969
6767676767676767676767676767
9999999999999999999999999999
9999999999999999999999999999
9999999999999999999999999999
9999999999999999999999999999
9999999999999999999999999999
9999999999999999999999999999
9999999999999999999999999999
9999999999999999999999999999
9999999999999999999999999999
3434343434343434343434343434
9999999999999999999999999999
6969696969696969696969696969
6767676767676767676767676767
9999999999999999999999999999
9999999999999999999999999999
9999999999999999999999999999
9999999999999999999999999999
9999999999999999999999999999
9999999999999999999999999999
9999999999999999999999999999
9999999999999999999999999999
9999999999999999999999999999
3434343434343434343434343434
9999999999999999999999999999
6565656565656565656565656565
6767676767676767676767676767
9999999999999999999999999999
9999999999999999999999999999
9999999999999999999999999999
9999999999999999999999999999
9999999999999999999999999999
9999999999999999999999999999
9999999999999999999999999999
9999999999999999999999999999
9999999999999999999999999999
3434343434343434343434343434
9999999999999999999999999999
6363636363636363636363636363
6767676767676767676767676767
9999999999999999999999999999
9999999999999999999999999999
9999999999999999999999999999
9999999999999999999999999999
9999999999999999999999999999
9999999999999999999999999999
9999999999999999999999999999
9999999999999999999999999999
9999999999999999999999999999
3434343434343434343434343434
9999999999999999999999999999
6262626262626262626262626262
6767676767676767676767676767
9999999999999999999999999999
9999999999999999999999999999
9999999999999999999999999999
9999999999999999999999999999
9999999999999999999999999999
9999999999999999999999999999
9999999999999999999999999999
9999999999999999999999999999
5959595959595959595959595959
3434343434343434343434343434
9999999999999999999999999999
6262626262626262626262626262
6767676767676767676767676767
9999999999999999999999999999
9999999999999999999999999999
9999999999999999999999999999
9999999999999999999999999999
9999999999999999999999999999
9999999999999999999999999999
9999999999999999999999999999
9999999999999999999999999999
3939393939393939393939393939
3434343434343434343434343434
9999999999999999999999999999
6262626262626262626262626262
6767676767676767676767676767
9999999999999999999999999999
9999999999999999999999999999
9999999999999999999999999999
9999999999999999999999999999
9999999999999999999999999999
9999999999999999999999999999
9999999999999999999999999999
9999999999999999999999999999
4949494949494949494949494949
3434343434343434343434343434
9999999999999999999999999999
6262626262626262626262626262
6767676767676767676767676767
9999999999999999999999999999
9999999999999999999999999999
9999999999999999999999999999
9999999999999999999999999999
9999999999999999999999999999
9999999999999999999999999999
5959595959595959595959595959
9999999999999999999999999999
4949494949494949494949494949
3434343434343434343434343434
9999999999999999999999999999
6262626262626262626262626262
6767676767676767676767676767
9999999999999999999999999999
9999999999999999999999999999
9999999999999999999999999999
9999999999999999999999999999
9999999999999999999999999999
9999999999999999999999999999
3939393939393939393939393939
9999999999999999999999999999
4949494949494949494949494949
3434343434343434343434343434
9999999999999999999999999999
6262626262626262626262626262
6767676767676767676767676767
9999999999999999999999999999
9999999999999999999999999999
9999999999999999999999999999
9999999999999999999999999999
9999999999999999999999999999
9999999999999999999999999999
4949494949494949494949494949
9999999999999999999999999999
4949494949494949494949494949
3434343434343434343434343434
9999999999999999999999999999
6262626262626262626262626262
6767676767676767676767676767
9999999999999999999999999999
9999999999999999999999999999
9999999999999999999999999999
5959595959595959595959595959
9999999999999999999999999999
9999999999999999999999999999
4949494949494949494949494949
9999999999999999999999999999
4949494949494949494949494949
3434343434343434343434343434
9999999999999999999999999999
6262626262626262626262626262
6767676767676767676767676767
9999999999999999999999999999
9999999999999999999999999999
9999999999999999999999999999
3939393939393939393939393939
9999999999999999999999999999
9999999999999999999999999999
4949494949494949494949494949
9999999999999999999999999999
4949494949494949494949494949
3434343434343434343434343434
9999999999999999999999999999
6262626262626262626262626262
6767676767676767676767676767
9999999999999999999999999999
9999999999999999999999999999
9999999999999999999999999999
4949494949494949494949494949
9999999999999999999999999999
9999999999999999999999999999
4949494949494949494949494949
9999999999999999999999999999
4949494949494949494949494949
3434343434343434343434343434
9999999999999999999999999999
6262626262626262626262626262
6767676767676767676767676767
9999999999999999999999999999
9999999999999999999999999999
9999999999999999999999999999
5959595959595959595959595959
5959595959595959595959595959
9999999999999999999999999999
4949494949494949494949494949
9999999999999999999999999999
4949494949494949494949494949
3434343434343434343434343434
9999999999999999999999999999
6262626262626262626262626262
6767676767676767676767676767
9999999999999999999999999999
9999999999999999999999999999
9999999999999999999999999999
5959595959595959595959595959
3939393939393939393939393939
9999999999999999999999999999
4949494949494949494949494949
9999999999999999999999999999
4949494949494949494949494949
3434343434343434343434343434
9999999999999999999999999999
6262626262626262626262626262
6767676767676767676767676767
9999999999999999999999999999
9999999999999999999999999999
9999999999999999999999999999
5959595959595959595959595959
4949494949494949494949494949
9999999999999999999999999999
4949494949494949494949494949
9999999999999999999999999999
4949494949494949494949494949
3434343434343434343434343434
9999999999999999999999999999
6262626262626262626262626262
6767676767676767676767676767
9999999999999999999999999999
9999999999999999999999999999
9999999999999999999999999999
5959595959595959595959595959
5959595959595959595959595959
9999999999999999999999999999
4949494949494949494949494949
5959595959595959595959595959
4949494949494949494949494949
3434343434343434343434343434
9999999999999999999999999999
6262626262626262626262626262
6767676767676767676767676767
9999999999999999999999999999
9999999999999999999999999999
9999999999999999999999999999
5959595959595959595959595959
5959595959595959595959595959
9999999999999999999999999999
4949494949494949494949494949
3939393939393939393939393939
4949494949494949494949494949
3434343434343434343434343434
9999999999999999999999999999
6262626262626262626262626262
6767676767676767676767676767
9999999999999999999999999999
9999999999999999999999999999
9999999999999999999999999999
5959595959595959595959595959
5959595959595959595959595959
9999999999999999999999999999
4949494949494949494949494949
4949494949494949494949494949
4949494949494949494949494949
3434343434343434343434343434
9999999999999999999999999999
6262626262626262626262626262
6767676767676767676767676767
9999999999999999999999999999
9999999999999999999999999999
9999999999999999999999999999
5959595959595959595959595959
5959595959595959595959595959
9999999999999999999999999999
4949494949494949494949494949
4949494949494949494949494949
4545454545454545454545454545
3434343434343434343434343434
9999999999999999999999999999
6262626262626262626262626262
6767676767676767676767676767
9999999999999999999999999999
9999999999999999999999999999
9999999999999999999999999999
5959595959595959595959595959
5959595959595959595959595959
9999999999999999999999999999
4949494949494949494949494949
4949494949494949494949494949
4343434343434343434343434343
3434343434343434343434343434
9999999999999999999999999999
6262626262626262626262626262
6767676767676767676767676767
9999999999999999999999999999
9999999999999999999999999999
9999999999999999999999999999
5959595959595959595959595959
5959595959595959595959595959
9999999999999999999999999999
4949494949494949494949494949
4949494949494949494949494949
4242424242424242424242424242
3434343434343434343434343434
9999999999999999999999999999
6262626262626262626262626262
6767676767676767676767676767
9999999999999999999999999999
9999999999999999999999999999
9999999999999999999999999999
5959595959595959595959595959
5959595959595959595959595959
9999999999999999999999999999
4545454545454545454545454545
4949494949494949494949494949
4242424242424242424242424242
3434343434343434343434343434
9999999999999999999999999999
6262626262626262626262626262
6767676767676767676767676767
9999999999999999999999999999
9999999999999999999999999999
9999999999999999999999999999
5959595959595959595959595959
5959595959595959595959595959
9999999999999999999999999999
4343434343434343434343434343
4949494949494949494949494949
4242424242424242424242424242
3434343434343434343434343434
9999999999999999999999999999
6262626262626262626262626262
6767676767676767676767676767
9999999999999999999999999999
9999999999999999999999999999
9999999999999999999999999999
5959595959595959595959595959
5959595959595959595959595959
9999999999999999999999999999
4242424242424242424242424242
4949494949494949494949494949
4242424242424242424242424242
3434343434343434343434343434
9999999999999999999999999999
6262626262626262626262626262
6767676767676767676767676767
9999999999999999999999999999
9999999999999999999999999999
9999999999999999999999999999
5555555555555555555555555555
5959595959595959595959595959
9999999999999999999999999999
4343434343434343434343434343
4949494949494949494949494949
4242424242424242424242424242
3434343434343434343434343434
9999999999999999999999999999
6262626262626262626262626262
6767676767676767676767676767
9999999999999999999999999999
9999999999999999999999999999
9999999999999999999999999999
5353535353535353535353535353
5959595959595959595959595959
9999999999999999999999999999
4343434343434343434343434343
4949494949494949494949494949
4242424242424242424242424242
3434343434343434343434343434
9999999999999999999999999999
6262626262626262626262626262
6767676767676767676767676767
9999999999999999999999999999
9999999999999999999999999999
9999999999999999999999999999
5454545454545454545454545454
5959595959595959595959595959
9999999999999999999999999999
4343434343434343434343434343
4949494949494949494949494949
4242424242424242424242424242
3434343434343434343434343434
9999999999999999999999999999
6262626262626262626262626262
6767676767676767676767676767
9999999999999999999999999999
9999999999999999999999999999
5959595959595959595959595959
5454545454545454545454545454
5959595959595959595959595959
9999999999999999999999999999
4343434343434343434343434343
4949494949494949494949494949
4242424242424242424242424242
3434343434343434343434343434
9999999999999999999999999999
6262626262626262626262626262
6767676767676767676767676767
9999999999999999999999999999
9999999999999999999999999999
3939393939393939393939393939
5454545454545454545454545454
5959595959595959595959595959
9999999999999999999999999999
4343434343434343434343434343
4949494949494949494949494949
4242424242424242424242424242
3434343434343434343434343434
9999999999999999999999999999
6262626262626262626262626262
6767676767676767676767676767
9999999999999999999999999999
9999999999999999999999999999
4949494949494949494949494949
5454545454545454545454545454
5959595959595959595959595959
9999999999999999999999999999
4343434343434343434343434343
4949494949494949494949494949
4242424242424242424242424242
3434343434343434343434343434
9999999999999999999999999999
6262626262626262626262626262
6767676767676767676767676767
9999999999999999999999999999
5959595959595959595959595959
5959595959595959595959595959
5454545454545454545454545454
5959595959595959595959595959
9999999999999999999999999999
4343434343434343434343434343
4949494949494949494949494949
4242424242424242424242424242
3434343434343434343434343434
9999999999999999999999999999
6262626262626262626262626262
6767676767676767676767676767
9999999999999999999999999999
3939393939393939393939393939
5959595959595959595959595959
5454545454545454545454545454
5959595959595959595959595959
9999999999999999999999999999
4343434343434343434343434343
4949494949494949494949494949
4242424242424242424242424242
3434343434343434343434343434
9999999999999999999999999999
6262626262626262626262626262
6767676767676767676767676767
9999999999999999999999999999
4949494949494949494949494949
5959595959595959595959595959
5454545454545454545454545454
5959595959595959595959595959
9999999999999999999999999999
4343434343434343434343434343
4949494949494949494949494949
4242424242424242424242424242
3434343434343434343434343434
9999999999999999999999999999
6262626262626262626262626262
6767676767676767676767676767
9999999999999999999999999999
5959595959595959595959595959
5959595959595959595959595959
5454545454545454545454545454
5555555555555555555555555555
9999999999999999999999999999
4343434343434343434343434343
4949494949494949494949494949
4242424242424242424242424242
3434343434343434343434343434
9999999999999999999999999999
6262626262626262626262626262
6767676767676767676767676767
9999999999999999999999999999
5959595959595959595959595959
5959595959595959595959595959
5454545454545454545454545454
5353535353535353535353535353
9999999999999999999999999999
4343434343434343434343434343
4949494949494949494949494949
4242424242424242424242424242
3434343434343434343434343434
9999999999999999999999999999
6262626262626262626262626262
6767676767676767676767676767
9999999999999999999999999999
5959595959595959595959595959
5959595959595959595959595959
5454545454545454545454545454
5454545454545454545454545454
9999999999999999999999999999
4343434343434343434343434343
4949494949494949494949494949
4242424242424242424242424242
3434343434343434343434343434
9999999999999999999999999999
6262626262626262626262626262
6767676767676767676767676767
9999999999999999999999999999
5959595959595959595959595959
5959595959595959595959595959
5454545454545454545454545454
5555555555555555555555555555
9999999999999999999999999999
4343434343434343434343434343
4545454545454545454545454545
4242424242424242424242424242
3434343434343434343434343434
9999999999999999999999999999
6262626262626262626262626262
6767676767676767676767676767
9999999999999999999999999999
5959595959595959595959595959
5959595959595959595959595959
5454545454545454545454545454
5555555555555555555555555555
9999999999999999999999999999
4343434343434343434343434343
4343434343434343434343434343
4242424242424242424242424242
3434343434343434343434343434
9999999999999999999999999999
6262626262626262626262626262
6767676767676767676767676767
9999999999999999999999999999
5959595959595959595959595959
5959595959595959595959595959
5454545454545454545454545454
5555555555555555555555555555
9999999999999999999999999999
4343434343434343434343434343
4242424242424242424242424242
4242424242424242424242424242
3434343434343434343434343434
9999999999999999999999999999
6262626262626262626262626262
6767676767676767676767676767
9999999999999999999999999999
5959595959595959595959595959
5555555555555555555555555555
5454545454545454545454545454
5555555555555555555555555555
9999999999999999999999999999
4343434343434343434343434343
4343434343434343434343434343
4242424242424242424242424242
3434343434343434343434343434
9999999999999999999999999999
6262626262626262626262626262
6767676767676767676767676767
9999999999999999999999999999
5959595959595959595959595959
5353535353535353535353535353
5454545454545454545454545454
5555555555555555555555555555
9999999999999999999999999999
4343434343434343434343434343
4343434343434343434343434343
4242424242424242424242424242
3434343434343434343434343434
9999999999999999999999999999
6262626262626262626262626262
6767676767676767676767676767
9999999999999999999999999999
5959595959595959595959595959
5454545454545454545454545454
5454545454545454545454545454
5555555555555555555555555555
9999999999999999999999999999
4343434343434343434343434343
4343434343434343434343434343
4242424242424242424242424242
3434343434343434343434343434
9999999999999999999999999999
6262626262626262626262626262
6767676767676767676767676767
9999999999999999999999999999
5555555555555555555555555555
5454545454545454545454545454
5454545454545454545454545454
5555555555555555555555555555
9999999999999999999999999999
4343434343434343434343434343
4343434343434343434343434343
4242424242424242424242424242
3434343434343434343434343434
9999999999999999999999999999
6262626262626262626262626262
6767676767676767676767676767
9999999999999999999999999999
5353535353535353535353535353
5454545454545454545454545454
5454545454545454545454545454
5555555555555555555555555555
9999999999999999999999999999
4343434343434343434343434343
4343434343434343434343434343
4242424242424242424242424242
3434343434343434343434343434
9999999999999999999999999999
6262626262626262626262626262
6767676767676767676767676767
9999999999999999999999999999
5454545454545454545454545454
5454545454545454545454545454
5454545454545454545454545454
5555555555555555555555555555
9999999999999999999999999999
4343434343434343434343434343
4343434343434343434343434343
4242424242424242424242424242
3434343434343434343434343434
9999999999999999999999999999
6262626262626262626262626262
6767676767676767676767676767
9999999999999999999999999999
5454545454545454545454545454
5454545454545454545454545454
5454545454545454545454545454
5555555555555555555555555555
5959595959595959595959595959
4343434343434343434343434343
4343434343434343434343434343
4242424242424242424242424242
3434343434343434343434343434
9999999999999999999999999999
6262626262626262626262626262
6767676767676767676767676767
9999999999999999999999999999
5454545454545454545454545454
5454545454545454545454545454
5454545454545454545454545454
5555555555555555555555555555
3939393939393939393939393939
4343434343434343434343434343
4343434343434343434343434343
4242424242424242424242424242
3434343434343434343434343434
9999999999999999999999999999
6262626262626262626262626262
6767676767676767676767676767
9999999999999999999999999999
5454545454545454545454545454
5454545454545454545454545454
5454545454545454545454545454
5555555555555555555555555555
4949494949494949494949494949
4343434343434343434343434343
4343434343434343434343434343
4242424242424242424242424242
3434343434343434343434343434
9999999999999999999999999999
6262626262626262626262626262
6767676767676767676767676767
5959595959595959595959595959
5454545454545454545454545454
5454545454545454545454545454
5454545454545454545454545454
5555555555555555555555555555
5959595959595959595959595959
4343434343434343434343434343
4343434343434343434343434343
4242424242424242424242424242
3434343434343434343434343434
9999999999999999999999999999
6262626262626262626262626262
6767676767676767676767676767
3939393939393939393939393939
5454545454545454545454545454
5454545454545454545454545454
5454545454545454545454545454
5555555555555555555555555555
5959595959595959595959595959
4343434343434343434343434343
4343434343434343434343434343
4242424242424242424242424242
3434343434343434343434343434
9999999999999999999999999999
6262626262626262626262626262
6767676767676767676767676767
4949494949494949494949494949
5454545454545454545454545454
5454545454545454545454545454
5454545454545454545454545454
5555555555555555555555555555
5959595959595959595959595959
4343434343434343434343434343
4343434343434343434343434343
4242424242424242424242424242
3434343434343434343434343434
9999999999999999999999999999
6262626262626262626262626262
6767676767676767676767676767
5959595959595959595959595959
5454545454545454545454545454
5454545454545454545454545454
5454545454545454545454545454
5555555555555555555555555555
5959595959595959595959595959
4343434343434343434343434343
4343434343434343434343434343
4242424242424242424242424242
3434343434343434343434343434
5959595959595959595959595959
6262626262626262626262626262
6767676767676767676767676767
5959595959595959595959595959
5454545454545454545454545454
5454545454545454545454545454
5454545454545454545454545454
5555555555555555555555555555
5959595959595959595959595959
4343434343434343434343434343
4343434343434343434343434343
4242424242424242424242424242
3434343434343434343434343434
3939393939393939393939393939
6262626262626262626262626262
6767676767676767676767676767
5959595959595959595959595959
5454545454545454545454545454
5454545454545454545454545454
5454545454545454545454545454
5555555555555555555555555555
5959595959595959595959595959
4343434343434343434343434343
4343434343434343434343434343
4242424242424242424242424242
3434343434343434343434343434
4949494949494949494949494949
6262626262626262626262626262
6767676767676767676767676767
5959595959595959595959595959
5454545454545454545454545454
5454545454545454545454545454
5454545454545454545454545454
5555555555555555555555555555
5555555555555555555555555555
4343434343434343434343434343
4343434343434343434343434343
4242424242424242424242424242
3434343434343434343434343434
5959595959595959595959595959
6262626262626262626262626262
6767676767676767676767676767
5959595959595959595959595959
5454545454545454545454545454
5454545454545454545454545454
5454545454545454545454545454
5555555555555555555555555555
5353535353535353535353535353
4343434343434343434343434343
4343434343434343434343434343
4242424242424242424242424242
3434343434343434343434343434
5959595959595959595959595959
6262626262626262626262626262
6767676767676767676767676767
5959595959595959595959595959
5454545454545454545454545454
5454545454545454545454545454
5454545454545454545454545454
5555555555555555555555555555
5454545454545454545454545454
4343434343434343434343434343
4343434343434343434343434343
4242424242424242424242424242
3434343434343434343434343434
5959595959595959595959595959
6262626262626262626262626262
6767676767676767676767676767
5555555555555555555555555555
5454545454545454545454545454
5454545454545454545454545454
5454545454545454545454545454
5555555555555555555555555555
5454545454545454545454545454
4343434343434343434343434343
4343434343434343434343434343
4242424242424242424242424242
3434343434343434343434343434
5959595959595959595959595959
6262626262626262626262626262
6767676767676767676767676767
5353535353535353535353535353
5454545454545454545454545454
5454545454545454545454545454
5454545454545454545454545454
5555555555555555555555555555
5454545454545454545454545454
4343434343434343434343434343
4343434343434343434343434343
4242424242424242424242424242
3434343434343434343434343434
5959595959595959595959595959
6262626262626262626262626262
6767676767676767676767676767
5454545454545454545454545454
5454545454545454545454545454
5454545454545454545454545454
5454545454545454545454545454
5555555555555555555555555555
5454545454545454545454545454
4343434343434343434343434343
4343434343434343434343434343
4242424242424242424242424242
3434343434343434343434343434
5959595959595959595959595959
6262626262626262626262626262
6767676767676767676767676767
5555555555555555555555555555
5454545454545454545454545454
5454545454545454545454545454
5454545454545454545454545454
5555555555555555555555555555
5454545454545454545454545454
4343434343434343434343434343
4343434343434343434343434343
4242424242424242424242424242
3434343434343434343434343434
5555555555555555555555555555
6262626262626262626262626262
6767676767676767676767676767
5555555555555555555555555555
5454545454545454545454545454
5454545454545454545454545454
5454545454545454545454545454
5555555555555555555555555555
5454545454545454545454545454
4343434343434343434343434343
4343434343434343434343434343
4242424242424242424242424242
3434343434343434343434343434
5353535353535353535353535353
6262626262626262626262626262
6767676767676767676767676767
5555555555555555555555555555
5454545454545454545454545454
5454545454545454545454545454
5454545454545454545454545454
5555555555555555555555555555
5454545454545454545454545454
4343434343434343434343434343
4343434343434343434343434343
4242424242424242424242424242
3434343434343434343434343434
5454545454545454545454545454
6262626262626262626262626262
6565656565656565656565656565
5555555555555555555555555555
5454545454545454545454545454
5454545454545454545454545454
5454545454545454545454545454
5555555555555555555555555555
5454545454545454545454545454
4343434343434343434343434343
4343434343434343434343434343
4242424242424242424242424242
3434343434343434343434343434
5454545454545454545454545454
6262626262626262626262626262
7777777777777777777777777777
5555555555555555555555555555
5454545454545454545454545454
5454545454545454545454545454
5454545454545454545454545454
5555555555555555555555555555
5454545454545454545454545454
4343434343434343434343434343
4343434343434343434343434343
4242424242424242424242424242
3434343434343434343434343434
5454545454545454545454545454
6262626262626262626262626262
6666666666666666666666666666
5555555555555555555555555555
5454545454545454545454545454
5454545454545454545454545454
5454545454545454545454545454
5555555555555555555555555555
5454545454545454545454545454
4343434343434343434343434343
4343434343434343434343434343
4242424242424242424242424242
3434343434343434343434343434
5454545454545454545454545454
6262626262626262626262626262
6767676767676767676761111111
5555555555555555555555555555
5454545454545454545454545454
5454545454545454545454545454
5454545454545454545414141414
5555555555555555555555555555
5454545454545454545454545454
4343434343434343434343434343
4343434343434343434343434343
4242424242424242424242424242
3434343434343434343434343434
5454545454545454545454545454
6262626262626262626262121212
5757575757575757575757575757
5555555555555555555555555555
5454545454545454545454545454
5454545454545454545454545454
5454545454545454545454545454
5555555555555555555555555555
5454545454545454545454545454
4343434343434343434343434343
4343434343434343434343434343
4242424242424242424242424242
3434343434343434343434343434
5454545454545454545454545454
6262626262626262626262626262
6666666666666666666666666666
5555555555555555555555555555
5454545454545454545454545454
5454545454545454545454545454
5454545454545454545454545454
5555555555555555555555555555
5454545454545454545454545454
4343434343434343434343434343
4343434343434343434343434343
4242424242424242424242424242
3434343434343434343434343434
5454545454545454545454545454
6262626262626262626262626262
6767676767676767676767676767
5555555555555555555555555555
5454545454545454545454545454
5454545454545454545454545454
5454545454545454545454545454
5555555555555555555555555555
5454545454545454545454545454
4343434343434343434343434343
4343434343434343434343434343
4242424242424242424242424242
3434343434343434343434343434
5454545454545454545454545454
5252525252525252525252525252
6767676767676767676767676767
5555555555555555555555555555
5454545454545454545454545454
5454545454545454545454545454
5454545454545454545454545454
5555555555555555555555555555
5454545454545454545454545454
4343434343434343434343434343
4343434343434343434343434343
4242424242424242424242424242
3434343434343434343434343434
5454545454545454545454545454
6161616161616161616161616161
6767676767676767676767676767
5555555555555555555555555555
5454545454545454545454545454
5454545454545454545454545454
5454545454545454545454545454
4545454545454545454545454545
5454545454545454545454545454
4343434343434343434343434343
4343434343434343434343434343
4242424242424242424242424242
3434343434343434343434343434
5454545454545454545454545454
6161616161616161616161616161
6767676767676767676767676767
5555555555555555555555555555
5454545454545454545454545454
5454545454545454545454545454
5454545454545454545454545454
5454545454545454545454545454
5454545454545454545454545454
4343434343434343434343434343
4343434343434343434343434343
4242424242424242424242424242
3434343434343434343434343434
5454545454545454545454545454
6161616161616161616161616161
6767676767676767676767676767
5555555555555555555555555555
5454545454545454545454545454
5454545454545454545454545454
4444444444444444444444444444
5555555555555555555555555555
5454545454545454545454545454
4343434343434343434343434343
4343434343434343434343434343
4242424242424242424242424242
3434343434343434343434343434
5454545454545454545454545454
6161616161616161616161616161
6767676767676767676767676767
5555555555555555555555555555
5454545454545454545454545454
5454545454545454545454545454
5353535353535353535353535353
5555555555555555555555555555
5454545454545454545454545454
4343434343434343434343434343
4343434343434343434343434343
4242424242424242424242424242
3434343434343434343434343434
5454545454545454545454545454
6161616161616161616161616161
6767676767676767676767676767
5555555555555555555555555555
4444444444444444444444444444
5454545454545454545454545454
5454545454545454545454545454
5555555555555555555555555555
5454545454545454545454545454
4343434343434343434343434343
4343434343434343434343434343
4242424242424242424242424242
3434343434343434343434343434
5454545454545454545454545454
6161616161616161616161616161
6767676767676767676767676767
5555555555555555555555555555
5353535353535353535353535353
5454545454545454545454545454
5454545454545454545454545454
5555555555555555555555555555
5454545454545454545454545454
4343434343434343434343434343
4343434343434343434343434343
4242424242424242424242424242
3434343434343434343434343434
5454545454545454545454545454
6161616161616161616161616161
6767676767676767676767676767
5555555555555555555555555555
5454545454545454545454545454
5454545454545454545454545454
5454545454545454545454545454
5555555555555555555555555555
5454545454545454545454545454
4343434343434343434343434343
4343434343434343434343434343
3232323232323232323232323232
3434343434343434343434343434
5454545454545454545454545454
6161616161616161616161616161
6767676767676767676767676767
5555555555555555555555555555
5454545454545454545454545454
5454545454545454545454545454
5454545454545454545454545454
5555555555555555555555555555
5454545454545454545454545454
4343434343434343434343434343
4343434343434343434343434343
4141414141414141414141414141
3434343434343434343434343434
5454545454545454545454545454
6161616161616161616161616161
6767676767676767676767676767
5555555555555555555555555555
5454545454545454545454545454
5454545454545454545454545454
5454545454545454545454545454
5555555555555555555555555555
5454545454545454545454545454
4343434343434343434343434343
4343434343434343434343434343
4242424242424242424242424242
2424242424242424242424242424
5454545454545454545454545454
6161616161616161616161616161
6767676767676767676767676767
5555555555555555555555555555
5454545454545454545454545454
5454545454545454545454545454
5454545454545454545454545454
5555555555555555555555555555
5454545454545454545454545454
4343434343434343434343434343
4343434343434343434343434343
4242424242424242424242424242
3333333333333333333333333333
5454545454545454545454545454
6161616161616161616161616161
6767676767676767676767676767
5555555555555555555555555555
5454545454545454545454545454
5454545454545454545454545454
5454545454545454545454545454
5555555555555555555555555555
5454545454545454545454545454
4343434343434343434343434343
3333333333333333333333333333
4242424242424242424242424242
3434343434343434343434343434
5454545454545454545454545454
6161616161616161616161616161
6767676767676767676767676767
5555555555555555555555555555
5454545454545454545454545454
5454545454545454545454545454
5454545454545454545454545454
5555555555555555555555555555
5454545454545454545454545454
4343434343434343434343434343
4242424242424242424242424242
4242424242424242424242424242
3434343434343434343434343434
5454545454545454545454545454
6161616161616161616161616161
6767676767676767676767676767
5555555555555555555555555555
5454545454545454545454545454
4444444444444444444444444444
5454545454545454545454545454
5555555555555555555555555555
5454545454545454545454545454
4343434343434343434343434343
4343434343434343434343434343
4242424242424242424242424242
3434343434343434343434343434
5454545454545454545454545454
6161616161616161616161616161
