2696340187
10 10 100
99999999999999999999
99999999999999999999
99999999999999999999
99999999999999999999
99999999999999999999
99999999999999999999
99999999999999999999
99999999999999999999
99999999999999999999
99999999999999999999
99999999999999999999
59595959595959595959
99999999999999999999
99999999999999999999
99999999999999999999
99999999999999999999
99999999999999999999
99999999999999999999
99999999999999999999
99999999999999999999
99999999999999999999
79797979797979797979
99999999999999999999
99999999999999999999
99999999999999999999
99999999999999999999
99999999999999999999
99999999999999999999
99999999999999999999
99999999999999999999
99999999999999999999
69696969696969696969
99999999999999999999
99999999999999999999
99999999999999999999
99999999999999999999
99999999999999999999
99999999999999999999
99999999999999999999
99999999999999999999
99999999999999999999
69696969696969696969
99999999999999999999
99999999999999999999
59595959595959595959
99999999999999999999
99999999999999999999
99999999999999999999
99999999999999999999
99999999999999999999
99999999999999999999
69696969696969696969
99999999999999999999
99999999999999999999
79797979797979797979
99999999999999999999
99999999999999999999
99999999999999999999
99999999999999999999
99999999999999999999
99999999999999999999
69696969696969696969
99999999999999999999
99999999999999999999
69696969696969696969
99999999999999999999
99999999999999999999
99999999999999999999
99999999999999999999
99999999999999999999
99999999999999999999
65656565656565656565
99999999999999999999
99999999999999999999
79797979797979797979
99999999999999999999
99999999999999999999
99999999999999999999
99999999999999999999
99999999999999999999
99999999999999999999
67676767676767676767
99999999999999999999
99999999999999999999
79797979797979797979
99999999999999999999
99999999999999999999
99999999999999999999
99999999999999999999
99999999999999999999
99999999999999999999
66666666666666666666
99999999999999999999
99999999999999999999
79797979797979797979
99999999999999999999
99999999999999999999
99999999999999999999
99999999999999999999
99999999999999999999
99999999999999999999
66666666666666666666
99999999999999999999
99999999999999999999
79797979797979797979
99999999999999999999
99999999999999999999
99999999999999999999
99999999999999999999
59595959595959595959
99999999999999999999
66666666666666666666
99999999999999999999
99999999999999999999
79797979797979797979
99999999999999999999
99999999999999999999
99999999999999999999
99999999999999999999
39393939393939393939
99999999999999999999
66666666666666666666
99999999999999999999
99999999999999999999
79797979797979797979
99999999999999999999
99999999999999999999
99999999999999999999
99999999999999999999
49494949494949494949
99999999999999999999
66666666666666666666
99999999999999999999
99999999999999999999
75757575757575757575
99999999999999999999
99999999999999999999
99999999999999999999
99999999999999999999
49494949494949494949
99999999999999999999
66666666666666666666
99999999999999999999
99999999999999999999
77777777777777777777
99999999999999999999
99999999999999999999
99999999999999999999
99999999999999999999
49494949494949494949
99999999999999999999
66666666666666666666
99999999999999999999
99999999999999999999
76767676767676767676
99999999999999999999
99999999999999999999
99999999999999999999
99999999999999999999
49494949494949494949
59595959595959595959
66666666666666666666
99999999999999999999
99999999999999999999
77777777777777777777
99999999999999999999
99999999999999999999
99999999999999999999
99999999999999999999
49494949494949494949
79797979797979797979
66666666666666666666
99999999999999999999
99999999999999999999
77777777777777777777
99999999999999999999
99999999999999999999
99999999999999999999
99999999999999999999
49494949494949494949
69696969696969696969
66666666666666666666
99999999999999999999
99999999999999999999
77777777777777777777
99999999999999999999
99999999999999999999
99999999999999999999
99999999999999999999
49494949494949494949
69696969696969696969
66666666666666666666
99999999999999999999
99999999999999999999
77777777777777777777
59595959595959595959
99999999999999999999
99999999999999999999
99999999999999999999
49494949494949494949
69696969696969696969
66666666666666666666
99999999999999999999
99999999999999999999
77777777777777777777
79797979797979797979
99999999999999999999
99999999999999999999
99999999999999999999
49494949494949494949
69696969696969696969
66666666666666666666
99999999999999999999
99999999999999999999
77777777777777777777
69696969696969696969
99999999999999999999
99999999999999999999
99999999999999999999
49494949494949494949
69696969696969696969
66666666666666666666
59595959595959595959
99999999999999999999
77777777777777777777
79797979797979797979
99999999999999999999
99999999999999999999
99999999999999999999
49494949494949494949
69696969696969696969
66666666666666666666
79797979797979797979
99999999999999999999
77777777777777777777
79797979797979797979
99999999999999999999
99999999999999999999
99999999999999999999
49494949494949494949
69696969696969696969
66666666666666666666
69696969696969696969
99999999999999999999
77777777777777777777
79797979797979797979
99999999999999999999
99999999999999999999
99999999999999999999
49494949494949494949
69696969696969696969
66666666666666666666
79797979797979797979
99999999999999999999
77777777777777777777
79797979797979797979
99999999999999999999
99999999999999999999
99999999999999999999
45454545454545454545
69696969696969696969
66666666666666666666
79797979797979797979
99999999999999999999
77777777777777777777
79797979797979797979
99999999999999999999
99999999999999999999
99999999999999999999
47474747474747474747
69696969696969696969
66666666666666666666
79797979797979797979
99999999999999999999
77777777777777777777
79797979797979797979
99999999999999999999
99999999999999999999
99999999999999999999
46464646464646464646
65656565656565656565
66666666666666666666
79797979797979797979
99999999999999999999
77777777777777777777
79797979797979797979
99999999999999999999
99999999999999999999
99999999999999999999
46464646464646464646
67676767676767676767
66666666666666666666
79797979797979797979
99999999999999999999
77777777777777777777
79797979797979797979
99999999999999999999
99999999999999999999
99999999999999999999
46464646464646464646
66666666666666666666
66666666666666666666
79797979797979797979
99999999999999999999
77777777777777777777
79797979797979797979
99999999999999999999
99999999999999999999
99999999999999999999
46464646464646464646
66666666666666666666
66666666666666666666
79797979797979797979
99999999999999999999
77777777777777777777
79797979797979797979
59595959595959595959
99999999999999999999
99999999999999999999
46464646464646464646
66666666666666666666
66666666666666666666
79797979797979797979
99999999999999999999
77777777777777777777
79797979797979797979
39393939393939393939
99999999999999999999
99999999999999999999
46464646464646464646
66666666666666666666
66666666666666666666
79797979797979797979
99999999999999999999
77777777777777777777
79797979797979797979
49494949494949494949
99999999999999999999
99999999999999999999
46464646464646464646
66666666666666666666
66666666666666666666
79797979797979797979
59595959595959595959
77777777777777777777
79797979797979797979
49494949494949494949
99999999999999999999
99999999999999999999
46464646464646464646
66666666666666666666
66666666666666666666
79797979797979797979
79797979797979797979
77777777777777777777
79797979797979797979
49494949494949494949
99999999999999999999
99999999999999999999
46464646464646464646
66666666666666666666
66666666666666666666
79797979797979797979
69696969696969696969
77777777777777777777
79797979797979797979
49494949494949494949
99999999999999999999
99999999999999999999
46464646464646464646
66666666666666666666
66666666666666666666
79797979797979797979
79797979797979797979
77777777777777777777
75757575757575757575
49494949494949494949
99999999999999999999
99999999999999999999
46464646464646464646
66666666666666666666
66666666666666666666
79797979797979797979
79797979797979797979
77777777777777777777
77777777777777777777
49494949494949494949
99999999999999999999
99999999999999999999
46464646464646464646
66666666666666666666
66666666666666666666
79797979797979797979
79797979797979797979
77777777777777777777
76767676767676767676
49494949494949494949
99999999999999999999
99999999999999999999
46464646464646464646
66666666666666666666
66666666666666666666
75757575757575757575
79797979797979797979
77777777777777777777
77777777777777777777
49494949494949494949
99999999999999999999
99999999999999999999
46464646464646464646
66666666666666666666
66666666666666666666
77777777777777777777
79797979797979797979
77777777777777777777
77777777777777777777
49494949494949494949
99999999999999999999
99999999999999999999
46464646464646464646
66666666666666666666
66666666666666666666
76767676767676767676
79797979797979797979
77777777777777777777
77777777777777777777
49494949494949494949
99999999999999999999
99999999999999999999
46464646464646464646
66666666666666666666
66666666666666666666
77777777777777777777
79797979797979797979
77777777777777777777
77777777777777777777
45454545454545454545
99999999999999999999
99999999999999999999
46464646464646464646
66666666666666666666
66666666666666666666
77777777777777777777
79797979797979797979
77777777777777777777
77777777777777777777
43434343434343434343
99999999999999999999
99999999999999999999
46464646464646464646
66666666666666666666
66666666666666666666
77777777777777777777
79797979797979797979
77777777777777777777
77777777777777777777
44444444444444444444
99999999999999999999
99999999999999999999
46464646464646464646
66666666666666666666
66666666666666666666
77777777777777777777
79797979797979797979
77777777777777777777
77777777777777777777
44444444444444444444
99999999999999999999
59595959595959595959
46464646464646464646
66666666666666666666
66666666666666666666
77777777777777777777
79797979797979797979
77777777777777777777
77777777777777777777
44444444444444444444
99999999999999999999
39393939393939393939
46464646464646464646
66666666666666666666
66666666666666666666
77777777777777777777
79797979797979797979
77777777777777777777
77777777777777777777
44444444444444444444
99999999999999999999
49494949494949494949
46464646464646464646
66666666666666666666
66666666666666666666
77777777777777777777
75757575757575757575
77777777777777777777
77777777777777777777
44444444444444444444
99999999999999999999
49494949494949494949
46464646464646464646
66666666666666666666
66666666666666666666
77777777777777777777
77777777777777777777
77777777777777777777
77777777777777777777
44444444444444444444
99999999999999999999
49494949494949494949
46464646464646464646
66666666666666666666
66666666666666666666
77777777777777777777
76767676767676767676
77777777777777777777
77777777777777777777
44444444444444444444
99999999999999999999
49494949494949494949
46464646464646464646
66666666666666666666
66666666666666666666
77777777777777777777
77777777777777777777
77777777777777777777
77777777777777777777
44444444444444444444
99999999999999999999
45454545454545454545
46464646464646464646
66666666666666666666
66666666666666666666
77777777777777777777
77777777777777777777
77777777777777777777
77777777777777777777
44444444444444444444
99999999999999999999
43434343434343434343
46464646464646464646
66666666666666666666
66666666666666666666
77777777777777777777
77777777777777777777
77777777777777777777
77777777777777777777
44444444444444444444
99999999999999999999
44444444444444444444
46464646464646464646
66666666666666666666
66666666666666666666
77777777777777777777
77777777777777777777
77777777777777777777
77777777777777777777
44444444444444444444
59595959595959595959
44444444444444444444
46464646464646464646
66666666666666666666
66666666666666666666
77777777777777777777
77777777777777777777
77777777777777777777
77777777777777777777
44444444444444444444
39393939393939393939
44444444444444444444
46464646464646464646
66666666666666666666
66666666666666666666
77777777777777777777
77777777777777777777
77777777777777777777
77777777777777777777
44444444444444444444
49494949494949494949
44444444444444444444
46464646464646464646
66666666666666666666
66666666666666666666
77777777777777777777
77777777777777777777
77777777777777777777
77777777777777777777
44444444444444444444
45454545454545454545
44444444444444444444
46464646464646464646
66666666666666666666
66666666666666666666
77777777777777777777
77777777777777777777
77777777777777777777
77777777777777777777
44444444444444444444
43434343434343434343
44444444444444444444
46464646464646464646
66666666666666666666
66666666666666666666
77777777777777777777
77777777777777777777
77777777777777777777
77777777777777777777
44444444444444444444
44444444444444444444
44444444444444444444
46464646464646464646
65656565656565656565
66666666666666666666
77777777777777777777
77777777777777777777
77777777777777777777
77777777777777777777
44444444444444444444
44444444444444444444
44444444444444444444
46464646464646464646
77777777777777777777
66666666666666666666
77777777777777777777
77777777777777777777
77777777777777777777
77777777777777777777
44444444444444444444
44444444444444444444
44444444444444444444
46464646464646464646
66666666666666666666
66666666666666666666
77777777777777777777
77777777777777777777
77777777777777777777
77777777777777777777
44444444444444444444
44444444444444444444
44444444444444444444
46464646464646464646
66666666666666666666
66666666666666666666
77777777777777171717
77777777777777777777
77777777777777171717
77777777777777777777
44444444444444444444
44444444444444444444
44444444444444444444
46464646464646464646
66666666666666666666
66666666666666666666
77777777777777777777
77777777777777777777
67676767676767676767
77777777777777777777
44444444444444444444
44444444444444444444
44444444444444444444
46464646464646464646
66666666666666666666
66666666666666666666
77777777777777777777
77777777777777777777
76767676767676767676
77777777777777777777
44444444444444444444
44444444444444444444
44444444444444444444
46464646464646464646
66666666666666666666
56565656565656565656
77777777777777777777
77777777777777777777
77777777777777777777
77777777777777777777
44444444444444444444
44444444444444444444
44444444444444444444
46464646464646464646
66666666666666666666
65656565656565656565
77777777777777777777
77777777777777777777
77777777777777777777
77777777777777777777
44444444444444444444
44444444444444444444
44444444444444444444
46464646464646464646
66666666666666666666
66666666666666666666
67676767676767676767
77777777777777777777
77777777777777777777
77777777777777777777
44444444444444444444
44444444444444444444
44444444444444444444
46464646464646464646
66666666666666666666
66666666666666666666
76767676767676767676
77777777777777777777
77777777777777777777
77777777777777777777
44444444444444444444
44444444444444444444
44444444444444444444
46464646464646464646
66666666666666666666
66666666666666666666
77777777777777777777
77777777777777777777
77777777777777777777
67676767676767676767
44444444444444444444
44444444444444444444
44444444444444444444
46464646464646464646
66666666666666666666
66666666666666666666
77777777777777777777
77777777777777777777
77777777777777777777
76767676767676767676
44444444444444444444
44444444444444444444
44444444444444444444
46464646464646464646
56565656565656565656
66666666666666666666
77777777777777777777
77777777777777777777
77777777777777777777
77777777777777777777
44444444444444444444
44444444444444444444
44444444444444444444
46464646464646464646
65656565656565656565
66666666666666666666
77777777777777777777
77777777777777777777
77777777777777777777
77777777777777777777
44444444444444444444
44444444444444444444
44444444444444444444
46464646464646464646
66666666666666666666
66666666666666666666
77777777777777777777
67676767676767676767
77777777777777777777
77777777777777777777
44444444444444444444
44444444444444444444
44444444444444444444
46464646464646464646
66666666666666666666
66666666666666666666
77777777777777777777
76767676767676767676
77777777777777777777
77777777777777777777
44444444444444444444
44444444444444444444
44444444444444444444
46464646464646464646
66666666666666666666
66666666666666666666
77777777777777777777
77777777777777777777
77777777777777777777
77777777777777777777
44444444444444444444
44444444444444444444
44444444444444444444
36363636363636363636
66666666666666666666
66666666666666666666
77777777777777777777
77777777777777777777
77777777777777777777
77777777777777777777
44444444444444444444
44444444444444444444
44444444444444444444
45454545454545454545
66666666666666666666
66666666666666666666
77777777777777777777
77777777777777777777
77777777777777777777
77777777777777777777
34343434343434343434
44444444444444444444
44444444444444444444
46464646464646464646
66666666666666666666
66666666666666666666
77777777777777777777
77777777777777777777
77777777777777777777
77777777777777777777
43434343434343434343
44444444444444444444
44444444444444444444
46464646464646464646
66666666666666666666
66666666666666666666
77777777777777777777
77777777777777777777
77777777777777777777
77777777777777777777
44444444444444444444
44444444444444444444
34343434343434343434
46464646464646464646
66666666666666666666
66666666666666666666
77777777777777777777
77777777777777777777
77777777777777777777
77777777777777777777
44444444444444444444
44444444444444444444
43434343434343434343
46464646464646464646
66666666666666666666
66666666666666666666
77777777777777777777
77777777777777777777
77777777777777777777
77777777777777777777
44444444444444444444
34343434343434343434
44444444444444444444
46464646464646464646
66666666666666666666
66666666666666666666
77777777777777777777
77777777777777777777
77777777777777777777
77777777777777777777
44444444444444444444
43434343434343434343
44444444444444444444
46464646464646464646
66666666666666666666
66666666666666666666
77777777777777171717
77777777777777777777
77777777777777171717
77777777777777777777
44444444444444444444
44444444444444444444
44444444444444444444
46464646464646464646
66666666666666666666
66666666666666666666
77777777777777777777
79797979797979797979
77777777777777777777
77777777777777777777
44444444444444444444
99999999999999999999
49494949494848484848
96969696969696969696
66666666666666666666
66666666666666666666
77777777777777777777
77777777777777777777
77777777777777777777
77777777777777777777
74747474747474747474
44444444444444444444
44444444444444444444
46464646464646464646
66666666666666666666
66666666666666666666
79797979797979797979
79797979797979797979
97979797979797979797
79797979797979797979
49494949494949494949
99999999999999999999
99999999999999999999
46464646464646464646
16161616161616161616
66666666666666666666
77777777777777777777
77777777777777777777
77777777777777777777
77777777777777777777
44444444444444444444
99999999999999999999
45454545454545454545
46464646464646464646
99999999999999999999
66666666666666666666
99999999999999999999
99999999999999999999
77777777777777777777
99999999999999999999
99999999999999999999
99999999999999999999
99999997979797979797
49494949494949494949
66666666666666666665
66666666666666666666
77777777777777777777
77777777777777777777
77777777777777777777
77777777777777777777
44444444444444444444
49494949494949494949
64646464646464646464
46464646464646464646
66666666666666666666
66666666666666666666
77777777777777777777
77777777777777777777
77777777777777777777
77777777777777777777
44444444444444444444
79797979797979797979
44444444444444444444
46464646464646464646
66666666666666666666
66666666666666666666
77777777777777777777
77777777777777777777
77777777777777777777
77777777777777777777
44444444444444444444
78787878787878787878
44444444444444444444
46464646464646464646
66666666666666666666
66666666666666666666
77777777777777777777
77777777777777777777
77777777777777777777
77777777777777777777
46464646464646464646
79797979797979797979
44444444444444444444
46464646464646464646
66666666666666666666
66666666666666666666
87878787878787878787
77777777777777777777
77777777777777777777
77777777777777777777
46464646464646464646
79797979797979797979
44444444444441414141
46464646464646464646
66666666666666666666
66666666666666666666
77777777777777777777
77777777777777777777
77777777777777777777
77777777777777777777
64646464646464646464
99999999999999999999
49494949494949494949
46464646464646464646
66666666666666666666
66666666666666666666
77777777777777777777
67676767676767676767
77777777777777777777
77777777777777777777
44444444444444444444
79797979797979797979
44444444444444444444
46464646464646464646
66666666666666666666
66666666666666666666
77777777777777777777
79797979797979797979
77777777777777777777
73737373737373737373
44444444444444444444
99999999999999999999
59595959595959595959
46464646464646464646
96969696969696969696
66666666666666666666
77777777777777777777
77777777777777777777
77777777777777777777
77777777777777777777
44442424242424242424
78787878787878787878
44444444444444444444
46464646464646464646
