2385338969
17 9 50
999999999999999999
999999999999999999
999999999999999999
999999999999999999
999999999999999999
999999999999999999
999999999999999999
999999999999999999
999999999999999999
999999999999999999
999999999999999999
999999999999999999
999999999999999999
999999999999999999
999999999999999999
999999999999999999
999999999999999999
999999999999999999
999999999999999999
999999999999999999
999999999999999999
999999999999999999
999999999999999999
999999999999999999
999999999999999999
999999999999999999
999999999999999999
999999999999999999
999999999999999999
595959595959595959
999999999999999999
999999999999999999
999999999999999999
999999999999999999
999999999999999999
999999999999999999
999999999999999999
999999999999999999
999999999999999999
999999999999999999
999999999999999999
999999999999999999
999999999999999999
999999999999999999
999999999999999999
999999999999999999
393939393939393939
999999999999999999
999999999999999999
999999999999999999
999999999999999999
999999999999999999
999999999999999999
999999999999999999
999999999999999999
999999999999999999
999999999999999999
999999999999999999
999999999999999999
999999999999999999
999999999999999999
999999999999999999
999999999999999999
494949494949494949
999999999999999999
999999999999999999
999999999999999999
999999999999999999
999999999999999999
999999999999999999
595959595959595959
999999999999999999
999999999999999999
999999999999999999
999999999999999999
999999999999999999
999999999999999999
999999999999999999
999999999999999999
999999999999999999
494949494949494949
999999999999999999
999999999999999999
999999999999999999
999999999999999999
999999999999999999
999999999999999999
797979797979797979
999999999999999999
999999999999999999
999999999999999999
999999999999999999
999999999999999999
999999999999999999
999999999999999999
999999999999999999
999999999999999999
494949494949494949
999999999999999999
999999999999999999
999999999999999999
999999999999999999
999999999999999999
999999999999999999
696969696969696969
999999999999999999
999999999999999999
999999999999999999
999999999999999999
999999999999999999
999999999999999999
999999999999999999
999999999999999999
999999999999999999
494949494949494949
999999999999999999
999999999999999999
999999999999999999
999999999999999999
999999999999999999
999999999999999999
797979797979797979
999999999999999999
999999999999999999
999999999999999999
999999999999999999
999999999999999999
999999999999999999
999999999999999999
999999999999999999
999999999999999999
494949494949494949
999999999999999999
999999999999999999
999999999999999999
595959595959595959
999999999999999999
999999999999999999
797979797979797979
999999999999999999
999999999999999999
999999999999999999
999999999999999999
999999999999999999
999999999999999999
999999999999999999
999999999999999999
999999999999999999
494949494949494949
999999999999999999
999999999999999999
999999999999999999
797979797979797979
999999999999999999
999999999999999999
797979797979797979
999999999999999999
999999999999999999
999999999999999999
999999999999999999
999999999999999999
999999999999999999
999999999999999999
999999999999999999
999999999999999999
494949494949494949
999999999999999999
999999999999999999
999999999999999999
696969696969696969
999999999999999999
999999999999999999
797979797979797979
999999999999999999
999999999999999999
999999999999999999
999999999999999999
999999999999999999
999999999999999999
999999999999999999
595959595959595959
999999999999999999
494949494949494949
999999999999999999
999999999999999999
999999999999999999
797979797979797979
999999999999999999
999999999999999999
797979797979797979
999999999999999999
999999999999999999
999999999999999999
999999999999999999
999999999999999999
999999999999999999
999999999999999999
393939393939393939
999999999999999999
494949494949494949
999999999999999999
999999999999999999
999999999999999999
797979797979797979
999999999999999999
999999999999999999
797979797979797979
999999999999999999
999999999999999999
999999999999999999
999999999999999999
999999999999999999
999999999999999999
999999999999999999
494949494949494949
999999999999999999
494949494949494949
999999999999999999
999999999999999999
999999999999999999
797979797979797979
999999999999999999
999999999999999999
797979797979797979
999999999999999999
999999999999999999
595959595959595959
999999999999999999
999999999999999999
999999999999999999
999999999999999999
595959595959595959
999999999999999999
494949494949494949
999999999999999999
999999999999999999
999999999999999999
797979797979797979
999999999999999999
999999999999999999
797979797979797979
999999999999999999
999999999999999999
393939393939393939
999999999999999999
999999999999999999
999999999999999999
999999999999999999
595959595959595959
999999999999999999
494949494949494949
999999999999999999
999999999999999999
999999999999999999
797979797979797979
999999999999999999
999999999999999999
797979797979797979
999999999999999999
999999999999999999
494949494949494949
999999999999999999
999999999999999999
999999999999999999
999999999999999999
595959595959595959
999999999999999999
494949494949494949
999999999999999999
999999999999999999
999999999999999999
797979797979797979
999999999999999999
999999999999999999
797979797979797979
999999999999999999
999999999999999999
595959595959595959
999999999999999999
999999999999999999
999999999999999999
999999999999999999
595959595959595959
999999999999999999
494949494949494949
595959595959595959
999999999999999999
999999999999999999
797979797979797979
999999999999999999
999999999999999999
797979797979797979
999999999999999999
999999999999999999
595959595959595959
999999999999999999
999999999999999999
999999999999999999
999999999999999999
595959595959595959
999999999999999999
494949494949494949
393939393939393939
999999999999999999
999999999999999999
797979797979797979
999999999999999999
999999999999999999
797979797979797979
999999999999999999
999999999999999999
595959595959595959
999999999999999999
999999999999999999
999999999999999999
999999999999999999
595959595959595959
999999999999999999
494949494949494949
494949494949494949
999999999999999999
999999999999999999
797979797979797979
999999999999999999
999999999999999999
797979797979797979
999999999999999999
999999999999999999
595959595959595959
999999999999999999
999999999999999999
999999999999999999
999999999999999999
595959595959595959
999999999999999999
454545454545454545
494949494949494949
999999999999999999
999999999999999999
797979797979797979
999999999999999999
999999999999999999
797979797979797979
999999999999999999
999999999999999999
595959595959595959
999999999999999999
999999999999999999
999999999999999999
999999999999999999
595959595959595959
999999999999999999
434343434343434343
494949494949494949
999999999999999999
999999999999999999
797979797979797979
999999999999999999
999999999999999999
797979797979797979
999999999999999999
999999999999999999
595959595959595959
999999999999999999
999999999999999999
999999999999999999
999999999999999999
595959595959595959
999999999999999999
444444444444444444
494949494949494949
999999999999999999
999999999999999999
797979797979797979
999999999999999999
999999999999999999
757575757575757575
999999999999999999
999999999999999999
595959595959595959
999999999999999999
999999999999999999
999999999999999999
999999999999999999
595959595959595959
999999999999999999
444444444444444444
494949494949494949
999999999999999999
999999999999999999
797979797979797979
999999999999999999
999999999999999999
777777777777777777
999999999999999999
999999999999999999
595959595959595959
999999999999999999
999999999999999999
999999999999999999
999999999999999999
595959595959595959
999999999999999999
444444444444444444
494949494949494949
999999999999999999
999999999999999999
797979797979797979
999999999999999999
999999999999999999
767676767676767676
999999999999999999
999999999999999999
595959595959595959
999999999999999999
999999999999999999
999999999999999999
999999999999999999
595959595959595959
999999999999999999
444444444444444444
494949494949494949
999999999999999999
999999999999999999
797979797979797979
999999999999999999
999999999999999999
777777777777777777
999999999999999999
999999999999999999
595959595959595959
999999999999999999
999999999999999999
999999999999999999
999999999999999999
595959595959595959
999999999999999999
444444444444444444
494949494949494949
999999999999999999
999999999999999999
757575757575757575
999999999999999999
999999999999999999
777777777777777777
999999999999999999
999999999999999999
595959595959595959
999999999999999999
999999999999999999
999999999999999999
999999999999999999
595959595959595959
999999999999999999
444444444444444444
494949494949494949
999999999999999999
999999999999999999
777777777777777777
999999999999999999
999999999999999999
777777777777777777
999999999999999999
999999999999999999
595959595959595959
999999999999999999
999999999999999999
999999999999999999
999999999999999999
595959595959595959
999999999999999999
444444444444444444
494949494949494949
999999999999999999
999999999999999999
767676767676767676
999999999999999999
999999999999999999
777777777777777777
999999999999999999
999999999999999999
595959595959595959
999999999999999999
999999999999999999
999999999999999999
999999999999999999
555555555555555555
999999999999999999
444444444444444444
494949494949494949
999999999999999999
999999999999999999
777777777777777777
999999999999999999
999999999999999999
777777777777777777
999999999999999999
999999999999999999
595959595959595959
999999999999999999
999999999999999999
999999999999999999
999999999999999999
575757575757575757
999999999999999999
444444444444444444
494949494949494949
999999999999999999
999999999999999999
777777777777777777
999999999999999999
999999999999999999
777777777777777777
999999999999999999
999999999999999999
595959595959595959
999999999999999999
999999999999999999
999999999999999999
999999999999999999
565656565656565656
999999999999999999
444444444444444444
494949494949494949
999999999999999999
999999999999999999
777777777777777777
999999999999999999
999999999999999999
777777777777777777
999999999999999999
999999999999999999
555555555555555555
999999999999999999
999999999999999999
999999999999999999
999999999999999999
575757575757575757
999999999999999999
444444444444444444
494949494949494949
999999999999999999
999999999999999999
777777777777777777
999999999999999999
999999999999999999
777777777777777777
999999999999999999
999999999999999999
575757575757575757
999999999999999999
999999999999999999
999999999999999999
999999999999999999
575757575757575757
999999999999999999
444444444444444444
494949494949494949
999999999999999999
999999999999999999
777777777777777777
999999999999999999
999999999999999999
777777777777777777
999999999999999999
999999999999999999
585858585858585858
999999999999999999
999999999999999999
999999999999999999
999999999999999999
575757575757575757
999999999999999999
444444444444444444
494949494949494949
999999999999999999
999999999999999999
777777777777777777
999999999999999999
999999999999999999
777777777777777777
999999999999999999
999999999999999999
595959595959595959
999999999999999999
999999999999999999
999999999999999999
999999999999999999
575757575757575757
999999999999999999
444444444444444444
454545454545454545
999999999999999999
999999999999999999
777777777777777777
999999999999999999
999999999999999999
777777777777777777
999999999999999999
999999999999999999
595959595959595959
999999999999999999
999999999999999999
999999999999999999
999999999999999999
575757575757575757
999999999999999999
444444444444444444
434343434343434343
999999999999999999
999999999999999999
777777777777777777
999999999999999999
999999999999999999
777777777777777777
999999999999999999
999999999999999999
595959595959595959
999999999999999999
999999999999999999
999999999999999999
999999999999999999
575757575757575757
999999999999999999
444444444444444444
444444444444444444
999999999999999999
999999999999999999
777777777777777777
999999999999999999
999999999999999999
777777777777777777
999999999999999999
999999999999999999
595959595959595959
999999999999999999
999999999999999999
999999999999999999
999999999999999999
575757575757575757
595959595959595959
444444444444444444
444444444444444444
999999999999999999
999999999999999999
777777777777777777
999999999999999999
999999999999999999
777777777777777777
999999999999999999
999999999999999999
595959595959595959
999999999999999999
999999999999999999
999999999999999999
999999999999999999
575757575757575757
393939393939393939
444444444444444444
444444444444444444
999999999999999999
999999999999999999
777777777777777777
999999999999999999
999999999999999999
777777777777777777
999999999999999999
999999999999999999
595959595959595959
999999999999999999
999999999999999999
999999999999999999
999999999999999999
575757575757575757
494949494949494949
444444444444444444
444444444444444444
999999999999999999
999999999999999999
777777777777777777
999999999999999999
999999999999999999
777777777777777777
999999999999999999
999999999999999999
595959595959595959
595959595959595959
999999999999999999
999999999999999999
999999999999999999
575757575757575757
494949494949494949
444444444444444444
444444444444444444
999999999999999999
999999999999999999
777777777777777777
999999999999999999
999999999999999999
777777777777777777
999999999999999999
999999999999999999
595959595959595959
393939393939393939
999999999999999999
999999999999999999
999999999999999999
575757575757575757
494949494949494949
444444444444444444
444444444444444444
999999999999999999
999999999999999999
777777777777777777
999999999999999999
999999999999999999
777777777777777777
999999999999999999
999999999999999999
595959595959595959
494949494949494949
999999999999999999
999999999999999999
999999999999999999
575757575757575757
494949494949494949
444444444444444444
444444444444444444
999999999999999999
999999999999999999
777777777777777777
999999999999999999
999999999999999999
777777777777777777
999999999999999999
999999999999999999
595959595959595959
494949494949494949
999999999999999999
999999999999999999
999999999999999999
575757575757575757
454545454545454545
444444444444444444
444444444444444444
999999999999999999
999999999999999999
777777777777777777
999999999999999999
999999999999999999
777777777777777777
999999999999999999
999999999999999999
595959595959595959
494949494949494949
999999999999999999
999999999999999999
999999999999999999
575757575757575757
434343434343434343
444444444444444444
444444444444444444
999999999999999999
999999999999999999
777777777777777777
999999999999999999
999999999999999999
777777777777777777
999999999999999999
999999999999999999
595959595959595959
494949494949494949
999999999999999999
999999999999999999
999999999999999999
575757575757575757
444444444444444444
444444444444444444
444444444444444444
999999999999999999
999999999999999999
777777777777777777
999999999999999999
999999999999999999
777777777777777777
999999999999999999
999999999999999999
595959595959595959
494949494949494949
999999999999999999
999999999999999999
999999999999999999
575757575757575757
444444444444444444
444444444444444444
444444444444444444
999999999999999999
595959595959595959
777777777777777777
999999999999999999
999999999999999999
777777777777777777
999999999999999999
999999999999999999
595959595959595959
494949494949494949
999999999999999999
999999999999999999
999999999999999999
575757575757575757
444444444444444444
444444444444444444
444444444444444444
999999999999999999
797979797979797979
777777777777777777
999999999999999999
999999999999999999
777777777777777777
999999999999999999
999999999999999999
595959595959595959
494949494949494949
999999999999999999
999999999999999999
999999999999999999
575757575757575757
444444444444444444
444444444444444444
444444444444444444
999999999999999999
696969696969696969
777777777777777777
999999999999999999
999999999999999999
777777777777777777
999999999999999999
595959595959595959
595959595959595959
494949494949494949
999999999999999999
999999999999999999
999999999999999999
575757575757575757
444444444444444444
444444444444444444
444444444444444444
999999999999999999
797979797979797979
777777777777777777
