2173383070
20 11 50
9999999999999999999999
9999999999999999999999
9999999999999999999999
9999999999999999999999
9999999999999999999999
9999999999999999999999
9999999999999999999999
9999999999999999999999
9999999999999999999999
9999999999999999999999
9999999999999999999999
9999999999999999999999
9999999999999999999999
9999999999999999999999
9999999999999999999999
9999999999999999999999
9999999999999999999999
9999999999999999999999
9999999999999999999999
9999999999999999999999
9999999999999999999999
9999999999999999999999
9999999999999999999999
9999999999999999999999
9999999999999999999999
9999999999999999999999
9999999999999999999999
9999999999999999999999
9999999999999999999999
9999999999999999999999
9999999999999999999999
9999999999999999999999
9999999999999999999999
9999999999999999999999
9999999999999999999999
9999999999999999999999
9999999999999999999999
5959595959595959595959
9999999999999999999999
9999999999999999999999
9999999999999999999999
9999999999999999999999
9999999999999999999999
9999999999999999999999
9999999999999999999999
9999999999999999999999
9999999999999999999999
9999999999999999999999
9999999999999999999999
9999999999999999999999
9999999999999999999999
9999999999999999999999
9999999999999999999999
9999999999999999999999
9999999999999999999999
9999999999999999999999
9999999999999999999999
3939393939393939393939
9999999999999999999999
9999999999999999999999
9999999999999999999999
9999999999999999999999
9999999999999999999999
9999999999999999999999
9999999999999999999999
9999999999999999999999
9999999999999999999999
9999999999999999999999
9999999999999999999999
9999999999999999999999
9999999999999999999999
9999999999999999999999
9999999999999999999999
9999999999999999999999
9999999999999999999999
9999999999999999999999
9999999999999999999999
4949494949494949494949
9999999999999999999999
9999999999999999999999
9999999999999999999999
9999999999999999999999
9999999999999999999999
9999999999999999999999
5959595959595959595959
9999999999999999999999
9999999999999999999999
9999999999999999999999
9999999999999999999999
9999999999999999999999
9999999999999999999999
9999999999999999999999
9999999999999999999999
9999999999999999999999
9999999999999999999999
9999999999999999999999
9999999999999999999999
4949494949494949494949
9999999999999999999999
9999999999999999999999
9999999999999999999999
9999999999999999999999
9999999999999999999999
9999999999999999999999
7979797979797979797979
9999999999999999999999
9999999999999999999999
9999999999999999999999
9999999999999999999999
9999999999999999999999
9999999999999999999999
9999999999999999999999
9999999999999999999999
9999999999999999999999
9999999999999999999999
9999999999999999999999
9999999999999999999999
4949494949494949494949
9999999999999999999999
9999999999999999999999
9999999999999999999999
9999999999999999999999
9999999999999999999999
9999999999999999999999
6969696969696969696969
9999999999999999999999
9999999999999999999999
9999999999999999999999
9999999999999999999999
9999999999999999999999
9999999999999999999999
9999999999999999999999
9999999999999999999999
9999999999999999999999
9999999999999999999999
9999999999999999999999
9999999999999999999999
4949494949494949494949
9999999999999999999999
9999999999999999999999
9999999999999999999999
9999999999999999999999
9999999999999999999999
9999999999999999999999
7979797979797979797979
9999999999999999999999
9999999999999999999999
5959595959595959595959
9999999999999999999999
9999999999999999999999
9999999999999999999999
9999999999999999999999
9999999999999999999999
9999999999999999999999
9999999999999999999999
9999999999999999999999
9999999999999999999999
4949494949494949494949
9999999999999999999999
9999999999999999999999
9999999999999999999999
9999999999999999999999
9999999999999999999999
9999999999999999999999
7979797979797979797979
9999999999999999999999
9999999999999999999999
7979797979797979797979
9999999999999999999999
9999999999999999999999
9999999999999999999999
9999999999999999999999
9999999999999999999999
9999999999999999999999
9999999999999999999999
9999999999999999999999
9999999999999999999999
4949494949494949494949
9999999999999999999999
9999999999999999999999
9999999999999999999999
9999999999999999999999
9999999999999999999999
9999999999999999999999
7979797979797979797979
9999999999999999999999
9999999999999999999999
6969696969696969696969
9999999999999999999999
9999999999999999999999
9999999999999999999999
9999999999999999999999
9999999999999999999999
9999999999999999999999
9999999999999999999999
9999999999999999999999
9999999999999999999999
4949494949494949494949
9999999999999999999999
9999999999999999999999
9999999999999999999999
9999999999999999999999
9999999999999999999999
9999999999999999999999
7979797979797979797979
9999999999999999999999
9999999999999999999999
6969696969696969696969
5959595959595959595959
9999999999999999999999
9999999999999999999999
9999999999999999999999
9999999999999999999999
9999999999999999999999
9999999999999999999999
9999999999999999999999
9999999999999999999999
4949494949494949494949
9999999999999999999999
9999999999999999999999
9999999999999999999999
9999999999999999999999
9999999999999999999999
9999999999999999999999
7979797979797979797979
9999999999999999999999
9999999999999999999999
6969696969696969696969
3939393939393939393939
9999999999999999999999
9999999999999999999999
9999999999999999999999
9999999999999999999999
9999999999999999999999
9999999999999999999999
9999999999999999999999
9999999999999999999999
4949494949494949494949
9999999999999999999999
9999999999999999999999
9999999999999999999999
9999999999999999999999
9999999999999999999999
9999999999999999999999
7979797979797979797979
9999999999999999999999
9999999999999999999999
6969696969696969696969
4949494949494949494949
9999999999999999999999
9999999999999999999999
9999999999999999999999
9999999999999999999999
9999999999999999999999
9999999999999999999999
9999999999999999999999
9999999999999999999999
4949494949494949494949
9999999999999999999999
9999999999999999999999
9999999999999999999999
9999999999999999999999
9999999999999999999999
9999999999999999999999
7979797979797979797979
9999999999999999999999
9999999999999999999999
6969696969696969696969
5959595959595959595959
9999999999999999999999
9999999999999999999999
9999999999999999999999
9999999999999999999999
9999999999999999999999
9999999999999999999999
9999999999999999999999
9999999999999999999999
4545454545454545454545
9999999999999999999999
9999999999999999999999
9999999999999999999999
9999999999999999999999
9999999999999999999999
9999999999999999999999
7979797979797979797979
9999999999999999999999
9999999999999999999999
6969696969696969696969
5959595959595959595959
9999999999999999999999
9999999999999999999999
9999999999999999999999
9999999999999999999999
9999999999999999999999
9999999999999999999999
9999999999999999999999
9999999999999999999999
4343434343434343434343
9999999999999999999999
9999999999999999999999
9999999999999999999999
9999999999999999999999
9999999999999999999999
9999999999999999999999
7979797979797979797979
9999999999999999999999
9999999999999999999999
6969696969696969696969
5959595959595959595959
9999999999999999999999
9999999999999999999999
9999999999999999999999
9999999999999999999999
9999999999999999999999
9999999999999999999999
9999999999999999999999
9999999999999999999999
4444444444444444444444
9999999999999999999999
9999999999999999999999
9999999999999999999999
9999999999999999999999
9999999999999999999999
9999999999999999999999
7575757575757575757575
9999999999999999999999
9999999999999999999999
6969696969696969696969
5959595959595959595959
9999999999999999999999
9999999999999999999999
9999999999999999999999
9999999999999999999999
9999999999999999999999
9999999999999999999999
9999999999999999999999
9999999999999999999999
4444444444444444444444
9999999999999999999999
9999999999999999999999
9999999999999999999999
9999999999999999999999
9999999999999999999999
9999999999999999999999
7373737373737373737373
9999999999999999999999
9999999999999999999999
6969696969696969696969
5959595959595959595959
9999999999999999999999
9999999999999999999999
9999999999999999999999
9999999999999999999999
9999999999999999999999
9999999999999999999999
9999999999999999999999
9999999999999999999999
4444444444444444444444
9999999999999999999999
9999999999999999999999
9999999999999999999999
9999999999999999999999
9999999999999999999999
9999999999999999999999
7272727272727272727272
9999999999999999999999
9999999999999999999999
6969696969696969696969
5959595959595959595959
9999999999999999999999
9999999999999999999999
9999999999999999999999
9999999999999999999999
9999999999999999999999
9999999999999999999999
9999999999999999999999
9999999999999999999999
4444444444444444444444
9999999999999999999999
9999999999999999999999
9999999999999999999999
9999999999999999999999
9999999999999999999999
9999999999999999999999
7272727272727272727272
9999999999999999999999
9999999999999999999999
6565656565656565656565
5959595959595959595959
9999999999999999999999
9999999999999999999999
9999999999999999999999
9999999999999999999999
9999999999999999999999
9999999999999999999999
9999999999999999999999
9999999999999999999999
4444444444444444444444
9999999999999999999999
9999999999999999999999
9999999999999999999999
9999999999999999999999
9999999999999999999999
9999999999999999999999
7272727272727272727272
9999999999999999999999
9999999999999999999999
6767676767676767676767
5959595959595959595959
9999999999999999999999
9999999999999999999999
9999999999999999999999
9999999999999999999999
9999999999999999999999
9999999999999999999999
9999999999999999999999
9999999999999999999999
4444444444444444444444
9999999999999999999999
9999999999999999999999
9999999999999999999999
9999999999999999999999
9999999999999999999999
9999999999999999999999
7272727272727272727272
9999999999999999999999
9999999999999999999999
6666666666666666666666
5959595959595959595959
9999999999999999999999
9999999999999999999999
9999999999999999999999
9999999999999999999999
9999999999999999999999
9999999999999999999999
9999999999999999999999
9999999999999999999999
4444444444444444444444
9999999999999999999999
9999999999999999999999
9999999999999999999999
9999999999999999999999
9999999999999999999999
9999999999999999999999
7272727272727272727272
9999999999999999999999
9999999999999999999999
6666666666666666666666
5555555555555555555555
9999999999999999999999
9999999999999999999999
9999999999999999999999
9999999999999999999999
9999999999999999999999
9999999999999999999999
9999999999999999999999
9999999999999999999999
4444444444444444444444
9999999999999999999999
9999999999999999999999
9999999999999999999999
9999999999999999999999
9999999999999999999999
9999999999999999999999
7272727272727272727272
9999999999999999999999
9999999999999999999999
6666666666666666666666
5353535353535353535353
9999999999999999999999
9999999999999999999999
9999999999999999999999
9999999999999999999999
9999999999999999999999
9999999999999999999999
9999999999999999999999
9999999999999999999999
4444444444444444444444
9999999999999999999999
9999999999999999999999
9999999999999999999999
9999999999999999999999
9999999999999999999999
9999999999999999999999
7272727272727272727272
9999999999999999999999
9999999999999999999999
6666666666666666666666
5454545454545454545454
9999999999999999999999
9999999999999999999999
9999999999999999999999
9999999999999999999999
9999999999999999999999
9999999999999999999999
9999999999999999999999
9999999999999999999999
4444444444444444444444
9999999999999999999999
9999999999999999999999
5959595959595959595959
9999999999999999999999
9999999999999999999999
9999999999999999999999
7272727272727272727272
9999999999999999999999
9999999999999999999999
6666666666666666666666
5454545454545454545454
9999999999999999999999
9999999999999999999999
9999999999999999999999
9999999999999999999999
9999999999999999999999
9999999999999999999999
9999999999999999999999
9999999999999999999999
4444444444444444444444
9999999999999999999999
9999999999999999999999
7979797979797979797979
9999999999999999999999
9999999999999999999999
9999999999999999999999
7272727272727272727272
9999999999999999999999
9999999999999999999999
6666666666666666666666
5454545454545454545454
9999999999999999999999
9999999999999999999999
9999999999999999999999
9999999999999999999999
9999999999999999999999
9999999999999999999999
9999999999999999999999
9999999999999999999999
4444444444444444444444
9999999999999999999999
9999999999999999999999
6969696969696969696969
9999999999999999999999
9999999999999999999999
9999999999999999999999
7272727272727272727272
9999999999999999999999
9999999999999999999999
6666666666666666666666
5454545454545454545454
9999999999999999999999
9999999999999999999999
9999999999999999999999
9999999999999999999999
9999999999999999999999
9999999999999999999999
9999999999999999999999
9999999999999999999999
4444444444444444444444
9999999999999999999999
9999999999999999999999
7979797979797979797979
9999999999999999999999
9999999999999999999999
9999999999999999999999
7272727272727272727272
5959595959595959595959
9999999999999999999999
6666666666666666666666
5454545454545454545454
9999999999999999999999
9999999999999999999999
9999999999999999999999
9999999999999999999999
9999999999999999999999
9999999999999999999999
9999999999999999999999
9999999999999999999999
4444444444444444444444
9999999999999999999999
9999999999999999999999
7979797979797979797979
9999999999999999999999
9999999999999999999999
9999999999999999999999
7272727272727272727272
7979797979797979797979
9999999999999999999999
6666666666666666666666
5454545454545454545454
9999999999999999999999
9999999999999999999999
9999999999999999999999
9999999999999999999999
9999999999999999999999
9999999999999999999999
9999999999999999999999
9999999999999999999999
4444444444444444444444
9999999999999999999999
9999999999999999999999
7979797979797979797979
9999999999999999999999
9999999999999999999999
9999999999999999999999
7272727272727272727272
6969696969696969696969
9999999999999999999999
6666666666666666666666
5454545454545454545454
9999999999999999999999
9999999999999999999999
9999999999999999999999
9999999999999999999999
9999999999999999999999
9999999999999999999999
9999999999999999999999
9999999999999999999999
4444444444444444444444
9999999999999999999999
9999999999999999999999
7979797979797979797979
9999999999999999999999
9999999999999999999999
9999999999999999999999
7272727272727272727272
6969696969696969696969
9999999999999999999999
6666666666666666666666
5454545454545454545454
9999999999999999999999
9999999999999999999999
5959595959595959595959
9999999999999999999999
9999999999999999999999
9999999999999999999999
9999999999999999999999
9999999999999999999999
4444444444444444444444
9999999999999999999999
9999999999999999999999
7979797979797979797979
9999999999999999999999
9999999999999999999999
9999999999999999999999
7272727272727272727272
6969696969696969696969
9999999999999999999999
6666666666666666666666
5454545454545454545454
9999999999999999999999
9999999999999999999999
7979797979797979797979
9999999999999999999999
9999999999999999999999
9999999999999999999999
9999999999999999999999
9999999999999999999999
4444444444444444444444
9999999999999999999999
9999999999999999999999
7979797979797979797979
9999999999999999999999
9999999999999999999999
9999999999999999999999
7272727272727272727272
6969696969696969696969
9999999999999999999999
6666666666666666666666
5454545454545454545454
9999999999999999999999
9999999999999999999999
6969696969696969696969
9999999999999999999999
9999999999999999999999
9999999999999999999999
9999999999999999999999
9999999999999999999999
4444444444444444444444
9999999999999999999999
9999999999999999999999
7575757575757575757575
9999999999999999999999
9999999999999999999999
9999999999999999999999
7272727272727272727272
6969696969696969696969
9999999999999999999999
6666666666666666666666
5454545454545454545454
9999999999999999999999
9999999999999999999999
6969696969696969696969
9999999999999999999999
9999999999999999999999
9999999999999999999999
9999999999999999999999
9999999999999999999999
4444444444444444444444
9999999999999999999999
9999999999999999999999
7373737373737373737373
9999999999999999999999
9999999999999999999999
9999999999999999999999
7272727272727272727272
6969696969696969696969
9999999999999999999999
6666666666666666666666
5454545454545454545454
9999999999999999999999
9999999999999999999999
6969696969696969696969
9999999999999999999999
9999999999999999999999
9999999999999999999999
9999999999999999999999
9999999999999999999999
4444444444444444444444
9999999999999999999999
9999999999999999999999
7474747474747474747474
9999999999999999999999
9999999999999999999999
9999999999999999999999
7272727272727272727272
6969696969696969696969
9999999999999999999999
6666666666666666666666
5454545454545454545454
9999999999999999999999
9999999999999999999999
6969696969696969696969
9999999999999999999999
9999999999999999999999
9999999999999999999999
9999999999999999999999
9999999999999999999999
4444444444444444444444
9999999999999999999999
9999999999999999999999
7575757575757575757575
9999999999999999999999
9999999999999999999999
9999999999999999999999
7272727272727272727272
6565656565656565656565
9999999999999999999999
6666666666666666666666
5454545454545454545454
9999999999999999999999
9999999999999999999999
6969696969696969696969
9999999999999999999999
9999999999999999999999
9999999999999999999999
9999999999999999999999
9999999999999999999999
4444444444444444444444
9999999999999999999999
9999999999999999999999
7575757575757575757575
9999999999999999999999
9999999999999999999999
9999999999999999999999
7272727272727272727272
6363636363636363636363
9999999999999999999999
6666666666666666666666
5454545454545454545454
9999999999999999999999
9999999999999999999999
6969696969696969696969
9999999999999999999999
9999999999999999999999
9999999999999999999999
9999999999999999999999
9999999999999999999999
4444444444444444444444
9999999999999999999999
9999999999999999999999
7575757575757575757575
9999999999999999999999
9999999999999999999999
9999999999999999999999
7272727272727272727272
6262626262626262626262
9999999999999999999999
6666666666666666666666
5454545454545454545454
9999999999999999999999
9999999999999999999999
6969696969696969696969
9999999999999999999999
9999999999999999999999
9999999999999999999999
9999999999999999999999
9999999999999999999999
4444444444444444444444
9999999999999999999999
9999999999999999999999
7575757575757575757575
9999999999999999999999
9999999999999999999999
9999999999999999999999
7272727272727272727272
6262626262626262626262
9999999999999999999999
6666666666666666666666
5454545454545454545454
9999999999999999999999
9999999999999999999999
6969696969696969696969
5959595959595959595959
9999999999999999999999
9999999999999999999999
9999999999999999999999
9999999999999999999999
4444444444444444444444
9999999999999999999999
9999999999999999999999
7575757575757575757575
9999999999999999999999
9999999999999999999999
9999999999999999999999
7272727272727272727272
6262626262626262626262
9999999999999999999999
6666666666666666666666
5454545454545454545454
9999999999999999999999
9999999999999999999999
6969696969696969696969
7979797979797979797979
9999999999999999999999
9999999999999999999999
9999999999999999999999
9999999999999999999999
4444444444444444444444
9999999999999999999999
9999999999999999999999
7575757575757575757575
9999999999999999999999
9999999999999999999999
9999999999999999999999
7272727272727272727272
6262626262626262626262
9999999999999999999999
6666666666666666666666
5454545454545454545454
9999999999999999999999
9999999999999999999999
6969696969696969696969
6969696969696969696969
9999999999999999999999
9999999999999999999999
9999999999999999999999
9999999999999999999999
4444444444444444444444
9999999999999999999999
9999999999999999999999
7575757575757575757575
9999999999999999999999
9999999999999999999999
9999999999999999999999
7272727272727272727272
6262626262626262626262
9999999999999999999999
6666666666666666666666
5454545454545454545454
9999999999999999999999
9999999999999999999999
6969696969696969696969
6969696969696969696969
9999999999999999999999
5959595959595959595959
9999999999999999999999
9999999999999999999999
4444444444444444444444
9999999999999999999999
9999999999999999999999
7575757575757575757575
9999999999999999999999
9999999999999999999999
9999999999999999999999
7272727272727272727272
6262626262626262626262
9999999999999999999999
6666666666666666666666
5454545454545454545454
9999999999999999999999
9999999999999999999999
6969696969696969696969
6969696969696969696969
9999999999999999999999
7979797979797979797979
9999999999999999999999
9999999999999999999999
4444444444444444444444
9999999999999999999999
9999999999999999999999
7575757575757575757575
9999999999999999999999
9999999999999999999999
9999999999999999999999
7272727272727272727272
6262626262626262626262
9999999999999999999999
6666666666666666666666
5454545454545454545454
9999999999999999999999
9999999999999999999999
6969696969696969696969
6969696969696969696969
9999999999999999999999
6969696969696969696969
9999999999999999999999
9999999999999999999999
4444444444444444444444
9999999999999999999999
9999999999999999999999
7575757575757575757575
9999999999999999999999
9999999999999999999999
9999999999999999999999
7272727272727272727272
6262626262626262626262
9999999999999999999999
6666666666666666666666
5454545454545454545454
9999999999999999999999
9999999999999999999999
6969696969696969696969
6969696969696969696969
9999999999999999999999
6969696969696969696969
9999999999999999999999
9999999999999999999999
4444444444444444444444
5959595959595959595959
9999999999999999999999
7575757575757575757575
9999999999999999999999
9999999999999999999999
9999999999999999999999
7272727272727272727272
6262626262626262626262
9999999999999999999999
6666666666666666666666
5454545454545454545454
9999999999999999999999
9999999999999999999999
6969696969696969696969
6969696969696969696969
9999999999999999999999
6969696969696969696969
9999999999999999999999
9999999999999999999999
4444444444444444444444
7979797979797979797979
9999999999999999999999
7575757575757575757575
9999999999999999999999
9999999999999999999999
9999999999999999999999
7272727272727272727272
6262626262626262626262
9999999999999999999999
6666666666666666666666
5454545454545454545454
9999999999999999999999
9999999999999999999999
6969696969696969696969
6969696969696969696969
9999999999999999999999
6969696969696969696969
9999999999999999999999
9999999999999999999999
4444444444444444444444
6969696969696969696969
9999999999999999999999
7575757575757575757575
9999999999999999999999
9999999999999999999999
9999999999999999999999
7272727272727272727272
6262626262626262626262
9999999999999999999999
6666666666666666666666
5454545454545454545454
9999999999999999999999
9999999999999999999999
6565656565656565656565
6969696969696969696969
9999999999999999999999
6969696969696969696969
9999999999999999999999
9999999999999999999999
4444444444444444444444
7979797979797979797979
9999999999999999999999
