2138153714
17 11 50
9999999999999999999999
9999999999999999999999
9999999999999999999999
9999999999999999999999
9999999999999999999999
9999999999999999999999
9999999999999999999999
9999999999999999999999
9999999999999999999999
9999999999999999999999
9999999999999999999999
9999999999999999999999
9999999999999999999999
9999999999999999999999
9999999999999999999999
9999999999999999999999
9999999999999999999999
9999999999999999999999
9999999999999999999999
9999999999999999999999
9999999999999999999999
9999999999999999999999
9999999999999999999999
9999999999999999999999
9999999999999999999999
9999999999999999999999
9999999999999999999999
9999999999999999999999
9999999999999999999999
5959595959595959595959
9999999999999999999999
9999999999999999999999
9999999999999999999999
9999999999999999999999
9999999999999999999999
9999999999999999999999
9999999999999999999999
9999999999999999999999
9999999999999999999999
9999999999999999999999
9999999999999999999999
9999999999999999999999
9999999999999999999999
9999999999999999999999
9999999999999999999999
9999999999999999999999
3939393939393939393939
9999999999999999999999
9999999999999999999999
9999999999999999999999
9999999999999999999999
9999999999999999999999
9999999999999999999999
9999999999999999999999
9999999999999999999999
9999999999999999999999
9999999999999999999999
9999999999999999999999
9999999999999999999999
9999999999999999999999
9999999999999999999999
9999999999999999999999
9999999999999999999999
4949494949494949494949
9999999999999999999999
9999999999999999999999
9999999999999999999999
9999999999999999999999
9999999999999999999999
9999999999999999999999
9999999999999999999999
9999999999999999999999
9999999999999999999999
9999999999999999999999
9999999999999999999999
5959595959595959595959
9999999999999999999999
9999999999999999999999
9999999999999999999999
9999999999999999999999
4949494949494949494949
9999999999999999999999
9999999999999999999999
9999999999999999999999
9999999999999999999999
9999999999999999999999
9999999999999999999999
9999999999999999999999
9999999999999999999999
9999999999999999999999
9999999999999999999999
9999999999999999999999
3939393939393939393939
9999999999999999999999
9999999999999999999999
9999999999999999999999
9999999999999999999999
4949494949494949494949
9999999999999999999999
9999999999999999999999
9999999999999999999999
9999999999999999999999
9999999999999999999999
9999999999999999999999
9999999999999999999999
9999999999999999999999
9999999999999999999999
9999999999999999999999
9999999999999999999999
4949494949494949494949
9999999999999999999999
9999999999999999999999
9999999999999999999999
9999999999999999999999
4949494949494949494949
9999999999999999999999
9999999999999999999999
9999999999999999999999
9999999999999999999999
9999999999999999999999
9999999999999999999999
9999999999999999999999
9999999999999999999999
9999999999999999999999
9999999999999999999999
9999999999999999999999
5959595959595959595959
9999999999999999999999
9999999999999999999999
9999999999999999999999
9999999999999999999999
4949494949494949494949
9999999999999999999999
5959595959595959595959
9999999999999999999999
9999999999999999999999
9999999999999999999999
9999999999999999999999
9999999999999999999999
9999999999999999999999
9999999999999999999999
9999999999999999999999
9999999999999999999999
5959595959595959595959
9999999999999999999999
9999999999999999999999
9999999999999999999999
9999999999999999999999
4949494949494949494949
9999999999999999999999
3939393939393939393939
9999999999999999999999
9999999999999999999999
9999999999999999999999
9999999999999999999999
9999999999999999999999
9999999999999999999999
9999999999999999999999
9999999999999999999999
9999999999999999999999
5959595959595959595959
9999999999999999999999
9999999999999999999999
9999999999999999999999
9999999999999999999999
4949494949494949494949
9999999999999999999999
2929292929292929292929
9999999999999999999999
9999999999999999999999
9999999999999999999999
9999999999999999999999
9999999999999999999999
9999999999999999999999
9999999999999999999999
5959595959595959595959
9999999999999999999999
5959595959595959595959
9999999999999999999999
9999999999999999999999
9999999999999999999999
9999999999999999999999
4949494949494949494949
9999999999999999999999
2929292929292929292929
9999999999999999999999
9999999999999999999999
9999999999999999999999
9999999999999999999999
9999999999999999999999
9999999999999999999999
9999999999999999999999
3939393939393939393939
9999999999999999999999
5959595959595959595959
9999999999999999999999
9999999999999999999999
9999999999999999999999
9999999999999999999999
4949494949494949494949
9999999999999999999999
2929292929292929292929
9999999999999999999999
9999999999999999999999
9999999999999999999999
9999999999999999999999
9999999999999999999999
9999999999999999999999
9999999999999999999999
4949494949494949494949
9999999999999999999999
5959595959595959595959
9999999999999999999999
9999999999999999999999
9999999999999999999999
9999999999999999999999
4949494949494949494949
9999999999999999999999
2929292929292929292929
9999999999999999999999
9999999999999999999999
9999999999999999999999
9999999999999999999999
9999999999999999999999
9999999999999999999999
9999999999999999999999
4949494949494949494949
9999999999999999999999
5959595959595959595959
5959595959595959595959
9999999999999999999999
9999999999999999999999
9999999999999999999999
4949494949494949494949
9999999999999999999999
2929292929292929292929
9999999999999999999999
9999999999999999999999
9999999999999999999999
9999999999999999999999
9999999999999999999999
9999999999999999999999
9999999999999999999999
4949494949494949494949
9999999999999999999999
5959595959595959595959
7979797979797979797979
9999999999999999999999
9999999999999999999999
9999999999999999999999
4949494949494949494949
9999999999999999999999
2929292929292929292929
9999999999999999999999
9999999999999999999999
9999999999999999999999
9999999999999999999999
9999999999999999999999
9999999999999999999999
9999999999999999999999
4949494949494949494949
9999999999999999999999
5959595959595959595959
6969696969696969696969
9999999999999999999999
9999999999999999999999
9999999999999999999999
4949494949494949494949
9999999999999999999999
2929292929292929292929
9999999999999999999999
9999999999999999999999
9999999999999999999999
9999999999999999999999
9999999999999999999999
9999999999999999999999
9999999999999999999999
4949494949494949494949
9999999999999999999999
5959595959595959595959
6969696969696969696969
5959595959595959595959
9999999999999999999999
9999999999999999999999
4949494949494949494949
9999999999999999999999
2929292929292929292929
9999999999999999999999
9999999999999999999999
9999999999999999999999
9999999999999999999999
9999999999999999999999
9999999999999999999999
9999999999999999999999
4949494949494949494949
9999999999999999999999
5959595959595959595959
6969696969696969696969
3939393939393939393939
9999999999999999999999
9999999999999999999999
4949494949494949494949
9999999999999999999999
2929292929292929292929
9999999999999999999999
9999999999999999999999
9999999999999999999999
9999999999999999999999
9999999999999999999999
9999999999999999999999
9999999999999999999999
4949494949494949494949
9999999999999999999999
5959595959595959595959
6969696969696969696969
4949494949494949494949
9999999999999999999999
9999999999999999999999
4949494949494949494949
9999999999999999999999
2929292929292929292929
9999999999999999999999
9999999999999999999999
9999999999999999999999
9999999999999999999999
9999999999999999999999
9999999999999999999999
9999999999999999999999
4949494949494949494949
9999999999999999999999
5959595959595959595959
6969696969696969696969
4949494949494949494949
9999999999999999999999
9999999999999999999999
4545454545454545454545
9999999999999999999999
2929292929292929292929
9999999999999999999999
9999999999999999999999
9999999999999999999999
9999999999999999999999
9999999999999999999999
9999999999999999999999
9999999999999999999999
4949494949494949494949
9999999999999999999999
5959595959595959595959
6969696969696969696969
4949494949494949494949
9999999999999999999999
9999999999999999999999
4747474747474747474747
9999999999999999999999
2929292929292929292929
9999999999999999999999
9999999999999999999999
9999999999999999999999
9999999999999999999999
9999999999999999999999
9999999999999999999999
9999999999999999999999
4949494949494949494949
9999999999999999999999
5959595959595959595959
6969696969696969696969
4949494949494949494949
9999999999999999999999
9999999999999999999999
4848484848484848484848
9999999999999999999999
2929292929292929292929
9999999999999999999999
9999999999999999999999
9999999999999999999999
9999999999999999999999
9999999999999999999999
9999999999999999999999
9999999999999999999999
4949494949494949494949
5959595959595959595959
5959595959595959595959
6969696969696969696969
4949494949494949494949
9999999999999999999999
9999999999999999999999
4949494949494949494949
9999999999999999999999
2929292929292929292929
9999999999999999999999
9999999999999999999999
9999999999999999999999
9999999999999999999999
9999999999999999999999
9999999999999999999999
9999999999999999999999
4949494949494949494949
3939393939393939393939
5959595959595959595959
6969696969696969696969
4949494949494949494949
9999999999999999999999
9999999999999999999999
4949494949494949494949
9999999999999999999999
2929292929292929292929
9999999999999999999999
9999999999999999999999
9999999999999999999999
9999999999999999999999
9999999999999999999999
9999999999999999999999
9999999999999999999999
4949494949494949494949
4949494949494949494949
5959595959595959595959
6969696969696969696969
4949494949494949494949
9999999999999999999999
9999999999999999999999
4949494949494949494949
9999999999999999999999
2929292929292929292929
9999999999999999999999
9999999999999999999999
9999999999999999999999
9999999999999999999999
9999999999999999999999
9999999999999999999999
9999999999999999999999
4949494949494949494949
4949494949494949494949
5555555555555555555555
6969696969696969696969
4949494949494949494949
9999999999999999999999
9999999999999999999999
4949494949494949494949
9999999999999999999999
2929292929292929292929
9999999999999999999999
9999999999999999999999
9999999999999999999999
9999999999999999999999
9999999999999999999999
9999999999999999999999
9999999999999999999999
4949494949494949494949
4949494949494949494949
5757575757575757575757
6969696969696969696969
4949494949494949494949
9999999999999999999999
9999999999999999999999
4949494949494949494949
9999999999999999999999
2929292929292929292929
9999999999999999999999
9999999999999999999999
9999999999999999999999
9999999999999999999999
9999999999999999999999
9999999999999999999999
9999999999999999999999
4949494949494949494949
4949494949494949494949
5656565656565656565656
6969696969696969696969
4949494949494949494949
9999999999999999999999
9999999999999999999999
4949494949494949494949
9999999999999999999999
2929292929292929292929
9999999999999999999999
9999999999999999999999
9999999999999999999999
9999999999999999999999
9999999999999999999999
9999999999999999999999
9999999999999999999999
4949494949494949494949
4949494949494949494949
5656565656565656565656
6969696969696969696969
4949494949494949494949
9999999999999999999999
9999999999999999999999
4949494949494949494949
9999999999999999999999
2525252525252525252525
9999999999999999999999
9999999999999999999999
9999999999999999999999
9999999999999999999999
9999999999999999999999
9999999999999999999999
9999999999999999999999
4949494949494949494949
4949494949494949494949
5656565656565656565656
6969696969696969696969
4949494949494949494949
9999999999999999999999
9999999999999999999999
4949494949494949494949
9999999999999999999999
2727272727272727272727
9999999999999999999999
9999999999999999999999
9999999999999999999999
9999999999999999999999
9999999999999999999999
9999999999999999999999
9999999999999999999999
4949494949494949494949
4949494949494949494949
5656565656565656565656
6969696969696969696969
4949494949494949494949
9999999999999999999999
9999999999999999999999
4949494949494949494949
9999999999999999999999
2828282828282828282828
9999999999999999999999
9999999999999999999999
9999999999999999999999
9999999999999999999999
9999999999999999999999
9999999999999999999999
9999999999999999999999
4545454545454545454545
4949494949494949494949
5656565656565656565656
6969696969696969696969
4949494949494949494949
9999999999999999999999
9999999999999999999999
4949494949494949494949
9999999999999999999999
2828282828282828282828
9999999999999999999999
9999999999999999999999
9999999999999999999999
9999999999999999999999
9999999999999999999999
9999999999999999999999
9999999999999999999999
4343434343434343434343
4949494949494949494949
5656565656565656565656
6969696969696969696969
4949494949494949494949
9999999999999999999999
9999999999999999999999
4949494949494949494949
9999999999999999999999
2828282828282828282828
9999999999999999999999
9999999999999999999999
9999999999999999999999
9999999999999999999999
9999999999999999999999
9999999999999999999999
9999999999999999999999
4242424242424242424242
4949494949494949494949
5656565656565656565656
6969696969696969696969
4949494949494949494949
9999999999999999999999
9999999999999999999999
4949494949494949494949
9999999999999999999999
2828282828282828282828
9999999999999999999999
9999999999999999999999
9999999999999999999999
9999999999999999999999
9999999999999999999999
9999999999999999999999
9999999999999999999999
4242424242424242424242
4949494949494949494949
5656565656565656565656
6565656565656565656565
4949494949494949494949
9999999999999999999999
9999999999999999999999
4949494949494949494949
9999999999999999999999
2828282828282828282828
9999999999999999999999
9999999999999999999999
9999999999999999999999
9999999999999999999999
9999999999999999999999
9999999999999999999999
9999999999999999999999
4242424242424242424242
4949494949494949494949
5656565656565656565656
6767676767676767676767
4949494949494949494949
9999999999999999999999
9999999999999999999999
4949494949494949494949
9999999999999999999999
2828282828282828282828
9999999999999999999999
9999999999999999999999
9999999999999999999999
9999999999999999999999
9999999999999999999999
9999999999999999999999
9999999999999999999999
4242424242424242424242
4949494949494949494949
5656565656565656565656
6868686868686868686868
4949494949494949494949
9999999999999999999999
9999999999999999999999
4949494949494949494949
9999999999999999999999
2828282828282828282828
9999999999999999999999
9999999999999999999999
9999999999999999999999
9999999999999999999999
9999999999999999999999
9999999999999999999999
9999999999999999999999
4242424242424242424242
4949494949494949494949
5656565656565656565656
6868686868686868686868
4545454545454545454545
9999999999999999999999
9999999999999999999999
4949494949494949494949
9999999999999999999999
2828282828282828282828
9999999999999999999999
9999999999999999999999
9999999999999999999999
9999999999999999999999
9999999999999999999999
9999999999999999999999
9999999999999999999999
4242424242424242424242
4949494949494949494949
5656565656565656565656
6868686868686868686868
4747474747474747474747
9999999999999999999999
9999999999999999999999
4949494949494949494949
9999999999999999999999
2828282828282828282828
9999999999999999999999
9999999999999999999999
9999999999999999999999
9999999999999999999999
9999999999999999999999
9999999999999999999999
9999999999999999999999
4242424242424242424242
4949494949494949494949
5656565656565656565656
6868686868686868686868
4848484848484848484848
9999999999999999999999
9999999999999999999999
4949494949494949494949
9999999999999999999999
2828282828282828282828
9999999999999999999999
9999999999999999999999
9999999999999999999999
9999999999999999999999
9999999999999999999999
9999999999999999999999
9999999999999999999999
4242424242424242424242
4545454545454545454545
5656565656565656565656
6868686868686868686868
4949494949494949494949
9999999999999999999999
9999999999999999999999
4949494949494949494949
9999999999999999999999
2828282828282828282828
9999999999999999999999
9999999999999999999999
9999999999999999999999
9999999999999999999999
9999999999999999999999
9999999999999999999999
9999999999999999999999
4242424242424242424242
4343434343434343434343
5656565656565656565656
6868686868686868686868
4949494949494949494949
9999999999999999999999
9999999999999999999999
4949494949494949494949
9999999999999999999999
2828282828282828282828
9999999999999999999999
9999999999999999999999
9999999999999999999999
9999999999999999999999
9999999999999999999999
9999999999999999999999
9999999999999999999999
4242424242424242424242
4242424242424242424242
5656565656565656565656
6868686868686868686868
4949494949494949494949
9999999999999999999999
9999999999999999999999
4949494949494949494949
9999999999999999999999
2828282828282828282828
9999999999999999999999
9999999999999999999999
9999999999999999999999
9999999999999999999999
9999999999999999999999
9999999999999999999999
9999999999999999999999
4242424242424242424242
4242424242424242424242
5656565656565656565656
6868686868686868686868
4949494949494949494949
9999999999999999999999
9999999999999999999999
4949494949494949494949
5959595959595959595959
2828282828282828282828
9999999999999999999999
9999999999999999999999
9999999999999999999999
9999999999999999999999
9999999999999999999999
9999999999999999999999
9999999999999999999999
4242424242424242424242
4242424242424242424242
5656565656565656565656
6868686868686868686868
4949494949494949494949
9999999999999999999999
9999999999999999999999
4949494949494949494949
3939393939393939393939
2828282828282828282828
9999999999999999999999
9999999999999999999999
9999999999999999999999
9999999999999999999999
9999999999999999999999
9999999999999999999999
9999999999999999999999
4242424242424242424242
4242424242424242424242
5656565656565656565656
6868686868686868686868
4949494949494949494949
9999999999999999999999
9999999999999999999999
4949494949494949494949
2929292929292929292929
2828282828282828282828
9999999999999999999999
9999999999999999999999
9999999999999999999999
9999999999999999999999
9999999999999999999999
5959595959595959595959
9999999999999999999999
4242424242424242424242
4242424242424242424242
5656565656565656565656
6868686868686868686868
4949494949494949494949
9999999999999999999999
9999999999999999999999
4949494949494949494949
3939393939393939393939
2828282828282828282828
9999999999999999999999
9999999999999999999999
9999999999999999999999
9999999999999999999999
9999999999999999999999
3939393939393939393939
9999999999999999999999
4242424242424242424242
4242424242424242424242
5656565656565656565656
6868686868686868686868
4949494949494949494949
9999999999999999999999
9999999999999999999999
4949494949494949494949
3939393939393939393939
2828282828282828282828
9999999999999999999999
9999999999999999999999
9999999999999999999999
9999999999999999999999
9999999999999999999999
4949494949494949494949
9999999999999999999999
4242424242424242424242
4242424242424242424242
5656565656565656565656
6868686868686868686868
4949494949494949494949
9999999999999999999999
9999999999999999999999
4949494949494949494949
3939393939393939393939
2828282828282828282828
9999999999999999999999
9999999999999999999999
9999999999999999999999
9999999999999999999999
9999999999999999999999
5959595959595959595959
5959595959595959595959
4242424242424242424242
4242424242424242424242
5656565656565656565656
6868686868686868686868
4949494949494949494949
9999999999999999999999
9999999999999999999999
4949494949494949494949
3939393939393939393939
2828282828282828282828
9999999999999999999999
9999999999999999999999
