2576358639
19 16 50
99999999999999999999999999999999
99999999999999999999999999999999
99999999999999999999999999999999
99999999999999999999999999999999
99999999999999999999999999999999
99999999999999999999999999999999
99999999999999999999999999999999
99999999999999999999999999999999
99999999999999999999999999999999
99999999999999999999999999999999
99999999999999999999999999999999
99999999999999999999999999999999
99999999999999999999999999999999
99999999999999999999999999999999
99999999999999999999999999999999
99999999999999999999999999999999
99999999999999999999999999999999
99999999999999999999999999999999
99999999999999999999999999999999
59595959595959595959595959595959
99999999999999999999999999999999
99999999999999999999999999999999
99999999999999999999999999999999
99999999999999999999999999999999
99999999999999999999999999999999
99999999999999999999999999999999
99999999999999999999999999999999
99999999999999999999999999999999
99999999999999999999999999999999
99999999999999999999999999999999
99999999999999999999999999999999
99999999999999999999999999999999
99999999999999999999999999999999
99999999999999999999999999999999
99999999999999999999999999999999
99999999999999999999999999999999
99999999999999999999999999999999
99999999999999999999999999999999
79797979797979797979797979797979
99999999999999999999999999999999
99999999999999999999999999999999
99999999999999999999999999999999
99999999999999999999999999999999
99999999999999999999999999999999
99999999999999999999999999999999
99999999999999999999999999999999
99999999999999999999999999999999
99999999999999999999999999999999
99999999999999999999999999999999
99999999999999999999999999999999
99999999999999999999999999999999
99999999999999999999999999999999
99999999999999999999999999999999
99999999999999999999999999999999
99999999999999999999999999999999
99999999999999999999999999999999
99999999999999999999999999999999
69696969696969696969696969696969
99999999999999999999999999999999
99999999999999999999999999999999
99999999999999999999999999999999
99999999999999999999999999999999
99999999999999999999999999999999
99999999999999999999999999999999
99999999999999999999999999999999
99999999999999999999999999999999
99999999999999999999999999999999
99999999999999999999999999999999
99999999999999999999999999999999
99999999999999999999999999999999
99999999999999999999999999999999
99999999999999999999999999999999
99999999999999999999999999999999
99999999999999999999999999999999
99999999999999999999999999999999
99999999999999999999999999999999
79797979797979797979797979797979
99999999999999999999999999999999
59595959595959595959595959595959
99999999999999999999999999999999
99999999999999999999999999999999
99999999999999999999999999999999
99999999999999999999999999999999
99999999999999999999999999999999
99999999999999999999999999999999
99999999999999999999999999999999
99999999999999999999999999999999
99999999999999999999999999999999
99999999999999999999999999999999
99999999999999999999999999999999
99999999999999999999999999999999
99999999999999999999999999999999
99999999999999999999999999999999
99999999999999999999999999999999
99999999999999999999999999999999
79797979797979797979797979797979
99999999999999999999999999999999
39393939393939393939393939393939
99999999999999999999999999999999
99999999999999999999999999999999
99999999999999999999999999999999
99999999999999999999999999999999
99999999999999999999999999999999
99999999999999999999999999999999
99999999999999999999999999999999
99999999999999999999999999999999
99999999999999999999999999999999
99999999999999999999999999999999
99999999999999999999999999999999
99999999999999999999999999999999
99999999999999999999999999999999
99999999999999999999999999999999
99999999999999999999999999999999
99999999999999999999999999999999
79797979797979797979797979797979
99999999999999999999999999999999
49494949494949494949494949494949
99999999999999999999999999999999
99999999999999999999999999999999
99999999999999999999999999999999
99999999999999999999999999999999
99999999999999999999999999999999
99999999999999999999999999999999
99999999999999999999999999999999
99999999999999999999999999999999
99999999999999999999999999999999
99999999999999999999999999999999
99999999999999999999999999999999
99999999999999999999999999999999
99999999999999999999999999999999
99999999999999999999999999999999
99999999999999999999999999999999
99999999999999999999999999999999
79797979797979797979797979797979
99999999999999999999999999999999
59595959595959595959595959595959
99999999999999999999999999999999
99999999999999999999999999999999
59595959595959595959595959595959
99999999999999999999999999999999
99999999999999999999999999999999
99999999999999999999999999999999
99999999999999999999999999999999
99999999999999999999999999999999
99999999999999999999999999999999
99999999999999999999999999999999
99999999999999999999999999999999
99999999999999999999999999999999
99999999999999999999999999999999
99999999999999999999999999999999
99999999999999999999999999999999
99999999999999999999999999999999
79797979797979797979797979797979
99999999999999999999999999999999
59595959595959595959595959595959
99999999999999999999999999999999
99999999999999999999999999999999
39393939393939393939393939393939
99999999999999999999999999999999
99999999999999999999999999999999
99999999999999999999999999999999
99999999999999999999999999999999
99999999999999999999999999999999
99999999999999999999999999999999
99999999999999999999999999999999
99999999999999999999999999999999
99999999999999999999999999999999
99999999999999999999999999999999
99999999999999999999999999999999
99999999999999999999999999999999
99999999999999999999999999999999
79797979797979797979797979797979
99999999999999999999999999999999
59595959595959595959595959595959
99999999999999999999999999999999
99999999999999999999999999999999
49494949494949494949494949494949
99999999999999999999999999999999
99999999999999999999999999999999
99999999999999999999999999999999
99999999999999999999999999999999
99999999999999999999999999999999
99999999999999999999999999999999
99999999999999999999999999999999
99999999999999999999999999999999
99999999999999999999999999999999
99999999999999999999999999999999
99999999999999999999999999999999
99999999999999999999999999999999
99999999999999999999999999999999
79797979797979797979797979797979
99999999999999999999999999999999
59595959595959595959595959595959
99999999999999999999999999999999
99999999999999999999999999999999
49494949494949494949494949494949
99999999999999999999999999999999
99999999999999999999999999999999
99999999999999999999999999999999
99999999999999999999999999999999
99999999999999999999999999999999
99999999999999999999999999999999
99999999999999999999999999999999
99999999999999999999999999999999
99999999999999999999999999999999
99999999999999999999999999999999
59595959595959595959595959595959
99999999999999999999999999999999
99999999999999999999999999999999
79797979797979797979797979797979
99999999999999999999999999999999
59595959595959595959595959595959
99999999999999999999999999999999
99999999999999999999999999999999
49494949494949494949494949494949
99999999999999999999999999999999
99999999999999999999999999999999
99999999999999999999999999999999
99999999999999999999999999999999
99999999999999999999999999999999
99999999999999999999999999999999
99999999999999999999999999999999
99999999999999999999999999999999
99999999999999999999999999999999
99999999999999999999999999999999
39393939393939393939393939393939
99999999999999999999999999999999
99999999999999999999999999999999
79797979797979797979797979797979
99999999999999999999999999999999
59595959595959595959595959595959
99999999999999999999999999999999
99999999999999999999999999999999
49494949494949494949494949494949
99999999999999999999999999999999
99999999999999999999999999999999
99999999999999999999999999999999
99999999999999999999999999999999
99999999999999999999999999999999
99999999999999999999999999999999
99999999999999999999999999999999
99999999999999999999999999999999
99999999999999999999999999999999
99999999999999999999999999999999
49494949494949494949494949494949
99999999999999999999999999999999
99999999999999999999999999999999
75757575757575757575757575757575
99999999999999999999999999999999
59595959595959595959595959595959
99999999999999999999999999999999
99999999999999999999999999999999
49494949494949494949494949494949
99999999999999999999999999999999
99999999999999999999999999999999
99999999999999999999999999999999
99999999999999999999999999999999
99999999999999999999999999999999
99999999999999999999999999999999
99999999999999999999999999999999
99999999999999999999999999999999
99999999999999999999999999999999
99999999999999999999999999999999
49494949494949494949494949494949
99999999999999999999999999999999
99999999999999999999999999999999
77777777777777777777777777777777
99999999999999999999999999999999
59595959595959595959595959595959
99999999999999999999999999999999
99999999999999999999999999999999
49494949494949494949494949494949
99999999999999999999999999999999
99999999999999999999999999999999
99999999999999999999999999999999
99999999999999999999999999999999
99999999999999999999999999999999
99999999999999999999999999999999
99999999999999999999999999999999
99999999999999999999999999999999
99999999999999999999999999999999
99999999999999999999999999999999
49494949494949494949494949494949
99999999999999999999999999999999
99999999999999999999999999999999
76767676767676767676767676767676
99999999999999999999999999999999
59595959595959595959595959595959
99999999999999999999999999999999
99999999999999999999999999999999
49494949494949494949494949494949
99999999999999999999999999999999
99999999999999999999999999999999
99999999999999999999999999999999
99999999999999999999999999999999
99999999999999999999999999999999
99999999999999999999999999999999
99999999999999999999999999999999
99999999999999999999999999999999
99999999999999999999999999999999
99999999999999999999999999999999
49494949494949494949494949494949
99999999999999999999999999999999
99999999999999999999999999999999
77777777777777777777777777777777
99999999999999999999999999999999
59595959595959595959595959595959
99999999999999999999999999999999
99999999999999999999999999999999
49494949494949494949494949494949
99999999999999999999999999999999
99999999999999999999999999999999
99999999999999999999999999999999
99999999999999999999999999999999
99999999999999999999999999999999
99999999999999999999999999999999
99999999999999999999999999999999
59595959595959595959595959595959
99999999999999999999999999999999
99999999999999999999999999999999
49494949494949494949494949494949
99999999999999999999999999999999
99999999999999999999999999999999
77777777777777777777777777777777
99999999999999999999999999999999
59595959595959595959595959595959
99999999999999999999999999999999
99999999999999999999999999999999
49494949494949494949494949494949
99999999999999999999999999999999
99999999999999999999999999999999
99999999999999999999999999999999
99999999999999999999999999999999
99999999999999999999999999999999
99999999999999999999999999999999
99999999999999999999999999999999
39393939393939393939393939393939
99999999999999999999999999999999
99999999999999999999999999999999
49494949494949494949494949494949
99999999999999999999999999999999
99999999999999999999999999999999
77777777777777777777777777777777
99999999999999999999999999999999
59595959595959595959595959595959
99999999999999999999999999999999
99999999999999999999999999999999
49494949494949494949494949494949
99999999999999999999999999999999
99999999999999999999999999999999
99999999999999999999999999999999
99999999999999999999999999999999
99999999999999999999999999999999
99999999999999999999999999999999
99999999999999999999999999999999
49494949494949494949494949494949
99999999999999999999999999999999
99999999999999999999999999999999
49494949494949494949494949494949
99999999999999999999999999999999
99999999999999999999999999999999
77777777777777777777777777777777
99999999999999999999999999999999
55555555555555555555555555555555
99999999999999999999999999999999
99999999999999999999999999999999
49494949494949494949494949494949
99999999999999999999999999999999
99999999999999999999999999999999
99999999999999999999999999999999
99999999999999999999999999999999
99999999999999999999999999999999
99999999999999999999999999999999
99999999999999999999999999999999
59595959595959595959595959595959
99999999999999999999999999999999
99999999999999999999999999999999
49494949494949494949494949494949
99999999999999999999999999999999
99999999999999999999999999999999
77777777777777777777777777777777
99999999999999999999999999999999
53535353535353535353535353535353
99999999999999999999999999999999
99999999999999999999999999999999
49494949494949494949494949494949
99999999999999999999999999999999
99999999999999999999999999999999
99999999999999999999999999999999
99999999999999999999999999999999
99999999999999999999999999999999
99999999999999999999999999999999
99999999999999999999999999999999
59595959595959595959595959595959
99999999999999999999999999999999
99999999999999999999999999999999
49494949494949494949494949494949
99999999999999999999999999999999
99999999999999999999999999999999
77777777777777777777777777777777
99999999999999999999999999999999
54545454545454545454545454545454
99999999999999999999999999999999
99999999999999999999999999999999
49494949494949494949494949494949
99999999999999999999999999999999
99999999999999999999999999999999
99999999999999999999999999999999
99999999999999999999999999999999
99999999999999999999999999999999
99999999999999999999999999999999
99999999999999999999999999999999
59595959595959595959595959595959
99999999999999999999999999999999
99999999999999999999999999999999
49494949494949494949494949494949
99999999999999999999999999999999
99999999999999999999999999999999
77777777777777777777777777777777
99999999999999999999999999999999
55555555555555555555555555555555
99999999999999999999999999999999
59595959595959595959595959595959
49494949494949494949494949494949
99999999999999999999999999999999
99999999999999999999999999999999
99999999999999999999999999999999
99999999999999999999999999999999
99999999999999999999999999999999
99999999999999999999999999999999
99999999999999999999999999999999
59595959595959595959595959595959
99999999999999999999999999999999
99999999999999999999999999999999
49494949494949494949494949494949
99999999999999999999999999999999
99999999999999999999999999999999
77777777777777777777777777777777
99999999999999999999999999999999
55555555555555555555555555555555
99999999999999999999999999999999
79797979797979797979797979797979
49494949494949494949494949494949
99999999999999999999999999999999
99999999999999999999999999999999
99999999999999999999999999999999
99999999999999999999999999999999
99999999999999999999999999999999
99999999999999999999999999999999
99999999999999999999999999999999
59595959595959595959595959595959
99999999999999999999999999999999
99999999999999999999999999999999
49494949494949494949494949494949
99999999999999999999999999999999
99999999999999999999999999999999
77777777777777777777777777777777
99999999999999999999999999999999
55555555555555555555555555555555
99999999999999999999999999999999
69696969696969696969696969696969
49494949494949494949494949494949
99999999999999999999999999999999
99999999999999999999999999999999
99999999999999999999999999999999
99999999999999999999999999999999
99999999999999999999999999999999
99999999999999999999999999999999
99999999999999999999999999999999
59595959595959595959595959595959
99999999999999999999999999999999
99999999999999999999999999999999
49494949494949494949494949494949
99999999999999999999999999999999
99999999999999999999999999999999
77777777777777777777777777777777
99999999999999999999999999999999
55555555555555555555555555555555
99999999999999999999999999999999
79797979797979797979797979797979
45454545454545454545454545454545
99999999999999999999999999999999
99999999999999999999999999999999
99999999999999999999999999999999
99999999999999999999999999999999
99999999999999999999999999999999
99999999999999999999999999999999
99999999999999999999999999999999
59595959595959595959595959595959
99999999999999999999999999999999
99999999999999999999999999999999
49494949494949494949494949494949
99999999999999999999999999999999
99999999999999999999999999999999
77777777777777777777777777777777
99999999999999999999999999999999
55555555555555555555555555555555
99999999999999999999999999999999
79797979797979797979797979797979
43434343434343434343434343434343
99999999999999999999999999999999
99999999999999999999999999999999
99999999999999999999999999999999
99999999999999999999999999999999
99999999999999999999999999999999
99999999999999999999999999999999
99999999999999999999999999999999
59595959595959595959595959595959
99999999999999999999999999999999
99999999999999999999999999999999
49494949494949494949494949494949
99999999999999999999999999999999
99999999999999999999999999999999
77777777777777777777777777777777
99999999999999999999999999999999
55555555555555555555555555555555
99999999999999999999999999999999
79797979797979797979797979797979
42424242424242424242424242424242
99999999999999999999999999999999
99999999999999999999999999999999
99999999999999999999999999999999
99999999999999999999999999999999
99999999999999999999999999999999
99999999999999999999999999999999
99999999999999999999999999999999
59595959595959595959595959595959
99999999999999999999999999999999
99999999999999999999999999999999
49494949494949494949494949494949
99999999999999999999999999999999
99999999999999999999999999999999
77777777777777777777777777777777
99999999999999999999999999999999
55555555555555555555555555555555
99999999999999999999999999999999
79797979797979797979797979797979
43434343434343434343434343434343
99999999999999999999999999999999
99999999999999999999999999999999
99999999999999999999999999999999
99999999999999999999999999999999
99999999999999999999999999999999
99999999999999999999999999999999
99999999999999999999999999999999
59595959595959595959595959595959
99999999999999999999999999999999
99999999999999999999999999999999
45454545454545454545454545454545
99999999999999999999999999999999
99999999999999999999999999999999
77777777777777777777777777777777
99999999999999999999999999999999
55555555555555555555555555555555
99999999999999999999999999999999
79797979797979797979797979797979
43434343434343434343434343434343
99999999999999999999999999999999
99999999999999999999999999999999
99999999999999999999999999999999
99999999999999999999999999999999
99999999999999999999999999999999
99999999999999999999999999999999
99999999999999999999999999999999
59595959595959595959595959595959
99999999999999999999999999999999
99999999999999999999999999999999
43434343434343434343434343434343
99999999999999999999999999999999
99999999999999999999999999999999
77777777777777777777777777777777
99999999999999999999999999999999
55555555555555555555555555555555
99999999999999999999999999999999
79797979797979797979797979797979
43434343434343434343434343434343
99999999999999999999999999999999
99999999999999999999999999999999
99999999999999999999999999999999
99999999999999999999999999999999
99999999999999999999999999999999
99999999999999999999999999999999
99999999999999999999999999999999
59595959595959595959595959595959
99999999999999999999999999999999
99999999999999999999999999999999
42424242424242424242424242424242
99999999999999999999999999999999
99999999999999999999999999999999
77777777777777777777777777777777
99999999999999999999999999999999
55555555555555555555555555555555
99999999999999999999999999999999
79797979797979797979797979797979
43434343434343434343434343434343
99999999999999999999999999999999
99999999999999999999999999999999
99999999999999999999999999999999
99999999999999999999999999999999
99999999999999999999999999999999
99999999999999999999999999999999
99999999999999999999999999999999
55555555555555555555555555555555
99999999999999999999999999999999
99999999999999999999999999999999
43434343434343434343434343434343
99999999999999999999999999999999
99999999999999999999999999999999
77777777777777777777777777777777
99999999999999999999999999999999
55555555555555555555555555555555
99999999999999999999999999999999
79797979797979797979797979797979
43434343434343434343434343434343
99999999999999999999999999999999
99999999999999999999999999999999
99999999999999999999999999999999
99999999999999999999999999999999
99999999999999999999999999999999
99999999999999999999999999999999
99999999999999999999999999999999
53535353535353535353535353535353
99999999999999999999999999999999
99999999999999999999999999999999
43434343434343434343434343434343
99999999999999999999999999999999
99999999999999999999999999999999
77777777777777777777777777777777
99999999999999999999999999999999
55555555555555555555555555555555
99999999999999999999999999999999
79797979797979797979797979797979
43434343434343434343434343434343
99999999999999999999999999999999
99999999999999999999999999999999
99999999999999999999999999999999
99999999999999999999999999999999
99999999999999999999999999999999
99999999999999999999999999999999
99999999999999999999999999999999
54545454545454545454545454545454
99999999999999999999999999999999
99999999999999999999999999999999
43434343434343434343434343434343
99999999999999999999999999999999
99999999999999999999999999999999
77777777777777777777777777777777
99999999999999999999999999999999
55555555555555555555555555555555
99999999999999999999999999999999
75757575757575757575757575757575
43434343434343434343434343434343
99999999999999999999999999999999
99999999999999999999999999999999
99999999999999999999999999999999
99999999999999999999999999999999
99999999999999999999999999999999
99999999999999999999999999999999
99999999999999999999999999999999
55555555555555555555555555555555
99999999999999999999999999999999
99999999999999999999999999999999
43434343434343434343434343434343
99999999999999999999999999999999
99999999999999999999999999999999
77777777777777777777777777777777
99999999999999999999999999999999
55555555555555555555555555555555
99999999999999999999999999999999
73737373737373737373737373737373
43434343434343434343434343434343
99999999999999999999999999999999
99999999999999999999999999999999
99999999999999999999999999999999
99999999999999999999999999999999
99999999999999999999999999999999
99999999999999999999999999999999
99999999999999999999999999999999
55555555555555555555555555555555
99999999999999999999999999999999
99999999999999999999999999999999
43434343434343434343434343434343
99999999999999999999999999999999
99999999999999999999999999999999
77777777777777777777777777777777
99999999999999999999999999999999
55555555555555555555555555555555
99999999999999999999999999999999
74747474747474747474747474747474
43434343434343434343434343434343
99999999999999999999999999999999
99999999999999999999999999999999
99999999999999999999999999999999
99999999999999999999999999999999
99999999999999999999999999999999
99999999999999999999999999999999
99999999999999999999999999999999
55555555555555555555555555555555
99999999999999999999999999999999
99999999999999999999999999999999
43434343434343434343434343434343
99999999999999999999999999999999
99999999999999999999999999999999
77777777777777777777777777777777
99999999999999999999999999999999
55555555555555555555555555555555
99999999999999999999999999999999
75757575757575757575757575757575
43434343434343434343434343434343
99999999999999999999999999999999
99999999999999999999999999999999
99999999999999999999999999999999
99999999999999999999999999999999
99999999999999999999999999999999
59595959595959595959595959595959
99999999999999999999999999999999
55555555555555555555555555555555
99999999999999999999999999999999
99999999999999999999999999999999
43434343434343434343434343434343
99999999999999999999999999999999
99999999999999999999999999999999
77777777777777777777777777777777
99999999999999999999999999999999
55555555555555555555555555555555
99999999999999999999999999999999
75757575757575757575757575757575
43434343434343434343434343434343
99999999999999999999999999999999
99999999999999999999999999999999
99999999999999999999999999999999
99999999999999999999999999999999
99999999999999999999999999999999
39393939393939393939393939393939
99999999999999999999999999999999
55555555555555555555555555555555
99999999999999999999999999999999
99999999999999999999999999999999
43434343434343434343434343434343
99999999999999999999999999999999
99999999999999999999999999999999
77777777777777777777777777777777
99999999999999999999999999999999
55555555555555555555555555555555
99999999999999999999999999999999
75757575757575757575757575757575
43434343434343434343434343434343
99999999999999999999999999999999
99999999999999999999999999999999
99999999999999999999999999999999
99999999999999999999999999999999
99999999999999999999999999999999
49494949494949494949494949494949
99999999999999999999999999999999
55555555555555555555555555555555
99999999999999999999999999999999
99999999999999999999999999999999
43434343434343434343434343434343
99999999999999999999999999999999
99999999999999999999999999999999
77777777777777777777777777777777
99999999999999999999999999999999
55555555555555555555555555555555
99999999999999999999999999999999
75757575757575757575757575757575
43434343434343434343434343434343
99999999999999999999999999999999
99999999999999999999999999999999
99999999999999999999999999999999
99999999999999999999999999999999
99999999999999999999999999999999
49494949494949494949494949494949
99999999999999999999999999999999
55555555555555555555555555555555
99999999999999999999999999999999
59595959595959595959595959595959
43434343434343434343434343434343
99999999999999999999999999999999
99999999999999999999999999999999
77777777777777777777777777777777
99999999999999999999999999999999
55555555555555555555555555555555
99999999999999999999999999999999
75757575757575757575757575757575
43434343434343434343434343434343
99999999999999999999999999999999
99999999999999999999999999999999
99999999999999999999999999999999
99999999999999999999999999999999
99999999999999999999999999999999
49494949494949494949494949494949
99999999999999999999999999999999
55555555555555555555555555555555
99999999999999999999999999999999
39393939393939393939393939393939
43434343434343434343434343434343
99999999999999999999999999999999
99999999999999999999999999999999
77777777777777777777777777777777
99999999999999999999999999999999
55555555555555555555555555555555
99999999999999999999999999999999
75757575757575757575757575757575
43434343434343434343434343434343
99999999999999999999999999999999
99999999999999999999999999999999
99999999999999999999999999999999
99999999999999999999999999999999
99999999999999999999999999999999
49494949494949494949494949494949
99999999999999999999999999999999
55555555555555555555555555555555
99999999999999999999999999999999
49494949494949494949494949494949
43434343434343434343434343434343
99999999999999999999999999999999
99999999999999999999999999999999
77777777777777777777777777777777
99999999999999999999999999999999
55555555555555555555555555555555
99999999999999999999999999999999
75757575757575757575757575757575
43434343434343434343434343434343
99999999999999999999999999999999
99999999999999999999999999999999
99999999999999999999999999999999
99999999999999999999999999999999
99999999999999999999999999999999
49494949494949494949494949494949
99999999999999999999999999999999
55555555555555555555555555555555
99999999999999999999999999999999
49494949494949494949494949494949
43434343434343434343434343434343
59595959595959595959595959595959
99999999999999999999999999999999
77777777777777777777777777777777
99999999999999999999999999999999
55555555555555555555555555555555
99999999999999999999999999999999
75757575757575757575757575757575
43434343434343434343434343434343
99999999999999999999999999999999
99999999999999999999999999999999
99999999999999999999999999999999
99999999999999999999999999999999
99999999999999999999999999999999
49494949494949494949494949494949
99999999999999999999999999999999
55555555555555555555555555555555
99999999999999999999999999999999
49494949494949494949494949494949
43434343434343434343434343434343
39393939393939393939393939393939
99999999999999999999999999999999
77777777777777777777777777777777
99999999999999999999999999999999
55555555555555555555555555555555
99999999999999999999999999999999
75757575757575757575757575757575
43434343434343434343434343434343
99999999999999999999999999999999
99999999999999999999999999999999
99999999999999999999999999999999
99999999999999999999999999999999
99999999999999999999999999999999
49494949494949494949494949494949
99999999999999999999999999999999
55555555555555555555555555555555
99999999999999999999999999999999
49494949494949494949494949494949
43434343434343434343434343434343
49494949494949494949494949494949
99999999999999999999999999999999
77777777777777777777777777777777
99999999999999999999999999999999
55555555555555555555555555555555
99999999999999999999999999999999
75757575757575757575757575757575
43434343434343434343434343434343
99999999999999999999999999999999
99999999999999999999999999999999
99999999999999999999999999999999
59595959595959595959595959595959
99999999999999999999999999999999
49494949494949494949494949494949
99999999999999999999999999999999
55555555555555555555555555555555
99999999999999999999999999999999
49494949494949494949494949494949
43434343434343434343434343434343
49494949494949494949494949494949
99999999999999999999999999999999
77777777777777777777777777777777
99999999999999999999999999999999
55555555555555555555555555555555
99999999999999999999999999999999
75757575757575757575757575757575
43434343434343434343434343434343
99999999999999999999999999999999
99999999999999999999999999999999
99999999999999999999999999999999
39393939393939393939393939393939
99999999999999999999999999999999
49494949494949494949494949494949
99999999999999999999999999999999
55555555555555555555555555555555
99999999999999999999999999999999
49494949494949494949494949494949
43434343434343434343434343434343
49494949494949494949494949494949
99999999999999999999999999999999
77777777777777777777777777777777
99999999999999999999999999999999
55555555555555555555555555555555
99999999999999999999999999999999
75757575757575757575757575757575
43434343434343434343434343434343
99999999999999999999999999999999
99999999999999999999999999999999
99999999999999999999999999999999
49494949494949494949494949494949
99999999999999999999999999999999
49494949494949494949494949494949
99999999999999999999999999999999
55555555555555555555555555555555
99999999999999999999999999999999
49494949494949494949494949494949
43434343434343434343434343434343
49494949494949494949494949494949
99999999999999999999999999999999
77777777777777777777777777777777
99999999999999999999999999999999
55555555555555555555555555555555
99999999999999999999999999999999
75757575757575757575757575757575
43434343434343434343434343434343
59595959595959595959595959595959
99999999999999999999999999999999
99999999999999999999999999999999
49494949494949494949494949494949
99999999999999999999999999999999
49494949494949494949494949494949
99999999999999999999999999999999
55555555555555555555555555555555
99999999999999999999999999999999
49494949494949494949494949494949
43434343434343434343434343434343
49494949494949494949494949494949
99999999999999999999999999999999
