2683091250
16 16 50
99999999999999999999999999999999
99999999999999999999999999999999
99999999999999999999999999999999
99999999999999999999999999999999
99999999999999999999999999999999
99999999999999999999999999999999
99999999999999999999999999999999
99999999999999999999999999999999
99999999999999999999999999999999
99999999999999999999999999999999
99999999999999999999999999999999
99999999999999999999999999999999
99999999999999999999999999999999
99999999999999999999999999999999
99999999999999999999999999999999
99999999999999999999999999999999
99999999999999999999999999999999
99999999999999999999999999999999
99999999999999999999999999999999
99999999999999999999999999999999
99999999999999999999999999999999
99999999999999999999999999999999
99999999999999999999999999999999
99999999999999999999999999999999
99999999999999999999999999999999
99999999999999999999999999999999
99999999999999999999999999999999
99999999999999999999999999999999
59595959595959595959595959595959
99999999999999999999999999999999
99999999999999999999999999999999
99999999999999999999999999999999
99999999999999999999999999999999
99999999999999999999999999999999
99999999999999999999999999999999
99999999999999999999999999999999
99999999999999999999999999999999
99999999999999999999999999999999
99999999999999999999999999999999
99999999999999999999999999999999
99999999999999999999999999999999
99999999999999999999999999999999
99999999999999999999999999999999
99999999999999999999999999999999
39393939393939393939393939393939
99999999999999999999999999999999
99999999999999999999999999999999
99999999999999999999999999999999
99999999999999999999999999999999
99999999999999999999999999999999
99999999999999999999999999999999
99999999999999999999999999999999
99999999999999999999999999999999
99999999999999999999999999999999
99999999999999999999999999999999
99999999999999999999999999999999
99999999999999999999999999999999
99999999999999999999999999999999
99999999999999999999999999999999
99999999999999999999999999999999
29292929292929292929292929292929
99999999999999999999999999999999
99999999999999999999999999999999
99999999999999999999999999999999
99999999999999999999999999999999
99999999999999999999999999999999
99999999999999999999999999999999
99999999999999999999999999999999
99999999999999999999999999999999
99999999999999999999999999999999
99999999999999999999999999999999
99999999999999999999999999999999
99999999999999999999999999999999
99999999999999999999999999999999
99999999999999999999999999999999
59595959595959595959595959595959
39393939393939393939393939393939
99999999999999999999999999999999
99999999999999999999999999999999
99999999999999999999999999999999
99999999999999999999999999999999
99999999999999999999999999999999
99999999999999999999999999999999
99999999999999999999999999999999
99999999999999999999999999999999
99999999999999999999999999999999
99999999999999999999999999999999
99999999999999999999999999999999
99999999999999999999999999999999
99999999999999999999999999999999
99999999999999999999999999999999
39393939393939393939393939393939
39393939393939393939393939393939
99999999999999999999999999999999
99999999999999999999999999999999
99999999999999999999999999999999
99999999999999999999999999999999
99999999999999999999999999999999
99999999999999999999999999999999
99999999999999999999999999999999
99999999999999999999999999999999
99999999999999999999999999999999
99999999999999999999999999999999
99999999999999999999999999999999
99999999999999999999999999999999
99999999999999999999999999999999
99999999999999999999999999999999
49494949494949494949494949494949
39393939393939393939393939393939
99999999999999999999999999999999
99999999999999999999999999999999
99999999999999999999999999999999
99999999999999999999999999999999
99999999999999999999999999999999
59595959595959595959595959595959
99999999999999999999999999999999
99999999999999999999999999999999
99999999999999999999999999999999
99999999999999999999999999999999
99999999999999999999999999999999
99999999999999999999999999999999
99999999999999999999999999999999
99999999999999999999999999999999
49494949494949494949494949494949
39393939393939393939393939393939
99999999999999999999999999999999
99999999999999999999999999999999
99999999999999999999999999999999
99999999999999999999999999999999
99999999999999999999999999999999
39393939393939393939393939393939
99999999999999999999999999999999
99999999999999999999999999999999
99999999999999999999999999999999
99999999999999999999999999999999
99999999999999999999999999999999
99999999999999999999999999999999
99999999999999999999999999999999
99999999999999999999999999999999
49494949494949494949494949494949
39393939393939393939393939393939
99999999999999999999999999999999
99999999999999999999999999999999
99999999999999999999999999999999
99999999999999999999999999999999
99999999999999999999999999999999
29292929292929292929292929292929
99999999999999999999999999999999
99999999999999999999999999999999
99999999999999999999999999999999
99999999999999999999999999999999
99999999999999999999999999999999
99999999999999999999999999999999
99999999999999999999999999999999
99999999999999999999999999999999
49494949494949494949494949494949
39393939393939393939393939393939
99999999999999999999999999999999
99999999999999999999999999999999
99999999999999999999999999999999
99999999999999999999999999999999
99999999999999999999999999999999
39393939393939393939393939393939
99999999999999999999999999999999
99999999999999999999999999999999
99999999999999999999999999999999
99999999999999999999999999999999
99999999999999999999999999999999
99999999999999999999999999999999
99999999999999999999999999999999
99999999999999999999999999999999
49494949494949494949494949494949
39393939393939393939393939393939
59595959595959595959595959595959
99999999999999999999999999999999
99999999999999999999999999999999
99999999999999999999999999999999
99999999999999999999999999999999
39393939393939393939393939393939
99999999999999999999999999999999
99999999999999999999999999999999
99999999999999999999999999999999
99999999999999999999999999999999
99999999999999999999999999999999
99999999999999999999999999999999
99999999999999999999999999999999
99999999999999999999999999999999
49494949494949494949494949494949
39393939393939393939393939393939
39393939393939393939393939393939
99999999999999999999999999999999
99999999999999999999999999999999
99999999999999999999999999999999
99999999999999999999999999999999
39393939393939393939393939393939
99999999999999999999999999999999
99999999999999999999999999999999
99999999999999999999999999999999
99999999999999999999999999999999
99999999999999999999999999999999
99999999999999999999999999999999
99999999999999999999999999999999
99999999999999999999999999999999
49494949494949494949494949494949
39393939393939393939393939393939
49494949494949494949494949494949
99999999999999999999999999999999
99999999999999999999999999999999
99999999999999999999999999999999
99999999999999999999999999999999
39393939393939393939393939393939
99999999999999999999999999999999
99999999999999999999999999999999
99999999999999999999999999999999
99999999999999999999999999999999
99999999999999999999999999999999
99999999999999999999999999999999
99999999999999999999999999999999
99999999999999999999999999999999
49494949494949494949494949494949
35353535353535353535353535353535
49494949494949494949494949494949
99999999999999999999999999999999
99999999999999999999999999999999
99999999999999999999999999999999
99999999999999999999999999999999
39393939393939393939393939393939
99999999999999999999999999999999
99999999999999999999999999999999
99999999999999999999999999999999
99999999999999999999999999999999
99999999999999999999999999999999
99999999999999999999999999999999
99999999999999999999999999999999
99999999999999999999999999999999
49494949494949494949494949494949
33333333333333333333333333333333
49494949494949494949494949494949
99999999999999999999999999999999
99999999999999999999999999999999
99999999999999999999999999999999
99999999999999999999999999999999
39393939393939393939393939393939
99999999999999999999999999999999
99999999999999999999999999999999
99999999999999999999999999999999
99999999999999999999999999999999
99999999999999999999999999999999
99999999999999999999999999999999
99999999999999999999999999999999
99999999999999999999999999999999
49494949494949494949494949494949
34343434343434343434343434343434
49494949494949494949494949494949
99999999999999999999999999999999
99999999999999999999999999999999
99999999999999999999999999999999
99999999999999999999999999999999
39393939393939393939393939393939
99999999999999999999999999999999
99999999999999999999999999999999
99999999999999999999999999999999
99999999999999999999999999999999
99999999999999999999999999999999
99999999999999999999999999999999
99999999999999999999999999999999
99999999999999999999999999999999
45454545454545454545454545454545
34343434343434343434343434343434
49494949494949494949494949494949
99999999999999999999999999999999
99999999999999999999999999999999
99999999999999999999999999999999
99999999999999999999999999999999
39393939393939393939393939393939
99999999999999999999999999999999
99999999999999999999999999999999
99999999999999999999999999999999
99999999999999999999999999999999
99999999999999999999999999999999
99999999999999999999999999999999
99999999999999999999999999999999
99999999999999999999999999999999
43434343434343434343434343434343
34343434343434343434343434343434
49494949494949494949494949494949
99999999999999999999999999999999
99999999999999999999999999999999
99999999999999999999999999999999
99999999999999999999999999999999
39393939393939393939393939393939
99999999999999999999999999999999
99999999999999999999999999999999
99999999999999999999999999999999
99999999999999999999999999999999
99999999999999999999999999999999
99999999999999999999999999999999
99999999999999999999999999999999
99999999999999999999999999999999
44444444444444444444444444444444
34343434343434343434343434343434
49494949494949494949494949494949
99999999999999999999999999999999
99999999999999999999999999999999
99999999999999999999999999999999
99999999999999999999999999999999
35353535353535353535353535353535
99999999999999999999999999999999
99999999999999999999999999999999
99999999999999999999999999999999
99999999999999999999999999999999
99999999999999999999999999999999
99999999999999999999999999999999
99999999999999999999999999999999
99999999999999999999999999999999
45454545454545454545454545454545
34343434343434343434343434343434
49494949494949494949494949494949
99999999999999999999999999999999
99999999999999999999999999999999
99999999999999999999999999999999
99999999999999999999999999999999
33333333333333333333333333333333
99999999999999999999999999999999
99999999999999999999999999999999
99999999999999999999999999999999
99999999999999999999999999999999
99999999999999999999999999999999
99999999999999999999999999999999
99999999999999999999999999999999
99999999999999999999999999999999
45454545454545454545454545454545
34343434343434343434343434343434
49494949494949494949494949494949
99999999999999999999999999999999
99999999999999999999999999999999
99999999999999999999999999999999
99999999999999999999999999999999
32323232323232323232323232323232
99999999999999999999999999999999
99999999999999999999999999999999
99999999999999999999999999999999
99999999999999999999999999999999
99999999999999999999999999999999
99999999999999999999999999999999
99999999999999999999999999999999
99999999999999999999999999999999
45454545454545454545454545454545
34343434343434343434343434343434
49494949494949494949494949494949
99999999999999999999999999999999
99999999999999999999999999999999
99999999999999999999999999999999
99999999999999999999999999999999
33333333333333333333333333333333
99999999999999999999999999999999
99999999999999999999999999999999
99999999999999999999999999999999
99999999999999999999999999999999
99999999999999999999999999999999
99999999999999999999999999999999
99999999999999999999999999999999
99999999999999999999999999999999
45454545454545454545454545454545
34343434343434343434343434343434
45454545454545454545454545454545
99999999999999999999999999999999
99999999999999999999999999999999
99999999999999999999999999999999
99999999999999999999999999999999
33333333333333333333333333333333
99999999999999999999999999999999
99999999999999999999999999999999
99999999999999999999999999999999
99999999999999999999999999999999
99999999999999999999999999999999
99999999999999999999999999999999
99999999999999999999999999999999
99999999999999999999999999999999
45454545454545454545454545454545
34343434343434343434343434343434
47474747474747474747474747474747
99999999999999999999999999999999
99999999999999999999999999999999
99999999999999999999999999999999
99999999999999999999999999999999
33333333333333333333333333333333
99999999999999999999999999999999
99999999999999999999999999999999
99999999999999999999999999999999
99999999999999999999999999999999
99999999999999999999999999999999
99999999999999999999999999999999
99999999999999999999999999999999
99999999999999999999999999999999
45454545454545454545454545454545
34343434343434343434343434343434
46464646464646464646464646464646
99999999999999999999999999999999
99999999999999999999999999999999
99999999999999999999999999999999
99999999999999999999999999999999
33333333333333333333333333333333
99999999999999999999999999999999
99999999999999999999999999999999
59595959595959595959595959595959
99999999999999999999999999999999
99999999999999999999999999999999
99999999999999999999999999999999
99999999999999999999999999999999
99999999999999999999999999999999
45454545454545454545454545454545
34343434343434343434343434343434
46464646464646464646464646464646
99999999999999999999999999999999
99999999999999999999999999999999
99999999999999999999999999999999
99999999999999999999999999999999
33333333333333333333333333333333
99999999999999999999999999999999
99999999999999999999999999999999
79797979797979797979797979797979
99999999999999999999999999999999
99999999999999999999999999999999
99999999999999999999999999999999
99999999999999999999999999999999
99999999999999999999999999999999
45454545454545454545454545454545
34343434343434343434343434343434
46464646464646464646464646464646
99999999999999999999999999999999
99999999999999999999999999999999
99999999999999999999999999999999
99999999999999999999999999999999
33333333333333333333333333333333
99999999999999999999999999999999
99999999999999999999999999999999
69696969696969696969696969696969
99999999999999999999999999999999
99999999999999999999999999999999
99999999999999999999999999999999
99999999999999999999999999999999
99999999999999999999999999999999
45454545454545454545454545454545
34343434343434343434343434343434
46464646464646464646464646464646
99999999999999999999999999999999
99999999999999999999999999999999
99999999999999999999999999999999
99999999999999999999999999999999
33333333333333333333333333333333
99999999999999999999999999999999
99999999999999999999999999999999
79797979797979797979797979797979
99999999999999999999999999999999
99999999999999999999999999999999
99999999999999999999999999999999
59595959595959595959595959595959
99999999999999999999999999999999
45454545454545454545454545454545
34343434343434343434343434343434
46464646464646464646464646464646
99999999999999999999999999999999
99999999999999999999999999999999
99999999999999999999999999999999
99999999999999999999999999999999
33333333333333333333333333333333
99999999999999999999999999999999
99999999999999999999999999999999
79797979797979797979797979797979
99999999999999999999999999999999
99999999999999999999999999999999
99999999999999999999999999999999
79797979797979797979797979797979
99999999999999999999999999999999
45454545454545454545454545454545
34343434343434343434343434343434
46464646464646464646464646464646
99999999999999999999999999999999
99999999999999999999999999999999
99999999999999999999999999999999
99999999999999999999999999999999
33333333333333333333333333333333
99999999999999999999999999999999
99999999999999999999999999999999
79797979797979797979797979797979
99999999999999999999999999999999
99999999999999999999999999999999
99999999999999999999999999999999
69696969696969696969696969696969
99999999999999999999999999999999
45454545454545454545454545454545
34343434343434343434343434343434
46464646464646464646464646464646
99999999999999999999999999999999
99999999999999999999999999999999
99999999999999999999999999999999
99999999999999999999999999999999
33333333333333333333333333333333
99999999999999999999999999999999
99999999999999999999999999999999
79797979797979797979797979797979
99999999999999999999999999999999
99999999999999999999999999999999
59595959595959595959595959595959
69696969696969696969696969696969
99999999999999999999999999999999
45454545454545454545454545454545
34343434343434343434343434343434
46464646464646464646464646464646
99999999999999999999999999999999
99999999999999999999999999999999
99999999999999999999999999999999
99999999999999999999999999999999
33333333333333333333333333333333
99999999999999999999999999999999
99999999999999999999999999999999
79797979797979797979797979797979
99999999999999999999999999999999
99999999999999999999999999999999
39393939393939393939393939393939
69696969696969696969696969696969
99999999999999999999999999999999
45454545454545454545454545454545
34343434343434343434343434343434
46464646464646464646464646464646
99999999999999999999999999999999
99999999999999999999999999999999
99999999999999999999999999999999
99999999999999999999999999999999
33333333333333333333333333333333
99999999999999999999999999999999
99999999999999999999999999999999
79797979797979797979797979797979
99999999999999999999999999999999
99999999999999999999999999999999
49494949494949494949494949494949
69696969696969696969696969696969
99999999999999999999999999999999
45454545454545454545454545454545
34343434343434343434343434343434
46464646464646464646464646464646
99999999999999999999999999999999
99999999999999999999999999999999
99999999999999999999999999999999
99999999999999999999999999999999
33333333333333333333333333333333
99999999999999999999999999999999
99999999999999999999999999999999
79797979797979797979797979797979
99999999999999999999999999999999
99999999999999999999999999999999
49494949494949494949494949494949
69696969696969696969696969696969
99999999999999999999999999999999
45454545454545454545454545454545
34343434343434343434343434343434
46464646464646464646464646464646
99999999999999999999999999999999
59595959595959595959595959595959
99999999999999999999999999999999
99999999999999999999999999999999
33333333333333333333333333333333
99999999999999999999999999999999
99999999999999999999999999999999
79797979797979797979797979797979
99999999999999999999999999999999
99999999999999999999999999999999
49494949494949494949494949494949
69696969696969696969696969696969
99999999999999999999999999999999
45454545454545454545454545454545
34343434343434343434343434343434
46464646464646464646464646464646
99999999999999999999999999999999
79797979797979797979797979797979
99999999999999999999999999999999
99999999999999999999999999999999
33333333333333333333333333333333
99999999999999999999999999999999
99999999999999999999999999999999
79797979797979797979797979797979
99999999999999999999999999999999
99999999999999999999999999999999
49494949494949494949494949494949
69696969696969696969696969696969
99999999999999999999999999999999
45454545454545454545454545454545
34343434343434343434343434343434
46464646464646464646464646464646
99999999999999999999999999999999
69696969696969696969696969696969
99999999999999999999999999999999
99999999999999999999999999999999
33333333333333333333333333333333
99999999999999999999999999999999
99999999999999999999999999999999
75757575757575757575757575757575
99999999999999999999999999999999
99999999999999999999999999999999
49494949494949494949494949494949
69696969696969696969696969696969
99999999999999999999999999999999
45454545454545454545454545454545
34343434343434343434343434343434
46464646464646464646464646464646
99999999999999999999999999999999
69696969696969696969696969696969
99999999999999999999999999999999
99999999999999999999999999999999
33333333333333333333333333333333
99999999999999999999999999999999
99999999999999999999999999999999
73737373737373737373737373737373
99999999999999999999999999999999
99999999999999999999999999999999
49494949494949494949494949494949
69696969696969696969696969696969
99999999999999999999999999999999
45454545454545454545454545454545
34343434343434343434343434343434
46464646464646464646464646464646
99999999999999999999999999999999
69696969696969696969696969696969
99999999999999999999999999999999
99999999999999999999999999999999
33333333333333333333333333333333
99999999999999999999999999999999
99999999999999999999999999999999
72727272727272727272727272727272
99999999999999999999999999999999
99999999999999999999999999999999
49494949494949494949494949494949
69696969696969696969696969696969
99999999999999999999999999999999
45454545454545454545454545454545
34343434343434343434343434343434
46464646464646464646464646464646
99999999999999999999999999999999
69696969696969696969696969696969
99999999999999999999999999999999
99999999999999999999999999999999
33333333333333333333333333333333
99999999999999999999999999999999
99999999999999999999999999999999
73737373737373737373737373737373
99999999999999999999999999999999
99999999999999999999999999999999
49494949494949494949494949494949
65656565656565656565656565656565
99999999999999999999999999999999
45454545454545454545454545454545
34343434343434343434343434343434
46464646464646464646464646464646
99999999999999999999999999999999
69696969696969696969696969696969
99999999999999999999999999999999
99999999999999999999999999999999
33333333333333333333333333333333
99999999999999999999999999999999
99999999999999999999999999999999
73737373737373737373737373737373
99999999999999999999999999999999
99999999999999999999999999999999
49494949494949494949494949494949
63636363636363636363636363636363
99999999999999999999999999999999
45454545454545454545454545454545
34343434343434343434343434343434
46464646464646464646464646464646
99999999999999999999999999999999
69696969696969696969696969696969
99999999999999999999999999999999
99999999999999999999999999999999
33333333333333333333333333333333
99999999999999999999999999999999
99999999999999999999999999999999
73737373737373737373737373737373
99999999999999999999999999999999
99999999999999999999999999999999
49494949494949494949494949494949
64646464646464646464646464646464
99999999999999999999999999999999
45454545454545454545454545454545
34343434343434343434343434343434
46464646464646464646464646464646
99999999999999999999999999999999
69696969696969696969696969696969
99999999999999999999999999999999
99999999999999999999999999999999
33333333333333333333333333333333
99999999999999999999999999999999
99999999999999999999999999999999
73737373737373737373737373737373
99999999999999999999999999999999
99999999999999999999999999999999
45454545454545454545454545454545
64646464646464646464646464646464
99999999999999999999999999999999
45454545454545454545454545454545
34343434343434343434343434343434
46464646464646464646464646464646
99999999999999999999999999999999
69696969696969696969696969696969
99999999999999999999999999999999
99999999999999999999999999999999
33333333333333333333333333333333
99999999999999999999999999999999
99999999999999999999999999999999
73737373737373737373737373737373
99999999999999999999999999999999
99999999999999999999999999999999
43434343434343434343434343434343
64646464646464646464646464646464
99999999999999999999999999999999
45454545454545454545454545454545
34343434343434343434343434343434
46464646464646464646464646464646
99999999999999999999999999999999
69696969696969696969696969696969
99999999999999999999999999999999
99999999999999999999999999999999
33333333333333333333333333333333
99999999999999999999999999999999
99999999999999999999999999999999
73737373737373737373737373737373
99999999999999999999999999999999
99999999999999999999999999999999
42424242424242424242424242424242
64646464646464646464646464646464
99999999999999999999999999999999
45454545454545454545454545454545
34343434343434343434343434343434
46464646464646464646464646464646
99999999999999999999999999999999
69696969696969696969696969696969
99999999999999999999999999999999
99999999999999999999999999999999
33333333333333333333333333333333
99999999999999999999999999999999
99999999999999999999999999999999
73737373737373737373737373737373
99999999999999999999999999999999
99999999999999999999999999999999
42424242424242424242424242424242
64646464646464646464646464646464
99999999999999999999999999999999
45454545454545454545454545454545
34343434343434343434343434343434
46464646464646464646464646464646
99999999999999999999999999999999
65656565656565656565656565656565
99999999999999999999999999999999
99999999999999999999999999999999
33333333333333333333333333333333
99999999999999999999999999999999
99999999999999999999999999999999
73737373737373737373737373737373
99999999999999999999999999999999
99999999999999999999999999999999
42424242424242424242424242424242
64646464646464646464646464646464
99999999999999999999999999999999
45454545454545454545454545454545
34343434343434343434343434343434
46464646464646464646464646464646
99999999999999999999999999999999
63636363636363636363636363636363
99999999999999999999999999999999
99999999999999999999999999999999
33333333333333333333333333333333
99999999999999999999999999999999
99999999999999999999999999999999
73737373737373737373737373737373
99999999999999999999999999999999
99999999999999999999999999999999
42424242424242424242424242424242
64646464646464646464646464646464
99999999999999999999999999999999
45454545454545454545454545454545
34343434343434343434343434343434
46464646464646464646464646464646
99999999999999999999999999999999
64646464646464646464646464646464
99999999999999999999999999999999
99999999999999999999999999999999
33333333333333333333333333333333
99999999999999999999999999999999
99999999999999999999999999999999
73737373737373737373737373737373
99999999999999999999999999999999
99999999999999999999999999999999
42424242424242424242424242424242
64646464646464646464646464646464
99999999999999999999999999999999
45454545454545454545454545454545
34343434343434343434343434343434
46464646464646464646464646464646
59595959595959595959595959595959
65656565656565656565656565656565
