3268221524
11 10 100
99999999999999999999
99999999999999999999
99999999999999999999
99999999999999999999
99999999999999999999
99999999999999999999
99999999999999999999
99999999999999999999
99999999999999999999
99999999999999999999
99999999999999999999
99999999999999999999
99999999999999999999
99999999999999999999
99999999999999999999
59595959595959595959
99999999999999999999
99999999999999999999
99999999999999999999
99999999999999999999
99999999999999999999
99999999999999999999
99999999999999999999
99999999999999999999
99999999999999999999
99999999999999999999
39393939393939393939
99999999999999999999
99999999999999999999
99999999999999999999
99999999999999999999
99999999999999999999
99999999999999999999
99999999999999999999
99999999999999999999
99999999999999999999
99999999999999999999
49494949494949494949
99999999999999999999
99999999999999999999
99999999999999999999
99999999999999999999
99999999999999999999
99999999999999999999
99999999999999999999
99999999999999999999
99999999999999999999
99999999999999999999
45454545454545454545
99999999999999999999
99999999999999999999
99999999999999999999
99999999999999999999
99999999999999999999
99999999999999999999
99999999999999999999
99999999999999999999
99999999999999999999
99999999999999999999
43434343434343434343
99999999999999999999
99999999999999999999
99999999999999999999
99999999999999999999
99999999999999999999
99999999999999999999
99999999999999999999
99999999999999999999
99999999999999999999
99999999999999999999
44444444444444444444
99999999999999999999
99999999999999999999
99999999999999999999
99999999999999999999
99999999999999999999
99999999999999999999
99999999999999999999
99999999999999999999
99999999999999999999
99999999999999999999
44444444444444444444
99999999999999999999
99999999999999999999
99999999999999999999
99999999999999999999
99999999999999999999
59595959595959595959
99999999999999999999
99999999999999999999
99999999999999999999
99999999999999999999
44444444444444444444
99999999999999999999
99999999999999999999
99999999999999999999
99999999999999999999
99999999999999999999
39393939393939393939
99999999999999999999
99999999999999999999
99999999999999999999
99999999999999999999
44444444444444444444
99999999999999999999
99999999999999999999
99999999999999999999
99999999999999999999
99999999999999999999
49494949494949494949
99999999999999999999
99999999999999999999
99999999999999999999
99999999999999999999
44444444444444444444
99999999999999999999
99999999999999999999
99999999999999999999
99999999999999999999
99999999999999999999
45454545454545454545
99999999999999999999
99999999999999999999
99999999999999999999
99999999999999999999
44444444444444444444
99999999999999999999
99999999999999999999
99999999999999999999
99999999999999999999
99999999999999999999
43434343434343434343
99999999999999999999
99999999999999999999
99999999999999999999
99999999999999999999
44444444444444444444
99999999999999999999
99999999999999999999
99999999999999999999
99999999999999999999
99999999999999999999
44444444444444444444
99999999999999999999
99999999999999999999
99999999999999999999
99999999999999999999
44444444444444444444
99999999999999999999
99999999999999999999
59595959595959595959
99999999999999999999
99999999999999999999
44444444444444444444
99999999999999999999
99999999999999999999
99999999999999999999
99999999999999999999
44444444444444444444
99999999999999999999
99999999999999999999
39393939393939393939
99999999999999999999
99999999999999999999
44444444444444444444
99999999999999999999
99999999999999999999
99999999999999999999
99999999999999999999
44444444444444444444
99999999999999999999
99999999999999999999
49494949494949494949
99999999999999999999
99999999999999999999
44444444444444444444
99999999999999999999
99999999999999999999
99999999999999999999
99999999999999999999
44444444444444444444
99999999999999999999
99999999999999999999
45454545454545454545
99999999999999999999
99999999999999999999
44444444444444444444
99999999999999999999
99999999999999999999
99999999999999999999
99999999999999999999
44444444444444444444
99999999999999999999
99999999999999999999
47474747474747474747
99999999999999999999
99999999999999999999
44444444444444444444
99999999999999999999
99999999999999999999
99999999999999999999
99999999999999999999
44444444444444444444
99999999999999999999
99999999999999999999
46464646464646464646
99999999999999999999
99999999999999999999
44444444444444444444
99999999999999999999
99999999999999999999
99999999999999999999
99999999999999999999
44444444444444444444
99999999999999999999
99999999999999999999
46464646464646464646
59595959595959595959
99999999999999999999
44444444444444444444
99999999999999999999
99999999999999999999
99999999999999999999
99999999999999999999
44444444444444444444
99999999999999999999
99999999999999999999
46464646464646464646
79797979797979797979
99999999999999999999
44444444444444444444
99999999999999999999
99999999999999999999
99999999999999999999
99999999999999999999
44444444444444444444
99999999999999999999
99999999999999999999
46464646464646464646
69696969696969696969
99999999999999999999
44444444444444444444
99999999999999999999
99999999999999999999
99999999999999999999
99999999999999999999
44444444444444444444
99999999999999999999
99999999999999999999
46464646464646464646
69696969696969696969
59595959595959595959
44444444444444444444
99999999999999999999
99999999999999999999
99999999999999999999
99999999999999999999
44444444444444444444
99999999999999999999
99999999999999999999
46464646464646464646
69696969696969696969
79797979797979797979
44444444444444444444
99999999999999999999
99999999999999999999
99999999999999999999
99999999999999999999
44444444444444444444
99999999999999999999
99999999999999999999
46464646464646464646
69696969696969696969
69696969696969696969
44444444444444444444
99999999999999999999
99999999999999999999
99999999999999999999
59595959595959595959
44444444444444444444
99999999999999999999
99999999999999999999
46464646464646464646
69696969696969696969
79797979797979797979
44444444444444444444
99999999999999999999
99999999999999999999
99999999999999999999
39393939393939393939
44444444444444444444
99999999999999999999
99999999999999999999
46464646464646464646
69696969696969696969
79797979797979797979
44444444444444444444
99999999999999999999
99999999999999999999
99999999999999999999
49494949494949494949
44444444444444444444
99999999999999999999
99999999999999999999
46464646464646464646
69696969696969696969
79797979797979797979
44444444444444444444
99999999999999999999
99999999999999999999
59595959595959595959
49494949494949494949
44444444444444444444
99999999999999999999
99999999999999999999
46464646464646464646
69696969696969696969
79797979797979797979
44444444444444444444
99999999999999999999
99999999999999999999
79797979797979797979
49494949494949494949
44444444444444444444
99999999999999999999
99999999999999999999
46464646464646464646
69696969696969696969
79797979797979797979
44444444444444444444
99999999999999999999
99999999999999999999
69696969696969696969
49494949494949494949
44444444444444444444
99999999999999999999
99999999999999999999
46464646464646464646
69696969696969696969
79797979797979797979
44444444444444444444
99999999999999999999
99999999999999999999
79797979797979797979
49494949494949494949
44444444444444444444
99999999999999999999
99999999999999999999
46464646464646464646
65656565656565656565
79797979797979797979
44444444444444444444
99999999999999999999
99999999999999999999
79797979797979797979
49494949494949494949
44444444444444444444
99999999999999999999
99999999999999999999
46464646464646464646
63636363636363636363
79797979797979797979
44444444444444444444
99999999999999999999
99999999999999999999
79797979797979797979
49494949494949494949
44444444444444444444
99999999999999999999
99999999999999999999
46464646464646464646
64646464646464646464
79797979797979797979
44444444444444444444
99999999999999999999
99999999999999999999
79797979797979797979
49494949494949494949
44444444444444444444
99999999999999999999
99999999999999999999
46464646464646464646
64646464646464646464
75757575757575757575
44444444444444444444
99999999999999999999
99999999999999999999
79797979797979797979
49494949494949494949
44444444444444444444
99999999999999999999
99999999999999999999
46464646464646464646
64646464646464646464
77777777777777777777
44444444444444444444
99999999999999999999
99999999999999999999
79797979797979797979
49494949494949494949
44444444444444444444
99999999999999999999
99999999999999999999
46464646464646464646
64646464646464646464
76767676767676767676
44444444444444444444
99999999999999999999
59595959595959595959
79797979797979797979
49494949494949494949
44444444444444444444
99999999999999999999
99999999999999999999
46464646464646464646
64646464646464646464
77777777777777777777
44444444444444444444
99999999999999999999
79797979797979797979
79797979797979797979
49494949494949494949
44444444444444444444
99999999999999999999
99999999999999999999
46464646464646464646
64646464646464646464
77777777777777777777
44444444444444444444
99999999999999999999
69696969696969696969
79797979797979797979
49494949494949494949
44444444444444444444
99999999999999999999
99999999999999999999
46464646464646464646
64646464646464646464
77777777777777777777
44444444444444444444
99999999999999999999
79797979797979797979
79797979797979797979
45454545454545454545
44444444444444444444
99999999999999999999
99999999999999999999
46464646464646464646
64646464646464646464
77777777777777777777
44444444444444444444
99999999999999999999
79797979797979797979
79797979797979797979
43434343434343434343
44444444444444444444
99999999999999999999
99999999999999999999
46464646464646464646
64646464646464646464
77777777777777777777
44444444444444444444
99999999999999999999
79797979797979797979
79797979797979797979
44444444444444444444
44444444444444444444
99999999999999999999
99999999999999999999
46464646464646464646
64646464646464646464
77777777777777777777
44444444444444444444
99999999999999999999
79797979797979797979
75757575757575757575
44444444444444444444
44444444444444444444
99999999999999999999
99999999999999999999
46464646464646464646
64646464646464646464
77777777777777777777
44444444444444444444
99999999999999999999
79797979797979797979
77777777777777777777
44444444444444444444
44444444444444444444
99999999999999999999
99999999999999999999
46464646464646464646
64646464646464646464
77777777777777777777
44444444444444444444
99999999999999999999
79797979797979797979
76767676767676767676
44444444444444444444
44444444444444444444
99999999999999999999
99999999999999999999
46464646464646464646
64646464646464646464
77777777777777777777
44444444444444444444
99999999999999999999
75757575757575757575
77777777777777777777
44444444444444444444
44444444444444444444
99999999999999999999
99999999999999999999
46464646464646464646
64646464646464646464
77777777777777777777
44444444444444444444
99999999999999999999
77777777777777777777
77777777777777777777
44444444444444444444
44444444444444444444
99999999999999999999
99999999999999999999
46464646464646464646
64646464646464646464
77777777777777777777
44444444444444444444
99999999999999999999
76767676767676767676
77777777777777777777
44444444444444444444
44444444444444444444
99999999999999999999
99999999999999999999
46464646464646464646
64646464646464646464
77777777777777777777
44444444444444444444
59595959595959595959
77777777777777777777
77777777777777777777
44444444444444444444
44444444444444444444
99999999999999999999
99999999999999999999
46464646464646464646
64646464646464646464
77777777777777777777
44444444444444444444
79797979797979797979
77777777777777777777
77777777777777777777
44444444444444444444
44444444444444444444
99999999999999999999
99999999999999999999
46464646464646464646
64646464646464646464
77777777777777777777
44444444444444444444
69696969696969696969
77777777777777777777
77777777777777777777
44444444444444444444
44444444444444444444
99999999999999999999
99999999999999999999
46464646464646464646
64646464646464646464
77777777777777777777
44444444444444444444
79797979797979797979
77777777777777777777
77777777777777777777
44444444444444444444
44444444444444444444
59595959595959595959
99999999999999999999
46464646464646464646
64646464646464646464
77777777777777777777
44444444444444444444
79797979797979797979
77777777777777777777
77777777777777777777
44444444444444444444
44444444444444444444
39393939393939393939
99999999999999999999
46464646464646464646
64646464646464646464
77777777777777777777
44444444444444444444
79797979797979797979
77777777777777777777
77777777777777777777
44444444444444444444
44444444444444444444
49494949494949494949
99999999999999999999
46464646464646464646
64646464646464646464
77777777777777777777
44444444444444444444
75757575757575757575
77777777777777777777
77777777777777777777
44444444444444444444
44444444444444444444
59595959595959595959
99999999999999999999
46464646464646464646
64646464646464646464
77777777777777777777
44444444444444444444
77777777777777777777
77777777777777777777
77777777777777777777
44444444444444444444
44444444444444444444
59595959595959595959
99999999999999999999
46464646464646464646
64646464646464646464
77777777777777777777
44444444444444444444
76767676767676767676
77777777777777777777
77777777777777777777
44444444444444444444
44444444444444444444
59595959595959595959
99999999999999999999
46464646464646464646
64646464646464646464
77777777777777777777
44444444444444444444
77777777777777777777
77777777777777777777
77777777777777777777
44444444444444444444
44444444444444444444
59595959595959595959
59595959595959595959
46464646464646464646
64646464646464646464
77777777777777777777
44444444444444444444
77777777777777777777
77777777777777777777
77777777777777777777
44444444444444444444
44444444444444444444
59595959595959595959
39393939393939393939
46464646464646464646
64646464646464646464
77777777777777777777
44444444444444444444
77777777777777777777
77777777777777777777
77777777777777777777
44444444444444444444
44444444444444444444
59595959595959595959
49494949494949494949
46464646464646464646
64646464646464646464
77777777777777777777
44444444444444444444
77777777777777777777
77777777777777777777
77777777777777777777
44444444444444444444
44444444444444444444
55555555555555555555
49494949494949494949
46464646464646464646
64646464646464646464
77777777777777777777
44444444444444444444
77777777777777777777
77777777777777777777
77777777777777777777
44444444444444444444
44444444444444444444
53535353535353535353
49494949494949494949
46464646464646464646
64646464646464646464
77777777777777777777
44444444444444444444
77777777777777777777
77777777777777777777
77777777777777777777
44444444444444444444
44444444444444444444
54545454545454545454
49494949494949494949
46464646464646464646
64646464646464646464
77777777777777777777
44444444444444444444
77777777777777777777
77777777777777777777
77777777777777777777
44444444444444444444
44444444444444444444
54545454545454545454
45454545454545454545
46464646464646464646
64646464646464646464
77777777777777777777
44444444444444444444
77777777777777777777
77777777777777777777
77777777777777777777
44444444444444444444
44444444444444444444
54545454545454545454
43434343434343434343
46464646464646464646
64646464646464646464
77777777777777777777
44444444444444444444
77777777777777777777
77777777777777777777
77777777777777777777
44444444444444444444
44444444444444444444
54545454545454545454
44444444444444444444
46464646464646464646
64646464646464646464
77777777777777777777
44444444444444444444
75757575757575757575
77777777777777777777
77777777777777777777
44444444444444444444
44444444444444444444
54545454545454545454
44444444444444444444
46464646464646464646
64646464646464646464
77777777777777777777
44444444444444444444
77777777777777777777
77777777777777777777
77777777777777777777
44444444444444444444
44444444444444444444
54545454545454545454
44444444444444444444
46464646464646464646
64646464646464646464
77777777777777777777
44444444444444444444
76767676767676767676
77777777777777777777
77777777777777777777
44444444444444444444
44444444444444444444
54545454545454545454
44444444444444444444
46464646464646464646
64646464646464646464
77777777777777777777
44444444444444444444
77777777777777777777
77777717171717171717
77777777777777777777
44444444444444444444
44444411111111111111
54545454545454545454
44444444444444444444
46464646464646464646
64646464646464646464
77777777777777777777
44444444444444444444
77777777777777777777
77777777777777777777
77777777777777777777
44444444444444444444
34343434343434343434
54545454545454545454
44444444444444444444
46464646464646464646
64646464646464646464
77777777777777777777
44444444444444444444
77777777777777777777
77777777777777777777
77777777777777777777
44444444444444444444
43434343434343434343
54545454545454545454
44444444444444444444
46464646464646464646
64646464646464646464
77777777777777777777
44444444444444444444
77777777777777777777
77777777777777777777
77777777777777777777
44444444444444444444
44444444444444444444
54545454545454545454
44444444444444444444
46464646464646464646
64646464646464646464
67676767676767676767
44444444444444444444
77777777777777777777
77777777777777777777
77777777777777777777
44444444444444444444
44444444444444444444
54545454545454545454
44444444444444444444
46464646464646464646
64646464646464646464
76767676767676767676
44444444444444444444
77777777777777777777
77777777777777777777
77777777777777777777
44444444444444444444
44444444444444444444
54545454545454545454
44444444444444444444
46464646464646464646
54545454545454545454
77777777777777777777
44444444444444444444
77777777777777777777
77777777777777777777
77777777777777777777
44444444444444444444
44444444444444444444
54545454545454545454
44444444444444444444
46464646464646464646
63636363636363636363
77777777777777777777
44444444444444444444
77777777777777777777
67676767676767676767
77777777777777777777
44444444444444444444
44444444444444444444
54545454545454545454
44444444444444444444
46464646464646464646
64646464646464646464
77777777777777777777
44444444444444444444
77777777777777777777
76767676767676767676
77777777777777777777
44444444444444444444
44444444444444444444
54545454545454545454
44444444444444444444
46464646464646464646
64646464646464646464
77777777777777777777
44444444444444444444
77777777777777777777
77777777777777777777
67676767676767676767
44444444444444444444
44444444444444444444
54545454545454545454
44444444444444444444
46464646464646464646
64646464646464646464
77777777777777777777
44444444444444444444
77777777777777777777
77777777777777777777
76767676767676767676
44444444444444444444
44444444444444444444
54545454545454545454
44444444444444444444
46464646464646464646
64646464646464646464
77777777777777777777
44444444444444444444
77777777777777777777
77777777777777777777
77777777777777777777
44444444444444444444
44444444444444444444
54545454545454545454
44444444444444444444
46464646464646464646
64646464646464646464
77777777777777777777
34343434343434343434
77777777777777777777
77777777777777777777
77777777777777777777
44444444444444444444
44444444444444444444
54545454545454545454
44444444444444444444
46464646464646464646
64646464646464646464
77777777777777777777
43434343434343434343
77777777777777777777
77777777777777777777
77777777777777777777
44444444444444444444
44444444444444444444
54545454545454545454
44444444444444444444
36363636363636363636
64646464646464646464
77777777777777777777
44444444444444444444
77777777777777777777
77777777777777777777
77777777777777777777
44444444444444444444
44444444444444444444
54545454545454545454
44444444444444444444
45454545454545454545
64646464646464646464
77777777777777777777
44444444444444444444
67676767676767676767
77777777777777777777
77777777777777777777
44444444444444444444
44444444444444444444
54545454545454545454
44444444444444444444
46464646464646464646
64646464646464646464
77777777777777777777
44444444444444444444
76767676767676767676
77777777777777777777
77777777777777777777
44444444444444444444
44444444444444444444
54545454545454545454
44444444444444444444
46464646464646464646
64646464646464646464
77777777777777777777
44444444444444444444
77777777777777777777
77777777777777777777
77777777777777777777
34343434343434343434
44444444444444444444
54545454545454545454
44444444444444444444
46464646464646464646
64646464646464646464
77777777777777777777
44444444444444444444
77777777777777777777
77777777777777777777
77777777777777777777
43434343434343434343
44444444444444444444
54545454545454545454
44444444444444444444
46464646464646464646
64646464646464646464
77777777777777777777
44444444444444444444
77777777777777777777
77777777777777777777
77777777777777777777
44444444444444444444
44444444444444444444
44444444444444444444
44444444444444444444
46464646464646464646
64646464646464646464
77777777777777777777
44444444444444444444
77777777777777777777
77777777777777777777
77777777777777777777
44444444444444444444
44444444444444444444
53535353535353535353
44444444444444444444
46464646464646464646
64646464646464646464
77777777777777777777
44444444444444444444
77777777777777777777
77777777777777777777
77777777777777777777
44444444444444444444
44444444444444444444
54545454545454545454
34343434343434343434
46464646464646464646
64646464646464646464
77777777777777777777
44444444444444444444
77777777777777777777
77777777777777777777
77777777777777777777
44444444444444444444
44444444444444444444
54545454545454545454
43434343434343434343
46464646464646464646
64646464646464646464
77777777777777777777
44444444444444444444
77777777777777777777
77777717171717171717
77777777777777777777
44444444444444444444
44444411111111111111
54545454545454545454
44444444444444444444
46464646464646464646
64646464646464646464
77777777777777777777
44444444444444444444
77777777777777777777
77777777777777777777
77777777777777777777
44444444444444444444
44444444444444444343
54545454545454545454
45454545454545454545
46464646464646464646
64646464646464646464
87878787878787878787
44444444444444444444
77777777727272727272
77777777777777777777
77777777777777777777
44444444444444444444
44444444444444444444
59595959595959595959
49494949494949494949
46464646464646464646
69696969696969696969
77777777777777777777
44444444444444444444
79797979797979797979
77777777777777777777
77777777777777777777
44444444444444444444
44444444444444444444
99999999999999999999
99999999999999999999
46464646464646464646
24242424242424242424
77777777777777777777
44444444444444444444
99999999999999999999
99999999999999999999
99999999999999999999
99999999999999999999
44444444444444444444
95959595959595959595
99999999999999999999
46464646464646464646
69696969696969696969
79797979797979797979
44444444444444444444
99999999999999999999
99999999999999999999
99999999999999999999
99999999999999999999
44444444444444444444
97979797979797979797
99999999999999999999
99999999999999999999
99999999999999999998
99999999999999999999
99999999999999999999
99999999999999999999
99999999999999999999
99999999999999999999
99999999999999999999
49494949494949494949
99999999999999999999
99999999999999999999
96969696969696969696
99999999999999999999
99999999999999999999
99999999999999999999
