2465453256
16 15 50
999999999999999999999999999999
999999999999999999999999999999
999999999999999999999999999999
999999999999999999999999999999
999999999999999999999999999999
999999999999999999999999999999
999999999999999999999999999999
999999999999999999999999999999
999999999999999999999999999999
999999999999999999999999999999
999999999999999999999999999999
999999999999999999999999999999
999999999999999999999999999999
999999999999999999999999999999
999999999999999999999999999999
999999999999999999999999999999
999999999999999999999999999999
999999999999999999999999999999
999999999999999999999999999999
999999999999999999999999999999
595959595959595959595959595959
999999999999999999999999999999
999999999999999999999999999999
999999999999999999999999999999
999999999999999999999999999999
999999999999999999999999999999
999999999999999999999999999999
999999999999999999999999999999
999999999999999999999999999999
999999999999999999999999999999
999999999999999999999999999999
999999999999999999999999999999
999999999999999999999999999999
999999999999999999999999999999
999999999999999999999999999999
999999999999999999999999999999
393939393939393939393939393939
999999999999999999999999999999
999999999999999999999999999999
999999999999999999999999999999
999999999999999999999999999999
999999999999999999999999999999
999999999999999999999999999999
999999999999999999999999999999
999999999999999999999999999999
999999999999999999999999999999
999999999999999999999999999999
999999999999999999999999999999
999999999999999999999999999999
999999999999999999999999999999
999999999999999999999999999999
999999999999999999999999999999
292929292929292929292929292929
999999999999999999999999999999
999999999999999999999999999999
999999999999999999999999999999
999999999999999999999999999999
999999999999999999999999999999
999999999999999999999999999999
999999999999999999999999999999
999999999999999999999999999999
999999999999999999999999999999
999999999999999999999999999999
999999999999999999999999999999
999999999999999999999999999999
999999999999999999999999999999
595959595959595959595959595959
999999999999999999999999999999
393939393939393939393939393939
999999999999999999999999999999
999999999999999999999999999999
999999999999999999999999999999
999999999999999999999999999999
999999999999999999999999999999
999999999999999999999999999999
999999999999999999999999999999
999999999999999999999999999999
999999999999999999999999999999
999999999999999999999999999999
999999999999999999999999999999
999999999999999999999999999999
999999999999999999999999999999
393939393939393939393939393939
999999999999999999999999999999
393939393939393939393939393939
999999999999999999999999999999
999999999999999999999999999999
999999999999999999999999999999
999999999999999999999999999999
999999999999999999999999999999
999999999999999999999999999999
999999999999999999999999999999
999999999999999999999999999999
999999999999999999999999999999
999999999999999999999999999999
999999999999999999999999999999
999999999999999999999999999999
999999999999999999999999999999
494949494949494949494949494949
999999999999999999999999999999
393939393939393939393939393939
999999999999999999999999999999
999999999999999999999999999999
999999999999999999999999999999
999999999999999999999999999999
999999999999999999999999999999
999999999999999999999999999999
999999999999999999999999999999
999999999999999999999999999999
999999999999999999999999999999
999999999999999999999999999999
999999999999999999999999999999
999999999999999999999999999999
595959595959595959595959595959
595959595959595959595959595959
999999999999999999999999999999
393939393939393939393939393939
999999999999999999999999999999
999999999999999999999999999999
999999999999999999999999999999
999999999999999999999999999999
999999999999999999999999999999
999999999999999999999999999999
999999999999999999999999999999
999999999999999999999999999999
999999999999999999999999999999
999999999999999999999999999999
999999999999999999999999999999
999999999999999999999999999999
797979797979797979797979797979
595959595959595959595959595959
999999999999999999999999999999
393939393939393939393939393939
999999999999999999999999999999
999999999999999999999999999999
999999999999999999999999999999
999999999999999999999999999999
999999999999999999999999999999
999999999999999999999999999999
999999999999999999999999999999
999999999999999999999999999999
999999999999999999999999999999
999999999999999999999999999999
999999999999999999999999999999
999999999999999999999999999999
696969696969696969696969696969
595959595959595959595959595959
999999999999999999999999999999
393939393939393939393939393939
999999999999999999999999999999
999999999999999999999999999999
999999999999999999999999999999
999999999999999999999999999999
999999999999999999999999999999
999999999999999999999999999999
999999999999999999999999999999
999999999999999999999999999999
999999999999999999999999999999
999999999999999999999999999999
999999999999999999999999999999
999999999999999999999999999999
696969696969696969696969696969
595959595959595959595959595959
999999999999999999999999999999
393939393939393939393939393939
999999999999999999999999999999
999999999999999999999999999999
999999999999999999999999999999
999999999999999999999999999999
999999999999999999999999999999
999999999999999999999999999999
595959595959595959595959595959
999999999999999999999999999999
999999999999999999999999999999
999999999999999999999999999999
999999999999999999999999999999
999999999999999999999999999999
696969696969696969696969696969
595959595959595959595959595959
999999999999999999999999999999
393939393939393939393939393939
999999999999999999999999999999
999999999999999999999999999999
999999999999999999999999999999
999999999999999999999999999999
999999999999999999999999999999
999999999999999999999999999999
393939393939393939393939393939
999999999999999999999999999999
999999999999999999999999999999
999999999999999999999999999999
999999999999999999999999999999
999999999999999999999999999999
696969696969696969696969696969
595959595959595959595959595959
999999999999999999999999999999
393939393939393939393939393939
999999999999999999999999999999
999999999999999999999999999999
999999999999999999999999999999
999999999999999999999999999999
999999999999999999999999999999
999999999999999999999999999999
494949494949494949494949494949
999999999999999999999999999999
999999999999999999999999999999
999999999999999999999999999999
999999999999999999999999999999
999999999999999999999999999999
696969696969696969696969696969
595959595959595959595959595959
999999999999999999999999999999
353535353535353535353535353535
999999999999999999999999999999
999999999999999999999999999999
999999999999999999999999999999
999999999999999999999999999999
999999999999999999999999999999
999999999999999999999999999999
494949494949494949494949494949
999999999999999999999999999999
999999999999999999999999999999
999999999999999999999999999999
999999999999999999999999999999
999999999999999999999999999999
696969696969696969696969696969
595959595959595959595959595959
999999999999999999999999999999
333333333333333333333333333333
999999999999999999999999999999
999999999999999999999999999999
999999999999999999999999999999
999999999999999999999999999999
999999999999999999999999999999
999999999999999999999999999999
494949494949494949494949494949
999999999999999999999999999999
999999999999999999999999999999
999999999999999999999999999999
999999999999999999999999999999
999999999999999999999999999999
696969696969696969696969696969
595959595959595959595959595959
999999999999999999999999999999
323232323232323232323232323232
999999999999999999999999999999
999999999999999999999999999999
999999999999999999999999999999
999999999999999999999999999999
999999999999999999999999999999
999999999999999999999999999999
494949494949494949494949494949
999999999999999999999999999999
999999999999999999999999999999
999999999999999999999999999999
999999999999999999999999999999
999999999999999999999999999999
696969696969696969696969696969
555555555555555555555555555555
999999999999999999999999999999
333333333333333333333333333333
999999999999999999999999999999
999999999999999999999999999999
999999999999999999999999999999
999999999999999999999999999999
999999999999999999999999999999
999999999999999999999999999999
494949494949494949494949494949
999999999999999999999999999999
999999999999999999999999999999
999999999999999999999999999999
999999999999999999999999999999
999999999999999999999999999999
696969696969696969696969696969
575757575757575757575757575757
999999999999999999999999999999
333333333333333333333333333333
999999999999999999999999999999
999999999999999999999999999999
999999999999999999999999999999
999999999999999999999999999999
999999999999999999999999999999
999999999999999999999999999999
494949494949494949494949494949
999999999999999999999999999999
999999999999999999999999999999
999999999999999999999999999999
999999999999999999999999999999
999999999999999999999999999999
696969696969696969696969696969
565656565656565656565656565656
999999999999999999999999999999
333333333333333333333333333333
999999999999999999999999999999
999999999999999999999999999999
999999999999999999999999999999
999999999999999999999999999999
999999999999999999999999999999
999999999999999999999999999999
494949494949494949494949494949
999999999999999999999999999999
999999999999999999999999999999
999999999999999999999999999999
999999999999999999999999999999
999999999999999999999999999999
656565656565656565656565656565
565656565656565656565656565656
999999999999999999999999999999
333333333333333333333333333333
999999999999999999999999999999
999999999999999999999999999999
999999999999999999999999999999
999999999999999999999999999999
999999999999999999999999999999
999999999999999999999999999999
494949494949494949494949494949
999999999999999999999999999999
999999999999999999999999999999
999999999999999999999999999999
999999999999999999999999999999
999999999999999999999999999999
636363636363636363636363636363
565656565656565656565656565656
999999999999999999999999999999
333333333333333333333333333333
999999999999999999999999999999
999999999999999999999999999999
999999999999999999999999999999
999999999999999999999999999999
999999999999999999999999999999
999999999999999999999999999999
494949494949494949494949494949
999999999999999999999999999999
999999999999999999999999999999
999999999999999999999999999999
999999999999999999999999999999
999999999999999999999999999999
646464646464646464646464646464
565656565656565656565656565656
999999999999999999999999999999
333333333333333333333333333333
999999999999999999999999999999
999999999999999999999999999999
999999999999999999999999999999
999999999999999999999999999999
999999999999999999999999999999
999999999999999999999999999999
494949494949494949494949494949
999999999999999999999999999999
999999999999999999999999999999
999999999999999999999999999999
999999999999999999999999999999
999999999999999999999999999999
646464646464646464646464646464
565656565656565656565656565656
999999999999999999999999999999
333333333333333333333333333333
999999999999999999999999999999
999999999999999999999999999999
999999999999999999999999999999
999999999999999999999999999999
595959595959595959595959595959
999999999999999999999999999999
494949494949494949494949494949
999999999999999999999999999999
999999999999999999999999999999
999999999999999999999999999999
999999999999999999999999999999
999999999999999999999999999999
646464646464646464646464646464
565656565656565656565656565656
999999999999999999999999999999
333333333333333333333333333333
999999999999999999999999999999
999999999999999999999999999999
999999999999999999999999999999
999999999999999999999999999999
393939393939393939393939393939
999999999999999999999999999999
494949494949494949494949494949
999999999999999999999999999999
999999999999999999999999999999
999999999999999999999999999999
999999999999999999999999999999
999999999999999999999999999999
646464646464646464646464646464
565656565656565656565656565656
999999999999999999999999999999
333333333333333333333333333333
999999999999999999999999999999
999999999999999999999999999999
999999999999999999999999999999
999999999999999999999999999999
494949494949494949494949494949
999999999999999999999999999999
494949494949494949494949494949
999999999999999999999999999999
999999999999999999999999999999
999999999999999999999999999999
999999999999999999999999999999
999999999999999999999999999999
646464646464646464646464646464
565656565656565656565656565656
999999999999999999999999999999
333333333333333333333333333333
999999999999999999999999999999
999999999999999999999999999999
999999999999999999999999999999
999999999999999999999999999999
494949494949494949494949494949
999999999999999999999999999999
494949494949494949494949494949
999999999999999999999999999999
999999999999999999999999999999
999999999999999999999999999999
595959595959595959595959595959
999999999999999999999999999999
646464646464646464646464646464
565656565656565656565656565656
999999999999999999999999999999
333333333333333333333333333333
999999999999999999999999999999
999999999999999999999999999999
999999999999999999999999999999
999999999999999999999999999999
494949494949494949494949494949
999999999999999999999999999999
494949494949494949494949494949
999999999999999999999999999999
999999999999999999999999999999
999999999999999999999999999999
393939393939393939393939393939
999999999999999999999999999999
646464646464646464646464646464
565656565656565656565656565656
999999999999999999999999999999
333333333333333333333333333333
999999999999999999999999999999
999999999999999999999999999999
999999999999999999999999999999
999999999999999999999999999999
494949494949494949494949494949
999999999999999999999999999999
494949494949494949494949494949
999999999999999999999999999999
999999999999999999999999999999
999999999999999999999999999999
292929292929292929292929292929
999999999999999999999999999999
646464646464646464646464646464
565656565656565656565656565656
999999999999999999999999999999
333333333333333333333333333333
999999999999999999999999999999
999999999999999999999999999999
999999999999999999999999999999
999999999999999999999999999999
494949494949494949494949494949
999999999999999999999999999999
454545454545454545454545454545
999999999999999999999999999999
999999999999999999999999999999
999999999999999999999999999999
393939393939393939393939393939
999999999999999999999999999999
646464646464646464646464646464
565656565656565656565656565656
999999999999999999999999999999
333333333333333333333333333333
999999999999999999999999999999
999999999999999999999999999999
999999999999999999999999999999
999999999999999999999999999999
494949494949494949494949494949
999999999999999999999999999999
434343434343434343434343434343
999999999999999999999999999999
999999999999999999999999999999
999999999999999999999999999999
393939393939393939393939393939
999999999999999999999999999999
646464646464646464646464646464
565656565656565656565656565656
999999999999999999999999999999
333333333333333333333333333333
999999999999999999999999999999
999999999999999999999999999999
999999999999999999999999999999
999999999999999999999999999999
494949494949494949494949494949
999999999999999999999999999999
424242424242424242424242424242
999999999999999999999999999999
999999999999999999999999999999
999999999999999999999999999999
393939393939393939393939393939
999999999999999999999999999999
646464646464646464646464646464
565656565656565656565656565656
999999999999999999999999999999
333333333333333333333333333333
999999999999999999999999999999
999999999999999999999999999999
999999999999999999999999999999
999999999999999999999999999999
454545454545454545454545454545
999999999999999999999999999999
424242424242424242424242424242
999999999999999999999999999999
999999999999999999999999999999
999999999999999999999999999999
393939393939393939393939393939
999999999999999999999999999999
646464646464646464646464646464
565656565656565656565656565656
999999999999999999999999999999
333333333333333333333333333333
999999999999999999999999999999
999999999999999999999999999999
999999999999999999999999999999
999999999999999999999999999999
434343434343434343434343434343
999999999999999999999999999999
424242424242424242424242424242
999999999999999999999999999999
999999999999999999999999999999
999999999999999999999999999999
393939393939393939393939393939
999999999999999999999999999999
646464646464646464646464646464
565656565656565656565656565656
999999999999999999999999999999
333333333333333333333333333333
999999999999999999999999999999
999999999999999999999999999999
999999999999999999999999999999
999999999999999999999999999999
424242424242424242424242424242
999999999999999999999999999999
424242424242424242424242424242
999999999999999999999999999999
999999999999999999999999999999
999999999999999999999999999999
393939393939393939393939393939
999999999999999999999999999999
646464646464646464646464646464
565656565656565656565656565656
999999999999999999999999999999
333333333333333333333333333333
999999999999999999999999999999
999999999999999999999999999999
999999999999999999999999999999
999999999999999999999999999999
424242424242424242424242424242
999999999999999999999999999999
424242424242424242424242424242
999999999999999999999999999999
595959595959595959595959595959
999999999999999999999999999999
393939393939393939393939393939
999999999999999999999999999999
646464646464646464646464646464
565656565656565656565656565656
999999999999999999999999999999
333333333333333333333333333333
999999999999999999999999999999
999999999999999999999999999999
999999999999999999999999999999
999999999999999999999999999999
424242424242424242424242424242
999999999999999999999999999999
424242424242424242424242424242
999999999999999999999999999999
393939393939393939393939393939
999999999999999999999999999999
393939393939393939393939393939
999999999999999999999999999999
646464646464646464646464646464
565656565656565656565656565656
999999999999999999999999999999
333333333333333333333333333333
999999999999999999999999999999
999999999999999999999999999999
999999999999999999999999999999
999999999999999999999999999999
424242424242424242424242424242
999999999999999999999999999999
424242424242424242424242424242
999999999999999999999999999999
494949494949494949494949494949
999999999999999999999999999999
393939393939393939393939393939
999999999999999999999999999999
646464646464646464646464646464
565656565656565656565656565656
999999999999999999999999999999
333333333333333333333333333333
999999999999999999999999999999
999999999999999999999999999999
999999999999999999999999999999
999999999999999999999999999999
424242424242424242424242424242
999999999999999999999999999999
424242424242424242424242424242
999999999999999999999999999999
494949494949494949494949494949
999999999999999999999999999999
353535353535353535353535353535
999999999999999999999999999999
646464646464646464646464646464
565656565656565656565656565656
999999999999999999999999999999
333333333333333333333333333333
999999999999999999999999999999
999999999999999999999999999999
999999999999999999999999999999
999999999999999999999999999999
424242424242424242424242424242
999999999999999999999999999999
424242424242424242424242424242
999999999999999999999999999999
494949494949494949494949494949
999999999999999999999999999999
333333333333333333333333333333
999999999999999999999999999999
646464646464646464646464646464
565656565656565656565656565656
999999999999999999999999999999
333333333333333333333333333333
999999999999999999999999999999
999999999999999999999999999999
999999999999999999999999999999
999999999999999999999999999999
424242424242424242424242424242
999999999999999999999999999999
424242424242424242424242424242
999999999999999999999999999999
494949494949494949494949494949
999999999999999999999999999999
323232323232323232323232323232
999999999999999999999999999999
646464646464646464646464646464
565656565656565656565656565656
999999999999999999999999999999
333333333333333333333333333333
999999999999999999999999999999
999999999999999999999999999999
595959595959595959595959595959
999999999999999999999999999999
424242424242424242424242424242
999999999999999999999999999999
424242424242424242424242424242
999999999999999999999999999999
494949494949494949494949494949
999999999999999999999999999999
333333333333333333333333333333
999999999999999999999999999999
646464646464646464646464646464
565656565656565656565656565656
999999999999999999999999999999
333333333333333333333333333333
999999999999999999999999999999
999999999999999999999999999999
393939393939393939393939393939
999999999999999999999999999999
424242424242424242424242424242
999999999999999999999999999999
424242424242424242424242424242
999999999999999999999999999999
494949494949494949494949494949
999999999999999999999999999999
333333333333333333333333333333
999999999999999999999999999999
646464646464646464646464646464
565656565656565656565656565656
999999999999999999999999999999
333333333333333333333333333333
999999999999999999999999999999
999999999999999999999999999999
494949494949494949494949494949
999999999999999999999999999999
424242424242424242424242424242
999999999999999999999999999999
424242424242424242424242424242
999999999999999999999999999999
494949494949494949494949494949
999999999999999999999999999999
333333333333333333333333333333
999999999999999999999999999999
646464646464646464646464646464
565656565656565656565656565656
999999999999999999999999999999
333333333333333333333333333333
999999999999999999999999999999
999999999999999999999999999999
494949494949494949494949494949
999999999999999999999999999999
424242424242424242424242424242
595959595959595959595959595959
424242424242424242424242424242
999999999999999999999999999999
494949494949494949494949494949
999999999999999999999999999999
333333333333333333333333333333
999999999999999999999999999999
646464646464646464646464646464
565656565656565656565656565656
999999999999999999999999999999
333333333333333333333333333333
999999999999999999999999999999
999999999999999999999999999999
494949494949494949494949494949
999999999999999999999999999999
424242424242424242424242424242
393939393939393939393939393939
424242424242424242424242424242
999999999999999999999999999999
494949494949494949494949494949
999999999999999999999999999999
333333333333333333333333333333
999999999999999999999999999999
646464646464646464646464646464
565656565656565656565656565656
999999999999999999999999999999
333333333333333333333333333333
999999999999999999999999999999
999999999999999999999999999999
494949494949494949494949494949
999999999999999999999999999999
424242424242424242424242424242
494949494949494949494949494949
424242424242424242424242424242
999999999999999999999999999999
494949494949494949494949494949
999999999999999999999999999999
333333333333333333333333333333
999999999999999999999999999999
646464646464646464646464646464
565656565656565656565656565656
999999999999999999999999999999
333333333333333333333333333333
999999999999999999999999999999
999999999999999999999999999999
494949494949494949494949494949
595959595959595959595959595959
424242424242424242424242424242
494949494949494949494949494949
424242424242424242424242424242
999999999999999999999999999999
494949494949494949494949494949
999999999999999999999999999999
333333333333333333333333333333
999999999999999999999999999999
646464646464646464646464646464
565656565656565656565656565656
999999999999999999999999999999
333333333333333333333333333333
999999999999999999999999999999
999999999999999999999999999999
494949494949494949494949494949
393939393939393939393939393939
424242424242424242424242424242
494949494949494949494949494949
424242424242424242424242424242
999999999999999999999999999999
494949494949494949494949494949
999999999999999999999999999999
333333333333333333333333333333
999999999999999999999999999999
646464646464646464646464646464
565656565656565656565656565656
999999999999999999999999999999
333333333333333333333333333333
999999999999999999999999999999
999999999999999999999999999999
494949494949494949494949494949
494949494949494949494949494949
424242424242424242424242424242
494949494949494949494949494949
424242424242424242424242424242
999999999999999999999999999999
494949494949494949494949494949
999999999999999999999999999999
333333333333333333333333333333
999999999999999999999999999999
646464646464646464646464646464
565656565656565656565656565656
999999999999999999999999999999
333333333333333333333333333333
999999999999999999999999999999
999999999999999999999999999999
494949494949494949494949494949
494949494949494949494949494949
424242424242424242424242424242
494949494949494949494949494949
424242424242424242424242424242
999999999999999999999999999999
454545454545454545454545454545
999999999999999999999999999999
333333333333333333333333333333
