2686897959
11 13 300
99999999999999999999999999
99999999999999999999999999
99999999999999999999999999
99999999999999999999999999
99999999999999999999999999
99999999999999999999999999
99999999999999999999999999
99999999999999999999999999
99999999999999999999999999
99999999999999999999999999
99999999999999999999999999
99999999999999999999999999
99999999999999999999999999
99999999999999999999999999
59595959595959595959595959
99999999999999999999999999
99999999999999999999999999
99999999999999999999999999
99999999999999999999999999
99999999999999999999999999
99999999999999999999999999
99999999999999999999999999
99999999999999999999999999
99999999999999999999999999
99999999999999999999999999
39393939393939393939393939
99999999999999999999999999
99999999999999999999999999
99999999999999999999999999
99999999999999999999999999
99999999999999999999999999
99999999999999999999999999
99999999999999999999999999
99999999999999999999999999
99999999999999999999999999
99999999999999999999999999
49494949494949494949494949
99999999999999999999999999
99999999999999999999999999
99999999999999999999999999
99999999999999999999999999
99999999999999999999999999
99999999999999999999999999
99999999999999999999999999
99999999999999999999999999
99999999999999999999999999
99999999999999999999999999
49494949494949494949494949
99999999999999999999999999
99999999999999999999999999
99999999999999999999999999
59595959595959595959595959
99999999999999999999999999
99999999999999999999999999
99999999999999999999999999
99999999999999999999999999
99999999999999999999999999
99999999999999999999999999
49494949494949494949494949
99999999999999999999999999
99999999999999999999999999
99999999999999999999999999
39393939393939393939393939
99999999999999999999999999
99999999999999999999999999
99999999999999999999999999
99999999999999999999999999
99999999999999999999999999
99999999999999999999999999
49494949494949494949494949
99999999999999999999999999
99999999999999999999999999
99999999999999999999999999
49494949494949494949494949
99999999999999999999999999
99999999999999999999999999
99999999999999999999999999
99999999999999999999999999
99999999999999999999999999
99999999999999999999999999
45454545454545454545454545
99999999999999999999999999
99999999999999999999999999
99999999999999999999999999
49494949494949494949494949
99999999999999999999999999
99999999999999999999999999
99999999999999999999999999
99999999999999999999999999
99999999999999999999999999
99999999999999999999999999
47474747474747474747474747
99999999999999999999999999
99999999999999999999999999
99999999999999999999999999
49494949494949494949494949
99999999999999999999999999
99999999999999999999999999
99999999999999999999999999
99999999999999999999999999
99999999999999999999999999
99999999999999999999999999
46464646464646464646464646
99999999999999999999999999
99999999999999999999999999
99999999999999999999999999
49494949494949494949494949
99999999999999999999999999
99999999999999999999999999
99999999999999999999999999
99999999999999999999999999
99999999999999999999999999
99999999999999999999999999
46464646464646464646464646
99999999999999999999999999
99999999999999999999999999
99999999999999999999999999
45454545454545454545454545
99999999999999999999999999
99999999999999999999999999
99999999999999999999999999
99999999999999999999999999
99999999999999999999999999
99999999999999999999999999
46464646464646464646464646
99999999999999999999999999
99999999999999999999999999
99999999999999999999999999
47474747474747474747474747
99999999999999999999999999
99999999999999999999999999
99999999999999999999999999
99999999999999999999999999
99999999999999999999999999
99999999999999999999999999
46464646464646464646464646
99999999999999999999999999
99999999999999999999999999
99999999999999999999999999
48484848484848484848484848
99999999999999999999999999
99999999999999999999999999
99999999999999999999999999
99999999999999999999999999
99999999999999999999999999
99999999999999999999999999
46464646464646464646464646
59595959595959595959595959
99999999999999999999999999
99999999999999999999999999
48484848484848484848484848
99999999999999999999999999
99999999999999999999999999
99999999999999999999999999
99999999999999999999999999
99999999999999999999999999
99999999999999999999999999
46464646464646464646464646
39393939393939393939393939
99999999999999999999999999
99999999999999999999999999
48484848484848484848484848
99999999999999999999999999
99999999999999999999999999
99999999999999999999999999
99999999999999999999999999
99999999999999999999999999
99999999999999999999999999
46464646464646464646464646
49494949494949494949494949
99999999999999999999999999
99999999999999999999999999
48484848484848484848484848
99999999999999999999999999
99999999999999999999999999
99999999999999999999999999
99999999999999999999999999
99999999999999999999999999
99999999999999999999999999
46464646464646464646464646
49494949494949494949494949
99999999999999999999999999
99999999999999999999999999
48484848484848484848484848
59595959595959595959595959
99999999999999999999999999
99999999999999999999999999
99999999999999999999999999
99999999999999999999999999
99999999999999999999999999
46464646464646464646464646
49494949494949494949494949
99999999999999999999999999
99999999999999999999999999
48484848484848484848484848
39393939393939393939393939
99999999999999999999999999
99999999999999999999999999
99999999999999999999999999
99999999999999999999999999
99999999999999999999999999
46464646464646464646464646
49494949494949494949494949
99999999999999999999999999
99999999999999999999999999
48484848484848484848484848
49494949494949494949494949
99999999999999999999999999
99999999999999999999999999
59595959595959595959595959
99999999999999999999999999
99999999999999999999999999
46464646464646464646464646
49494949494949494949494949
99999999999999999999999999
99999999999999999999999999
48484848484848484848484848
49494949494949494949494949
99999999999999999999999999
99999999999999999999999999
39393939393939393939393939
99999999999999999999999999
99999999999999999999999999
46464646464646464646464646
49494949494949494949494949
99999999999999999999999999
99999999999999999999999999
48484848484848484848484848
49494949494949494949494949
99999999999999999999999999
99999999999999999999999999
29292929292929292929292929
99999999999999999999999999
99999999999999999999999999
46464646464646464646464646
49494949494949494949494949
99999999999999999999999999
99999999999999999999999999
48484848484848484848484848
49494949494949494949494949
99999999999999999999999999
99999999999999999999999999
39393939393939393939393939
99999999999999999999999999
99999999999999999999999999
46464646464646464646464646
49494949494949494949494949
99999999999999999999999999
59595959595959595959595959
48484848484848484848484848
49494949494949494949494949
99999999999999999999999999
99999999999999999999999999
39393939393939393939393939
99999999999999999999999999
99999999999999999999999999
46464646464646464646464646
49494949494949494949494949
99999999999999999999999999
39393939393939393939393939
48484848484848484848484848
49494949494949494949494949
99999999999999999999999999
99999999999999999999999999
39393939393939393939393939
99999999999999999999999999
99999999999999999999999999
46464646464646464646464646
49494949494949494949494949
99999999999999999999999999
49494949494949494949494949
48484848484848484848484848
49494949494949494949494949
99999999999999999999999999
99999999999999999999999999
39393939393939393939393939
99999999999999999999999999
99999999999999999999999999
46464646464646464646464646
45454545454545454545454545
99999999999999999999999999
49494949494949494949494949
48484848484848484848484848
49494949494949494949494949
99999999999999999999999999
99999999999999999999999999
39393939393939393939393939
99999999999999999999999999
99999999999999999999999999
46464646464646464646464646
47474747474747474747474747
99999999999999999999999999
49494949494949494949494949
48484848484848484848484848
49494949494949494949494949
99999999999999999999999999
99999999999999999999999999
39393939393939393939393939
99999999999999999999999999
99999999999999999999999999
46464646464646464646464646
48484848484848484848484848
99999999999999999999999999
49494949494949494949494949
48484848484848484848484848
49494949494949494949494949
99999999999999999999999999
99999999999999999999999999
39393939393939393939393939
99999999999999999999999999
99999999999999999999999999
46464646464646464646464646
48484848484848484848484848
99999999999999999999999999
49494949494949494949494949
48484848484848484848484848
45454545454545454545454545
99999999999999999999999999
99999999999999999999999999
39393939393939393939393939
99999999999999999999999999
99999999999999999999999999
46464646464646464646464646
48484848484848484848484848
99999999999999999999999999
49494949494949494949494949
48484848484848484848484848
47474747474747474747474747
99999999999999999999999999
99999999999999999999999999
39393939393939393939393939
99999999999999999999999999
99999999999999999999999999
46464646464646464646464646
48484848484848484848484848
99999999999999999999999999
49494949494949494949494949
48484848484848484848484848
46464646464646464646464646
99999999999999999999999999
99999999999999999999999999
39393939393939393939393939
99999999999999999999999999
99999999999999999999999999
46464646464646464646464646
48484848484848484848484848
99999999999999999999999999
49494949494949494949494949
48484848484848484848484848
47474747474747474747474747
99999999999999999999999999
59595959595959595959595959
39393939393939393939393939
99999999999999999999999999
99999999999999999999999999
46464646464646464646464646
48484848484848484848484848
99999999999999999999999999
49494949494949494949494949
48484848484848484848484848
47474747474747474747474747
99999999999999999999999999
39393939393939393939393939
39393939393939393939393939
99999999999999999999999999
99999999999999999999999999
46464646464646464646464646
48484848484848484848484848
99999999999999999999999999
49494949494949494949494949
48484848484848484848484848
47474747474747474747474747
99999999999999999999999999
29292929292929292929292929
35353535353535353535353535
99999999999999999999999999
99999999999999999999999999
46464646464646464646464646
48484848484848484848484848
99999999999999999999999999
49494949494949494949494949
48484848484848484848484848
47474747474747474747474747
99999999999999999999999999
29292929292929292929292929
33333333333333333333333333
99999999999999999999999999
99999999999999999999999999
46464646464646464646464646
48484848484848484848484848
99999999999999999999999999
49494949494949494949494949
48484848484848484848484848
47474747474747474747474747
99999999999999999999999999
29292929292929292929292929
34343434343434343434343434
99999999999999999999999999
99999999999999999999999999
46464646464646464646464646
48484848484848484848484848
99999999999999999999999999
49494949494949494949494949
48484848484848484848484848
47474747474747474747474747
99999999999999999999999999
29292929292929292929292929
34343434343434343434343434
99999999999999999999999999
99999999999999999999999999
46464646464646464646464646
48484848484848484848484848
99999999999999999999999999
45454545454545454545454545
48484848484848484848484848
47474747474747474747474747
99999999999999999999999999
29292929292929292929292929
34343434343434343434343434
99999999999999999999999999
99999999999999999999999999
46464646464646464646464646
48484848484848484848484848
99999999999999999999999999
47474747474747474747474747
48484848484848484848484848
47474747474747474747474747
99999999999999999999999999
29292929292929292929292929
34343434343434343434343434
99999999999999999999999999
99999999999999999999999999
46464646464646464646464646
48484848484848484848484848
99999999999999999999999999
48484848484848484848484848
48484848484848484848484848
47474747474747474747474747
99999999999999999999999999
29292929292929292929292929
34343434343434343434343434
99999999999999999999999999
99999999999999999999999999
46464646464646464646464646
48484848484848484848484848
99999999999999999999999999
49494949494949494949494949
48484848484848484848484848
47474747474747474747474747
99999999999999999999999999
25252525252525252525252525
34343434343434343434343434
99999999999999999999999999
99999999999999999999999999
46464646464646464646464646
48484848484848484848484848
99999999999999999999999999
49494949494949494949494949
48484848484848484848484848
47474747474747474747474747
99999999999999999999999999
27272727272727272727272727
34343434343434343434343434
99999999999999999999999999
99999999999999999999999999
46464646464646464646464646
48484848484848484848484848
99999999999999999999999999
49494949494949494949494949
48484848484848484848484848
47474747474747474747474747
99999999999999999999999999
28282828282828282828282828
34343434343434343434343434
99999999999999999999999999
99999999999999999999999999
46464646464646464646464646
48484848484848484848484848
59595959595959595959595959
49494949494949494949494949
48484848484848484848484848
47474747474747474747474747
99999999999999999999999999
29292929292929292929292929
34343434343434343434343434
99999999999999999999999999
99999999999999999999999999
46464646464646464646464646
48484848484848484848484848
39393939393939393939393939
49494949494949494949494949
48484848484848484848484848
47474747474747474747474747
99999999999999999999999999
29292929292929292929292929
34343434343434343434343434
99999999999999999999999999
99999999999999999999999999
46464646464646464646464646
48484848484848484848484848
49494949494949494949494949
49494949494949494949494949
48484848484848484848484848
47474747474747474747474747
99999999999999999999999999
29292929292929292929292929
34343434343434343434343434
99999999999999999999999999
99999999999999999999999999
46464646464646464646464646
48484848484848484848484848
45454545454545454545454545
49494949494949494949494949
48484848484848484848484848
47474747474747474747474747
99999999999999999999999999
29292929292929292929292929
34343434343434343434343434
99999999999999999999999999
99999999999999999999999999
46464646464646464646464646
48484848484848484848484848
47474747474747474747474747
49494949494949494949494949
48484848484848484848484848
47474747474747474747474747
99999999999999999999999999
29292929292929292929292929
34343434343434343434343434
99999999999999999999999999
99999999999999999999999999
46464646464646464646464646
48484848484848484848484848
48484848484848484848484848
49494949494949494949494949
48484848484848484848484848
47474747474747474747474747
99999999999999999999999999
29292929292929292929292929
34343434343434343434343434
59595959595959595959595959
99999999999999999999999999
46464646464646464646464646
48484848484848484848484848
48484848484848484848484848
49494949494949494949494949
48484848484848484848484848
47474747474747474747474747
99999999999999999999999999
29292929292929292929292929
34343434343434343434343434
39393939393939393939393939
99999999999999999999999999
46464646464646464646464646
48484848484848484848484848
48484848484848484848484848
49494949494949494949494949
48484848484848484848484848
47474747474747474747474747
99999999999999999999999999
29292929292929292929292929
34343434343434343434343434
49494949494949494949494949
99999999999999999999999999
46464646464646464646464646
48484848484848484848484848
48484848484848484848484848
49494949494949494949494949
48484848484848484848484848
47474747474747474747474747
99999999999999999999999999
29292929292929292929292929
34343434343434343434343434
49494949494949494949494949
99999999999999999999999999
46464646464646464646464646
48484848484848484848484848
48484848484848484848484848
49494949494949494949494949
48484848484848484848484848
47474747474747474747474747
59595959595959595959595959
29292929292929292929292929
34343434343434343434343434
49494949494949494949494949
99999999999999999999999999
46464646464646464646464646
48484848484848484848484848
48484848484848484848484848
49494949494949494949494949
48484848484848484848484848
47474747474747474747474747
39393939393939393939393939
29292929292929292929292929
34343434343434343434343434
49494949494949494949494949
99999999999999999999999999
46464646464646464646464646
48484848484848484848484848
48484848484848484848484848
49494949494949494949494949
48484848484848484848484848
47474747474747474747474747
49494949494949494949494949
29292929292929292929292929
34343434343434343434343434
45454545454545454545454545
99999999999999999999999999
46464646464646464646464646
48484848484848484848484848
48484848484848484848484848
49494949494949494949494949
48484848484848484848484848
47474747474747474747474747
49494949494949494949494949
29292929292929292929292929
34343434343434343434343434
43434343434343434343434343
99999999999999999999999999
46464646464646464646464646
48484848484848484848484848
48484848484848484848484848
49494949494949494949494949
48484848484848484848484848
47474747474747474747474747
49494949494949494949494949
29292929292929292929292929
34343434343434343434343434
44444444444444444444444444
99999999999999999999999999
46464646464646464646464646
48484848484848484848484848
48484848484848484848484848
49494949494949494949494949
48484848484848484848484848
47474747474747474747474747
49494949494949494949494949
29292929292929292929292929
34343434343434343434343434
44444444444444444444444444
99999999999999999999999999
46464646464646464646464646
48484848484848484848484848
48484848484848484848484848
49494949494949494949494949
48484848484848484848484848
47474747474747474747474747
45454545454545454545454545
29292929292929292929292929
34343434343434343434343434
44444444444444444444444444
99999999999999999999999999
46464646464646464646464646
48484848484848484848484848
48484848484848484848484848
49494949494949494949494949
48484848484848484848484848
47474747474747474747474747
43434343434343434343434343
29292929292929292929292929
34343434343434343434343434
44444444444444444444444444
99999999999999999999999999
46464646464646464646464646
48484848484848484848484848
48484848484848484848484848
49494949494949494949494949
48484848484848484848484848
47474747474747474747474747
42424242424242424242424242
29292929292929292929292929
34343434343434343434343434
44444444444444444444444444
59595959595959595959595959
46464646464646464646464646
48484848484848484848484848
48484848484848484848484848
49494949494949494949494949
48484848484848484848484848
47474747474747474747474747
43434343434343434343434343
29292929292929292929292929
34343434343434343434343434
44444444444444444444444444
79797979797979797979797979
46464646464646464646464646
48484848484848484848484848
48484848484848484848484848
49494949494949494949494949
48484848484848484848484848
47474747474747474747474747
43434343434343434343434343
29292929292929292929292929
34343434343434343434343434
44444444444444444444444444
69696969696969696969696969
46464646464646464646464646
48484848484848484848484848
48484848484848484848484848
49494949494949494949494949
48484848484848484848484848
47474747474747474747474747
43434343434343434343434343
29292929292929292929292929
34343434343434343434343434
44444444444444444444444444
75757575757575757575757575
46464646464646464646464646
48484848484848484848484848
48484848484848484848484848
49494949494949494949494949
48484848484848484848484848
47474747474747474747474747
43434343434343434343434343
29292929292929292929292929
34343434343434343434343434
44444444444444444444444444
77777777777777777777777777
46464646464646464646464646
48484848484848484848484848
48484848484848484848484848
49494949494949494949494949
48484848484848484848484848
47474747474747474747474747
43434343434343434343434343
29292929292929292929292929
34343434343434343434343434
44444444444444444444444444
76767676767676767676767676
46464646464646464646464646
48484848484848484848484848
48484848484848484848484848
49494949494949494949494949
48484848484848484848484848
47474747474747474747474747
43434343434343434343434343
29292929292929292929292929
35353535353535353535353535
44444444444444444444444444
76767676767676767676767676
46464646464646464646464646
48484848484848484848484848
48484848484848484848484848
49494949494949494949494949
48484848484848484848484848
47474747474747474747474747
43434343434343434343434343
29292929292929292929292929
33333333333333333333333333
44444444444444444444444444
76767676767676767676767676
46464646464646464646464646
48484848484848484848484848
48484848484848484848484848
49494949494949494949494949
48484848484848484848484848
47474747474747474747474747
43434343434343434343434343
29292929292929292929292929
44444444444444444444444444
44444444444444444444444444
76767676767676767676767676
46464646464646464646464646
48484848484848484848484848
48484848484848484848484848
49494949494949494949494949
48484848484848484848484848
47474747474747474747474747
43434343434343434343434343
29292929292929292929292929
34343434343434343434343434
44444444444444444444444444
76767676767676767676767676
46464646464646464646464646
48484848484848484848484841
48484848484848484848484848
49494949494949494949494941
48484848484848484848484841
47474747474747474747474141
43434343434343434343434343
29292929292929292929292121
34343434343434343434343434
44444444444444444444444444
76767676767676767676767676
46464646464646464646464646
48484848484848484848484848
48484848484848484848484848
49494949494949494949494949
38383838383838383838383838
47474747474747474747474747
43434343434343434343434343
29292929292929292929292929
34343434343434343434343434
44444444444444444444444444
76767676767676767676767676
46464646464646464646464646
48484848484848484848484848
48484848484848484848484848
49494949494949494949494949
47474747474747474747474747
47474747474747474747474747
43434343434343434343434343
29292929292929292929292929
34343434343434343434343434
44444444444444444444444444
76767676767676767676767676
46464646464646464646464646
38383838383838383838383838
48484848484848484848484848
49494949494949494949494949
48484848484848484848484848
47474747474747474747474747
43434343434343434343434343
29292929292929292929292929
34343434343434343434343434
44444444444444444444444444
76767676767676767676767676
46464646464646464646464646
47474747474747474747474747
48484848484848484848484848
49494949494949494949494949
48484848484848484848484848
47474747474747474747474747
43434343434343434343434343
29292929292929292929292929
34343434343434343434343434
44444444444444444444444444
76767676767676767676767676
36363636363636363636363636
48484848484848484848484848
48484848484848484848484848
49494949494949494949494949
48484848484848484848484848
47474747474747474747474747
43434343434343434343434343
29292929292929292929292929
34343434343434343434343434
44444444444444444444444444
76767676767676767676767676
45454545454545454545454545
48484848484848484848484848
48484848484848484848484848
49494949494949494949494949
48484848484848484848484848
47474747474747474747474747
43434343434343434343434343
29292929292929292929292929
34343434343434343434343434
44444444444444444444444444
76767676767676767676767676
46464646464646464646464646
48484848484848484848484848
48484848484848484848484848
39393939393939393939393939
48484848484848484848484848
47474747474747474747474747
43434343434343434343434343
29292929292929292929292929
34343434343434343434343434
44444444444444444444444444
76767676767676767676767676
46464646464646464646464646
48484848484848484848484848
48484848484848484848484848
48484848484848484848484848
48484848484848484848484848
47474747474747474747474747
43434343434343434343434343
29292929292929292929292929
34343434343434343434343434
44444444444444444444444444
76767676767676767676767676
46464646464646464646464646
48484848484848484848484848
48484848484848484848484848
49494949494949494949494949
48484848484848484848484848
47474747474747474747474747
43434343434343434343434343
19191919191919191919191919
34343434343434343434343434
44444444444444444444444444
76767676767676767676767676
46464646464646464646464646
48484848484848484848484848
48484848484848484848484848
49494949494949494949494949
48484848484848484848484848
47474747474747474747474747
43434343434343434343434343
28282828282828282828282828
34343434343434343434343434
44444444444444444444444444
76767676767676767676767676
46464646464646464646464646
48484848484848484848484848
48484848484848484848484848
49494949494949494949494949
48484848484848484848484848
37373737373737373737373737
43434343434343434343434343
29292929292929292929292929
34343434343434343434343434
44444444444444444444444444
76767676767676767676767676
46464646464646464646464646
48484848484848484848484848
48484848484848484848484848
49494949494949494949494949
48484848484848484848484848
46464646464646464646464646
43434343434343434343434343
29292929292929292929292929
34343434343434343434343434
44444444444444444444444444
76767676767676767676767676
46464646464646464646464646
48484848484848484848484848
38383838383838383838383838
49494949494949494949494949
48484848484848484848484848
47474747474747474747474747
43434343434343434343434343
29292929292929292929292929
34343434343434343434343434
44444444444444444444444444
76767676767676767676767676
46464646464646464646464646
48484848484848484848484848
47474747474747474747474747
49494949494949494949494949
48484848484848484848484848
47474747474747474747474747
43434343434343434343434343
29292929292929292929292929
34343434343434343434343434
44444444444444444444444444
66666666666666666666666666
46464646464646464646464646
48484848484848484848484848
48484848484848484848484848
49494949494949494949494949
48484848484848484848484848
47474747474747474747474747
43434343434343434343434343
29292929292929292929292929
34343434343434343434343434
44444444444444444444444444
75757575757575757575757575
46464646464646464646464646
48484848484848484848484848
48484848484848484848484848
49494949494949494949494949
48484848484848484848484848
47474747474747474747474747
43434343434343434343434343
29292929292929292929292929
24242424242424242424242424
44444444444444444444444444
76767676767676767676767676
46464646464646464646464646
48484848484848484848484848
48484848484848484848484848
49494949494949494949494949
48484848484848484848484848
47474747474747474747474747
43434343434343434343434343
29292929292929292929292929
33333333333333333333333333
44444444444444444444444444
76767676767676767676767676
46464646464646464646464646
48484848484848484848484848
48484848484848484848484848
49494949494949494949494949
48484848484848484848484848
47474747474747474747474747
43434343434343434343434343
29292929292929292929292929
34343434343434343434343434
44444444444444444444444444
76767676767676767676767676
46464646464646464646464646
48484848484848484848484848
48484848484848484848484848
49494949494949494949494949
48484848484848484848484848
47474747474747474747474747
33333333333333333333333333
29292929292929292929292929
34343434343434343434343434
44444444444444444444444444
76767676767676767676767676
46464646464646464646464646
48484848484848484848484848
48484848484848484848484848
49494949494949494949494949
48484848484848484848484848
47474747474747474747474747
42424242424242424242424242
29292929292929292929292929
34343434343434343434343434
34343434343434343434343434
76767676767676767676767676
46464646464646464646464646
48484848484848484848484848
48484848484848484848484848
49494949494949494949494949
48484848484848484848484848
47474747474747474747474747
43434343434343434343434343
29292929292929292929292929
34343434343434343434343434
43434343434343434343434343
76767676767676767676767676
46464646464646464646464646
48484848484848484848484848
48484848484848484848484848
49494949494949494949494949
48484848484848484848484848
47474747474747474747474747
43434343434343434343434343
29292929292929292929292929
34343434343434343434343434
44444444444444444444444444
76767676767676767676767676
46464646464646464646464646
48484848484848484848484841
48484848484848484848484848
49494949494949494949494941
48484848484848484848484841
47474747474747474747474141
43434343434343434343434343
29292929292929292929292121
35353535353535353535353535
99999999999999999999999999
99999999999999999999999999
46464646464646464646464646
48484848484848484848484848
99999999999999999999999999
49494949494949494949494949
48484848484848484848484848
47474747474747474747474747
49494949494949494949494949
29292929292929292929292929
34343434343434343434343434
44444444444444444444444444
76767676767676767676767676
46464646464646464646464646
48484848484848484848484848
48484848484848484848484848
46464646464646464646464646
48484848484848484848484848
47474747474747474747474747
43434343434343434343434343
29292929292929292929292929
34343434343434343434343434
49494949494949494949494949
99999999999999999999999999
46464646464646464646464646
45454545454545454545454545
48484848484848484848484848
49494949494949494949494949
48484848484848484848484848
47474747474747474747474747
59595959595959595959595959
29292929292929292929292929
34343434343434343434343434
44444444444444444444444444
66666666666666666666666666
46464646464646464646464646
48484848484848484848484848
48484848484848484848484848
49494949494949494949494949
68686868686868686868686868
77777777777777777777777777
43434343434343434343434343
29292929292929292929292929
34343434343434343434343434
44444444444444444444444444
99999999999999999999999999
46464646464646464646464646
48484848484848484848484848
48484848484848484848484848
49494949494949494949494949
48484848484848484848484848
67676767676767676767676767
45454545454545454545454545
29292929292929292929292929
34343434343434343434343434
44444444444444444444444444
79797979797979797979797979
46464646464646464646464646
48484848484848484848484848
48484848484848484848484848
49494949494949494949494949
48484848484848484848484848
47474747474747474747474747
83838383838383838383838383
29292929292929292929292929
34343434343434343434343434
45454545454545454545454545
99999999999999999999999999
46464646464646464646464646
48484848484848484848484848
48484848484848484848484848
49494949494949494949494949
48484848484848484848484848
47474747474747474747474747
49494949494949494949494949
24242424242424242424242424
59595959595959595959595959
98989898989898989898989898
99999999999999999999999999
46464646464646464646464646
49494949494949494949494949
99999999999999999999999999
99999999999999999999999999
48484848484848484848484848
49494949494949494949494949
99999999999999999999999999
99999999999999999999999999
34343434343434343434343434
49494949494949494949494949
99999999999999999999999999
46464646464646464646464646
48484848484848484848484848
18181818181818181818181818
49494949494949494949494949
48484848484848484848484848
47474747474747474747474747
49494949494949494949494949
29292929292929292929292929
35353535353535353535353535
44444444444444444444444444
76767676767676767676767676
46464646464646464646464646
48484848484848484848484848
48484848484848484848484848
45454545454545454545454545
48484848484848484848484848
47474747474747474747474747
43434343434343434343434343
29292929292929292929292929
39393939393939393939393939
99999999999999999999999999
99999999999999999999999999
86868686868686868686868686
48484848484848484848484848
99999999999999999999999999
49494949494949292929292929
48484848484848484848484848
49494949494949494949494949
99999999999999999999999999
99999999999999999999999999
99999999999999999999999999
99999999999999999999999999
99999999999999999999999999
76767676767676767676767676
59595959594949494949494949
99999999999999999999999999
99999999999999999999999999
48484848484848484848484848
99999999999999999999999999
99999999999999999999999999
99999999999999999999999999
59595959595959595959595959
99999999999999999999999999
99999999999999999999999999
76767676767676767676767676
59595959595959595959595959
99999999999999999999999999
99999999999999999999999999
48484848484848484848484848
99999999999999999999999999
99999999999999999999999999
99999999999999999999999999
34343434343434343434343434
89898989898989898989898989
99999999999999999999999999
46464646464646464646464646
48484848484848484848484848
48484848484848484848484848
49494949494949494949494949
48484848484848484848484848
47474747474747474747474747
99999999999999999999999999
29292929292929292929292929
99999999999999999999999999
99999999999999999999999999
99999999999999999999999999
46464646464646464646464646
59595959595959595959595959
99999999999999999999999999
99997979797979797979797979
48484848484848484848484848
99999999999999999999999999
99999999999999999999999999
99999999999999999999999999
39393939393939393939393939
99999999999999999999999999
97979797979797979797979797
46464646464646464646464646
48484848484848484848484848
99999999999999999999999999
49494949494949494949494949
48484848484848484848484848
47474747474747474747474747
99999999999999999999999999
59595959595959595959595959
34343434343434343434343434
99999999999999999999999999
99999999999999999999999999
46464646464646464646464646
48484848484848484848484848
47474747474747474747474747
49494949494949494949494949
48484848484848484848484848
47474747474747474747474747
99999999999999999999999999
25252525252525252525252525
34343434343434343434343434
49494949494949494949494949
99999999999999999999999999
86868686868686868686868686
48484848484848484848484848
48484848484848484848484848
49494949494444444444444444
48484848484848484848484848
47474747474747474747474747
99999999999999999999999999
29292929292929292929292929
59595959595959595959595959
98989898989898989898989898
99999999999999999999999999
46464646464646464646464646
49494949494949494949494949
99999999999999999999999999
99999999999999999999999999
48484848484848484848484848
47474747474747474747474747
99999999999999999999999999
99999999999999999999999999
39393939393939393939393939
99999999999999999999999999
99999999999999999999999999
46464646464646464646464646
48484848484848484848484848
99999999999999989898989898
49494949494949494949494949
48484848484848484848484848
47474747474747474747474747
99999999999999999999999999
99999999999999999999999999
74747474747474747474747474
44444444444444444444444444
75757575757575757575757575
46464646464646464646464646
48484848484848484848484848
48484848484848484848484848
49494949494949494949494949
48484848484848484848484848
47474747474747474747474747
43434343434343434343434343
29292929292929292929292929
74747474747474747474747474
44444444444444444444444444
75757575757575757575757575
46464646464646464646464646
48484848484848484848484848
48484848484848484848484848
49494949494949494949494949
47474747474747474747474747
47474747474747474747474747
43434343434343434343434343
29292929292929292929292929
35353535353535353535353535
44444444444444444444444444
76767676767676767676767676
46464646464646464646464646
48484848484848484848484848
48484848484848484848484848
49494949494949494949494949
48484848484848484848484848
47474747474747474747474747
45454545454545454545454545
29292929292929292929292929
59595959595959595959595959
98989898989898989898989898
99999999999999999999999999
86868686868686868686868686
49494949494949494949494949
99999999999999999999999999
99999999999999999999999999
48484848484848484848484848
47474747474747474747474747
99999999999999999999999999
99999999999999999999999999
58585858585858585858585858
99999999999999999999999999
99999999999999999999999999
46464646464646464646464646
49494949494949494949494949
99999999999999999999999999
99999999999999999999999999
48484848484848484848484848
49494949494949494949494949
99999999999999999999999999
99999999999999999999999999
74747474747474747474747474
44444444444444444444444444
75757575757575757575757575
66666666666666666666666666
48484848484848484848484848
48484848484848484848484848
49494949494949494949494949
48484848484848484848484848
47474747474747474747474747
43434343434343434343434343
29292929292929292929292929
35353535353535353535353535
44444444444444444343434343
76767676767676767676767676
46464646464646464646464646
48484848484848484848484848
98989898989898989898989898
49494949494949494949494949
48484848484848484848484848
47474747474747474747474747
43434343434343434343434343
29292929292929292929292929
74747474747474747474747474
44444444444444444444141414
75757575757575757575757575
46464646464646464646464646
48484848484848484848484848
47474747474747474747474747
49494949494949494949494949
48484848484848484848484848
47474747474747474747474747
43434343434343434343434343
29292929292929292929292929
59595959595959595959595959
79797979797979797979797979
99999999999999999999999999
46464646464646464646464646
49494949494949494949494949
99999999999999999999999999
99999999999999999999999999
48484848484848484848484848
49494949494949494949494949
99999999999999999999999999
99999999999999999999999999
58585858585858585858585858
99999999999999999999999999
99999999999999999999999999
56565656565656565656565656
49494949494949494949494949
99999999999999999999999999
99999999999999999999999999
48484848484848484848484848
49494949494949494949494949
99999999999999999999999999
99999999999999999999999999
99999999999999999999999999
99999999999999999999999999
99999999999999999999999999
46464646464646464646424242
59595959595959595959595959
99999999999999999999999999
99999999999999999999999999
48484848484848484848484848
99999999999999999999999999
99999999999999999999999999
99999999999999999999999999
34343434343434343434343434
89898989898989898989898989
99999999999999999999999999
46464646464646464646464646
48484848484848484848484848
48484848484838383838383838
49494949494949494949494949
48484848484848484848484848
67676767676767676767676767
99999999999999999999999999
29292929292929292929292929
59595959595959595959595959
98989898989898989898989898
99999999999999999999999999
46464646464646464646464646
49494949494949494949494949
99999999999999999999999898
99999999999999999999999999
48484848484848484848484848
49494949494949494949494949
99999999999999999999999999
98989898989898989898989898
34343434343434343434343434
44444444444444444444444444
66666666666666666666666666
46464646464646464646464646
48484848484848484848484848
48484848484848484848484848
49494949494949494949494949
68686868686868686868686868
97979797979797979797979797
43434343434343434343434343
29292929292929292929292929
34343434343434343434343434
65656565656565656565656565
99999999999999999999999999
46464646464646464646464646
48484848484848484848484848
48484848484848484848484848
49494949494949494949494949
48484848484848484848484848
47474747474747474747474747
49494949494949494949494949
29292929292929292929292929
59595959595959595959595959
98989898989898989898989898
99999999999999999999999999
46464646464646464646464646
49494949494949494949494949
99999999999999999999999999
99999999999999999999999999
48484848484848484848484848
49494949494949494949494949
99999999999999999999999999
98989898989898989898989898
34343434343434343434343434
89898989898989898989898989
99999999999999999999999999
46464646464646464646464646
48484848484848484848484848
48484848484848484848484848
49494949494949494949494949
48484747474747474747474747
47474747474747474747474747
99999999999999999999999999
26262626262626262626262626
84848484848484848484848484
99999999999999999999999999
99999999999999999999999999
46464646464646464646464646
48484848484848484848484848
99999999999999999999999999
49494949494949494949494949
48484848484848484848484848
47474747474747474747474747
99999999999999999999999999
29292929292929292929292929
34343434343434343434343434
59595959595959595959595959
99999999999998989898989898
46464646464646464646464646
49494949494949494949494949
48484848484848484848484848
49494949494949494949494949
48484848484848484848484848
47474747474747474747474747
99999999999999999999999999
29292929292929292929292929
99999999999999999999999999
99999999999999999999999999
99999999999999999999999999
46464646464646464646424242
59595959595959595959595959
99999999999999999999999999
99999999999999999999999999
45454545454545454545454545
99999999999999999999999999
99999999999999999999999999
99999999999999999999999999
35353535353535353535353535
99999999999999999999999999
99999999999999999999999999
86868686868686868686868686
48484848484848484848484848
99999999999999999999999999
49494949494949494949494949
48484848484848484848484848
47474747474747474747474747
99999999999999999999999999
29292929292929292929292929
35353535353535353535353535
44444444444444444444444444
76767676767676767676767676
46464646464646464646464646
48484848484848484848484848
98989898989898989898989898
49494949494949494949494949
88888888888888888888888888
47474747474747474747474747
43434343434343434343434343
29292929292929292929292929
84848484848484848484848484
99999999999999999999999999
99999999999999999999999999
46464646464646464646463636
48484848484848484848484848
99999999999999999999999999
49494949494949494949494949
58585858585858585858585858
47474747474747474747474747
99999999999999999999999999
29292929292929292929292929
34343434343434343434343434
45454545454545454545454545
77777777777777777777777777
46464646464646464646464646
48484848484848484848484848
48484848484848484848484848
49494949494949494949494949
48484848484848484848484848
47474747474747474747474747
43434343434343434343434343
29292929292929292929292929
39393939393939393939393939
99999999999999999999999999
99999999999999999999999999
46464646464646464646464646
48484848484848484848484848
99999999999999999999999999
49494949494949494949494949
48484848484848484848484848
47474747474747474747474747
98989898989898989898989898
39393939393939393939393939
34343434343434343434343434
44444444444444444444444444
76767676767676767676767676
46464646464646464646464646
48484848484848484848484848
68686868686868686868686868
49494949494949494949494949
48484848484848484848484848
47474747474747474747474747
43434343434343434343434343
29292929292929292929292929
99999999999999999999999999
99999999999999999999999999
99999999999999999999999999
49494949494949494949494949
99999999999999999999999999
99999999999999999999999999
99999999999999999999999999
99999999999999999999999999
99999595959595959595959595
99999999999999999999999999
99999999999999999999999999
44444444444444444444444444
99999999999999999999999999
99999999999999999999999999
46464646464646464646464646
48484848484848484848484848
49494949494949494949494949
49494949494949494949494949
48484848484848484848484848
47474747474747474747474747
99999999999999999999999999
29292929292929292929292929
34343434343434343434343434
44444444444444444444444444
79797979797979797979797979
45454545454545454545454545
48484848484848484848484848
48484848484848484848444444
49494949494949494949494949
48484848484848484848484848
47474747474747474747474747
43434343434343434343434343
29292929292929292929292929
35353535353535353535353535
54545454545454545454545454
76767676767676767676767676
46464646464646464646464646
48484848484848484848484848
98989898989898989898989898
49494949494949494949494949
88888888888888888888888888
47474747474747474747474747
43434343434343434343434343
29292929292929292929292929
34343434343434343434343434
89898989898989898989898989
99999999999999999999999999
46464646464646464646464646
68686868686868686868686868
48484848484848484848484848
49494949494949494949494949
48484848484848484848484848
47474747474747474747474747
99999999999999999999999999
29292929292929292929292929
34343434343434343434343434
65656565656565656565656565
99999999999999999999999999
46464646464646464646464646
48484848484848484848484848
48484848484848484848484848
49494949494949494949494949
98989898989898989898989898
47474747474747474747474747
49494949494949494949494949
29292929292929292929292929
74747474747474747474747474
44444444444444444444444444
75757575757575757575757575
46464646464646464646464646
18181818181818181818181818
48484848484848484848484848
49494949494949494949494949
48484848484848484848484848
47474747474747474747474747
43434343434343434343434343
29292929292929292929292929
99999999999999999999999999
99999999999999999999999999
99999999999999999999999999
46464646464646464646464646
49494949494949494949494949
99999595959595959595959595
99999999999999999999999999
48484848484848484848484848
59595959595959595959595959
99999999999999999999999999
99999999999999999999999999
34343434343434343434343434
99999999999999999999999998
99999999999999999999999999
46464646464646464646464646
48484848484848484848484848
47474747474747474747474747
49494949494949494949494949
48484848484848484848484848
47474747474747474747474747
99999999999999999999999999
29292929292929292929292929
99999999999999999999999999
99999999999999999999999999
69696969696969696969696969
46464646464646464646424242
59595959595959595959595959
99999999999999999999999999
99999999999999999999999999
48484848484848484848484848
99999999999999999999999999
99999999999999999999999999
99999999999999999999999999
35353535353535353535353535
99999999999999999999999999
99999999999999999999999999
96969696969696969696969696
48484848484848484848484848
99999999999999999999999999
49494949494949494949494949
48484545454545454545454545
47474747474747474747474747
99999999999999999999999999
29292929292929292929292929
59595959595959595959595959
98989898989898989898989898
99999999999999999999999999
76767676767676767676767676
49494949494949494949494949
99999999999999999999999999
99999999999999999999999999
48484848484848484848484848
49494949494949494949494949
99999999999999999999999999
99999999999999999999999999
34343434343434343434343434
49494949494949494949494949
99999999999999999999999999
47474747474747474747474747
48484848484848484848484848
48484848484848484848484848
49494949494949494949494949
48484848484848484848484848
47474747474747474747474747
59595959595959595959595959
29292929292929292929292929
79797979797979797979797979
98989898989898989898989898
99999999999999999999999999
46464646464646464646464646
49494949494949494949494949
99999999999999999999999999
99999999999999999999999999
48484848484848484848484848
49494949494949494949494949
99999999999999999999999999
99999999999999999999999999
99999999999999999999999999
99999999999999999999999999
99999999999999999999999999
36363636363636363636363636
49494949494949494949494949
99999999999999999999999999
99999999999999999999999999
48484848484848484848484848
59595959595959595959595959
99999999999999999999999999
99999999999999999999999999
44444444444444444444444444
99999999999999999999999999
99999999999999999999999999
46464646464646464646464646
48484848484848484848484848
59595959595959595959595959
49494949494949494949494949
48484848484848484848484848
47474747474747474747474747
99999999999999999999999999
29292929292929292929292929
34343434343434343434343434
59595959595959595959595959
99999999999999999999999999
46464646464646464646464646
49494949494949494949494949
48484848484848484848484848
49494949494949494949494949
48484848484848484848484848
47474747474747474747474747
99999999999999999999999999
29292929292929292929292929
44444444444444444444444444
99999999999999999999999999
99999999999999999999999999
46464646464646464646464646
48484848484848484848484848
59595959595959595959595959
49494949494949494949494949
48484848484848484848484848
57575757575757575757575757
99999999999999999999999999
29292929292929292929292929
79797979797979797979797979
79797979797979797979797979
99999999999999999999999999
46464646464646464646464646
49494949494949494949494949
99999999999999999999999999
99999999999999999999999999
48484848434343434343434343
49494949494949494949494949
99999999999999999999999999
99999999999999999999999999
84848484848484848484848484
44444444444444444444444444
79797979797979797979797979
46464646464646464646464646
48484848484848484848484848
48484848484848484848484848
49494949494949494949494949
48484848484848484848484848
47474747474747474747474747
83838383838383838383838383
29292929292929292929292929
35353535353535353535353535
49494949494949494949494949
99999999999999999999999999
47474747474747474747474747
48484848483838383838383838
48484848484848484848484848
49494949494949494949494949
48484848484848484848484848
47474747474747474747474747
59595959595959595959595959
29292929292929292929292929
39393939393939393939393939
99999999999999999999999999
99999999999999999999999999
46464646464646464646464646
48484848484848484848484848
99999999999999989898989898
49492929292929292929292929
48484848484848484848484848
47474747474747474747474747
99999999999999999999999999
99999999999999999999999999
34343434343434343434343434
49494949494949494949494949
99999999999999999999999999
46464646464646464646464646
48484848484848484848484848
48484848484848484848484848
99999999999999999999999999
48484848484848484848484848
47474747474747474747474747
49494949494949494949494949
29292929292929292929292929
19191919191919191919191919
98989898989898989898989898
99999999999999999999999999
46464646464646464646464646
49494949494949494949494949
99999999999999999999999999
99999999999999999999999999
48484848484848484848484848
47474747474747474747474747
99999999999999999999999999
99999999999999999999999999
34343434343434343434343434
44444444444444444444444444
66666666666666666666666666
46464646464646464646464646
48484848484848484848484848
88888888888888888888888888
49494949494949494949494949
68686868686868686868686868
77777777777777777777777777
43434343434343434343434343
29292929292929292929292929
74747474747474747474747474
44444444444444444444444444
75757575757575757575757575
46464646464646464646464646
48484848484848484848484848
48484848484848484848484848
49494949494949494949494949
48484848484848484848484848
97979797979797979797979797
43434343434343434343434343
29292929292929292929292929
34343434343434343434343434
44444444444444444444444444
66666666666666666666666666
46464646464646464646464646
48484848484848484848484848
48484848484848484848484848
49494949494949494949494949
68686868686868686828282828
77777777777777777777777777
47474747474747474747474747
29292929292929292929292929
59595959595959595959595959
98989898989898989898989898
99999999999999999999999999
46464646464646464646464646
59595959595959595959595959
99999999999999999999999999
99999999999959595959595959
48484848484848484848484848
49494949494949494949494949
99999999999999999999999999
98989898989898989898989898
34343434343434343434343434
44444444444444444444444444
74747474747474747474747474
46464646464646464646464646
48484848484848484848484848
48484848484848484848484848
49494949494949494949494949
48484848484848484848484848
47474747474747474747474747
43434343434343434343434343
29292929292929292929292929
34343434343434343434343434
65656565656565656565656565
99999999999999999999999999
76767676767676767676767676
48484848484848484848484848
48484848484848484848484848
49494949494949494949494949
98989898989898989898989898
47474747474747474747474747
49494949494949494949494949
29292929292929292929292929
35353535353535353535353535
99999999999999999999999999
79797979797979797979797979
46464646464646464646464646
48484848484848484848484848
99999999999999999999999999
49494949494949494949494949
48484848484848484848484848
47474747474747474747474747
49494949494949494949494949
29292929292929292929292929
34343434343434343434343434
44444444444444444444444444
66666666666666666666666666
96969696969696969696969696
48484848484848484848484848
48484848484848484848484848
49494949494949494949494949
68686868686868686868686868
47474747474747474747474747
43434343434343434343434343
29292929292929292929292929
39393939393939393939393939
99999999999999999999999999
99999999999999999999999999
46464646464646464646464646
48484848484848484848484848
99995959595959595959595959
49494949494949494949494949
48484848484848484848484848
47474747474747474747474747
99999999999999999999999999
59595959595959595959595959
34343434343434343434343434
45454545454545454545454545
99999999999999999999999999
46464646464646464646464646
48484848484848484848484848
48484848484848484848484848
49494949494949494949494949
48484848484848484848484848
47474747474747474747474747
47474747474747474747474747
29292929292929292929292929
99999999999999999999999999
99999999999999999999999999
99999999999999999999999999
46464646464646464646464646
59595959595454545454545454
99999999999999999999999999
99997979797979797979797979
48484848484848484848484848
99999999999999999999999999
99999999999999999999999999
99999999999999999999999999
34343434343434343434343434
46464646464646464646464646
99999999999999999999999999
46464646464646464646464646
48484848484848484848484848
48484848484848484848484848
49494949494949494949494949
48484848484848484848484848
47474747474747474747474747
59595959595959595959595959
29292929292929292929292929
59595959595959595959595959
99999999999999999999999999
99999999999999999999999999
76767676767676767676767676
59595959595959595959595959
99999999999999999999999999
99999996969696969696969696
48484848484848484848484848
99999999999999999999999999
99999999999999999999999999
99999999999999999999999999
37373737373737373737373737
99999999999999999999999999
99999999999999999999999999
46464646464646464646464646
48484848484848484848484848
99999999999999999999999999
49494949494949494949494949
48484848484848484848484848
47474747474747474747474747
99999999999999999999999999
29292929292929292929292929
99999999999999999999999999
99999999999999999999999999
99999999999999999999999999
99999999999999999999999999
99999999999999999999999999
99999999999999999999999999
99999999999999999999999999
99999999999999999999999999
99999999999999999999999999
99999999999999999999999999
99999999999999999999494949
98989898989898989898989898
99999999999999999999999999
69696969696969696969696969
46464646464646464646424242
59595959595959595959595959
99999999999999999999999999
99999999999999999999999999
48484848484848484848484848
99999999999999999999999999
99999999999999999999999999
99999999999999999999999999
34343434343434343434343434
65656565656565656565656565
99999999999999999999999999
46464646464646464646464646
48484848484848484848484848
48484848484848484848484848
49494949494949494949494949
88888888888888888888888888
47474747474747474747474747
49494949494949494949494949
29292929292929292929292929
99999999999999999999999999
99999999999999999999999999
99999979797979797979797979
46464646464646464646464646
49494949494949494949494949
99999999999999999999999999
99999999999999999999999999
48484848484848484848484848
99999999999999999999999999
99999999999999999999999999
99999999999999999999999999
37373737373737373737373737
44444444444444444444444444
79797979797979797979797979
46464646464646464646464646
48484848484848484848484848
48484848484848484848484848
49494949494949494949494949
48484848484848484848484848
47474747474747474747474747
43434343434343434343434343
29292929292929292929292929
34343434343434343434343434
54545454545454545454545454
76767676767676767676767676
46464646464646464646464646
48484848484848484848484848
47474747474747474747474747
49494949494949494949494949
48484848484848484848484848
47474747474747474747474747
43434343434343434343434343
29292929292929292929292929
84848484848484848484848484
99999999999999999999999999
99999999999999999999999999
46464646464646464646464646
48484848484848484848484848
99999999999999999999999999
49494949494949494949494949
78787878787878787878787878
47474747474747474747474747
99999999999999999999999999
29292929292929292929292929
35353535353535353535353535
44444444444444444444444444
76767676767676767676767676
46464646464646464646464646
78787878787878787878787878
98989898989898989898989898
49494949494948484848484848
88888888888888888888888888
47474747474747474747474747
43434343434343434343434343
29292929292929292929292929
34343434343434343434343434
44444444444444444444444444
79797979797979797979797979
46464646464646464646464646
48484848484848484848484848
98989898989898989898989898
49494949494949494949494949
48484848484848484848484848
47474747474747474747474747
83838383838383838383838383
29292929292929292929292929
39393939393939393939393939
99999999999999999999999999
99999999999999999999999999
46464646464646464646464646
48484848484848484848484848
99995959595959595958585858
49494949494949494949494949
48484848484848484848484848
47474747474747474747474747
99999999999999999999999999
56565656565656565656565656
84848484848484848484848484
44444444444444444444444444
79797979797979797979797979
47474747474747474747474747
48484848484848484848484848
48484848484848484848484848
49494949494949494949494949
48484848484848484848484848
47474747474747474747474747
83838383838383838383838383
29292929292929292929292929
35353535353535353535353535
44444444444444444444444444
76767676767676767676767676
46464646464646464646464646
98989898989898989898989898
98989898989898989898989898
49494949494949494949494949
88888888888888888888888888
47474747474747474747474747
43434343434343434343434343
29292929292929292929292929
34343434343434343434343434
99999999999999999999999999
99999999999999999999999999
46464646464646464646464646
48484848484848484848484848
59595959595959595959595959
49494949494949494949494949
48484848484848484848484848
47474747474747474747474747
99999999999999999999999999
24242424242424242424242424
34343434343434343434343434
65656565656565656565656565
99999999999999999999999999
46464646464646464646464646
48484848484848484848484848
48484848484848484848484848
49494949494949494949494949
98989898989848484848484848
47474747474747474747474747
49494949494949494949494949
29292929292929292929292929
59595959595959595959595959
98989898989898989898989898
96969696969696969696969696
46464646464646464646464646
49494949494949494949494949
99999999999999999999999999
99999999999999999999999999
48484848484848484848484848
49494949494949494949494949
99999999999999999999999999
99999999999999999999999999
35353535353535353535353535
44444444444444444444444444
76767676767676767676767676
46464646464646464646464646
78787878787878787878787777
78787878787878787878787878
49494949494948484848484848
88888888888888888888888888
47474747474747474747474747
43434343434343434343434343
29292929292929292929292929
34343434343434343434343434
49494949494949494949494949
99999999999999999999999999
45454545454545454545454545
48484848484848484848484848
48484848484848484848484848
49494949494949494949494949
48484848484848484848484848
47474747474747474747474747
59595959595959595959595959
29292929292929292929292929
74747474747474747474747474
44444444444444444444141414
79797979797979797979797979
46464646464646464646464646
48484848484848484848484848
47474747474747474747474747
49494949494949494949494949
48484848484848484848484848
47474747474747474747474747
43434141414141414141414141
29292929292929292929292929
34343434343434343434343434
65656565656565656565656565
99999999999999999999999999
66666666666666666666666666
48484848484848484848484848
48484848484848484848484848
49494949494949494949494949
88888888888888888888888888
47474747474747474747474747
49494949494949494949494949
29292929292929292929292929
35353535353535353535353535
99999999999999999994949494
99999999999999999999999999
46464646464646464646464646
48484848484848484848484848
99999999999999999999999999
49494949494949494949494949
48484848484848484848484848
47474747474747474747474747
49494949494949494949494949
26262626262626262626262626
99999999999999999999999999
99999999999999999999999999
99999999999999999999999999
99999999999999999999999999
99999999979797979797979797
99999999999999999999999999
99999999999999999999999999
99999999999999999999999999
99999999999999999999999999
99999999999999999999999999
99999999999999999999494949
35353535353535353535353535
44444444444444444444444444
77777777777777777777777777
46464646464646464646464646
48484848484848484848484848
48484848484848484848484848
49494949494949494949494949
48484848484848484848484848
47474747474747474747474747
43434343434343434343434343
29292929292929292929292929
79797979797979797979797979
44444444444444444444141414
75757575757575757575757575
46464646464646464646464646
48484848484848484848484848
47474747474747474747474747
49494949494949494949494949
48484848484848484848484848
47474747474747474747474747
43434343434343434343434343
29292929292929292929292929
34343434343434343434343434
49494949494949494949494949
99999999999999999999999999
46464646464646464646464646
48484848484848484848484848
48484848484848484848484848
99999999999999999999999999
48484444444444444444444444
47474747474747474747474747
99999999999999999999999999
29292929292929292929292929
39393939393939393939393939
99999999999999999999999999
99999999999999999999999999
46464646464646464646464645
48484848484848484848484848
99999999999999999999999999
49494949494949494949494949
47474747474747474747474747
47474747474747474747474747
99999999999999999999999999
99999999999999999999999999
59595959595959595959595959
98989898989898989898989898
96969696969696969696969696
46464646464646464646464646
49494949494949494949494949
99999999999999999999999999
99999999999999999999999999
48484848484848484848484848
45454545454545454545454545
99999999999999999999999999
99999999999999999999999999
35353535353535353535353535
99999999999999999999999999
99999999999999999999999999
46464646464646464646464646
48484848484848484848484848
99999999999999999999999999
49494949494949494949494949
47474747474747474747474747
47474747474747474747474747
99999999999999999999999999
29292929292929292929292929
99999999999999999999999999
95959595959595959595959595
69696969696969696969696969
46464646464646464646424242
59595959595959595959595959
99999999999999999999999999
99999999999999999999999999
48484848484848484848484848
99999999999999999999999999
99999999999999999999999999
99999999999999999999999999
59595959595959595959595959
98989898989898989898989898
96969696969696969696969696
46464646464646464646464646
49494949494949494949494949
99999999999999999999999999
99999999999999999999999999
48484848484848484844444444
49494949494949494949494949
99999999999999999999999999
99999999999999999999999999
74747474747474747474747474
44444444444444444444444444
66666666666666666666666666
46464646464646464646464646
48484848484848484848484848
48484848484848484848484848
49494949494949494949494949
68686868686868686868686868
77777777777777777777777777
43434343434343434343434343
29292929292929292929292929
34343434343434343434343434
45454545454545454545454545
99999999999999999999999999
46464646464646464646464646
48484848484848484848484848
48484848484848484848484848
49494949494949494949494949
78787878787878787878787878
47474747474747474747474747
49494949494949494949494949
29292929292929292929292929
99999999999999999999999999
99999999999999999999999999
99999999999999999999999999
46464646464646464646424242
59595959595959595959595959
99999999999999999999999999
99999999999999999999999999
48484848484848484848484848
99999999999999999999999999
99999999696969696969696969
99999999999999999999999999
74747474747474747474747474
44444444444444444444444444
75757575757575757575757575
46464646464646464646464646
48484848484848484848484848
48484848484848484848484848
47474747474747474747474747
48484848484848484848484848
97979797979797979797979797
43434343434343434343434343
29292929292929292929292929
34343434343434343434343434
65656565656565656565656565
99999999999999999999999999
46464646464646464646464646
45454545454545454545454545
48484848484848484848484848
49494949494949494949494949
98989898989848484848484848
47474747474747474747474747
49494949494949494949494949
29292929292929292929292929
51515151515151515151515151
98989898989898989898989898
99999999999999999999999999
46464646464646464646464646
49494949494949494949494949
99999999999999999999999999
99999999999999999999999999
48484848484848484848484848
49494949494949494949494949
99999999999999999999999999
99999999999999999999999999
34343434343434343434343434
44444444444444444444444444
79797979797979797979797979
46464646464642424242424242
48484848484848484848484848
48484848484848484848484848
49494949494949494949494949
48484848484848484848484848
47474747474747474747474747
48484848484848484848484848
29292929292929292929292929
34343434343434343434343434
44444444444444444444444444
79797949494949494949494949
46464646464646464646464646
48484848484848484848484848
48484848484848484848484848
42424242424242424242424242
48484848484848484848484848
47474747474747474747474747
83838383838383838383838383
29292929292929292929292929
99999999999999999999999999
99999999999999999999999999
99999999999999999999999999
46464646464646464646464646
59595959595959595959595959
99999999999999999999999999
99997979797979797979797979
48484848484848484848484848
99999999999999999999999999
99999999999898989898989898
99999999999999999999999999
37373737353535353535353535
44444444444444444444444444
79797979797979797979797979
46464646464646464646464646
48484848484848484848484848
48484848484848484848484848
59595959595959595959595959
48484848484848484848484848
47474747474747474747474747
43434343434343434343434343
29292929292929292929292929
54545454545454545454545454
45454545454545454545454545
99999999999999999999999999
46464646464646464646464646
48484848484848484848484848
48484848484848484848484848
49494949494949494949494949
78787878787878787878787878
47474747474747474747474747
49494949494949494949494949
29292929292929292929292929
34343434343434343434343434
44444444444444444444444444
66666666666666666666666666
96969696969696969696969696
48484848484848484848484848
48484848484848484848484848
49494949494949494949494949
68686868686868686868686868
47474747474747474747474747
43434343434343434343434343
23232323232323232323232323
34343434343434343434343434
44444444444444444444444444
69696969696969696969696969
46464646464646464646464646
48484848484848484848484848
88888888888888888888888888
49494949494949494949494949
68686868686868686868686868
77777777777777777777777777
43434343434343434343434343
29292929292929292929292929
35353535353535353535353535
99999999999999999999999999
99999999999999999999999999
86868686868686868686868686
48484848484848484848464646
99999999999999999999999999
49494949494949494949494949
48484848484848484848484848
47474747474747474747474747
99999999999999999999999999
29292929292929292929292929
34343434343434343434343434
45454545454545454545454545
77777777777777777777777777
46464646464646464646464646
49494949494949494949494949
48484848484848484848484848
49494949494949494949494949
48484848484848484848484848
47474747474747464646464646
43434343434343434343434343
29292929292929292929292929
37373737373737373737373737
41414141414141414141414141
79797979797979797979797979
46464646464646464646464646
48484848484848484848484848
48484848484848484848484848
59595959595959595959595959
48484848484848484848484848
47474747474747474747474747
43434343434343434343434343
29292929292929292929292929
34343434343434343434343434
44444444444444444444444444
61616161616161616161616161
46464646464646464646464646
48484848484848484848484848
48484848484848484848484848
49494949494949494949494949
68686868686868686868686868
77777777777777777777777777
43434343434343434343434343
29292929292929292929292929
34343434343434343434343434
49494949494949494949494949
99999999999999999999999999
49494949494949494949494949
48484848484848484848484848
48484848484848484848484848
49494949494949494949494949
48484848484848484848484848
47474747474747474747474747
59595959595959595959595959
29292929292929292929292929
34343434343434343434343434
49494949494949494949494949
99999999999999999999999999
47474747474747474747474747
48484848484848484848484848
48484848484848484848484848
49494949494949494949494949
18181818181818181818181818
47474747474747474747474747
59595959595959595959595959
29292929292929292929292929
34343434343434343434343434
44444444444444444444444444
77777777777777777777777777
46464646464646464646464646
48484848484848484848484848
48484848484848484848484848
49494949494949494949494949
98989898989898989898989898
47474747474747474747474747
43434343434343434343434343
29292929292929292929292929
35353535353535353535353535
99999999999999999999999999
99999999999999999999999999
46464646464646464646464646
48484848484848484848484848
99999999999999999999999999
48484848484848484848484848
48484848484848484848484848
47474747474747474747474747
99999999999999999999999999
29292929292929292929292929
99999999999999999999999999
99999999999999999999999999
69696969696969696969696969
76767676767676767676767676
59595959594949494949494949
99999999999999999999999999
99999999999999999999999999
48484848484848484848484848
99999999999999999999999999
99999999999999999999999999
99999999999999999999999999
41414141414141414141414141
99999999999999999999999999
99999999999999999999999999
46464646464646464646464646
48484848484848484848484848
49494949494949494949494949
49494949494949494949494949
48484848484848484848484848
47474747474747474747474747
99999999999999999999999999
29292929292929292929292929
34343434343434343434343434
49494949494949494949494949
99999999999999999999999999
46464646464646464646464646
48484848484848484848484848
48484848484848484848484848
49494949494949494949494949
48484848484848484848484848
47474747474747474747474747
59595959595959595959595959
59595959595959595959595959
34343434343434343434343434
49494949494949494949494949
99999999999999999999999999
86868686868686868686868686
48484848484848484848484848
48484848484848484848484848
49494949494949494949494949
48484848484848484848484848
47474747474747474747474747
59595959595959595959595959
59595959595959595959595959
34343434343434343434343434
65656565656565656565656565
99999999999999999999999999
46464646464646464646464646
48484848484848484848484848
48484848484848484848484848
49494949494949494949494949
98989898989898989898989898
47474747474747474747474747
59595959595959595959595959
29292929292929292929292929
34343434343434343434343434
45454545454545454545454545
99999999999999999999999999
46464646464646464646464646
48484848484848484848484848
48484848484848484848484848
49494949494949484848484848
48484848484848484848484848
46464646464646464646464646
47474747474747474747474747
29292929292929292929292929
39393939393939393939393939
99999999999999999999999999
99999999999999999999999999
46464646464646464646464646
48484848484848484848484848
99999999999999999999999999
49494949494949494949494949
48484848484848484848484848
47474747474747474747474747
98989898989898989898989898
36363636363636363636363636
34343434343434343434343434
44444444444444444444444444
66666666666666666666666666
76767676767676767676767676
48484848484848484848484848
88888888888888888888888888
49494949494949494949494949
68686868686868686868686868
77777777777777777777777777
43434343434343434343434343
29292929292929292929292929
79797979797979797979797979
44444444444444444444141414
75757575757575757575757575
46464646464646464646464646
48484848484848484848484848
47474747474747474747474747
49494949494949494949494949
88888888888888888888888888
47474747474747474747474747
43434343434343434343434343
29292929292929292929292929
35353535353535353535353535
54545454545454545454545454
76767676767676767676757575
46464646464646464646464646
48484848484848484848484848
98989898989898989898989898
49494949494949494949494949
88888888888888888888888888
97979797979797979797979797
43434343434343434343434343
29292929292929292929292929
44444444444444444444444444
99999999999999999999999999
99999999999999999999999999
46464646464646464646464646
49494949494949494949492929
59595959595959595959595959
49494949494949494949494949
48484848484848484848484848
57575757575757575757575757
99999999999999999999999999
29292929292929292929292929
37373737373737373737373737
44444444444444444444444444
79797979797979797979797979
46464646464646464646464646
48484848484848484848484848
88888888888888888888888888
49494949494949494949494949
48484848484848484848484848
47474747474747474747474747
43434343434343434343434343
29292929292929292929292929
34343434343434343434343434
44444444444444444444444444
66666666666666666666666666
46464646464646464646464646
48484848484848484848484848
48484848484848484848484848
49494949494949494949494949
69696969696969696969696969
47474747474747474747474747
43434343434343434343434343
29292929292929292929292929
41414141414141414141414141
99999595959595959595959595
99999999999999999999999999
46464646464646464646464646
48484848484848484848484848
49494949494949494949494949
49494949494949494949494949
48484848484848484848484848
47474747474747474747474747
99999999999999999999999999
29292929292929292929292929
84848484848484848484848484
44444444444444444444444444
79797979797979797979797979
45454545454545454545454545
48484848484848484848484848
48484848484848484848484848
49494949494949494949494949
48484848484848484848484848
47474747474747474747474747
83838383838383838383838383
29292929292929292929292929
34343434343434343434343434
44444444444444444444444444
69696969696969696969696969
46464646464646464646464646
48484848484848484848484848
88888888888888888888888888
49494949494949494949494949
68686868686868686868686868
77777777777777777777777777
13131313131313131313131313
29292929292929292929292929
59595959595959595959595959
98989898989898989898989898
99999999999999999999999999
46464646464646464646464646
49494949494949494949494949
99999999999999999999999898
99999999999999999999999999
48484848484848484848484848
49494949494949494949494949
99999999999999999999999999
99999999999999999999999999
34343434343434342424242424
44444444444444444444444444
76767676767676767676767676
46464646464646464646464646
48484848484848484848484848
48484848484848484848484848
79797979797979797979797979
48484848484848484848484848
47474747474747474747474747
43434343434343434343434343
29292929292929292929292929
34343434343434343434343434
89898989898989898989898989
89898989898989898989898989
46464646464646464646464646
48484848484848484848484848
48484848484848484848484848
49494949494949494949494949
48484848484848484848484848
47474747474747474747474747
99999999999999999999999999
29292929292929292929292929
35353535353535353535353535
74747474747474747474747474
76767676767676767676767676
46464646464646464646464646
48484848484848484848484848
48484848484848484848484848
49494949494949494949494949
48484848484848484848484848
47474747474747474747474747
43434343434343434343434343
29292929292929292929292929
35353535353535353535353535
44444444444444444444444444
76767676767676767646464646
46464646464646464646464646
48484848484848484848484848
98989898989898989898989898
49494949494949494949494949
88888888888888888888888888
67676767676767676767676767
43434343434343434343434343
29292929292929292929292929
35353535353535353535353535
44444444444444444444444444
66666666666666666666666666
46464646464646464646464646
48484848484848484848484848
98989898989898989898989898
49494949494949494949494949
88888888888888888888888888
67676767676767676767676767
43434343434343434343434343
29292929292929292929292929
84848484848484848484848484
99999999999999999999999999
99999999999999999999999999
46464646464646464646463636
48484848484848484848484848
99999999999999999999999999
49494949494949494949494949
58585858585858585858585858
97979797979797979797979797
99999999999999999999999999
29292929292929292929292929
44444444444444444444444444
99999999999999999999999999
99999999999999999999999999
46464646464646464646464646
48484848484848484848282828
59595959595959595959595959
79797979797979797979797979
48484848484848484848484848
47474747474747474747474747
99999999999999999999999999
29292929292929292929292929
39393939393939393939393939
99999999999999999999999999
99999999999999999999999999
46464646464646464646464646
45454545454545454545454545
99999999999999999999999999
49494949494949494949494949
48484848484848484848484848
47474747474747474747474747
99999998989898989898989898
59595959595959595959595959
34343434343434343434343434
44444444444444444444444444
76767676767676767676767676
46464646464646464646464646
48484848484848484848484848
48484848484848484848484848
49494949494949494949494949
48484848484848484848484848
47474747474747474747474747
49494949494949494949494949
29292929292929292929292929
35353535353535353535353535
54545454545454545454545454
76767676767676767676767676
46464646464646464646464646
48484848484848484848484848
98989898989898989898989898
49494949444444444444444444
88888888888888888888888888
47474747474747474747474747
43434343434343434343434343
29292929292929292929292929
34343434343434343434343434
44444444444444444444444444
77777777777777777777777777
46464646464646464646464646
48484848484848484848484848
48484848484848484848484848
49494949494949494949494949
99999999999999999999999999
47474747474747474747474747
43434343434343434343434343
29292929292929292929292929
34343434343434343434343434
44444444444444444444444444
99999999999999999999999999
46464646464646464646464646
48484848484848484848484848
68686868686868686868686868
49494949494949494949494949
48484848484848484848484848
47474747474747474747474747
45454545454545454545454545
29292929292929292929292929
59595959595959595959595959
99999999999999999999999999
99999999999999999999999999
96969696969696969696969696
59595959595959595959595959
99999999999999999999494949
99999996969696969696969696
48484848484848484848484848
99999999999999999999999999
99999999999999999999999999
99999999999999999999999999
34343434343434343434343434
65656565656565656565656565
99999999999999999999999999
46464646464646464646464646
47474747474747474747474747
48484848484848484848484848
49494949494949494949494949
48484848484848484848484848
47474747474747474747474747
49494949494949494949494949
29292929292929292929292929
39393939393939393939393939
99999999999999997979797979
99999999999999999999999999
46464646464646464646464646
49494949494949494949494949
99999999999999999999999999
99999999999999999999999999
48484848484848484848484848
49494949494949494949494949
99999999999999999999999999
99999999999999999999999999
87878787858585858585858585
44444444444444444444444444
79797979797979797979797979
46464646464646464646464646
48484848484848484848484848
48484848484848484848484848
59595959595959595959595959
48484848484848484848484848
47474747474747474747474747
43434343434323232323232323
29292929292929292929292929
34343434343434343434343434
49494949494949494949494949
99999999999999999999999999
86868686868686868686868686
48484848484843434343434343
49494949494949494949494949
49494949494949494949494949
48484848484848484848484848
47474747474747474747474747
59595959595959595959595959
59595959595959595959595959
34343434343434343434343434
46464646464646464646464646
99999999999999999999999999
46464646464646464646464646
48484848484848484848484848
48484848484848484848484848
49494949494949494949494949
48484848484848484848484848
47474747474747474747474747
99999999999999999999999999
29292929292929292929292929
89898989898989898989898989
98989898989898989898989898
99999999999999999999999999
46464646464646464646464646
49494949494949494949494949
99999999999999999999999999
99999999999999999999999999
48484848484848484848484848
49494949494949494949494949
99999999999999999999999999
99999999999999999999999999
35353535353535353535353535
65656565656565656565656565
99999999999999999999999999
46464646464646464646464646
48484848484848484848484848
48484848484848484848484848
49494949494949494949494949
98989898989898989898989898
47474747474747474747474747
49494949494949494949494949
29292929292929292929292929
89898989898989898989898989
99999999999999999999999999
99999999999999999999999999
46464646464646464646464646
49494949494949494949494949
99999999999999999999999999
99999999999999999999999999
48484848484848484848484848
49494949494949494949494949
99999999999999999999999999
99999999999999999999999999
34343434343434343434343434
59595959595959595959595959
99999999999999999999999898
46464646464646464646464646
48484848484848484848484848
99999999999999999999999999
49494949494949494949494949
48484848484848484848484848
47474747474747474747474747
99999999999999999999999999
29292929292929292929292929
99999999999999999999999999
99999999999999999999999999
99999999999999999999999999
46464646464646464646464646
49494949494949494949494949
99999999999999999696969696
99999999999999999999999999
48484848484848484848484848
59595959595959595959595959
99999999999999999999999999
99999999999999999999999999
51515151515151515151515151
45454545454545454545454545
99999999999999999999999999
46464545454545454545454545
48484848484848484848484848
48484848484848484848484848
49494949494949494949494949
78787878787878787878787878
47474747474747474747474747
49494949494949494949494949
29292929292929292929292929
34343434343434343434343434
49494949494949494949494949
99999999999999999999999999
46464646464646464646464646
48484848484848484848484848
48484848484848484848484848
49494949494949494949494949
48484848484848484848484848
47474747474747474747474747
29292929292929292929292929
29292929292929292929292929
34343434343434343434343434
99999999999999999999999999
99999999999999999999999999
46464646464646464646464646
48484848484848484848484848
49494949494949494949494949
49494949494949494949494949
58585858585858585858585858
47474747474747474747474747
99999999999999999999999999
29292929292929292929292929
39393939393939393939393939
99999999999999999999999999
99999999999999999999999999
46464646464646464646464646
49494949494949494949494949
99999999999999595959595959
59595959595959595959595959
48484848484848484848484848
49494949494949494949494949
99999999999999999999999999
99999999999999999999999999
34343434343434343434343434
44444444444444444444444444
96969696969696969696969696
46464646464646464646464646
48484848484848484848484848
48484848484848484848484848
49494949494949494949494949
69696969696969696969696969
47474747474747474747474747
43434343434343434343434343
29292929292929292929292929
34343434343434343434343434
65656565656565656565656565
99999999999999999999999999
46464646464646464646464646
48484848484848484848484848
48484848484848484848484848
49494949494949494949494949
88888888888888888888888888
57575757575757575757575757
49494949494949494949494949
29292929292929292929292929
54545454545454545454545454
45454545454545454545454545
99999999999999999999999999
46464646464646464646464646
48484848484848484848484848
48484848484848484848484848
49494949494949494949494949
79797979797979797973737373
47474747474747474747474747
49494949494949494949494949
29292929292929292929292929
41414141414141414141414141
99999999999999999999999999
99999999999999999999999999
46464646464646464646464646
48484848484848484848484848
69696969696969696969696969
49494949494949494949494949
48484848484848484848484848
47474747474747474747474747
99999999999999999999999999
29292929292929292929292929
39393939393939393939393939
99999999999999999999999999
99999999999999999999999999
46464646464646464646464646
49494949494944444444444444
99999999999999999999999999
59595959595959595959595959
48484848484848484848484848
49494949494949494949494949
99999999999999999999999999
99999999999999999999999999
41414141414141414141414141
99999999999999999999999999
99999999999999999999999999
46464646464646464646464646
48484848484848484848484848
69696969696969696969696969
49494949494949494949494949
48484848484848484848484848
77777777777777777777777777
99999999999999999999999999
29292929292929292929292929
59595959595959595959595959
98989898989898989898989898
99999999999999999999999999
46464646464646464646464646
49494949494949494949494949
99999999999999999999999999
99999999999999999999999999
48484848484848484848484848
47474747474747474747471717
99999999999999999999999999
99999999999999999999999999
79797979797979797979797979
44444444444444444444141414
75757575757575757575757575
46464646464646464646464646
48484848484848484848484848
47474747474747474747474747
49494949494949494949494949
68686868686868686868686868
47474747474747474747474747
43434343434343434343434343
29292929292929292929292929
34343434343434343434343434
47474747474747474747474747
76767676767676767676767676
46464646464646464646464646
48484848484848484848484848
68686868686868686868686868
49494949494949494949494949
48484848484848484848484848
47474747474747474747474747
43434343434343434343434343
29292929292929292929292929
35353535353535353535353535
44444444444444444444444444
76767676767676767676767676
46464646464646464646464646
48484848484848484848484848
99999999999999999999999999
49494949494949494949494949
88888888888888888888888888
47474747474747474747474747
43434343434343434343434343
29292929292929292929292929
34343434343434343434343434
44444444444444444444444444
99999999999999999999999999
86868686868686868686868686
48484848484848484848484848
48484848484848484848484848
49494949494949494949494949
48484848484848484848484848
47474747474747474747474747
45454545454545454545454545
29292929292929292929292929
34343434343434343434343434
45454545454545454545454545
77777777777777777777777777
46464646464646464646464646
48484848484848484848484848
48484848484848484848484848
49494949494949494949494949
48484848484848484848484848
77777777777777777777777777
43434343434343434343434343
29292929292929292929292929
39393939393939393939393939
99999999999999999999999999
99999999999999999999999999
46464646464646464646464646
48484848484848484848484848
99999999999999999999999999
49494949494747474747474747
48484848484848484848484848
47474747474747474747474747
99999999999999999999999999
59595959595959595959595959
35353535353535353535353535
44444444444444444444444444
77777777777777777777777777
46464646464646464646464646
48484848484848484848484848
48484848484848484848484848
49494949494949494949494949
48484848484848484848484848
47474747474747474747474747
43434343434343434343434343
49494949494949494949494949
34343434343434343434343434
45454545454545454545454545
99999999999999999999999999
46464626262626262626262626
48484848484848484848484848
48484848484848484848484848
49494949494949494949494949
78787878787878787878787878
47474747474747474747474747
49494949494949494949494949
29292929292929292929292929
99999999999999999999999999
99999999999999999999999999
99999999999999999999999999
76767676767676767676767676
59595959595959595959595959
99999999999999999999999999
99999999999999999999999999
48484848484848484848484848
99999999999999999999999999
99999999999999999999999999
99999999999999999999999999
35353535353535353535353535
44444444444444444444444444
76767676767676767676767676
46464646464646464646464646
48484848484848484848484848
68686868686868686868686868
49494949494949494949494949
48484848484848484848484848
47474747474747474747474747
45454545454545454545454545
29292929292929292929292929
34343434343434343434343434
49494949494949494949494949
99999999999999999999999999
86868686868686868686868686
48484848484848484848484848
48484848484848484848484848
49494949494949494949494949
48484848484848484848484848
47474747474747474747474747
59595959595959595959595959
58585858585858585858585858
34343434343434343434343434
44444444444444444444444444
77777777777777777777777777
46464646464646464646464646
48484848484848484848484848
48484848484848484848484848
49494949494949494949494949
98989898989898989898989898
48484848484848484848484848
43434343434343434343434343
29292929292929292929292929
89898989898989898989898989
68686868686868686868686868
99999999999999999999999999
46464646464646464646464646
49494949494949494949494949
99999999999999999999999999
99999999999999999999999999
48484848484848484848484848
49494949494949494949494949
99999999998989898989898989
99999999999999999999999999
34343434343434343434343434
99999999999999999999999999
99999999999999999999999999
46464646464646464646464646
68686868686868686868686868
49494949494949494949494949
49494949494949494949494949
58585858585858585858585858
47474747474747474747474747
99999999999999999999999999
29292929292929292929292929
25252525252525252525252525
44444444444444444444444444
76767676767373737373737373
46464646464646464646464646
78787878787878787878787777
78787878787878787878787878
49494949494948484848484848
88888888888888888888888888
47474747474747474747474747
43434343434343434343434343
29292929292929292929292929
31313131313131313131313131
44444444444444444444444444
76767676767676767676767676
46464646464646464646464646
48484848484848484848484848
48484848484848484848484848
49494949494949494949494949
48484848484848484848484848
47474747474747474747474747
49494949494949494949494949
29292929292929292929292929
35353535353535353535353535
44444444444444444444444444
77777777777777777777777777
46464646464646464646464646
48484848484848484848484848
48484848484848484848484848
49494949494949494949494949
48484848484848484848484848
47474747474747474747474747
43434343434343434343434343
46464646464646464646464646
34343434343434343434343434
84848484848484848484848484
66666666666666666666666666
96969696969696969696969696
48484848484848484848484848
48484848484848484848484848
49494949494949494949494949
68686868686868686868686868
47474747474747474747474747
43434343434343434343434343
29292929292929292929292929
75757575757575757575757575
99999999999999999999999999
79797979797979797979797979
46464646464646464646464646
48484848484848484848484848
99999999999999999999999999
49494949494949494949494949
48484848484848484848484848
47474747474747474747474747
49494949494949494949494949
29292929292929292929292929
35353535353535353535353535
44444444444444444444444444
77777777777777777777777777
46464646464646464646464646
46464646464646464646464646
48484848484848484848484848
49494949494949494949494949
48484848484848484848484848
47474747474747474747474747
43434343434343434343434343
49492929292929292929292929
84848484848484848484848484
99999999999999999999999999
98989898989898989898989898
46464646464646464646464646
48484848484848484848484848
99999999999999999999999999
49494949494949494949494949
48484848484848484848484848
47474747474747474747474747
99999999999999999999999999
29292929292929292929292929
