3036013245
14 10 100
99999999999999999999
99999999999999999999
99999999999999999999
99999999999999999999
99999999999999999999
99999999999999999999
99999999999999999999
99999999999999999999
99999999999999999999
99999999999999999999
99999999999999999999
99999999999999999999
99999999999999999999
99999999999999999999
99999999999999999999
99999999999999999999
99999999999999999999
99999999999999999999
59595959595959595959
99999999999999999999
99999999999999999999
99999999999999999999
99999999999999999999
99999999999999999999
99999999999999999999
99999999999999999999
99999999999999999999
99999999999999999999
99999999999999999999
99999999999999999999
99999999999999999999
99999999999999999999
39393939393939393939
99999999999999999999
99999999999999999999
99999999999999999999
99999999999999999999
99999999999999999999
99999999999999999999
99999999999999999999
99999999999999999999
99999999999999999999
99999999999999999999
99999999999999999999
99999999999999999999
99999999999999999999
49494949494949494949
99999999999999999999
99999999999999999999
99999999999999999999
99999999999999999999
99999999999999999999
99999999999999999999
99999999999999999999
99999999999999999999
99999999999999999999
99999999999999999999
99999999999999999999
99999999999999999999
99999999999999999999
55555555555555555555
99999999999999999999
99999999999999999999
99999999999999999999
99999999999999999999
99999999999999999999
99999999999999999999
99999999999999999999
99999999999999999999
99999999999999999999
99999999999999999999
99999999999999999999
99999999999999999999
99999999999999999999
53535353535353535353
99999999999999999999
99999999999999999999
99999999999999999999
99999999999999999999
99999999999999999999
99999999999999999999
99999999999999999999
99999999999999999999
99999999999999999999
99999999999999999999
99999999999999999999
99999999999999999999
99999999999999999999
54545454545454545454
99999999999999999999
99999999999999999999
99999999999999999999
99999999999999999999
99999999999999999999
99999999999999999999
99999999999999999999
99999999999999999999
99999999999999999999
99999999999999999999
99999999999999999999
99999999999999999999
99999999999999999999
54545454545454545454
99999999999999999999
99999999999999999999
59595959595959595959
99999999999999999999
99999999999999999999
99999999999999999999
99999999999999999999
99999999999999999999
99999999999999999999
99999999999999999999
99999999999999999999
99999999999999999999
99999999999999999999
54545454545454545454
99999999999999999999
99999999999999999999
39393939393939393939
99999999999999999999
99999999999999999999
99999999999999999999
99999999999999999999
99999999999999999999
99999999999999999999
99999999999999999999
99999999999999999999
99999999999999999999
99999999999999999999
54545454545454545454
99999999999999999999
99999999999999999999
49494949494949494949
99999999999999999999
99999999999999999999
99999999999999999999
99999999999999999999
99999999999999999999
99999999999999999999
99999999999999999999
99999999999999999999
99999999999999999999
99999999999999999999
54545454545454545454
99999999999999999999
99999999999999999999
59595959595959595959
99999999999999999999
99999999999999999999
99999999999999999999
99999999999999999999
59595959595959595959
99999999999999999999
99999999999999999999
99999999999999999999
99999999999999999999
99999999999999999999
54545454545454545454
99999999999999999999
99999999999999999999
59595959595959595959
99999999999999999999
99999999999999999999
99999999999999999999
99999999999999999999
39393939393939393939
99999999999999999999
99999999999999999999
99999999999999999999
99999999999999999999
99999999999999999999
54545454545454545454
99999999999999999999
99999999999999999999
59595959595959595959
99999999999999999999
99999999999999999999
99999999999999999999
99999999999999999999
49494949494949494949
99999999999999999999
99999999999999999999
99999999999999999999
99999999999999999999
99999999999999999999
54545454545454545454
99999999999999999999
99999999999999999999
59595959595959595959
99999999999999999999
99999999999999999999
99999999999999999999
59595959595959595959
49494949494949494949
99999999999999999999
99999999999999999999
99999999999999999999
99999999999999999999
99999999999999999999
54545454545454545454
99999999999999999999
99999999999999999999
59595959595959595959
99999999999999999999
99999999999999999999
99999999999999999999
39393939393939393939
49494949494949494949
99999999999999999999
99999999999999999999
99999999999999999999
99999999999999999999
99999999999999999999
54545454545454545454
99999999999999999999
99999999999999999999
59595959595959595959
99999999999999999999
99999999999999999999
99999999999999999999
49494949494949494949
49494949494949494949
99999999999999999999
99999999999999999999
99999999999999999999
99999999999999999999
99999999999999999999
54545454545454545454
99999999999999999999
99999999999999999999
55555555555555555555
99999999999999999999
99999999999999999999
99999999999999999999
49494949494949494949
49494949494949494949
99999999999999999999
99999999999999999999
99999999999999999999
99999999999999999999
99999999999999999999
54545454545454545454
99999999999999999999
99999999999999999999
53535353535353535353
99999999999999999999
99999999999999999999
99999999999999999999
49494949494949494949
49494949494949494949
99999999999999999999
99999999999999999999
99999999999999999999
99999999999999999999
99999999999999999999
54545454545454545454
99999999999999999999
99999999999999999999
54545454545454545454
99999999999999999999
99999999999999999999
99999999999999999999
49494949494949494949
49494949494949494949
99999999999999999999
99999999999999999999
99999999999999999999
99999999999999999999
99999999999999999999
54545454545454545454
99999999999999999999
99999999999999999999
55555555555555555555
99999999999999999999
99999999999999999999
99999999999999999999
49494949494949494949
45454545454545454545
99999999999999999999
99999999999999999999
99999999999999999999
99999999999999999999
99999999999999999999
54545454545454545454
99999999999999999999
99999999999999999999
55555555555555555555
99999999999999999999
99999999999999999999
99999999999999999999
49494949494949494949
43434343434343434343
99999999999999999999
99999999999999999999
99999999999999999999
99999999999999999999
99999999999999999999
54545454545454545454
99999999999999999999
99999999999999999999
55555555555555555555
99999999999999999999
99999999999999999999
99999999999999999999
49494949494949494949
44444444444444444444
99999999999999999999
99999999999999999999
99999999999999999999
99999999999999999999
99999999999999999999
54545454545454545454
99999999999999999999
99999999999999999999
55555555555555555555
99999999999999999999
99999999999999999999
99999999999999999999
45454545454545454545
44444444444444444444
99999999999999999999
99999999999999999999
99999999999999999999
99999999999999999999
99999999999999999999
54545454545454545454
99999999999999999999
99999999999999999999
55555555555555555555
99999999999999999999
99999999999999999999
99999999999999999999
43434343434343434343
44444444444444444444
99999999999999999999
99999999999999999999
99999999999999999999
99999999999999999999
99999999999999999999
54545454545454545454
99999999999999999999
99999999999999999999
55555555555555555555
99999999999999999999
99999999999999999999
99999999999999999999
44444444444444444444
44444444444444444444
99999999999999999999
99999999999999999999
99999999999999999999
99999999999999999999
99999999999999999999
54545454545454545454
99999999999999999999
99999999999999999999
55555555555555555555
99999999999999999999
99999999999999999999
59595959595959595959
45454545454545454545
44444444444444444444
99999999999999999999
99999999999999999999
99999999999999999999
99999999999999999999
99999999999999999999
54545454545454545454
99999999999999999999
99999999999999999999
55555555555555555555
99999999999999999999
99999999999999999999
39393939393939393939
45454545454545454545
44444444444444444444
99999999999999999999
99999999999999999999
99999999999999999999
99999999999999999999
99999999999999999999
54545454545454545454
99999999999999999999
99999999999999999999
55555555555555555555
99999999999999999999
99999999999999999999
49494949494949494949
45454545454545454545
44444444444444444444
99999999999999999999
99999999999999999999
99999999999999999999
99999999999999999999
99999999999999999999
54545454545454545454
99999999999999999999
99999999999999999999
55555555555555555555
99999999999999999999
99999999999999999999
55555555555555555555
45454545454545454545
44444444444444444444
99999999999999999999
99999999999999999999
99999999999999999999
99999999999999999999
99999999999999999999
54545454545454545454
99999999999999999999
99999999999999999999
55555555555555555555
99999999999999999999
99999999999999999999
53535353535353535353
45454545454545454545
44444444444444444444
99999999999999999999
99999999999999999999
99999999999999999999
99999999999999999999
99999999999999999999
54545454545454545454
99999999999999999999
99999999999999999999
55555555555555555555
99999999999999999999
99999999999999999999
54545454545454545454
45454545454545454545
44444444444444444444
99999999999999999999
99999999999999999999
99999999999999999999
99999999999999999999
99999999999999999999
54545454545454545454
99999999999999999999
59595959595959595959
55555555555555555555
99999999999999999999
99999999999999999999
54545454545454545454
45454545454545454545
44444444444444444444
99999999999999999999
99999999999999999999
99999999999999999999
99999999999999999999
99999999999999999999
54545454545454545454
99999999999999999999
79797979797979797979
55555555555555555555
99999999999999999999
99999999999999999999
54545454545454545454
45454545454545454545
44444444444444444444
99999999999999999999
99999999999999999999
99999999999999999999
99999999999999999999
99999999999999999999
54545454545454545454
99999999999999999999
89898989898989898989
55555555555555555555
99999999999999999999
99999999999999999999
54545454545454545454
45454545454545454545
44444444444444444444
99999999999999999999
99999999999999999999
99999999999999999999
99999999999999999999
99999999999999999999
54545454545454545454
99999999999999999999
95959595959595959595
55555555555555555555
99999999999999999999
99999999999999999999
54545454545454545454
45454545454545454545
44444444444444444444
99999999999999999999
99999999999999999999
99999999999999999999
99999999999999999999
99999999999999999999
54545454545454545454
99999999999999999999
93939393939393939393
55555555555555555555
99999999999999999999
99999999999999999999
54545454545454545454
45454545454545454545
44444444444444444444
99999999999999999999
99999999999999999999
99999999999999999999
99999999999999999999
99999999999999999999
54545454545454545454
99999999999999999999
94949494949494949494
55555555555555555555
99999999999999999999
99999999999999999999
54545454545454545454
45454545454545454545
44444444444444444444
99999999999999999999
99999999999999999999
99999999999999999999
59595959595959595959
99999999999999999999
54545454545454545454
99999999999999999999
94949494949494949494
55555555555555555555
99999999999999999999
99999999999999999999
54545454545454545454
45454545454545454545
44444444444444444444
99999999999999999999
99999999999999999999
99999999999999999999
39393939393939393939
99999999999999999999
54545454545454545454
99999999999999999999
94949494949494949494
55555555555555555555
99999999999999999999
99999999999999999999
54545454545454545454
45454545454545454545
44444444444444444444
99999999999999999999
99999999999999999999
99999999999999999999
49494949494949494949
99999999999999999999
54545454545454545454
99999999999999999999
94949494949494949494
55555555555555555555
99999999999999999999
99999999999999999999
54545454545454545454
45454545454545454545
44444444444444444444
99999999999999999999
99999999999999999999
99999999999999999999
49494949494949494949
99999999999999999999
54545454545454545454
59595959595959595959
94949494949494949494
55555555555555555555
99999999999999999999
99999999999999999999
54545454545454545454
45454545454545454545
44444444444444444444
99999999999999999999
99999999999999999999
99999999999999999999
49494949494949494949
99999999999999999999
54545454545454545454
39393939393939393939
94949494949494949494
55555555555555555555
99999999999999999999
99999999999999999999
54545454545454545454
45454545454545454545
44444444444444444444
99999999999999999999
99999999999999999999
99999999999999999999
49494949494949494949
99999999999999999999
54545454545454545454
49494949494949494949
94949494949494949494
55555555555555555555
99999999999999999999
99999999999999999999
54545454545454545454
45454545454545454545
44444444444444444444
99999999999999999999
99999999999999999999
99999999999999999999
45454545454545454545
99999999999999999999
54545454545454545454
59595959595959595959
94949494949494949494
55555555555555555555
99999999999999999999
99999999999999999999
54545454545454545454
45454545454545454545
44444444444444444444
99999999999999999999
99999999999999999999
99999999999999999999
43434343434343434343
99999999999999999999
54545454545454545454
59595959595959595959
94949494949494949494
55555555555555555555
99999999999999999999
99999999999999999999
54545454545454545454
45454545454545454545
44444444444444444444
99999999999999999999
99999999999999999999
99999999999999999999
42424242424242424242
99999999999999999999
54545454545454545454
59595959595959595959
94949494949494949494
55555555555555555555
99999999999999999999
99999999999999999999
54545454545454545454
45454545454545454545
44444444444444444444
99999999999999999999
99999999999999999999
99999999999999999999
42424242424242424242
59595959595959595959
54545454545454545454
59595959595959595959
94949494949494949494
55555555555555555555
99999999999999999999
99999999999999999999
54545454545454545454
45454545454545454545
44444444444444444444
99999999999999999999
99999999999999999999
99999999999999999999
42424242424242424242
79797979797979797979
54545454545454545454
59595959595959595959
94949494949494949494
55555555555555555555
99999999999999999999
99999999999999999999
54545454545454545454
45454545454545454545
44444444444444444444
99999999999999999999
99999999999999999999
99999999999999999999
42424242424242424242
69696969696969696969
54545454545454545454
59595959595959595959
94949494949494949494
55555555555555555555
99999999999999999999
99999999999999999999
54545454545454545454
45454545454545454545
44444444444444444444
99999999999999999999
99999999999999999999
99999999999999999999
42424242424242424242
69696969696969696969
54545454545454545454
55555555555555555555
94949494949494949494
55555555555555555555
99999999999999999999
99999999999999999999
54545454545454545454
45454545454545454545
44444444444444444444
99999999999999999999
99999999999999999999
99999999999999999999
42424242424242424242
69696969696969696969
54545454545454545454
53535353535353535353
94949494949494949494
55555555555555555555
99999999999999999999
99999999999999999999
54545454545454545454
45454545454545454545
44444444444444444444
99999999999999999999
99999999999999999999
99999999999999999999
42424242424242424242
69696969696969696969
54545454545454545454
54545454545454545454
94949494949494949494
55555555555555555555
99999999999999999999
99999999999999999999
54545454545454545454
45454545454545454545
44444444444444444444
99999999999999999999
99999999999999999999
99999999999999999999
42424242424242424242
69696969696969696969
54545454545454545454
54545454545454545454
94949494949494949494
55555555555555555555
99999999999999999999
59595959595959595959
54545454545454545454
45454545454545454545
44444444444444444444
99999999999999999999
99999999999999999999
99999999999999999999
42424242424242424242
69696969696969696969
54545454545454545454
54545454545454545454
94949494949494949494
55555555555555555555
99999999999999999999
79797979797979797979
54545454545454545454
45454545454545454545
44444444444444444444
99999999999999999999
99999999999999999999
99999999999999999999
42424242424242424242
69696969696969696969
54545454545454545454
54545454545454545454
94949494949494949494
55555555555555555555
99999999999999999999
69696969696969696969
54545454545454545454
45454545454545454545
44444444444444444444
99999999999999999999
99999999999999999999
99999999999999999999
42424242424242424242
69696969696969696969
54545454545454545454
54545454545454545454
94949494949494949494
55555555555555555555
99999999999999999999
69696969696969696969
54545454545454545454
45454545454545454545
44444444444444444444
59595959595959595959
99999999999999999999
99999999999999999999
42424242424242424242
69696969696969696969
54545454545454545454
54545454545454545454
94949494949494949494
55555555555555555555
99999999999999999999
69696969696969696969
54545454545454545454
45454545454545454545
44444444444444444444
39393939393939393939
99999999999999999999
99999999999999999999
42424242424242424242
69696969696969696969
54545454545454545454
54545454545454545454
94949494949494949494
55555555555555555555
99999999999999999999
69696969696969696969
54545454545454545454
45454545454545454545
44444444444444444444
49494949494949494949
59595959595959595959
99999999999999999999
42424242424242424242
69696969696969696969
54545454545454545454
54545454545454545454
94949494949494949494
55555555555555555555
99999999999999999999
69696969696969696969
54545454545454545454
45454545454545454545
44444444444444444444
59595959595959595959
39393939393939393939
99999999999999999999
42424242424242424242
69696969696969696969
54545454545454545454
54545454545454545454
94949494949494949494
55555555555555555555
99999999999999999999
69696969696969696969
54545454545454545454
45454545454545454545
44444444444444444444
59595959595959595959
49494949494949494949
99999999999999999999
42424242424242424242
69696969696969696969
54545454545454545454
54545454545454545454
94949494949494949494
55555555555555555555
99999999999999999999
69696969696969696969
54545454545454545454
45454545454545454545
44444444444444444444
59595959595959595959
59595959595959595959
59595959595959595959
42424242424242424242
69696969696969696969
54545454545454545454
54545454545454545454
94949494949494949494
55555555555555555555
99999999999999999999
69696969696969696969
54545454545454545454
45454545454545454545
44444444444444444444
59595959595959595959
59595959595959595959
79797979797979797979
42424242424242424242
69696969696969696969
54545454545454545454
54545454545454545454
94949494949494949494
55555555555555555555
99999999999999999999
69696969696969696969
54545454545454545454
45454545454545454545
44444444444444444444
59595959595959595959
59595959595959595959
69696969696969696969
42424242424242424242
69696969696969696969
54545454545454545454
54545454545454545454
94949494949494949494
55555555555555555555
99999999999999999999
69696969696969696969
54545454545454545454
45454545454545454545
44444444444444444444
59595959595959595959
59595959595959595959
79797979797979797979
42424242424242424242
65656565656565656565
54545454545454545454
54545454545454545454
94949494949494949494
55555555555555555555
99999999999999999999
69696969696969696969
54545454545454545454
45454545454545454545
44444444444444444444
59595959595959595959
59595959595959595959
79797979797979797979
42424242424242424242
63636363636363636363
54545454545454545454
54545454545454545454
94949494949494949494
55555555555555555555
99999999999999999999
69696969696969696969
54545454545454545454
45454545454545454545
44444444444444444444
59595959595959595959
59595959595959595959
79797979797979797979
42424242424242424242
62626262626262626262
54545454545454545454
54545454545454545454
94949494949494949494
55555555555555555555
99999999999999999999
69696969696969696969
54545454545454545454
45454545454545454545
44444444444444444444
59595959595959595959
59595959595959595959
79797979797979797979
42424242424242424242
62626262626262626262
54545454545454545454
54545454545454545454
94949494949494949494
55555555555555555555
99999999999999999999
65656565656565656565
54545454545454545454
45454545454545454545
44444444444444444444
59595959595959595959
59595959595959595959
79797979797979797979
42424242424242424242
62626262626262626262
54545454545454545454
54545454545454545454
94949494949494949494
55555555555555555555
99999999999999999999
63636363636363636363
54545454545454545454
45454545454545454545
44444444444444444444
59595959595959595959
59595959595959595959
79797979797979797979
42424242424242424242
62626262626262626262
54545454545454545454
54545454545454545454
94949494949494949494
55555555555555555555
99999999999999999999
64646464646464646464
54545454545454545454
45454545454545454545
44444444444444444444
59595959595959595959
59595959595959595959
79797979797979797979
42424242424242424242
62626262626262626262
54545454545454545454
54545454545454545454
94949494949494949494
55555555555555555555
99999999999999999999
65656565656565656565
54545454545454545454
45454545454545454545
44444444444444444444
55555555555555555555
59595959595959595959
79797979797979797979
42424242424242424242
62626262626262626262
54545454545454545454
54545454545454545454
94949494949494949494
55555555555555555555
99999999999999999999
65656565656565656565
54545454545454545454
45454545454545454545
44444444444444444444
53535353535353535353
59595959595959595959
79797979797979797979
42424242424242424242
62626262626262626262
54545454545454545454
54545454545454545454
94949494949494949494
55555555555555555555
99999999999999999999
65656565656565656565
54545454545454545454
45454545454545454545
44444444444444444444
54545454545454545454
55555555555555555555
79797979797979797979
42424242424242424242
62626262626262626262
54545454545454545454
54545454545454545454
94949494949494949494
55555555555555555555
99999999999999999999
65656565656565656565
54545454545454545454
45454545454545454545
44444444444444444444
55555555555555555555
53535353535353535353
79797979797979797979
42424242424242424242
62626262626262626262
54545454545454545454
54545454545454545454
94949494949494949494
55555555555555555555
99999999999999999999
65656565656565656565
54545454545454545454
45454545454545454545
44444444444444444444
55555555555555555555
54545454545454545454
79797979797979797979
42424242424242424242
62626262626262626262
54545454545454545454
54545454545454545454
94949494949494949494
55555555555555555555
99999999999999999999
65656565656565656565
54545454545454545454
45454545454545454545
44444444444444444444
55555555555555555555
55555555555555555555
75757575757575757575
42424242424242424242
62626262626262626262
54545454545454545454
54545454545454545454
94949494949494949494
55555555555555555555
99999999999999999999
65656565656565656565
54545454545454545454
45454545454545454545
44444444444444444444
55555555555555555555
55555555555555555555
77777777777777777777
42424242424242424242
62626262626262626262
54545454545454545454
54545454545454545454
94949494949494949494
55555555555555555555
99999999999999999999
65656565656565656565
54545454545454545454
45454545454545454545
44444444444444444444
55555555555555555555
55555555555555555555
76767676767676767676
42424242424242424242
62626262626262626262
54545454545454545454
54545454545454545454
94949494949494949494
55555555555555555555
99999999999999999999
65656565656565656565
54545454545454545454
45454545454545454545
44444444444444444444
55555555555555555555
55555555555555555555
77777777777777777777
42424242424242424242
62626262626262626262
54545454545454545454
54545454545454545454
94949494949494949494
55555555555555555555
59595959595959595959
65656565656565656565
54545454545454545454
45454545454545454545
44444444444444444444
55555555555555555555
55555555555555555555
77777777777777777777
42424242424242424242
62626262626262626262
54545454545454545454
54545454545454545454
94949494949494949494
55555555555555555555
39393939393939393939
65656565656565656565
54545454545454545454
45454545454545454545
44444444444444444444
55555555555555555555
55555555555555555555
77777777777777777777
42424242424242424242
62626262626262626262
54545454545454545454
54545454545454545454
94949494949494949494
55555555555555555555
49494949494949494949
65656565656565656565
54545454545454545454
45454545454545454545
44444444444444444444
55555555555555555555
55555555555555555555
77777777777777777777
42424242424242424242
62626262626262626262
54545454545454545454
54545454545454545454
94949494949494949494
55555555555555555555
45454545454545454545
65656565656565656565
54545454545454545454
45454545454545454545
44444444444444444444
55555555555555555555
55555555555555555555
77777777777777777777
42424242424242424242
62626262626262626262
54545454545454545454
54545454545454545454
94949494949494949494
55555555555555555555
43434343434343434343
65656565656565656565
54545454545454545454
45454545454545454545
44444444444444444444
55555555555555555555
55555555555555555555
77777777777777777777
42424242424242424242
62626262626262626262
54545454545454545454
54545454545454545454
94949494949494949494
55555555555555555555
44444444444444444444
65656565656565656565
54545454545454545454
45454545454545454545
44444444444444444444
55555555555555555555
55555555555555555555
77777777777777777777
42424242424242424242
62626262626262626262
54545454545454545454
54545454545454545454
94949494949494949494
55555555555555555555
44444444444444444444
65656565656565656565
54545454545454545454
45454545454545454545
44444444444444444444
55555555555555555555
53535353535353535353
77777777777777777777
42424242424242424242
62626262626262626262
54545454545454545454
54545454545454545454
94949494949494949494
55555555555555555555
44444444444444444444
65656565656565656565
54545454545454545454
45454545454545454545
44444444444444444444
55555555555555555555
44444444444444444444
77777777777777777777
42424242424242424242
62626262626262626262
54545454545454545454
54545454545454545454
94949494949494949494
55555555555555555555
44444444444444444444
65656565656565656565
54545454545454545454
45454545454545454545
44444444444444444444
55555555555555555555
55555555555555555555
77777777777777777777
42424242424242424242
62626262626262626262
54545454545454541414
54545454545454545454
94949494949494941414
55555555555555555555
44444444444444444444
65656565656565656565
54545454545454545454
45454545454545454545
44444444444444444444
55555555555555555555
55555555555555555555
77777777777777777777
42424242424242424242
62626262626262626262
54545454545454545454
54545454545454545454
84848484848484848484
55555555555555555555
44444444444444444444
65656565656565656565
54545454545454545454
45454545454545454545
44444444444444444444
55555555555555555555
55555555555555555555
77777777777777777777
42424242424242424242
62626262626262626262
44444444444444444444
54545454545454545454
84848484848484848484
55555555555555555555
44444444444444444444
65656565656565656565
54545454545454545454
45454545454545454545
44444444444444444444
55555555555555555555
55555555555555555555
77777777777777777777
42424242424242424242
62626262626262626262
53535353535353535353
54545454545454545454
84848484848484848484
55555555555555555555
44444444444444444444
65656565656565656565
54545454545454545454
45454545454545454545
44444444444444444444
55555555555555555555
55555555555555555555
77777777777777777777
42424242424242424242
62626262626262626262
54545454545454545454
54545454545454545454
84848484848484848484
45454545454545454545
44444444444444444444
65656565656565656565
54545454545454545454
45454545454545454545
44444444444444444444
55555555555555555555
55555555555555555555
77777777777777777777
42424242424242424242
62626262626262626262
54545454545454545454
54545454545454545454
84848484848484848484
54545454545454545454
44444444444444444444
65656565656565656565
54545454545454545454
45454545454545454545
44444444444444444444
55555555555555555555
55555555555555555555
77777777777777777777
42424242424242424242
62626262626262626262
54545454545454545454
54545454545454545454
84848484848484848484
55555555555555555555
44444444444444444444
65656565656565656565
54545454545454545454
35353535353535353535
44444444444444444444
55555555555555555555
55555555555555555555
77777777777777777777
42424242424242424242
62626262626262626262
54545454545454545454
54545454545454545454
84848484848484848484
55555555555555555555
44444444444444444444
65656565656565656565
54545454545454545454
44444444444444444444
44444444444444444444
55555555555555555555
55555555555555555555
77777777777777777777
42424242424242424242
62626262626262626262
54545454545454545454
54545454545454545454
84848484848484848484
55555555555555555555
44444444444444444444
65656565656565656565
44444444444444444444
45454545454545454545
44444444444444444444
55555555555555555555
55555555555555555555
77777777777777777777
42424242424242424242
62626262626262626262
54545454545454545454
54545454545454545454
84848484848484848484
55555555555555555555
44444444444444444444
65656565656565656565
53535353535353535353
45454545454545454545
44444444444444444444
55555555555555555555
55555555555555555555
77777777777777777777
42424242424242424242
62626262626262626262
54545454545454545454
54545454545454545454
84848484848484848484
55555555555555555555
44444444444444444444
65656565656565656565
54545454545454545454
45454545454545454545
34343434343434343434
55555555555555555555
55555555555555555555
77777777777777777777
42424242424242424242
62626262626262626262
54545454545454545454
54545454545454545454
84848484848484848484
55555555555555555555
44444444444444444444
65656565656565656565
54545454545454545454
45454545454545454545
43434343434343434343
55555555555555555555
