3161166330
10 11 300
9999999999999999999999
9999999999999999999999
9999999999999999999999
9999999999999999999999
9999999999999999999999
9999999999999999999999
9999999999999999999999
9999999999999999999999
9999999999999999999999
9999999999999999999999
9999999999999999999999
9999999999999999999999
9999999999999999999999
9999999999999999999999
5959595959595959595959
9999999999999999999999
9999999999999999999999
9999999999999999999999
9999999999999999999999
9999999999999999999999
9999999999999999999999
9999999999999999999999
9999999999999999999999
9999999999999999999999
3939393939393939393939
9999999999999999999999
9999999999999999999999
9999999999999999999999
9999999999999999999999
9999999999999999999999
9999999999999999999999
9999999999999999999999
9999999999999999999999
9999999999999999999999
4949494949494949494949
9999999999999999999999
9999999999999999999999
9999999999999999999999
9999999999999999999999
9999999999999999999999
9999999999999999999999
9999999999999999999999
9999999999999999999999
9999999999999999999999
4949494949494949494949
9999999999999999999999
9999999999999999999999
5959595959595959595959
9999999999999999999999
9999999999999999999999
9999999999999999999999
9999999999999999999999
9999999999999999999999
9999999999999999999999
4949494949494949494949
9999999999999999999999
9999999999999999999999
3939393939393939393939
9999999999999999999999
9999999999999999999999
9999999999999999999999
9999999999999999999999
9999999999999999999999
9999999999999999999999
4949494949494949494949
9999999999999999999999
9999999999999999999999
4949494949494949494949
9999999999999999999999
9999999999999999999999
9999999999999999999999
9999999999999999999999
9999999999999999999999
9999999999999999999999
4545454545454545454545
9999999999999999999999
9999999999999999999999
4949494949494949494949
9999999999999999999999
9999999999999999999999
9999999999999999999999
9999999999999999999999
9999999999999999999999
9999999999999999999999
4343434343434343434343
9999999999999999999999
9999999999999999999999
4949494949494949494949
9999999999999999999999
9999999999999999999999
9999999999999999999999
9999999999999999999999
9999999999999999999999
9999999999999999999999
4444444444444444444444
9999999999999999999999
9999999999999999999999
4949494949494949494949
9999999999999999999999
9999999999999999999999
9999999999999999999999
9999999999999999999999
9999999999999999999999
9999999999999999999999
4545454545454545454545
9999999999999999999999
9999999999999999999999
4545454545454545454545
9999999999999999999999
9999999999999999999999
9999999999999999999999
9999999999999999999999
9999999999999999999999
9999999999999999999999
4545454545454545454545
9999999999999999999999
9999999999999999999999
4343434343434343434343
9999999999999999999999
9999999999999999999999
9999999999999999999999
9999999999999999999999
9999999999999999999999
9999999999999999999999
4545454545454545454545
9999999999999999999999
9999999999999999999999
4444444444444444444444
9999999999999999999999
9999999999999999999999
9999999999999999999999
9999999999999999999999
9999999999999999999999
9999999999999999999999
4545454545454545454545
9999999999999999999999
5959595959595959595959
4444444444444444444444
9999999999999999999999
9999999999999999999999
9999999999999999999999
9999999999999999999999
9999999999999999999999
9999999999999999999999
4545454545454545454545
9999999999999999999999
3939393939393939393939
4444444444444444444444
9999999999999999999999
9999999999999999999999
9999999999999999999999
9999999999999999999999
9999999999999999999999
9999999999999999999999
4545454545454545454545
9999999999999999999999
4949494949494949494949
4444444444444444444444
9999999999999999999999
9999999999999999999999
9999999999999999999999
9999999999999999999999
5959595959595959595959
9999999999999999999999
4545454545454545454545
9999999999999999999999
4949494949494949494949
4444444444444444444444
9999999999999999999999
9999999999999999999999
9999999999999999999999
9999999999999999999999
3939393939393939393939
9999999999999999999999
4545454545454545454545
9999999999999999999999
4949494949494949494949
4444444444444444444444
9999999999999999999999
9999999999999999999999
9999999999999999999999
9999999999999999999999
4949494949494949494949
9999999999999999999999
4545454545454545454545
9999999999999999999999
4949494949494949494949
4444444444444444444444
9999999999999999999999
9999999999999999999999
9999999999999999999999
9999999999999999999999
4949494949494949494949
9999999999999999999999
4545454545454545454545
9999999999999999999999
4949494949494949494949
4444444444444444444444
9999999999999999999999
5959595959595959595959
9999999999999999999999
9999999999999999999999
4949494949494949494949
9999999999999999999999
4545454545454545454545
9999999999999999999999
4949494949494949494949
4444444444444444444444
9999999999999999999999
3939393939393939393939
9999999999999999999999
9999999999999999999999
4949494949494949494949
9999999999999999999999
4545454545454545454545
9999999999999999999999
4949494949494949494949
4444444444444444444444
9999999999999999999999
2929292929292929292929
5959595959595959595959
9999999999999999999999
4949494949494949494949
9999999999999999999999
4545454545454545454545
9999999999999999999999
4949494949494949494949
4444444444444444444444
9999999999999999999999
3939393939393939393939
3939393939393939393939
9999999999999999999999
4949494949494949494949
9999999999999999999999
4545454545454545454545
9999999999999999999999
4949494949494949494949
4444444444444444444444
9999999999999999999999
3939393939393939393939
4949494949494949494949
9999999999999999999999
4949494949494949494949
9999999999999999999999
4545454545454545454545
9999999999999999999999
4949494949494949494949
4444444444444444444444
9999999999999999999999
3939393939393939393939
4949494949494949494949
9999999999999999999999
4949494949494949494949
9999999999999999999999
4545454545454545454545
9999999999999999999999
4545454545454545454545
4444444444444444444444
9999999999999999999999
3939393939393939393939
4949494949494949494949
9999999999999999999999
4949494949494949494949
9999999999999999999999
4545454545454545454545
9999999999999999999999
4747474747474747474747
4444444444444444444444
9999999999999999999999
3939393939393939393939
4949494949494949494949
9999999999999999999999
4949494949494949494949
9999999999999999999999
4545454545454545454545
9999999999999999999999
4646464646464646464646
4444444444444444444444
9999999999999999999999
3939393939393939393939
4949494949494949494949
9999999999999999999999
4545454545454545454545
9999999999999999999999
4545454545454545454545
9999999999999999999999
4747474747474747474747
4444444444444444444444
9999999999999999999999
3939393939393939393939
4949494949494949494949
9999999999999999999999
4343434343434343434343
9999999999999999999999
4545454545454545454545
9999999999999999999999
4747474747474747474747
4444444444444444444444
9999999999999999999999
3939393939393939393939
4949494949494949494949
9999999999999999999999
4444444444444444444444
9999999999999999999999
4545454545454545454545
9999999999999999999999
4747474747474747474747
4444444444444444444444
9999999999999999999999
3939393939393939393939
4949494949494949494949
9999999999999999999999
4444444444444444444444
9999999999999999999999
4545454545454545454545
9999999999999999999999
4747474747474747474747
4444444444444444444444
9999999999999999999999
3535353535353535353535
4949494949494949494949
9999999999999999999999
4444444444444444444444
9999999999999999999999
4545454545454545454545
9999999999999999999999
4747474747474747474747
4444444444444444444444
9999999999999999999999
3737373737373737373737
4949494949494949494949
9999999999999999999999
4444444444444444444444
9999999999999999999999
4545454545454545454545
9999999999999999999999
4747474747474747474747
4444444444444444444444
9999999999999999999999
3636363636363636363636
4545454545454545454545
9999999999999999999999
4444444444444444444444
9999999999999999999999
4545454545454545454545
9999999999999999999999
4747474747474747474747
4444444444444444444444
9999999999999999999999
3737373737373737373737
4343434343434343434343
9999999999999999999999
4444444444444444444444
9999999999999999999999
4545454545454545454545
9999999999999999999999
4747474747474747474747
4444444444444444444444
9999999999999999999999
3737373737373737373737
4444444444444444444444
9999999999999999999999
4444444444444444444444
9999999999999999999999
4545454545454545454545
9999999999999999999999
4747474747474747474747
4444444444444444444444
9999999999999999999999
3737373737373737373737
4444444444444444444444
5959595959595959595959
4444444444444444444444
9999999999999999999999
4545454545454545454545
9999999999999999999999
4747474747474747474747
4444444444444444444444
9999999999999999999999
3737373737373737373737
4444444444444444444444
7979797979797979797979
4444444444444444444444
9999999999999999999999
4545454545454545454545
9999999999999999999999
4747474747474747474747
4444444444444444444444
9999999999999999999999
3737373737373737373737
4444444444444444444444
6969696969696969696969
4444444444444444444444
9999999999999999999999
4545454545454545454545
9999999999999999999999
4747474747474747474747
4444444444444444444444
9999999999999999999999
3737373737373737373737
4444444444444444444444
6969696969696969696969
4444444444444444444444
9999999999999999999999
4545454545454545454545
9999999999999999999999
4747474747474747474747
4444444444444444444444
5959595959595959595959
3737373737373737373737
4444444444444444444444
6969696969696969696969
4444444444444444444444
9999999999999999999999
4545454545454545454545
9999999999999999999999
4747474747474747474747
4444444444444444444444
3939393939393939393939
3737373737373737373737
4444444444444444444444
6969696969696969696969
4444444444444444444444
9999999999999999999999
4545454545454545454545
9999999999999999999999
4747474747474747474747
4444444444444444444444
4949494949494949494949
3737373737373737373737
4444444444444444444444
6969696969696969696969
4444444444444444444444
5959595959595959595959
4545454545454545454545
9999999999999999999999
4747474747474747474747
4444444444444444444444
5959595959595959595959
3737373737373737373737
4444444444444444444444
6969696969696969696969
4444444444444444444444
3939393939393939393939
4545454545454545454545
9999999999999999999999
4747474747474747474747
4444444444444444444444
5959595959595959595959
3737373737373737373737
4444444444444444444444
6969696969696969696969
4444444444444444444444
4949494949494949494949
4545454545454545454545
9999999999999999999999
4747474747474747474747
4444444444444444444444
5959595959595959595959
3737373737373737373737
4444444444444444444444
6565656565656565656565
4444444444444444444444
5959595959595959595959
4545454545454545454545
9999999999999999999999
4747474747474747474747
4444444444444444444444
5959595959595959595959
3737373737373737373737
4444444444444444444444
6363636363636363636363
4444444444444444444444
5959595959595959595959
4545454545454545454545
9999999999999999999999
4747474747474747474747
4444444444444444444444
5959595959595959595959
3737373737373737373737
4444444444444444444444
6262626262626262626262
4444444444444444444444
5959595959595959595959
4545454545454545454545
9999999999999999999999
4747474747474747474747
4444444444444444444444
5959595959595959595959
3737373737373737373737
4444444444444444444444
6262626262626262626262
4444444444444444444444
5959595959595959595959
4545454545454545454545
9999999999999999999999
4747474747474747474747
4444444444444444444444
5555555555555555555555
3737373737373737373737
4444444444444444444444
6262626262626262626262
4444444444444444444444
5959595959595959595959
4545454545454545454545
9999999999999999999999
4747474747474747474747
4444444444444444444444
5353535353535353535353
3737373737373737373737
4444444444444444444444
6262626262626262626262
4444444444444444444444
5959595959595959595959
4545454545454545454545
9999999999999999999999
4747474747474747474747
4444444444444444444444
5454545454545454545454
3737373737373737373737
4444444444444444444444
6262626262626262626262
4444444444444444444444
5555555555555555555555
4545454545454545454545
9999999999999999999999
4747474747474747474747
4444444444444444444444
5454545454545454545454
3737373737373737373737
4444444444444444444444
6262626262626262626262
4444444444444444444444
5353535353535353535353
4545454545454545454545
9999999999999999999999
4747474747474747474747
4444444444444444444444
5454545454545454545454
3737373737373737373737
4444444444444444444444
6262626262626262626262
4444444444444444444444
5454545454545454545454
4545454545454545454545
9999999999999999999999
4747474747474747474747
4444444444444444444444
5454545454545454545454
3737373737373737373737
4444444444444444444444
6262626262626262626262
4444444444444444444444
5454545454545454545454
4545454545454545454545
5959595959595959595959
4747474747474747474747
4444444444444444444444
5454545454545454545454
3737373737373737373737
4444444444444444444444
6262626262626262626262
4444444444444444444444
5454545454545454545454
4545454545454545454545
3939393939393939393939
4747474747474747474747
4444444444444444444444
5454545454545454545454
3737373737373737373737
4444444444444444444444
6262626262626262626262
4444444444444444444444
5454545454545454545454
4545454545454545454545
4949494949494949494949
4747474747474747474747
4444444444444444444444
5454545454545454545454
3737373737373737373737
4444444444444444444444
6262626262626262626262
4444444444444444444444
5454545454545454545454
4545454545454545454545
5555555555555555555555
4747474747474747474747
4444444444444444444444
5454545454545454545454
3737373737373737373737
4444444444444444444444
6262626262626262626262
4444444444444444444444
5454545454545454545454
4545454545454545454545
5353535353535353535353
4747474747474747474747
4444444444444444444444
5454545454545454545454
3737373737373737373737
4444444444444444444444
6262626262626262626262
4444444444444444444444
5454545454545454545454
4545454545454545454545
5252525252525252525252
4747474747474747474747
4444444444444444444444
5454545454545454545454
3737373737373737373737
4545454545454545454545
6262626262626262626262
4444444444444444444444
5454545454545454545454
4545454545454545454545
5353535353535353535353
4747474747474747474747
4444444444444444444444
5454545454545454545454
3737373737373737373737
4343434343434343434343
6262626262626262626262
4444444444444444444444
5454545454545454545454
4545454545454545454545
5353535353535353535353
4747474747474747474747
4444444444444444444444
5454545454545454545454
3737373737373737373737
4444444444444444444444
6262626262626262626262
4444444444444444444444
5454545454545454545454
4545454545454545454545
5353535353535353535353
4747474747474747474747
4444444444444444444444
5454545454545454545454
3737373737373737373737
4444444444441414141414
6262626262121212121212
4444444444444444444444
5454545454545414141414
4545454545454545451111
5353535353535353535353
4747474747474747474741
4444444444444444444444
5454545454545454545454
3737373737373737373737
4444444444444444444444
6262626262626262626262
4444444444444444444444
5454545454545454545454
4545454545454545454545
5353535353535353535353
3737373737373737373737
4444444444444444444444
5454545454545454545454
3737373737373737373737
4444444444444444444444
6262626262626262626262
4444444444444444444444
5454545454545454545454
4545454545454545454545
5353535353535353535353
4646464646464646464646
4444444444444444444444
5454545454545454545454
3737373737373737373737
4444444444444444444444
6262626262626262626262
4444444444444444444444
5454545454545454545454
3535353535353535353535
5353535353535353535353
4747474747474747474747
4444444444444444444444
5454545454545454545454
3737373737373737373737
4444444444444444444444
6262626262626262626262
4444444444444444444444
5454545454545454545454
4444444444444444444444
5353535353535353535353
4747474747474747474747
4444444444444444444444
5454545454545454545454
3737373737373737373737
4444444444444444444444
6262626262626262626262
4444444444444444444444
5454545454545454545454
4545454545454545454545
5353535353535353535353
4747474747474747474747
4444444444444444444444
5454545454545454545454
2727272727272727272727
4444444444444444444444
6262626262626262626262
4444444444444444444444
5454545454545454545454
4545454545454545454545
5353535353535353535353
4747474747474747474747
4444444444444444444444
5454545454545454545454
3636363636363636363636
4444444444444444444444
6262626262626262626262
4444444444444444444444
5454545454545454545454
4545454545454545454545
5353535353535353535353
4747474747474747474747
3434343434343434343434
5454545454545454545454
3737373737373737373737
4444444444444444444444
6262626262626262626262
4444444444444444444444
5454545454545454545454
4545454545454545454545
5353535353535353535353
4747474747474747474747
4343434343434343434343
5454545454545454545454
3737373737373737373737
4444444444444444444444
5252525252525252525252
4444444444444444444444
5454545454545454545454
4545454545454545454545
5353535353535353535353
4747474747474747474747
4444444444444444444444
5454545454545454545454
3737373737373737373737
4444444444444444444444
6161616161616161616161
4444444444444444444444
5454545454545454545454
4545454545454545454545
5353535353535353535353
4747474747474747474747
4444444444444444444444
5454545454545454545454
3737373737373737373737
3434343434343434343434
6161616161616161616161
4444444444444444444444
5454545454545454545454
4545454545454545454545
5353535353535353535353
4747474747474747474747
4444444444444444444444
5454545454545454545454
3737373737373737373737
4343434343434343434343
6161616161616161616161
4444444444444444444444
5454545454545454545454
4545454545454545454545
5353535353535353535353
4747474747474747474747
4444444444444444444444
5454545454545454545454
3737373737373737373737
4444444444444444444444
6161616161616161616161
4444444444444444444444
4444444444444444444444
4545454545454545454545
5353535353535353535353
4747474747474747474747
4444444444444444444444
5454545454545454545454
3737373737373737373737
4444444444444444444444
6161616161616161616161
4444444444444444444444
5353535353535353535353
4545454545454545454545
5353535353535353535353
4747474747474747474747
4444444444444444444444
5454545454545454545454
3737373737373737373737
4444444444444444444444
6161616161616161616161
3434343434343434343434
5454545454545454545454
4545454545454545454545
5353535353535353535353
4747474747474747474747
4444444444444444444444
5454545454545454545454
3737373737373737373737
4444444444444444444444
6161616161616161616161
4343434343434343434343
5454545454545454545454
4545454545454545454545
5353535353535353535353
4747474747474747474747
4444444444444444444444
5454545454545454545454
3737373737373737373737
4444444444444444444444
6161616161616161616161
4444444444444444444444
5454545454545454545454
4545454545454545454545
5353535353535353535353
4747474747474747474747
4444444444444444444444
4444444444444444444444
3737373737373737373737
4444444444444444444444
6161616161616161616161
4444444444444444444444
5454545454545454545454
4545454545454545454545
5353535353535353535353
4747474747474747474747
4444444444444444444444
5353535353535353535353
3737373737373737373737
4444444444444444444444
6161616161616161616161
4444444444444444444444
5454545454545454545454
4545454545454545454545
4343434343434343434343
4747474747474747474747
4444444444444444444444
5454545454545454545454
3737373737373737373737
4444444444444444444444
6161616161616161616161
4444444444444444444444
5454545454545454545454
4545454545454545454545
5252525252525252525252
4747474747474747474747
4444444444444444444444
5454545454545454545454
3737373737373737373737
4444444444441414141414
6161616161611111111111
4444444444441414141414
5454545454545414141414
4545454545454545451111
5353535353535353535353
4747474747474747474741
4444444444444444444444
5454545454545454545454
3737373737373737373737
4444444444444444444444
6969696969696969696969
4444444444444444444444
5959595959595959595959
4545454545454545454545
9999999999999999999999
4848484848484848484848
4444444444444444444444
5959595959595959595959
3737373737373737373737
4444444444444444444444
6161616161616161616161
4141414141414141414141
5353535353535353535353
4545454545454545454545
5353535353535353535353
4747474747474747474747
4444444444444444444444
5454545454545454545454
3737373737373737373737
4444444444444444444444
1212121212121212121212
4444444444444444444444
5454545454545454545454
4545454545454545454545
5555555555555555555555
4747474747474747474747
4444444444444444444444
5454545454545454545252
3737373737373737373737
4444444444444444444444
6262626262626262626262
4444444444444444444444
5959595959595959595959
4545454545454545454545
5959595959595959595959
4747474747474747474747
4444444444444444444444
5555555555555555555555
3737373737373737373737
4444444444444444444444
6262626262626262626262
4444444444444444444444
5454545454545454545454
4545454545454545454545
9999999999999999999999
4747474747474747474747
4242424242424242424242
5454545454545454545454
3737373737373737373737
4444444444444444444444
6363636363636363636363
4444444444444444444444
5959595959595959595959
4545454545454545454545
9999999999999999999999
4747474747474747474747
4444444444444444444444
8989898989898989898989
3737373737373737373737
4444444444444444444444
6363636363636363636363
4444444444444444444444
5959595959595959595959
4545454545454545454545
9999999999999999999999
4747474747474747474747
8484848484848484848484
5959595959595959595959
3737373737373737373737
4444444444444444444444
6565656565656565656565
4444444444444444444444
5959595959595959595959
4545454545454545454545
9999999999999999999999
4747474747474747474747
4444444444444444444444
9999999999999999999999
3737373737373737373737
4444444444444444434343
6262626262626262626262
4444444444444444444444
5454545454545454545454
4545454545454545454545
5555555555555555555555
4747474747474747474747
4444444444444444444444
5454545454545454545454
3636363636363636363636
9999999999999999999999
9999999999999999999999
4949494949494949494949
9999999999999999999999
4545454545454545454545
9999999999999999999999
4949494949494949494949
4848484848484848484848
9999999999999999999999
5959595959595959595959
4545454545454545454545
6262626262626262626262
4444444444444444444444
5454545454545454545454
4545454545454545454545
5353535353535353535353
4747474747474747474747
4444444444444444444444
7474747474747474747474
3737373737373737373737
7474747474747474747474
6262626262626262626262
4444444444444444444444
5555555555555555555555
4545454545454545454545
9999999999999999999999
4747474747474747474747
4444444444444444444444
5454545454545454545454
3737373737373737373737
4949494949494949494949
9999999999999999999999
4444444444444444444444
9999999999999999999999
4545454545454545454545
9999999999999999999999
4747474747474747474747
4444444444444444444444
9999999999999959595959
3737373737373737373737
4444444444444444444444
9292929292929292929292
4444444444444444444444
5454545454545454545454
4545454545454545454545
5959595959595959595959
4747474747474747474747
4444444444444444444444
5454545454545454545454
3737373737373737373737
4444444444444444444444
6363636363636363636363
4444444444444444444444
5454545454545458585858
4545454545454545454545
9999999999999999999999
4747474747474747474747
4444444444444444444444
5959595959595959595959
3737373737373737373737
4545454545454545454545
8989898989898989888888
4444444444444444444444
9999999999999999999999
4545454545454545454545
9999999999999999999999
4747474747474747474747
4444444444444444444444
9999999999999999999999
3737373737373737373737
4444444444444444444444
6969696969696969696969
4444444444444444444444
5959595959595959595959
4545454545454545454545
9999999999999999999999
9898989898989898989898
4444444444444444444444
5959595959595959595959
3737373737373737373737
4444444444444444444444
6262626262626262626262
4444444444444444444444
5454545454545454545454
4545454545454545454545
5959595959595959595959
6767676767676767676767
4444444444444444444444
5454545454545454545454
3737373737171717171717
4444444444444444444444
9999999999999999999999
4444444444444444444444
9999999999999999999999
4545454545454545454545
9999999999999999999999
4747474747474747474747
4444444444444444444444
9999999999999999999999
6767676767676767676767
9999999999999999999999
9595959595959595959595
4949494949494949494949
9999999999999999999999
4545454545454545454545
9999999999999999999999
4949494949494949494949
4444444444444444444444
9999999999999999999999
5959595959595959595959
7474747474747474747474
9292929292929292929292
4444444444444444444444
5454545454545454545454
4545454545454545454545
5959595959595959595959
4747474747474747474747
4444444444444444444444
5454545454545454545454
3737373737373737373737
4444444444444444444444
6262626262626262626262
4444444444444444444444
5454545454545454545454
4545454545454545454545
5555555555555555555555
4747474747474747474747
4444444444444444444444
5151515151515151515151
3737373737373737373737
4444444444444444444444
6969696969696969696969
6464646464646464646464
5959595959595959595959
4545454545454545454545
9999999999999999999999
4747474745454545454545
4444444444444444444444
5959595959595959595959
3737373737373737373737
4444444444444444444444
9292929292929292929292
4444444444444444444444
5454545454545454545454
4545454545454545454545
5959595959595959595959
8787878787878787878787
4444444444444444444444
5454545454545454545454
3737373737373737373737
4545454545454545454545
8989898989898989898989
4444444444444444444444
9999999999999999999999
4545454545454545454545
9999999999999999999999
4747474747474747474747
4444444444444444444444
9999999999999999999999
3737373737373737373737
4444444444442424242424
9999999999999999999999
4444444444444444444444
5959595959595959595959
4545454545454545454545
9999999999999999999999
4747474747474747474747
4444444444444444444444
9999999999999999999999
6767676767676767676767
9999999999999999999979
9999999999999999999999
4949494949494949494949
9999999999999999999999
4545454545454545454545
9999999999999999999999
4949494949494949494949
4848484848484848484848
9999999999999999999999
5252525252525252525252
4444444444444444444444
6161616161616161616161
4444444444444444444444
5959595959595959595959
4545454545454545454545
9999999999999999999999
4747474747474747474747
4444444444444444444444
5959595939393939393939
3737373737373737373737
7474747474747474747474
6262626262626262626262
4444444444444444444444
5555555555555555555555
4545454545454545454545
9999999999999999999999
4747474747474747474747
4444444444444444444444
5353535353535353535353
3737373737373737373737
4444444444444444444444
6565656565656565656535
4444444444444444444444
5959595959595959595959
4646464646464646464646
9999999999999999999999
4747474747474747474747
4444444444444444444444
5959595959595959595959
3737373737373737373737
4444444444444444444444
6363636363636363636363
4444444444444444444444
5454545454545458585858
4545454545454545454545
9999999999999999999999
4747373737373737373737
4444444444444444444444
5959595959595959595959
3434343434343434343434
4545454545454545454545
8989898989898989898989
4444444444444444444444
9494949494949494949494
4545454545454545454545
9999999999999999999999
4747474747474747474747
4444444444444444444444
9999999999999999999999
3737373737373737373737
4444444444444444444444
9292929292929292929191
4444444444444444444444
5959595959595959595959
4545454545454545454545
9999999999999999999999
4747474747474747474747
4444444444444444444444
5454545454545454545454
3737373737373737373737
4444444444444444444444
6363636363636363636363
4444444444444444444444
5454545454545458585858
4545454545454545454545
9999999999999999999999
4545454545454545452525
4444444444444444444444
5959595959595959595959
3737373737373737373737
4444444444444444444444
6262626262626262626262
4444444444444444444444
5454545454545454545454
4444444444444444444444
5353535353535353535353
4747474747474747474747
4545454545454545454545
5454545454545454545454
3737373737373737373737
4444444444444444444444
6262626262626262626262
4444444444444444444444
8484848484848484848484
4444444444444444444444
5353535353535353535353
4747474747474747474747
4444444444444444444444
5454545454545454545454
3737373737343434343434
1414141414141414141414
6161616161616161616161
4444444444444444444444
5353535353535353535353
4545454545454545454545
5353535353535353535353
4747474747474747474747
4444444444444444444444
5454545454545454545454
3737373737373737373737
9999999999999999999999
9999999999999999999999
9999999999999999999999
9999999999999999999999
4545454545454545454545
9797979797979797979797
9999999999999999999999
4545454545454545454545
9999999999999999999999
9999999999999999999999
9999999999999999999999
9999999999999999999999
9999999999999999999999
7979797979797979797979
4545454545454545454545
9999999999999999999999
4949494949494949494949
4444444444444444444444
9999999999999999999999
9999999999999999999999
4444444444444444444444
6262626262626262626262
4444444444444444444444
5454545454545454545454
4545454545454545454545
7979797979797979797979
4747474747474747474747
4444444444444444444444
5454545454545454545454
3737373737373737373737
4949494949494944444444
6262626262626262626262
4444444444444444444444
5454545454545454545454
4545454545454545454545
5353535353535353535353
4747474747474747474747
4444444444444444444444
5454545454545454545454
3737373737373737373737
6464646464646464646464
6262626262626262626262
4444444444444444444444
5959595959595959595959
4545454545454545454545
5959595959595959595959
4747474747474747474747
4444444444444444444444
5555555555555555555555
3737373737373737373737
9999999999999999999999
9999999999999999999999
9999999999999999999999
9999999999999999999999
9595959595959595959595
9999999999999999999999
5959595959595959595959
4444444444444444444444
9999999999999999999999
9999999999999999999999
4444444444444444444444
6262626262626262626262
4444444444444444444444
5454545454545454545454
4545454545454545454545
9999999999999999999999
4747474747474747474747
7474747474747474747474
5454545454545454545454
3737373737373737373737
4444444444444444444444
6969696969696969696969
6464646464646464646464
5959595939393939393939
4545454545454545454545
9494949494949494949494
4747474745454545454545
4444444444444444444444
5959595959595959595959
3737373737373737373737
4949494949494949494949
9999999999999999999999
4444444444444444444444
9999999999999999999999
8585858585858585858585
9999999999999999999999
4747474747474747474747
4444444444444444444444
9999999999999999999999
3737373737373737373737
4444444444444444444444
6262626262626262626262
4444444444444444444444
5555555555555555555555
4545454545454545454545
9999999999999999999999
8787878787878787878787
4444444444444444444444
5454545454545454545454
3737373737373737373737
4545454545454545454545
5959595959595959595959
4444444444444444444444
9999999999999999999999
4545454545454545454545
9999999999999999999999
4747474747474747474747
4444444444444444444444
9999999999999999999999
3737373737373737373737
4545454545454545454545
8989898989898989898989
4444444444444444444444
9494949494949494949494
4545454545454545454545
9999999999999999999999
4747474747474747474747
5454545454545454545454
9999999999999999999999
3737373737373737373737
4747474747474747474747
8989898989898989888888
4444444444444444444444
9999999999999999999999
4545454545454545454545
9999999999999999999999
4747474747474747474747
4444444444444444444444
9999999999999999999999
3737373737373737373737
9999999999999999999999
9999999999999999999999
4949494949494949494949
9999999999999999999999
4545454545454545454545
9999999999999999999999
4949494949494949494949
5454545454545454545454
9999999999999999999999
5959595959595959595959
4444444444444444444444
9999999999999999999999
4444444444444444444444
5959595959595959595959
4545454545454545454545
9999999999999999999999
4747474747474747474747
4444444444444444444444
9999999999999999999999
6767676767676767676767
4444444444444444444444
6969696969696969696969
6464646464646464646464
5959595959595959595959
4545454545454545454545
9494949494949494949494
4747474745454545454545
4444444444444444444444
5959595959595959595959
3838383838383838383838
1414141414141414141414
6262626262626262626262
4444444444444444444444
5454545454545454545454
4444444444444444444444
5353535353535353535353
4747474747474747474747
4545454545454545454545
5454545454545454545454
3737373737373737373737
4444444444444444444444
6363636363535353535353
4444444444444444444444
5454545454545458585858
4545454545454545454545
9999999999999999999999
4747474747474747474747
4444444444444444444444
5959595959595959595959
3737373737373737373737
4444444444444444444444
6262626262626262626262
4444444444444444444444
5454545454545454545454
4545454545454545454545
5555555555555555555555
4545454545454545454545
4444444444444444444444
5454545454545454545454
3737373737373737373737
4949494949494944444448
6262626262626262626262
4444444444444444444444
5454545454545454545454
4242424242424242424242
5353535353535353535353
4747474747474747474747
4444444444444444444444
5454545454545454545454
3737373737373737373737
4444444444444444444444
6262626262626262626262
4444444444444444444444
5454545454545454545454
4444444444444444444444
5353535353535353535353
4747474747474747474747
4545454545454545454545
5656565656565656565656
3737373737373737373737
4444444444444444444444
7979797979797979797979
5454545454545454545454
9999999999999999999999
4545454545454545454545
9999999999999999999999
4747474747474747474747
4444444444444444444444
9999999999999999999999
3737373737373737373737
4444444444444444444444
6969696969696969696969
4444444444444444444444
9999999999999999999999
4545454545454545454545
9999999999999999999999
4747474747474747474747
5454545454545454545454
5959595959595959595959
3737373737373737373737
9999999999999999999999
9999999999997979797979
4949494949494949494949
9999999999999999999999
4545454545454545454545
9999999999999999999999
4343434343434343434343
4444444444444444444444
9999999999999999999999
5959595959595959595959
4949494949494949494949
9999999999999999999999
4545454545454545454545
9999999999999999999999
4545454545454545454545
7979797979797979797979
4747474747474747474747
4444444444444444444444
9999999999999999999999
3939393939393939393939
4444444444444444444444
7979797979797979797979
4444444444444444444444
9999999999999999999999
4545454545454545454545
9999999999999999999999
4747474747474747474747
4545454545454545454545
9999999999999999999999
3737373737373737373737
9999999999999999999999
9999999999999999999999
9999999999995959595959
9999999999999999999999
4545454545454545454545
9999999999999999999999
9999999999999999999999
4545454545454545454545
9999999999999999999999
9999999999999999999999
4949494949494949494949
9999999999999999999999
4444444444444444444444
6969696969696969696969
4545454545454545454545
9999999999999999999999
4747474747474747474747
4444444444444444444444
9999999999999999999999
3939393636363636363636
4444444444444444444444
6262626262626262626262
4444444444444444444444
5454545454545454545454
4545454545454545454545
5656565656565656565656
4747474747474747474747
4444444444444444444444
5454545454545454545454
3737373737373737373737
4949494949494944444444
6262626262626262626262
4444444444444444444444
5454545454545454545454
4747474747474747474747
5353535353535353535353
4747474747474747474747
4444444444444444444444
5454545454545454545454
3737373737373737373737
4444444444444444444444
6262626262626262626262
9494949494949494949494
5454545454545454545454
4545454545454545454545
5555555555555555555555
4747474747474747474747
4444444444444444444444
5454545454545454545454
3737373737373737373737
4747474747474747474747
8989898989898989898989
4444444444444444444444
9999999999999999999999
4545454545454545454545
9999999999999999999999
9797979797979797979797
4444444444444444444444
9999999999999999999999
3737373737373737373737
4444444444444444444444
8989898989898989898989
6464646464646464646464
5959595959595959595959
4545454545454545454545
9999999999999999999999
4747474745454545454545
4444444444444444444444
5959595959595959595959
3737373737373737373737
4444444444444444444444
6969696969696969696969
6464646464646464646464
5151515151515151515151
4545454545454545454545
9999999999999999999999
4747474747474747474747
4444444444444444444444
5959595959595959595959
3737373737373737373737
4444444444444444444444
9292929292929292929292
4444444444444444444444
5454545454545454545454
9595959595959595959595
5959595959595959595959
8787878787878787878787
4444444444444444444444
5454545454545454545454
3737373737373737373737
4444444444444444444444
9292929292929292929292
4444444444444444444444
5454545454545454545454
4545454545454545454545
5959595959595959595959
8787878787878787878787
4545454545454545454545
5454545454545454545454
3737373737373737373737
4949494949494949494949
9999999999999999999999
4545454545454545454545
9999999999999999999999
4545454545454545454545
7979797979797979797979
4747474747474747474747
4646464646464646464646
9999999999999999999999
3939393939393939393939
9999999999999999999999
9999999999999999999999
4949494949494949494949
9999999999999999999999
4545454545454545454545
9999999999999999999999
4949494949494949494949
4444444444444444444444
9999999999999999999999
6969696969696969696969
4444444444444444444444
9292929292929292929292
5454545454545454545454
5454545454545454545454
4545454545454545454545
5959595959595959595959
4747474747474747474747
4444444444444444444444
5454545454545454545454
3737373737373737373737
4444444444444444444444
6565656565656565656565
4444444444444444444444
5959595959595959595959
4545454545454545454545
7979797979797979797979
4747474747474747474747
4444444444444444444444
9999999999999999999999
3737373737373737373737
4444444444444444444444
6969696969696969696969
6464646464646464646464
5959595959595959595959
6565656565656565656565
9494949494949494949494
4747474747474747474747
4444444444444444444444
5959595959595959595959
3838383838383838383838
4444444444444444444444
6161616161616161616161
4444444444444444444444
5959595959595959595959
4242424242424242424242
9999999999999999999999
4747474747474747474747
4444444444444444444444
5959595939393939393939
3737373737373737373737
9999999999999999999999
9595959595959595959595
2929292927272727272727
9999999999999999999999
4545454545454545454545
9999999999999999999999
4949494949494949494949
4444444444444444444444
9999999999999999999999
5959595959595959595959
9999999999999999999979
9999999999999999999999
4949494949494949494949
9999999999999999999999
4545454545454545454545
9999999999999999999999
4949494949494946464646
4848484848484848484848
9999999999999999999999
4242424242424242424242
4949494949494949494949
9999999999999999999999
7575757575757575757575
9999999999999999999999
4545454545454545454545
7979797979797979797979
4747474747474747474747
4646464646464646464646
9999999999999999999999
3939393939393939393939
4444444444444444444444
3232323232323232323232
4444444444444444444444
5454545454545454545454
4545454545454545454545
5555555555555555555555
4747474747474747474747
4444444444444444444444
5454545454545454545454
3737373737373737373737
4949494949494949494949
9999999999999999999999
6464646464646464646464
9999999999999999999999
4545454545454545454545
9999999999999999999999
4747474747474747474747
4444444444444444444444
9999999999999999999999
3737373737373737373737
9999999999999999999999
9999999999999999999999
4949494949494949494949
9999999999999999999999
4545454545454545454545
7979797979797979797979
4949494949494949494949
4444444444444444444444
9999999999999999999999
5959595959595959595959
6464646464646464646464
6262626262626262626262
4646464646464646464646
5959595959595959595959
4545454545454545454545
5959595959595959595959
4747474747474747474747
4444444444444444444444
5555555555555555555555
3737373737373737373737
4444444444444444444444
9999999999999999999999
4444444444444444444444
5959595959595959595959
4545454545454545454545
9999999999999999999999
4848484848484848484848
4444444444444444444444
5959595959595959595959
3737373737373737373737
4949494949494949494949
9999999999999999999999
4545454545454545454545
9696969696969696969696
4545454545454545454545
7979797979797979797979
4747474747474747474747
4444444444444444444444
9999999999999999999999
3939393939393939393939
4444444444444444444444
6262626262626262626262
3434343434343434343434
5454545454545454545454
4545454545454545454545
5656565656565656565656
4747474747474747471717
4444444444444444444444
5454545454545454545454
3737373737373737373737
4444444444444444444444
6969696969696969696969
4444444444444444444444
5454545454545454545454
4545454545454545454545
9999999999999999999999
4747474747474747474747
7474747474747474747474
5454545454545454545454
3737373737373737373737
4949494949494944444444
6262626262626262626262
4444444444444444444444
5454545454545454545454
4545454545454545454545
5858585858585858585858
4747474747474747474747
4444444444444444444444
5454545454545454545454
3737373737373737373737
4444444444444444444444
7979797979797979797979
4444444444444444444444
9999999999999999999999
4545454545454545454545
9999999999999999999999
3737373737373737373737
4444444444444444444444
9999999999999999999999
3737373737373737373737
4141414141414141414141
6969696969696969696969
4444444444444444444444
9999999999999999999999
4545454545454545454545
9999999999999999999999
4747474747474747474747
5454545454545454545454
5959595959595959595959
3737373737373737373737
9999999999999999999999
9999999999999999999999
9999999999999999999999
9999999999999999999999
4545454545454545454545
9999999999999999999999
9999999999999999999999
7474747474747474747474
9999999999999999999999
9999999999999999999999
4545454545454545454545
6262626262626262626262
1414141414141414141414
5454545454545454545454
4545454545454545454545
5353535353535353535353
4747474747474747474747
4444444444444444444444
5454545454545454545454
3737373737373737373737
4444444444444444444444
6262626262626262626262
4444444414141414141414
5454545454545454545454
4545454545454545454545
5555555555555555555555
9797979797979797979797
4444444444444444444444
5454545454545454545454
3737373737373737373737
4444444444444444444444
6161616161616161616161
4444444444444444444444
5959595959595959595959
4545454545454545454545
9999999999999999999999
4747474747474747474747
4747474747474747474747
5959595939393939393939
3737373737373737373737
4747474747474747474747
8989898989898989898989
4444444444444444444444
9999999999999999999999
4545454545454545454545
9999999999999999999999
9595959595959595959595
4444444444444444444444
9999999999999999999999
3737373737373737373737
4444444444444444444444
6565656565656565656565
4444444444444444444444
1919191919191919191919
4545454545454545454545
7979797979797979797979
4747474747474747474747
4444444444444444444444
9999999999999999999999
3737373737373737373737
4444444444444444444444
9999999999999999999999
4444444444444444444444
5959595959595959595959
4545454545454545454545
9999999999999999999999
4242424242424242424242
4444444444444444444444
5959595959595959595959
3737373737373737373737
4444444444444444444444
6969696969696969696969
4141414141414141414141
5959595959595959595959
4545454545454545454545
9999999999999999999999
4747474747474747474747
4444444444444444444444
5959595959595959595959
3737373737373737373737
4141414141414144444444
6262626262626262626262
4444444444444444444444
5454545454545454545454
4545454545454545454545
5858585858585858585858
4747474747474747474747
4444444444444444444444
5454545454545454545454
3737373737373737373737
4444444444444444444444
9292929292929292929191
4444444444444444444444
5959595959595959595959
4545454545454545454545
9999999999999999999999
7777777777777777777777
4444444444444444444444
5454545454545454545454
3737373737373737373737
4444444444444444444444
2525252525555555555555
4444444444444444444444
5959595959595959595959
4545454545454545454545
7979797979797979797979
4747474747474747474747
4444444444444444444444
9999999999999999999999
3737373737373737373737
4545454545454545454545
6262626262626262626262
4444444444444444444444
5454545454545454545454
4949494949494949494949
5353535353535353535353
4747474747474747474747
4444444444444444444444
7474747474747474747474
3737373737373737373737
4444444444444444444444
6262626262626262626262
4444444444444444444444
5959595959595959595959
4141414141414141414141
9999999994949494949494
4747474747474747474747
4444444444444444444444
5454545454545454545454
3737373737373737373737
4545454545454545454545
6262626262626262626262
4444444444444444444444
5454545454545454545454
9999999999999999999999
5353535353535353535353
4747474747474747474747
4444444444444444444444
7474747474747474747474
3737373737373737373737
4545454545454545454545
6868686868686868686868
4444444444444444444444
5454545454545454545454
4545454545454545454545
5353535353535353535353
4747474747474747474747
4444444444444444444444
5454545454545454545454
3737373737373737373737
4545454545454545454545
8989898989898989898989
4444444444444444444444
9494949494949494949494
9595959595959595959595
9999999999999999999999
4747474747474747474747
4444444444444444444444
9999999999999999999999
3737373737373737373737
4444444444444444444444
6363636363636363636363
4444444444444444444444
5959595959595959595959
4545454545454545454545
9999999999999999999999
7777777777777777777777
8484848484848484848484
5959595959595959595959
3737373737373737373737
4444444444444444444444
9999999999999999999999
4444444444444444444444
5959595959595959595959
4545454545454545454545
9999999999999999999999
4747474747474747474747
4444444444444444444444
5959595959595959595959
6767676767676767676767
4646464646464646464646
6565656565656565656565
4444444444444444444444
5959595959595959595959
4545454545454545454545
7979797979797979797979
4747474747474747474727
4444444444444444444444
9999999999999999999999
3737373737373737373737
4444444444444444444444
6969696969696969696969
6464646464646464646464
5959595939393939393939
4545454545454545454545
9999999999999999999999
4747474745454545454545
4444444444444444444444
5959595858585858585858
3737373737373737373737
4444444444444444444444
8282828282828282821212
4444444444444444444444
5454545454545454545454
4545454545454545454545
5656565656565656565656
4747474747474747474747
4444444444444444444444
5454545454545454545454
3737373737373737373737
4444444444444444444444
6161616161616161616161
4444444444444444444444
5959595959595959595959
4545454545454545454545
9999999999999999999999
4747474747474747474747
4747474747474747474747
9999999999999999999999
3737373737373737373737
4444444444444444444444
6262626262626262626262
4444444444444444444444
1414141414141414141414
4545454545454545454545
5555555555555555555555
4747474747474747474747
4444444444444444444444
5454545454545454545454
3737373737373737373737
4444444444444444444444
6969696969696969696969
4444444444444444444444
9999999999999999999999
4545454545454545454545
9999999999999999999999
4747474747474747474747
4444444444444444444444
6969696969696969696969
3737373737373737373737
6464646464646464646464
6262626262626262626262
4444444444444444444444
5959595959595959595959
9595959595959595959595
5959595959595959595959
4747474747474747474747
4444444444444444444444
5555555555555555555555
3737373737373737373737
4444444444444444444444
8282828282828282828282
4444444444444444444444
5555555555555555555555
4545454545454545454545
9999999999999999999999
8787878787878787878787
4444444444444444444444
5454545454545454545454
3737373737373737373737
4949494949494949494949
9595959595959595959595
4949494949494949494949
9999999999999999999999
4545454545454545454545
9999999999999999999999
4949494949494949494949
4444444444444444444444
9999999999999999999999
5959595959595959595959
4444444444444444444444
6262626262626262626262
4444444444444444444444
3535353535353535353535
4545454545454545454545
9999999999999999999999
4747474747474747474747
4444444444444444444444
5454545454545454545454
3737373737373737373737
4444444444444444444444
6161616161616161616161
4444444444444444444444
5959595959595959595959
4545454535353535353535
9999999999999999999999
4747474747474747474747
4747474747474747474747
5959595939393939393939
3737373737373737373737
4444444444444444444444
6262626262626262626262
4444444444444444444444
2424242424242424242424
4545454545454545454545
5555555555555555555555
4747474747474747474747
4444444444444444444444
5454545454545454545454
3737373737373737373737
4444444444444444444444
4242424242424242421212
4444444444444444444444
5454545454545454545454
4545454545454545454545
5656565656565656565656
4747474747474747474747
4444444444444444444444
5454545454545454545454
3737373737373737373737
4444444444444444444444
9999999999999999999999
4444444444444444444444
9999999999999999999999
4949494949494949494949
9999999999999999999999
4747474747474747474747
4444444444444444444444
9999999999999999999999
6767676767676767676767
4444444444444444444444
6363636363535353535353
4444444444444444444444
5454545454545458585858
4545454545454545454545
9999999999999999999999
4747474747474747474747
4444444444444444444444
5959595959595929292929
3737373737373737373737
5959595959595959595959
9999999999999999999999
5959595959595959595959
9999999999999999999999
4545454545454545454545
9999999999999999999999
4949494949494949494949
4444444444444444444444
9999999999999999999999
9999999999999999999999
4444444444444444444444
9292929292929292929292
4949494949494949494949
5454545454545454545454
4545454545454545454545
5959595959595959595959
4747474747474747474747
4444444444444444444444
5454545454545454545454
3737373737373737373737
4545454545454545454545
2222222222222222222222
4444444444444444444444
5454545454545454545454
4545454545454545454545
5353535353535353535353
4747474747474747474747
4444444444444444444444
5454545454545454545454
3737373737373737373737
4444444444444444444444
5959595959595959595959
4444444444444444444444
5454545454545454545454
4545454545454545454545
9999999999999999999999
4747474747474747474747
7474747474747474747474
5454545454545454545454
3737373737373737373737
4444444444444444444444
9292929292929292929292
4343434343434343434343
5454545454545454545454
4545454545454545454545
5959595959595959595959
4747474747474747474747
4444444444444444444444
5454545454545454545454
3737373737373737373737
4343434343434343434343
6262626262626262626262
4444444444444444444444
5454545454545454545454
4545454545454545454545
5555555555555555555555
4747474747474747474747
4444444444444444444444
5454545454545454545454
3737373737373737373737
4444444444444444444444
6262626262626262626262
2424242424242424242424
5959595959595959595959
4545454545454545454545
5959595959595959595959
4747474747474747474747
4444444444444444444444
5555555555555555555555
3737373737373737373737
4646464646464646464646
6565656565656565656565
4444444444444444444444
5959595959595959595959
4545454545454545454545
7979797979797979797979
4747474747474747474727
4848484848484848484848
9999999999999999999999
3737373734343434343434
9999999999999999999999
9999999999999999999999
4949494949494949494949
9595959595959595959595
4545454545454545454545
9999999999999999999999
4949494949494949494949
4444444444444444444444
9999999999999999999999
6969696969696969696969
4444444444444444444444
9292929292929292929292
4444444444444444444444
5454545454545454545454
4545454545454545454545
5959595959595959595959
8787878787878787878787
4444444444444444444444
5858585858585858585858
3737373737373737373737
4444444444444444444444
9999999999999999999999
4444444444444444444444
9999999999999999999999
4545454545454545454545
5959595959595959595959
4747474747474747474747
4444444444444444444444
9999696969696969696969
3737373737373737373737
4444444444444444444444
9292929292929292929292
4444444444444444444444
5757575757575757575757
4545454545454545454545
5959595959595959595959
8787878787878787878787
4444444444444444444444
5858585858585858585858
3737373737373737373737
9999999999999999999999
9999999999999999999998
4949494949494949494949
9999999999999999999999
7575757575757575757575
9999999999999999999999
4949494949494949494949
4848484848484848484848
9999999999999999999999
5959595959595959595959
4444444444444444444444
9292929292929292929292
4444444444444444444444
1414141414141414141414
4545454545454545454545
5959595959595959595959
4747474747474747474747
4444444444444444444444
5454545454545454545454
3737373737373737373737
7474747474747474747474
7979797979797979797979
4444444444444444444444
9999999999999999999999
4545454545454545454545
9999999999999999999999
4747474747474747474747
4545454545454545454545
9999999999999999999999
3737373737373737373737
4444444444444444444444
6161616161616161616161
4444444444444444444444
5959595959595959595959
4545454545454545454545
9999999999999999999999
6767676767676767676767
4444444444444444444444
5959595939393939393939
3737373737373737373737
4444444444444444444444
6565656565656565656565
6464646464646464646464
5959595959595959595959
4545454545454544444444
9999999999999999999999
4747474747474747474747
4444444444444444444444
9999999999999999999999
3737373737373737373737
9999999999999999999999
9999999999999999999999
9999999999999999999999
9999999999999999999999
4545454545454545454545
9999999999999999999999
9898989898989898989898
7474747474545454545454
9999999999999999999999
9999999999999999999999
4444444444444444444444
6969696969696969696969
4848484848484848484848
9999999999999999999999
4545454545454545454545
9999999999999999999898
4747474747474747474747
5454545454545454545454
5959595959595959595959
3737373737373737373737
4949494949494949494949
6969696969696969696969
4444444444444444444444
5959595959595959595959
4545454545454545454545
9999999999999999999999
4848484848484848484848
4444444444444444444444
5959595959595959595959
3737373717171717171717
4444444444444444444444
9999999999999999999999
4444444444444444444444
7979797979797979797979
4949494949494949494949
9999999999999999999999
4747474747474747474747
4444444444444444444444
9999999999999999999999
6767676767676767676767
4444444444444444444444
8989898989898989898989
4444444444444444444444
7979797979797979797979
4949494949494949494949
9999999999999999999999
4747474747474747474747
4444444444444444444444
9999999999999999999999
6767676767676767676767
9494949494949494949494
9999999999999999999999
4444444444444444444444
7979797979797979797979
4949494949494949494949
9999999999999999999999
4747474545454545454545
4444444444444444444444
9999999999999999999999
6767676767676767676767
4646464646464646464646
6565656565656565656565
4444444444444444444444
5959595959595959595959
4545454545454545454545
7979797979797979797979
4747474747474747474747
4444444444444444444444
9999999999999999999999
3737373737373737373737
4242424242424242424242
6161616161616161616161
4444444444444444444444
5959595959595959595959
4545454545454545454545
9999999999999999999999
6767676767676767676767
4444444444444444444444
5959595959595959595959
3737373737373737373737
7474747474747474747474
9292929292929292929292
4444444444444444444444
5454545454545454545454
4545454545454545454545
5959595959595959595959
4747474747474747474747
8484848484848484848484
5454545454545454545454
3737373737373737373737
4444444444444444444444
6969696969696969696969
4444444444444444444444
9999999999999999999999
4545454545454545454545
9999999999999999999999
4747474747474747474747
4949494949494949494949
6969696969696969696969
3737373737373737373737
9999999999999999999999
9999999999999999999999
9999999999999999999999
9999999999999999999999
8585858585858585858585
9999999999999999999999
9999999999999999999999
4545454545454545454545
9999999999999999999999
9999999999999999999999
2424242424242424242424
9999999999999999999999
4444444444444444444444
5959595959595959595959
4545454545454545454545
9999999999999999999999
4747474747474747474747
4444444444444444444444
9999999999999999999999
6767676767676767676767
4444444444444444444444
9292929292929292929292
4444444444444444444444
5454545454545454545454
4545454545454545454545
5959595959595959595959
9797979797979797979797
4545454545454545454545
5454545454545454545454
3737373737373737373737
4444444444444444444434
6363636363535353535353
4444444444444444444444
8484848484848488888888
4545454545454545454545
9999999999999999999999
4747474747474747474747
4444444444444444444444
5959595959595959595959
3737373737373737373737
4444444444444444444443
9999999999999999999999
4949494949494949494949
5959595959595959595959
4545454545454545454545
9999999999999999999999
4747474747474747474747
4444444444444444444444
5959595959595959595959
6767676767676767676767
4444444444444444444444
6969696969696969696969
4444444444444444444444
9999999999999999999999
4545454545454545454545
9999999999999999999999
4747474747474747474444
4444444444444444444444
6969696969696969696969
3737373737373737373737
4444444444444444444444
6565656565656565656565
4444444444444444444444
5959595959595959595959
4141414141414141414141
9999999999999999999999
4747474747474747474747
4444444444444444444444
5959595959595959595959
3737373737373737373737
4545454545454545454545
6262626262626262626262
4444444444444444444444
5454545454545454545454
4545454545454545454545
5353535353535353535353
7777777777777777777777
4444444444444444444444
5454545454545454545454
3737373737373737373737
4545454545454545454545
8989898989898989898989
4444444444444444444444
9494949494949494949494
4646464646464646464646
9999999999999999999999
4747474747474747464646
5454545454545454545454
9999999999999999999999
3737373737373737373737
4242424242424242424242
9999999999999898989898
4444444444444444444444
9999999999999999999999
4545454545454545454545
9999999999999999999999
4747474747474747474747
4444444444444444444444
9999999999999999999999
3737373737373737373737
4444444444444444444444
9999999999999999999999
4444444444444444444444
7979797979797979797979
9999999999999999999999
9999999999999999999999
4747474747474747474747
4444444444444444444444
9999999999999999999999
6767676767676767676767
4444444444444444444434
6363636363535353535353
4444444444444444444444
8383838383838388888888
4545454545454545454545
9999999999999999999999
4747474747474747474747
4444444444444444444444
5959595959595959595959
3737373737373737373737
4444444444444444444444
9999999999999999999999
4444444444444444444444
9999999999999999999999
4949494949494949494949
9999999999999999999999
4747474747474747474747
4444444444444444444444
9999999999999999999999
6969696969696969696969
4444444444444444444444
6969696969696969696969
4444444444444444444444
5454545454545454545454
4747474747474747474747
9999999999999999999999
4747474747474747474747
7474747474747474747474
5454545454545454545453
3737373737373737373737
4444444444444444444434
6363636363535353535353
4444444444444444444444
8383838383838388888888
4141414141414141414141
9999999999999999997979
4747474747474747474747
4444444444444444444444
5959595959595959595959
3737373737373737373737
4444444444444444444434
6363636363636363636363
4444444444444444444444
8383838383838388888888
4545454545454545454545
9999999999999999999999
4747474747474747474747
4444444444444444444444
5252525252525252525252
3737373737373737373737
4545454545454545454545
8989898988888888888888
4444444444444444444444
9494949494949494949494
4545454545454545454545
9999999999999999999999
4747474747474747474747
5454545454545454545454
9999999999999999999999
7777777777777777777777
4444444444444444444444
9292929292929292929292
4444444444444444444444
5454545454545454545454
4545454545454545454545
5959595959595959595959
8787878787878787878787
4444444444444444444444
5858585858585858585858
3535353535353535353535
4444444444444444444444
6969696969696969696969
4444444444444444444444
5454545454545454545454
4747474747474747474747
9999999999999999999999
4747474747474747474747
7474747474747474747474
5757575757575757575757
3737373737373737373737
4949494949494949494949
9999999999999999999999
4444444444444444444444
9999999999999999999999
4545454545454544444444
9999999999999999999999
4747474747474747474747
4444444444444444444444
9999999999999999999999
3939393939393939393939
4444444444444444444444
9292929292929292929292
5454545454545454545454
5454545454545454545454
4545454545454545454545
5959595959595959595959
4747474747474747474747
4444444444444444444444
5757575757575757575757
3737373737373737373737
5959595959595959595959
9999999999999999999999
9999999999999999999999
9999999999999999999999
4545454545454545454545
9999999999999999999999
9999999999999999999999
4545454545454545454545
9999999999999999999999
9999999999999999999999
9999999999999999999999
9999999999999999999999
4949494949494949494949
9999999999999999999999
2525252525252525252525
9999999999999999999999
4949494949494949494949
4848484848484848484848
9999999999999999999999
5252525252525252525252
4444444444444444444444
9292929292929292929292
4444444444444444444444
5454545454545454545454
4545454545454545454545
5656565656565656565656
8787878787878787878787
4545414141414141414141
5454545454545454545454
3737373737373737373737
4444444444444444444444
6161616161616161616161
4444444444444444444444
5959595959595959595959
9595959595959595959595
9999999999999999999999
6767676767676767676767
4444444444444444444444
5959595959595959595959
3737373737373737373737
6464646464646464646464
6262626262626262626262
4646464646464646464646
5959595959595959595959
4545454545454545454545
5959595959595959595959
4747474747474747474747
4444444444444444444444
5555555555555555555555
3838383838383838383838
4949494949494949494949
9999999999999999999999
6464646464646464646464
9999999999999999999898
7575757575757575757575
9999999999999999999999
4747474747474747474747
4444444444444444444444
9999999999999999999999
3737373737373737373737
4545454545454545454545
8989898989898989898989
4444444444444444444444
9494949494949494949494
9595959595959595959595
9999999999999999999999
4747474747474747474747
4444444444444444444444
9999999999999999999999
3535353535353535353535
7474747474747474747474
9292929292929292929292
4444444444444444444444
5454545454545454545454
4545454545454545454545
5959595959595959595959
4747474747474747474747
4444444444444242424242
9494949494949494949494
3737373737373737373737
4444444444444444444444
6969696969696969696969
4444444444444444444444
9999999999999999999999
4545453535353535353535
9999999999999999999999
4747474747474747474444
4444444444444444444444
6969696969696969696969
3737373737373737373737
4949494949494949494949
9999999999999999999999
4545454545454545454545
9999999999999999999999
4545454545454545454545
7979797979797979797979
4747474747474747474747
4444444444444444444444
9999999999999999999999
1919191919191919191919
4444444444444444444444
6161616161616161616161
4444444444444444444444
5454545454545454545454
4545454545454545454545
5353535353535353535353
6767676767676767676767
4444444444444444444444
5454545454545454545454
3737373737373737373737
4444444444444444444444
6161616161616161616161
4444444444444444444444
5959595959595959595959
4545454545454545454545
9999999999999999999999
8787878787878787878787
4747474747474747474747
9999999999999999999999
3737373737373737373737
4444444444444444444444
6262626262626262626262
4444444444444444444444
5454545454545454545454
4545454545454545454545
5656565656565656565656
4747474747474747474747
1414141414141414141414
5454545454545454545454
3737373737373737373737
4444444444444444444444
6262626262626262626262
5454545454545454545454
5959595959595959595959
4545454545454545454545
9999999999999999999999
4747474747474747474747
4444444444444444444444
5454545454545454545454
3737373737373737373737
7979797979797979797979
9999999999999999999999
4949494949494949494949
9999999999999999999999
4545454545454545454545
9999999999999999999999
4949494949494949494949
4848484848484848484848
9999999999999999999999
5959595959595959595959
4949494949494949494949
9999999999999999999999
6464646464646464646464
9898989898989898989898
7575757575757575757575
9999995959595959595959
4747474747474747474747
4444444444444444444444
9999999999999999999999
3737373737373737373737
7474747474747474747474
9292929292929292929292
4444444444444444444444
9494949494949494949494
4545454545454545454545
5959595959595959595959
4747474747474747474747
8484848484848484848484
5454545454545454545454
3737373737373737373737
9999999999999999999999
9999999999999999999999
4949494949494949494949
9595959595959595959595
4545454545454545454545
9999999999999999999999
4949494949494949494949
8484848484848484848484
9999999999999999999999
6969696969696969696969
4444444444444444444444
6363636363636363636363
4444444444444444444444
5959595959595959595959
4545454545454545454545
9999999999999494949494
7777777777777777777777
8484848484848484848484
9999999999999999999999
3737373737373737373737
4444444444444444444444
9292929292929292929292
4444444444444444444444
5959595959595959595959
4545454545454545454545
9999999999999999999999
4747474747474747474747
4444444444444444444444
5555555555555555555555
3737373737373737373737
9999999999999999999999
9999999999999999999999
4949494949494949494949
9999999999999999999999
4545454545454545454545
7979797979797979797979
4949494949494949494949
4444444444444444444444
9494949494949494949494
5959595959595959595959
9999999999999999999999
9999999999999999999999
9999999999999999999999
9999999999999999999999
4747474747474747474747
9797979797979797979797
9999999999999999999999
4545454545454545454545
9999999999999999999999
9999999999999999999999
4141414141414141414141
6969696969696969696969
6464646464646464646464
5959595959595959595959
4545454545454545454545
9999999999999999999999
4747474747474747474747
4444444444444444444444
5959595959595959595959
3737373737373737373737
4444444444444444444444
6161616161616161616161
4444444444444444444444
5454545454545454545454
4545454545454545454545
5353535353535353535353
4747474747474747474747
4444444444444444444444
6464646464646464646464
3737373737373737373737
4444444444444444444444
6969696969696969696969
5454545454545454545454
9999999999999999999999
4545454545454545454545
9999999999999999999999
4747474747474747474747
4949494949494949494949
6969696969696969696969
3737373737373737373737
4444444444444444444444
9292929292929292929292
4444444444444444444444
5454545454545454545454
4545454545454545454545
5959595959595959595959
8787878787878787878787
4444444444444444444444
5454545454545454545454
3838383838383838383838
1414141414141414141414
6969696969696969696969
6464646464646464646464
5959595939393939393939
4545454545454545454545
9494949494949494949494
4747474745454545454545
4444444444444444444444
5959595959595959595959
3737373737373737373737
4444444444444444444444
6262626262626262626262
4444444444444444444444
5454545454545454545454
4848484343434343434343
9999999999999999999999
4747474747474747474747
4444444444444444444444
5454545454545454545454
3737373737373737373737
4242424242424242424242
9999999999999999999999
4444444444444444444444
9999999999999999999999
4545454545454545454545
9999999999999999999999
4747474747474747474747
4444444444444444444444
9999999999999999999999
3737373636363636363636
4444444444444444444444
6969696969696969696969
6969696969696969696969
5959595959595959595959
4545454545454545454545
9494949494949494949494
4747474747474747474747
4444444444444444444444
5959595959595959595959
3838383838383838383838
1919191919191919191919
9595959595959595959595
4949494949494949494949
9999999999999999999999
4545454545454545454545
9999999999999999999999
4949494949494949494949
4444444444444444444444
9999999999999999999999
5959292929292929292929
4444444444444444444444
7979797979797979797979
1414141414141414141414
9999999999999999999999
4545454545454545454545
9999999999999999999999
4747474747474747474747
4444444444444444444444
9999999999999999999999
3737373737373737373737
4444444444444444444444
9292929292929292929292
5454545454545454545454
5454545454545454545454
1515151515151515151515
5959595959595959595959
4747474747474747474747
4444444444444444444444
5757575757575757575757
3737373737373737373737
4444444444444444444444
6565656565656565656565
4444444444444444444444
5959595959595959595959
4545454545454545454545
9999999999999999999999
4747474747474747474747
4444444444444444444444
5959595959595959595959
3838383838383838383838
4444444444444444444444
7979797979797979797979
4444444444444444444444
9999999999999999999999
4545454545454545454545
9999999999999999999999
7777777777777777777777
4444444444444444444444
9999999999494949494949
3737373737373737373737
9999999999999999999999
9999999999999999999999
4949494949494949494949
9595959595959595959595
4545454545454545454545
9999999999999999999999
4949494949494949494949
8484848484848484848484
9999999999999999999999
9999999999999999999999
4444442424242424242424
9999999999999999999999
4444444444444444444444
8989898989898989898989
4545454545454545454545
9999999999999999999999
4747474747474747474747
4444444444444444444444
9999999999999999999999
6767676767676767676767
4949494949494949494949
9595959595959595959595
4949494949494949494949
9999999999999999999999
4545454545454545454545
9999999999999999999999
4949494949494949494949
4444444444444444444444
9999999999999999999999
6969696969696969696969
4545454545454545454545
5959595959595959595959
4444444444444444444444
9494949494949494949494
9595959595959595959595
9999999999999999999999
4747474747474747474747
4444444444444444444444
9999999997979797979797
3737373737373737373737
4444444444444444444444
6969696969696969696969
6464646464646464646464
5959595959595959595959
4545454545454545454545
9999999999999999999999
4747474747474747474747
4444444444444444444444
3939393939393939393939
3737373737373737373737
