2638557589
14 11 100
9999999999999999999999
9999999999999999999999
9999999999999999999999
9999999999999999999999
9999999999999999999999
9999999999999999999999
9999999999999999999999
9999999999999999999999
9999999999999999999999
9999999999999999999999
9999999999999999999999
9999999999999999999999
9999999999999999999999
9999999999999999999999
9999999999999999999999
9999999999999999999999
9999999999999999999999
9999999999999999999999
9999999999999999999999
9999999999999999999999
9999999999999999999999
9999999999999999999999
5959595959595959595959
9999999999999999999999
9999999999999999999999
9999999999999999999999
9999999999999999999999
9999999999999999999999
9999999999999999999999
9999999999999999999999
9999999999999999999999
9999999999999999999999
9999999999999999999999
9999999999999999999999
9999999999999999999999
9999999999999999999999
7979797979797979797979
9999999999999999999999
9999999999999999999999
9999999999999999999999
9999999999999999999999
9999999999999999999999
9999999999999999999999
9999999999999999999999
9999999999999999999999
9999999999999999999999
9999999999999999999999
9999999999999999999999
9999999999999999999999
9999999999999999999999
6969696969696969696969
9999999999999999999999
9999999999999999999999
9999999999999999999999
9999999999999999999999
9999999999999999999999
9999999999999999999999
9999999999999999999999
9999999999999999999999
9999999999999999999999
9999999999999999999999
9999999999999999999999
5959595959595959595959
9999999999999999999999
6969696969696969696969
9999999999999999999999
9999999999999999999999
9999999999999999999999
9999999999999999999999
9999999999999999999999
9999999999999999999999
9999999999999999999999
9999999999999999999999
9999999999999999999999
9999999999999999999999
9999999999999999999999
3939393939393939393939
9999999999999999999999
6969696969696969696969
9999999999999999999999
9999999999999999999999
9999999999999999999999
9999999999999999999999
9999999999999999999999
9999999999999999999999
9999999999999999999999
9999999999999999999999
9999999999999999999999
9999999999999999999999
9999999999999999999999
4949494949494949494949
9999999999999999999999
6969696969696969696969
9999999999999999999999
9999999999999999999999
9999999999999999999999
9999999999999999999999
9999999999999999999999
9999999999999999999999
9999999999999999999999
9999999999999999999999
9999999999999999999999
9999999999999999999999
9999999999999999999999
4949494949494949494949
9999999999999999999999
6565656565656565656565
9999999999999999999999
9999999999999999999999
9999999999999999999999
9999999999999999999999
9999999999999999999999
9999999999999999999999
9999999999999999999999
9999999999999999999999
9999999999999999999999
9999999999999999999999
9999999999999999999999
4949494949494949494949
9999999999999999999999
6767676767676767676767
9999999999999999999999
9999999999999999999999
9999999999999999999999
9999999999999999999999
9999999999999999999999
9999999999999999999999
9999999999999999999999
9999999999999999999999
9999999999999999999999
9999999999999999999999
9999999999999999999999
4949494949494949494949
9999999999999999999999
6666666666666666666666
9999999999999999999999
9999999999999999999999
9999999999999999999999
9999999999999999999999
9999999999999999999999
9999999999999999999999
9999999999999999999999
9999999999999999999999
9999999999999999999999
9999999999999999999999
9999999999999999999999
4949494949494949494949
9999999999999999999999
6767676767676767676767
5959595959595959595959
9999999999999999999999
9999999999999999999999
9999999999999999999999
9999999999999999999999
9999999999999999999999
9999999999999999999999
9999999999999999999999
9999999999999999999999
9999999999999999999999
9999999999999999999999
4949494949494949494949
9999999999999999999999
6767676767676767676767
3939393939393939393939
9999999999999999999999
9999999999999999999999
9999999999999999999999
9999999999999999999999
9999999999999999999999
9999999999999999999999
9999999999999999999999
9999999999999999999999
9999999999999999999999
9999999999999999999999
4949494949494949494949
9999999999999999999999
6767676767676767676767
4949494949494949494949
9999999999999999999999
9999999999999999999999
9999999999999999999999
9999999999999999999999
9999999999999999999999
9999999999999999999999
9999999999999999999999
9999999999999999999999
9999999999999999999999
9999999999999999999999
4545454545454545454545
9999999999999999999999
6767676767676767676767
5959595959595959595959
9999999999999999999999
9999999999999999999999
9999999999999999999999
9999999999999999999999
9999999999999999999999
9999999999999999999999
9999999999999999999999
9999999999999999999999
9999999999999999999999
9999999999999999999999
4343434343434343434343
9999999999999999999999
6767676767676767676767
5959595959595959595959
9999999999999999999999
9999999999999999999999
9999999999999999999999
9999999999999999999999
9999999999999999999999
9999999999999999999999
9999999999999999999999
9999999999999999999999
9999999999999999999999
9999999999999999999999
4242424242424242424242
9999999999999999999999
6767676767676767676767
5959595959595959595959
9999999999999999999999
9999999999999999999999
9999999999999999999999
9999999999999999999999
9999999999999999999999
9999999999999999999999
9999999999999999999999
9999999999999999999999
9999999999999999999999
9999999999999999999999
4343434343434343434343
9999999999999999999999
6767676767676767676767
5959595959595959595959
9999999999999999999999
5959595959595959595959
9999999999999999999999
9999999999999999999999
9999999999999999999999
9999999999999999999999
9999999999999999999999
9999999999999999999999
9999999999999999999999
9999999999999999999999
4343434343434343434343
9999999999999999999999
6767676767676767676767
5959595959595959595959
9999999999999999999999
3939393939393939393939
9999999999999999999999
9999999999999999999999
9999999999999999999999
9999999999999999999999
9999999999999999999999
9999999999999999999999
9999999999999999999999
9999999999999999999999
4343434343434343434343
9999999999999999999999
6767676767676767676767
5959595959595959595959
9999999999999999999999
4949494949494949494949
9999999999999999999999
9999999999999999999999
9999999999999999999999
9999999999999999999999
9999999999999999999999
9999999999999999999999
9999999999999999999999
5959595959595959595959
4343434343434343434343
9999999999999999999999
6767676767676767676767
5959595959595959595959
9999999999999999999999
5959595959595959595959
9999999999999999999999
9999999999999999999999
9999999999999999999999
9999999999999999999999
9999999999999999999999
9999999999999999999999
9999999999999999999999
7979797979797979797979
4343434343434343434343
9999999999999999999999
6767676767676767676767
5959595959595959595959
9999999999999999999999
5959595959595959595959
9999999999999999999999
9999999999999999999999
9999999999999999999999
9999999999999999999999
9999999999999999999999
9999999999999999999999
9999999999999999999999
6969696969696969696969
4343434343434343434343
9999999999999999999999
6767676767676767676767
5959595959595959595959
9999999999999999999999
5959595959595959595959
9999999999999999999999
9999999999999999999999
9999999999999999999999
9999999999999999999999
9999999999999999999999
9999999999999999999999
9999999999999999999999
7979797979797979797979
4343434343434343434343
9999999999999999999999
6767676767676767676767
5555555555555555555555
9999999999999999999999
5959595959595959595959
9999999999999999999999
9999999999999999999999
9999999999999999999999
9999999999999999999999
9999999999999999999999
9999999999999999999999
9999999999999999999999
7979797979797979797979
4343434343434343434343
9999999999999999999999
6767676767676767676767
5757575757575757575757
9999999999999999999999
5959595959595959595959
9999999999999999999999
9999999999999999999999
9999999999999999999999
9999999999999999999999
9999999999999999999999
9999999999999999999999
9999999999999999999999
7979797979797979797979
4343434343434343434343
9999999999999999999999
6767676767676767676767
5656565656565656565656
9999999999999999999999
5959595959595959595959
9999999999999999999999
9999999999999999999999
9999999999999999999999
9999999999999999999999
5959595959595959595959
9999999999999999999999
9999999999999999999999
7979797979797979797979
4343434343434343434343
9999999999999999999999
6767676767676767676767
5656565656565656565656
9999999999999999999999
5959595959595959595959
9999999999999999999999
9999999999999999999999
9999999999999999999999
9999999999999999999999
7979797979797979797979
9999999999999999999999
9999999999999999999999
7979797979797979797979
4343434343434343434343
9999999999999999999999
6767676767676767676767
5656565656565656565656
9999999999999999999999
5959595959595959595959
9999999999999999999999
9999999999999999999999
9999999999999999999999
9999999999999999999999
8989898989898989898989
9999999999999999999999
9999999999999999999999
7979797979797979797979
4343434343434343434343
9999999999999999999999
6767676767676767676767
5656565656565656565656
9999999999999999999999
5959595959595959595959
9999999999999999999999
9999999999999999999999
9999999999999999999999
9999999999999999999999
9999999999999999999999
9999999999999999999999
9999999999999999999999
7979797979797979797979
4343434343434343434343
9999999999999999999999
6767676767676767676767
5656565656565656565656
9999999999999999999999
5555555555555555555555
9999999999999999999999
9999999999999999999999
9999999999999999999999
9999999999999999999999
9999999999999999999999
9999999999999999999999
9999999999999999999999
7979797979797979797979
4343434343434343434343
9999999999999999999999
6767676767676767676767
5656565656565656565656
9999999999999999999999
5757575757575757575757
9999999999999999999999
9999999999999999999999
9999999999999999999999
9999999999999999999999
9999999999999999999999
9999999999999999999999
9999999999999999999999
7979797979797979797979
4343434343434343434343
9999999999999999999999
6767676767676767676767
5656565656565656565656
9999999999999999999999
5656565656565656565656
9999999999999999999999
9999999999999999999999
9999999999999999999999
9999999999999999999999
9999999999999999999999
9999999999999999999999
9999999999999999999999
7575757575757575757575
4343434343434343434343
9999999999999999999999
6767676767676767676767
5656565656565656565656
9999999999999999999999
5656565656565656565656
9999999999999999999999
9999999999999999999999
9999999999999999999999
9999999999999999999999
9999999999999999999999
9999999999999999999999
9999999999999999999999
7373737373737373737373
4343434343434343434343
9999999999999999999999
6767676767676767676767
5656565656565656565656
9999999999999999999999
5656565656565656565656
9999999999999999999999
9999999999999999999999
9999999999999999999999
9999999999999999999999
9999999999999999999999
9999999999999999999999
9999999999999999999999
7272727272727272727272
4343434343434343434343
9999999999999999999999
6767676767676767676767
5656565656565656565656
9999999999999999999999
5656565656565656565656
9999999999999999999999
9999999999999999999999
9999999999999999999999
5959595959595959595959
9999999999999999999999
9999999999999999999999
9999999999999999999999
7272727272727272727272
4343434343434343434343
9999999999999999999999
6767676767676767676767
5656565656565656565656
9999999999999999999999
5656565656565656565656
9999999999999999999999
9999999999999999999999
9999999999999999999999
3939393939393939393939
9999999999999999999999
9999999999999999999999
9999999999999999999999
7272727272727272727272
4343434343434343434343
9999999999999999999999
6767676767676767676767
5656565656565656565656
9999999999999999999999
5656565656565656565656
9999999999999999999999
9999999999999999999999
9999999999999999999999
4949494949494949494949
9999999999999999999999
9999999999999999999999
9999999999999999999999
7272727272727272727272
4343434343434343434343
9999999999999999999999
6767676767676767676767
5656565656565656565656
9999999999999999999999
5656565656565656565656
9999999999999999999999
9999999999999999999999
9999999999999999999999
4949494949494949494949
9595959595959595959595
9999999999999999999999
9999999999999999999999
7272727272727272727272
4343434343434343434343
9999999999999999999999
6767676767676767676767
5656565656565656565656
9999999999999999999999
5656565656565656565656
9999999999999999999999
9999999999999999999999
9999999999999999999999
4949494949494949494949
9393939393939393939393
9999999999999999999999
9999999999999999999999
7272727272727272727272
4343434343434343434343
9999999999999999999999
6767676767676767676767
5656565656565656565656
9999999999999999999999
5656565656565656565656
9999999999999999999999
9999999999999999999999
9999999999999999999999
4949494949494949494949
9292929292929292929292
9999999999999999999999
9999999999999999999999
7272727272727272727272
4343434343434343434343
9999999999999999999999
6767676767676767676767
5656565656565656565656
9999999999999999999999
5656565656565656565656
9999999999999999999999
9999999999999999999999
9999999999999999999999
4949494949494949494949
9393939393939393939393
9999999999999999999999
5959595959595959595959
7272727272727272727272
4343434343434343434343
9999999999999999999999
6767676767676767676767
5656565656565656565656
9999999999999999999999
5656565656565656565656
9999999999999999999999
9999999999999999999999
9999999999999999999999
4949494949494949494949
9393939393939393939393
9999999999999999999999
3939393939393939393939
7272727272727272727272
4343434343434343434343
9999999999999999999999
6767676767676767676767
5656565656565656565656
9999999999999999999999
5656565656565656565656
9999999999999999999999
9999999999999999999999
9999999999999999999999
4949494949494949494949
9393939393939393939393
9999999999999999999999
4949494949494949494949
7272727272727272727272
4343434343434343434343
9999999999999999999999
6767676767676767676767
5656565656565656565656
9999999999999999999999
5656565656565656565656
9999999999999999999999
9999999999999999999999
9999999999999999999999
4545454545454545454545
9393939393939393939393
9999999999999999999999
5959595959595959595959
7272727272727272727272
4343434343434343434343
9999999999999999999999
6767676767676767676767
5656565656565656565656
9999999999999999999999
5656565656565656565656
9999999999999999999999
9999999999999999999999
9999999999999999999999
4343434343434343434343
9393939393939393939393
9999999999999999999999
5959595959595959595959
7272727272727272727272
4343434343434343434343
9999999999999999999999
6767676767676767676767
5656565656565656565656
9999999999999999999999
5656565656565656565656
9999999999999999999999
9999999999999999999999
9999999999999999999999
4444444444444444444444
9393939393939393939393
9999999999999999999999
5959595959595959595959
7272727272727272727272
4343434343434343434343
9999999999999999999999
6767676767676767676767
5656565656565656565656
9999999999999999999999
5656565656565656565656
9999999999999999999999
9999999999999999999999
9999999999999999999999
4444444444444444444444
9393939393939393939393
9999999999999999999999
5555555555555555555555
7272727272727272727272
4343434343434343434343
9999999999999999999999
6767676767676767676767
5656565656565656565656
9999999999999999999999
5656565656565656565656
9999999999999999999999
9999999999999999999999
9999999999999999999999
4444444444444444444444
9393939393939393939393
9999999999999999999999
5353535353535353535353
7272727272727272727272
4343434343434343434343
9999999999999999999999
6767676767676767676767
5656565656565656565656
9999999999999999999999
5656565656565656565656
9999999999999999999999
9999999999999999999999
9999999999999999999999
4444444444444444444444
9393939393939393939393
9999999999999999999999
5252525252525252525252
7272727272727272727272
4343434343434343434343
9999999999999999999999
6767676767676767676767
5656565656565656565656
9999999999999999999999
5656565656565656565656
9999999999999999999999
9999999999999999999999
9999999999999999999999
4444444444444444444444
9393939393939393939393
9999999999999999999999
5252525252525252525252
7272727272727272727272
4343434343434343434343
9999999999999999999999
6767676767676767676767
5656565656565656565656
9999999999999999999999
5656565656565656565656
5959595959595959595959
9999999999999999999999
9999999999999999999999
4444444444444444444444
9393939393939393939393
9999999999999999999999
5252525252525252525252
7272727272727272727272
4343434343434343434343
9999999999999999999999
6767676767676767676767
5656565656565656565656
9999999999999999999999
5656565656565656565656
7979797979797979797979
9999999999999999999999
9999999999999999999999
4444444444444444444444
9393939393939393939393
9999999999999999999999
5252525252525252525252
7272727272727272727272
4343434343434343434343
9999999999999999999999
6767676767676767676767
5656565656565656565656
9999999999999999999999
5656565656565656565656
6969696969696969696969
9999999999999999999999
9999999999999999999999
4444444444444444444444
9393939393939393939393
9999999999999999999999
5252525252525252525252
7272727272727272727272
4343434343434343434343
9999999999999999999999
6767676767676767676767
5656565656565656565656
9999999999999999999999
5656565656565656565656
6565656565656565656565
9999999999999999999999
9999999999999999999999
4444444444444444444444
9393939393939393939393
9999999999999999999999
5252525252525252525252
7272727272727272727272
4343434343434343434343
9999999999999999999999
6767676767676767676767
5656565656565656565656
9999999999999999999999
5656565656565656565656
6767676767676767676767
9999999999999999999999
9999999999999999999999
4444444444444444444444
9393939393939393939393
9999999999999999999999
5252525252525252525252
7272727272727272727272
4343434343434343434343
9999999999999999999999
6767676767676767676767
5656565656565656565656
9999999999999999999999
5656565656565656565656
6666666666666666666666
9999999999999999999999
5959595959595959595959
4444444444444444444444
9393939393939393939393
9999999999999999999999
5252525252525252525252
7272727272727272727272
4343434343434343434343
9999999999999999999999
6767676767676767676767
5656565656565656565656
9999999999999999999999
5656565656565656565656
6666666666666666666666
9999999999999999999999
7979797979797979797979
4444444444444444444444
9393939393939393939393
9999999999999999999999
5252525252525252525252
7272727272727272727272
4343434343434343434343
9999999999999999999999
6767676767676767676767
5656565656565656565656
9999999999999999999999
5656565656565656565656
6666666666666666666666
9999999999999999999999
6969696969696969696969
4444444444444444444444
9393939393939393939393
9999999999999999999999
5252525252525252525252
7272727272727272727272
4343434343434343434343
9999999999999999999999
6767676767676767676767
5656565656565656565656
9999999999999999999999
5656565656565656565656
6666666666666666666666
9999999999999999999999
7979797979797979797979
4444444444444444444444
9393939393939393939393
5959595959595959595959
5252525252525252525252
7272727272727272727272
4343434343434343434343
9999999999999999999999
6767676767676767676767
5656565656565656565656
9999999999999999999999
5656565656565656565656
6666666666666666666666
9999999999999999999999
7979797979797979797979
4444444444444444444444
9393939393939393939393
7979797979797979797979
5252525252525252525252
7272727272727272727272
4343434343434343434343
9999999999999999999999
6767676767676767676767
5656565656565656565656
9999999999999999999999
5656565656565656565656
6666666666666666666666
9999999999999999999999
7979797979797979797979
4444444444444444444444
9393939393939393939393
6969696969696969696969
5252525252525252525252
7272727272727272727272
4343434343434343434343
9999999999999999999999
6767676767676767676767
5656565656565656565656
9999999999999999999999
5656565656565656565656
6666666666666666666666
9999999999999999999999
7979797979797979797979
4444444444444444444444
9393939393939393939393
7979797979797979797979
5252525252525252525252
7272727272727272727272
4343434343434343434343
5959595959595959595959
6767676767676767676767
5656565656565656565656
9999999999999999999999
5656565656565656565656
6666666666666666666666
9999999999999999999999
7979797979797979797979
4444444444444444444444
9393939393939393939393
7979797979797979797979
5252525252525252525252
7272727272727272727272
4343434343434343434343
7979797979797979797979
6767676767676767676767
5656565656565656565656
9999999999999999999999
5656565656565656565656
6666666666666666666666
9999999999999999999999
7979797979797979797979
4444444444444444444444
9393939393939393939393
7979797979797979797979
5252525252525252525252
7272727272727272727272
4343434343434343434343
6969696969696969696969
6767676767676767676767
5656565656565656565656
9999999999999999999999
5656565656565656565656
6666666666666666666666
9999999999999999999999
7979797979797979797979
4444444444444444444444
9393939393939393939393
7979797979797979797979
5252525252525252525252
7272727272727272727272
4343434343434343434343
7979797979797979797979
6767676767676767676767
5656565656565656565656
9999999999999999999999
5656565656565656565656
6666666666666666666666
5959595959595959595959
7979797979797979797979
4444444444444444444444
9393939393939393939393
7979797979797979797979
5252525252525252525252
7272727272727272727272
4343434343434343434343
7979797979797979797979
6767676767676767676767
5656565656565656565656
9999999999999999999999
5656565656565656565656
6666666666666666666666
7979797979797979797979
7979797979797979797979
4444444444444444444444
9393939393939393939393
7979797979797979797979
5252525252525252525252
7272727272727272727272
4343434343434343434343
7979797979797979797979
6767676767676767676767
5656565656565656565656
9999999999999999999999
5656565656565656565656
6666666666666666666666
6969696969696969696969
7575757575757575757575
4444444444444444444444
9393939393939393939393
7979797979797979797979
5252525252525252525252
7272727272727272727272
4343434343434343434343
7979797979797979797979
6767676767676767676767
5656565656565656565656
9999999999999999999999
5656565656565656565656
6666666666666666666666
6969696969696969696969
7373737373737373737373
4444444444444444444444
9393939393939393939393
7979797979797979797979
5252525252525252525252
7272727272727272727272
4343434343434343434343
7979797979797979797979
6767676767676767676767
5656565656565656565656
9999999999999999999999
5656565656565656565656
6666666666666666666666
6969696969696969696969
7272727272727272727272
4444444444444444444444
9393939393939393939393
7979797979797979797979
5252525252525252525252
7272727272727272727272
4343434343434343434343
7979797979797979797979
6767676767676767676767
5656565656565656565656
9999999999999999999999
5656565656565656565656
6666666666666666666666
6969696969696969696969
7272727272727272727272
4444444444444444444444
9393939393939393939393
7979797979797979797979
5252525252525252525252
7272727272727272727272
4343434343434343434343
7979797979797979797979
6767676767676767676767
5656565656565656565656
5959595959595959595959
5656565656565656565656
6666666666666666666666
6969696969696969696969
7272727272727272727272
4444444444444444444444
9393939393939393939393
7979797979797979797979
5252525252525252525252
7272727272727272727272
4343434343434343434343
7979797979797979797979
6767676767676767676767
5656565656565656565656
3939393939393939393939
5656565656565656565656
6666666666666666666666
6969696969696969696969
7272727272727272727272
4444444444444444444444
9393939393939393939393
7979797979797979797979
5252525252525252525252
7272727272727272727272
4343434343434343434343
7979797979797979797979
6767676767676767676767
5656565656565656565656
4949494949494949494949
5656565656565656565656
6666666666666666666666
6969696969696969696969
7272727272727272727272
4444444444444444444444
9393939393939393939393
7575757575757575757575
5252525252525252525252
7272727272727272727272
4343434343434343434343
7979797979797979797979
6767676767676767676767
5656565656565656565656
4949494949494949494949
5656565656565656565656
6666666666666666666666
6969696969696969696969
7272727272727272727272
4444444444444444444444
9393939393939393939393
7373737373737373737373
5252525252525252525252
7272727272727272727272
4343434343434343434343
7979797979797979797979
6767676767676767676767
5656565656565656565656
4949494949494949494949
5656565656565656565656
6666666666666666666666
6969696969696969696969
7272727272727272727272
4444444444444444444444
9393939393939393939393
7474747474747474747474
5252525252525252525252
7272727272727272727272
4343434343434343434343
7979797979797979797979
6767676767676767676767
5656565656565656565656
4949494949494949494949
5656565656565656565656
6666666666666666666666
6969696969696969696969
7272727272727272727272
4444444444444444444444
9393939393939393939393
7474747474747474747474
5252525252525252525252
7272727272727272727272
4343434343434343434343
7575757575757575757575
6767676767676767676767
5656565656565656565656
4949494949494949494949
5656565656565656565656
6666666666666666666666
6969696969696969696969
7272727272727272727272
4444444444444444444444
9393939393939393939393
7474747474747474747474
5252525252525252525252
7272727272727272727272
4343434343434343434343
7777777777777777777777
6767676767676767676767
5656565656565656565656
4949494949494949494949
5656565656565656565656
6666666666666666666666
6969696969696969696969
7272727272727272727272
4444444444444444444444
9393939393939393939393
7474747474747474747474
5252525252525252525252
7272727272727272727272
4343434343434343434343
7878787878787878787878
6767676767676767676767
5656565656565656565656
4949494949494949494949
5656565656565656565656
6666666666666666666666
6969696969696969696969
7272727272727272727272
4444444444444444444444
9393939393939393939393
7474747474747474747474
5252525252525252525252
7272727272727272727272
4343434343434343434343
7878787878787878787878
6767676767676767676767
5656565656565656565656
4949494949494949494949
5656565656565656565656
6666666666666666666666
6565656565656565656565
7272727272727272727272
4444444444444444444444
9393939393939393939393
7474747474747474747474
5252525252525252525252
7272727272727272727272
4343434343434343434343
7878787878787878787878
6767676767676767676767
5656565656565656565656
4949494949494949494949
5656565656565656565656
6666666666666666666666
6767676767676767676767
7272727272727272727272
4444444444444444444444
9393939393939393939393
7474747474747474747474
5252525252525252525252
7272727272727272727272
4343434343434343434343
7878787878787878787878
6767676767676767676767
5656565656565656565656
4949494949494949494949
5656565656565656565656
6666666666666666666666
6666666666666666666666
7272727272727272727272
4444444444444444444444
9393939393939393939393
7474747474747474747474
5252525252525252525252
7272727272727272727272
4343434343434343434343
7878787878787878787878
6767676767676767676767
5656565656565656565656
4545454545454545454545
5656565656565656565656
6666666666666666666666
6666666666666666666666
7272727272727272727272
4444444444444444444444
9393939393939393939393
7474747474747474747474
5252525252525252525252
7272727272727272727272
4343434343434343434343
7878787878787878787878
6767676767676767676767
5656565656565656565656
4343434343434343434343
5656565656565656565656
6666666666666666666666
6666666666666666666666
7272727272727272727272
4444444444444444444444
9393939393939393939393
7474747474747474747474
5252525252525252525252
7272727272727272727272
4343434343434343434343
7878787878787878787878
6767676767676767676767
5656565656565656565656
4242424242424242424242
5656565656565656565656
6666666666666666666666
6666666666666666666666
7575757575757575757575
4444444444444444444444
9393939393939393939393
7474747474747474747474
5252525252525252525252
7272727272727272727272
4343434343434343434343
7878787878787878787878
6767676767676767676767
5656565656565656565656
4343434343434343434343
5656565656565656565656
6666666666666666666666
6666666666666666666666
7373737373737373737373
4444444444444444444444
9393939393939393939393
7474747474747474747474
5252525252525252525252
7272727272727272727272
4343434343434343434343
7878787878787878787878
6767676767676767676767
5656565656565656565656
4343434343434343434343
5656565656565656565656
6666666666666666666666
6666666666666666666666
7272727272727272727272
4444444444444444444444
9393939393939393939393
7474747474747474747474
5252525252525252525252
7272727272727272727272
4343434343434343434343
7878787878787878787878
6767676767676767676767
5656565656565656565656
4343434343434343434343
5656565656565656565656
6666666666666666666666
6666666666666666666666
7272727272727272727272
4444444444444444444444
9393939393939393131313
7474747474747474747474
5252525252525252525252
7272727272727272121212
4343434343434343434343
7878787878787878787878
6767676767676767671711
5656565656565656565656
4343434343434343434343
5656565656565656565656
6666666666666666666666
6666666666666666666666
7272727272727272727272
4444444444444444444444
8383838383838383838383
7474747474747474747474
5252525252525252525252
7272727272727272727272
4343434343434343434343
7878787878787878787878
6767676767676767676767
5656565656565656565656
4343434343434343434343
5656565656565656565656
6666666666666666666666
6666666666666666666666
7272727272727272727272
4444444444444444444444
9292929292929292929292
7474747474747474747474
5252525252525252525252
7272727272727272727272
4343434343434343434343
7878787878787878787878
6767676767676767676767
5656565656565656565656
4343434343434343434343
5656565656565656565656
6666666666666666666666
6666666666666666666666
7272727272727272727272
4444444444444444444444
9393939393939393939393
7474747474747474747474
5252525252525252525252
7272727272727272727272
4343434343434343434343
7878787878787878787878
5757575757575757575757
5656565656565656565656
4343434343434343434343
5656565656565656565656
6666666666666666666666
6666666666666666666666
7272727272727272727272
4444444444444444444444
9393939393939393939393
7474747474747474747474
5252525252525252525252
7272727272727272727272
4343434343434343434343
7878787878787878787878
6666666666666666666666
5656565656565656565656
4343434343434343434343
5656565656565656565656
6666666666666666666666
6666666666666666666666
7272727272727272727272
4444444444444444444444
9393939393939393939393
7474747474747474747474
5252525252525252525252
6262626262626262626262
4343434343434343434343
7878787878787878787878
6767676767676767676767
5656565656565656565656
4343434343434343434343
5656565656565656565656
6666666666666666666666
6666666666666666666666
7272727272727272727272
4444444444444444444444
9393939393939393939393
7474747474747474747474
5252525252525252525252
7171717171717171717171
4343434343434343434343
7878787878787878787878
6767676767676767676767
5656565656565656565656
4343434343434343434343
5656565656565656565656
6666666666666666666666
6666666666666666666666
7272727272727272727272
4444444444444444444444
9393939393939393939393
7474747474747474747474
5252525252525252525252
7272727272727272727272
4343434343434343434343
7878787878787878787878
6767676767676767676767
4646464646464646464646
4343434343434343434343
5656565656565656565656
6666666666666666666666
6666666666666666666666
7272727272727272727272
4444444444444444444444
9393939393939393939393
7474747474747474747474
5252525252525252525252
7272727272727272727272
4343434343434343434343
7878787878787878787878
6767676767676767676767
5555555555555555555555
4343434343434343434343
5656565656565656565656
6666666666666666666666
6666666666666666666666
7272727272727272727272
4444444444444444444444
9393939393939393939393
7474747474747474747474
5252525252525252525252
7272727272727272727272
3333333333333333333333
7878787878787878787878
6767676767676767676767
5656565656565656565656
4343434343434343434343
5656565656565656565656
6666666666666666666666
6666666666666666666666
7272727272727272727272
4444444444444444444444
9393939393939393939393
7474747474747474747474
5252525252525252525252
7272727272727272727272
4242424242424242424242
7878787878787878787878
6767676767676767676767
5656565656565656565656
4343434343434343434343
5656565656565656565656
6666666666666666666666
6666666666666666666666
7272727272727272727272
4444444444444444444444
9393939393939393939393
7474747474747474747474
5252525252525252525252
7272727272727272727272
4343434343434343434343
7878787878787878787878
6767676767676767676767
5656565656565656565656
4343434343434343434343
4646464646464646464646
6666666666666666666666
6666666666666666666666
