32
7 30 13 36 21 28 15 22 
10 28 23 41 34 30 21 17 
10 34 21 34 21 28 10 28 
13 14 13 23 33 23 33 14 
14 22 14 29 15 29 15 22 
17 32 20 32 20 16 17 16 
19 14 17 16 27 26 29 24 
19 30 19 40 23 40 23 30 
20 24 21 25 24 22 23 21 
21 22 24 22 24 17 21 17 
22 34 33 23 31 21 20 32 
24 27 30 33 31 32 25 26 
24 29 23 30 25 32 26 31 
25 21 25 26 27 26 27 21 
25 41 31 41 31 32 25 32 
26 19 16 29 21 34 31 24 
26 36 27 35 14 22 13 23 
28 37 30 39 39 30 37 28 
29 21 29 24 31 24 31 21 
30 35 27 35 27 39 30 39 
32 18 29 21 36 28 39 25 
33 25 35 25 35 23 33 23 
34 28 34 30 36 30 36 28 
36 23 39 20 33 14 30 17 
36 27 41 27 41 23 36 23 
37 31 26 31 26 36 37 36 
40 26 36 30 37 31 41 27 
6 21 14 29 21 22 13 14 
16 27 16 29 24 29 24 27 
20 36 25 41 27 39 22 34 
22 24 22 34 29 34 29 24 
28 25 28 37 33 37 33 25 
