158
7 34 14 41 22 33 15 26 
7 39 14 39 14 34 7 34 
10 26 15 31 18 28 13 23 
10 31 14 31 14 26 10 26 
11 24 15 28 19 24 15 20 
11 31 14 34 20 28 17 25 
12 44 20 36 15 31 7 39 
13 22 13 23 19 23 19 22 
14 17 19 22 22 19 17 14 
15 18 15 20 16 20 16 18 
15 33 19 33 19 31 15 31 
15 41 16 41 16 36 15 36 
16 14 21 19 22 18 17 13 
16 35 17 34 14 31 13 32 
16 37 14 39 16 41 18 39 
17 19 16 20 19 23 20 22 
17 30 23 30 23 25 17 25 
17 36 20 36 20 34 17 34 
17 41 20 41 20 37 17 37 
18 10 13 15 16 18 21 13 
18 11 14 15 17 18 21 14 
18 26 15 26 15 28 18 28 
18 32 18 35 24 35 24 32 
18 42 26 34 25 33 17 41 
19 14 17 14 17 18 19 18 
19 40 20 41 22 39 21 38 
20 19 20 22 21 22 21 19 
20 23 21 24 22 23 21 22 
20 24 20 23 19 23 19 24 
20 27 17 30 20 33 23 30 
20 29 25 34 27 32 22 27 
20 32 19 31 18 32 19 33 
21 16 22 17 25 14 24 13 
21 25 24 28 27 25 24 22 
21 36 22 37 24 35 23 34 
21 40 21 38 19 38 19 40 
22 14 22 13 21 13 21 14 
22 15 14 15 14 17 22 17 
22 22 22 23 24 23 24 22 
22 28 24 28 24 27 22 27 
22 29 22 28 20 28 20 29 
22 36 22 37 28 37 28 36 
22 40 25 40 25 39 22 39 
23 33 23 34 25 34 25 33 
23 38 25 40 28 37 26 35 
24 15 24 16 26 16 26 15 
24 17 22 17 22 18 24 18 
24 25 27 25 27 23 24 23 
24 38 25 39 28 36 27 35 
25 11 22 14 24 16 27 13 
25 19 24 20 25 21 26 20 
25 25 22 28 30 36 33 33 
25 26 25 32 27 32 27 26 
25 35 26 35 26 34 25 34 
25 38 25 35 24 35 24 38 
25 42 26 41 25 40 24 41 
26 14 27 14 27 13 26 13 
26 18 24 18 24 20 26 20 
26 21 22 17 20 19 24 23 
26 23 25 24 27 26 28 25 
26 27 30 31 31 30 27 26 
26 30 31 30 31 27 26 27 
26 40 25 40 25 41 26 41 
26 42 27 41 26 40 25 41 
27 12 26 13 27 14 28 13 
27 15 26 16 28 18 29 17 
27 18 29 20 31 18 29 16 
27 22 28 22 28 18 27 18 
27 31 30 34 34 30 31 27 
27 42 27 41 26 41 26 42 
28 15 28 14 27 14 27 15 
28 24 29 23 28 22 27 23 
28 38 29 38 29 37 28 37 
28 40 29 40 29 39 28 39 
29 13 28 14 30 16 31 15 
29 15 29 16 30 16 30 15 
29 18 31 18 31 17 29 17 
29 21 29 20 26 20 26 21 
29 25 29 26 31 26 31 25 
29 31 29 32 30 32 30 31 
29 34 29 36 30 36 30 34 
30 38 29 37 28 38 29 39 
30 39 31 38 30 37 29 38 
30 41 34 41 34 39 30 39 
30 43 34 39 29 34 25 38 
31 16 32 17 33 16 32 15 
31 19 33 19 33 18 31 18 
31 32 34 32 34 30 31 30 
31 33 31 32 30 32 30 33 
31 37 30 37 30 38 31 38 
31 40 30 39 29 40 30 41 
32 13 32 15 33 15 33 13 
32 16 32 17 33 17 33 16 
32 18 33 17 32 16 31 17 
32 20 33 19 32 18 31 19 
32 23 37 23 37 22 32 22 
32 38 31 38 31 40 32 40 
33 12 32 13 35 16 36 15 
33 21 33 24 34 24 34 21 
33 25 34 26 35 25 34 24 
34 28 34 29 38 29 38 28 
34 37 35 36 31 32 30 33 
35 13 35 15 36 15 36 13 
35 22 34 21 32 23 33 24 
35 29 39 25 38 24 34 28 
35 37 35 36 34 36 34 37 
36 16 38 18 41 15 39 13 
36 17 36 18 38 18 38 17 
36 19 37 20 39 18 38 17 
36 21 37 21 37 20 36 20 
36 22 37 21 36 20 35 21 
36 27 33 24 31 26 34 29 
36 34 40 30 38 28 34 32 
36 35 38 35 38 34 36 34 
36 38 36 39 39 39 39 38 
37 25 39 25 39 23 37 23 
37 31 37 37 40 37 40 31 
37 34 40 31 38 29 35 32 
37 35 36 34 34 36 35 37 
37 36 38 35 37 34 36 35 
38 16 35 13 33 15 36 18 
38 21 37 20 36 21 37 22 
38 26 38 24 34 24 34 26 
38 40 39 39 37 37 36 38 
39 21 39 18 38 18 38 21 
40 19 40 20 41 20 41 19 
40 41 40 39 39 39 39 41 
41 13 39 13 39 15 41 15 
41 21 40 20 39 21 40 22 
41 38 40 37 39 38 40 39 
13 18 14 18 14 17 13 17 
13 24 14 25 20 19 19 18 
13 30 13 32 17 32 17 30 
14 24 13 24 13 25 14 25 
19 34 18 35 20 37 21 36 
22 21 25 21 25 19 22 19 
22 30 24 32 26 30 24 28 
23 24 24 25 25 24 24 23 
23 26 24 27 25 26 24 25 
23 41 24 41 24 38 23 38 
24 42 25 42 25 41 24 41 
25 10 18 10 18 11 25 11 
27 16 28 15 27 14 26 15 
27 17 27 16 26 16 26 17 
30 25 32 23 29 20 27 22 
30 27 31 26 30 25 29 26 
31 21 32 22 33 21 32 20 
31 23 31 21 29 21 29 23 
32 36 31 37 32 38 33 37 
32 39 34 41 36 39 34 37 
33 27 29 31 30 32 34 28 
33 41 36 38 35 37 32 40 
34 19 36 17 35 16 33 18 
34 31 30 27 25 32 29 36 
35 27 35 25 33 25 33 27 
38 15 38 16 39 16 39 15 
24 40 23 41 24 42 25 41 
34 18 34 19 36 19 36 18 
