83
5 22 13 30 21 22 13 14 
6 25 16 35 26 25 16 15 
10 18 13 21 18 16 15 13 
10 22 15 22 15 18 10 18 
13 25 13 30 14 30 14 25 
13 32 13 37 24 37 24 32 
14 26 21 33 25 29 18 22 
14 36 14 39 20 39 20 36 
15 24 14 25 25 36 26 35 
16 21 27 21 27 15 16 15 
16 27 16 35 26 35 26 27 
16 32 20 36 24 32 20 28 
17 22 25 14 24 13 16 21 
17 24 17 22 15 22 15 24 
18 18 20 18 20 16 18 16 
18 19 18 22 21 22 21 19 
18 20 15 17 10 22 13 25 
18 35 22 39 24 37 20 33 
19 17 20 18 21 17 20 16 
20 20 25 25 26 24 21 19 
21 13 21 17 24 17 24 13 
21 28 20 28 20 33 21 33 
22 14 22 16 25 16 25 14 
22 18 22 19 34 19 34 18 
22 28 22 39 29 39 29 28 
24 16 22 18 29 25 31 23 
24 43 34 33 30 29 20 39 
25 24 25 25 26 25 26 24 
25 43 25 37 24 37 24 43 
26 39 28 41 36 33 34 31 
27 22 27 25 29 25 29 22 
27 24 29 22 24 17 22 19 
27 32 27 29 25 29 25 32 
27 33 27 35 28 35 28 33 
28 36 32 32 31 31 27 35 
28 38 29 39 35 33 34 32 
30 25 32 25 32 21 30 21 
30 30 25 25 22 28 27 33 
31 18 27 22 30 25 34 21 
31 22 31 23 36 23 36 22 
31 28 31 31 34 31 34 28 
31 32 36 27 31 22 26 27 
32 17 34 19 35 18 33 16 
32 33 34 33 34 32 32 32 
33 15 33 16 34 16 34 15 
33 19 36 22 37 21 34 18 
33 27 36 27 36 26 33 26 
33 38 28 38 28 41 33 41 
34 24 35 25 37 23 36 22 
34 27 37 24 36 23 33 26 
35 15 37 17 39 15 37 13 
35 19 41 19 41 18 35 18 
35 21 35 19 34 19 34 21 
35 35 36 35 36 33 35 33 
35 36 35 35 28 35 28 36 
35 38 37 40 40 37 38 35 
36 24 37 24 37 23 36 23 
36 31 38 31 38 27 36 27 
36 37 38 37 38 35 36 35 
38 32 40 30 36 26 34 28 
38 33 39 33 39 32 38 32 
39 17 37 17 37 21 39 21 
40 29 30 29 30 30 40 30 
40 35 38 33 36 35 38 37 
41 30 40 29 38 31 39 32 
41 35 41 30 40 30 40 35 
43 21 41 19 39 21 41 23 
43 22 43 21 39 21 39 22 
44 23 43 22 38 27 39 28 
9 34 14 39 18 35 13 30 
15 33 16 32 14 30 13 31 
19 13 15 13 15 17 19 17 
28 10 22 16 27 21 33 15 
30 27 31 28 33 26 32 25 
34 37 33 38 34 39 35 38 
36 36 39 33 38 32 35 35 
36 39 36 37 34 37 34 39 
39 37 40 37 40 35 39 35 
43 37 41 35 39 37 41 39 
44 19 41 19 41 23 44 23 
29 27 30 27 30 25 29 25 
38 39 39 39 39 37 38 37 
25 27 27 29 29 27 27 25 
