83
9 25 13 29 24 18 20 14 
10 25 13 28 16 25 13 22 
11 31 20 40 22 38 13 29 
11 38 13 40 16 37 14 35 
12 20 15 23 18 20 15 17 
13 16 13 17 15 17 15 16 
13 18 13 22 23 22 23 18 
13 26 16 29 23 22 20 19 
13 30 13 40 15 40 15 30 
14 31 21 38 22 37 15 30 
15 29 24 38 29 33 20 24 
15 37 18 40 20 38 17 35 
16 17 15 16 13 18 14 19 
16 19 16 24 20 24 20 19 
16 20 20 16 17 13 13 17 
16 34 22 34 22 29 16 29 
17 16 20 16 20 14 17 14 
17 31 14 31 14 35 17 35 
17 36 28 36 28 35 17 35 
18 11 13 16 16 19 21 14 
18 26 23 26 23 25 18 25 
18 28 18 26 13 26 13 28 
18 38 18 40 20 40 20 38 
19 24 18 25 22 29 23 28 
20 28 28 36 31 33 23 25 
21 34 26 39 34 31 29 26 
21 37 21 38 22 38 22 37 
22 12 21 13 25 17 26 16 
22 14 22 13 21 13 21 14 
23 13 23 16 25 16 25 13 
24 17 35 28 36 27 25 16 
24 29 23 29 23 38 24 38 
24 40 25 41 29 37 28 36 
25 18 25 17 24 17 24 18 
26 18 25 19 27 21 28 20 
26 19 26 18 25 18 25 19 
26 33 28 35 30 33 28 31 
26 37 29 37 29 33 26 33 
27 19 26 19 26 21 27 21 
27 26 32 21 30 19 25 24 
27 28 29 28 29 26 27 26 
27 38 24 38 24 40 27 40 
28 11 18 11 18 20 28 20 
29 14 26 14 26 16 29 16 
29 22 36 22 36 16 29 16 
30 18 30 19 33 19 33 18 
30 24 25 24 25 25 30 25 
30 28 33 28 33 25 30 25 
30 30 31 31 35 27 34 26 
30 31 30 33 31 33 31 31 
31 21 34 24 36 22 33 19 
31 37 29 37 29 38 31 38 
31 41 37 41 37 38 31 38 
32 26 32 31 34 31 34 26 
32 38 41 29 40 28 31 37 
33 42 37 38 33 34 29 38 
34 17 33 18 38 23 39 22 
35 30 40 25 38 23 33 28 
35 39 37 41 40 38 38 36 
36 28 36 27 35 27 35 28 
37 17 40 14 39 13 36 16 
37 23 37 34 38 34 38 23 
38 31 35 28 32 31 35 34 
38 40 38 41 39 41 39 40 
40 29 41 29 41 28 40 28 
10 24 10 25 16 25 16 24 
11 35 11 38 14 38 14 35 
12 34 11 35 14 38 15 37 
22 17 23 18 24 17 23 16 
22 41 26 37 21 32 17 36 
23 41 23 38 22 38 22 41 
25 21 18 28 31 41 38 34 
26 31 29 28 27 26 24 29 
28 26 30 28 32 26 30 24 
29 30 30 30 30 28 29 28 
32 17 34 17 34 15 32 15 
32 27 29 30 30 31 33 28 
33 30 35 30 35 28 33 28 
33 39 35 39 35 34 33 34 
26 42 33 42 33 39 26 39 
31 12 29 14 32 17 34 15 
31 17 31 21 32 21 32 17 
27 13 26 14 30 18 31 17 
