171
9 28 15 34 20 29 14 23 
11 21 13 23 19 17 17 15 
11 22 23 22 23 21 11 21 
11 36 14 39 16 37 13 34 
11 39 14 39 14 36 11 36 
12 32 14 34 15 33 13 31 
13 17 15 19 16 18 14 16 
13 20 13 23 14 23 14 20 
13 26 15 28 16 27 14 25 
13 30 14 31 15 30 14 29 
13 36 16 39 18 37 15 34 
13 41 16 38 14 36 11 39 
14 18 14 17 13 17 13 18 
14 26 13 27 16 30 17 29 
14 27 14 26 13 26 13 27 
14 33 14 34 15 34 15 33 
14 35 14 34 13 34 13 35 
15 14 15 19 20 19 20 14 
15 29 14 29 14 30 15 30 
15 40 17 40 17 35 15 35 
16 26 16 27 20 27 20 26 
16 34 16 36 19 36 19 34 
16 41 17 40 16 39 15 40 
17 18 19 18 19 17 17 17 
17 30 17 29 16 29 16 30 
18 11 15 14 19 18 22 15 
18 13 14 17 20 23 24 19 
18 16 18 13 14 13 14 16 
18 23 14 23 14 24 18 24 
18 28 20 26 18 24 16 26 
18 31 21 31 21 28 18 28 
18 35 19 36 20 35 19 34 
19 20 22 23 23 22 20 19 
19 26 20 27 21 26 20 25 
19 31 16 34 17 35 20 32 
19 39 18 39 18 41 19 41 
19 42 24 37 23 36 18 41 
20 34 23 37 26 34 23 31 
20 36 20 37 23 37 23 36 
20 42 24 38 23 37 19 41 
21 13 20 14 21 15 22 14 
21 14 21 15 22 15 22 14 
21 19 23 21 26 18 24 16 
21 24 22 24 22 23 21 23 
21 30 25 34 30 29 26 25 
21 35 23 35 23 31 21 31 
21 37 20 36 19 37 20 38 
22 16 24 16 24 15 22 15 
22 19 24 21 27 18 25 16 
22 25 23 24 22 23 21 24 
22 26 25 29 29 25 26 22 
22 33 20 33 20 34 22 34 
23 23 22 24 24 26 25 25 
23 25 25 25 25 24 23 24 
23 26 22 27 25 30 26 29 
23 27 23 26 22 26 22 27 
23 38 24 38 24 37 23 37 
23 42 23 38 20 38 20 42 
24 27 23 27 23 30 24 30 
24 31 25 31 25 30 24 30 
24 35 25 36 26 35 25 34 
24 41 20 37 19 38 23 42 
25 13 25 14 26 14 26 13 
25 19 25 18 24 18 24 19 
25 22 28 25 33 20 30 17 
25 23 25 22 23 22 23 23 
25 35 26 35 26 34 25 34 
26 12 25 13 26 14 27 13 
26 16 26 18 27 18 27 16 
26 26 28 28 31 25 29 23 
26 27 26 29 30 29 30 27 
26 30 25 29 24 30 25 31 
26 32 25 31 22 34 23 35 
26 33 28 33 28 32 26 32 
26 38 29 38 29 36 26 36 
26 41 26 38 24 38 24 41 
27 20 26 20 26 22 27 22 
27 28 29 26 28 25 26 27 
27 30 28 30 28 28 27 28 
27 31 28 32 29 31 28 30 
27 39 30 39 30 37 27 37 
27 42 30 39 29 38 26 41 
28 14 26 16 29 19 31 17 
28 15 26 13 25 14 27 16 
28 17 30 17 30 15 28 15 
28 21 27 22 31 26 32 25 
28 23 28 25 29 25 29 23 
28 26 28 25 26 25 26 26 
28 29 31 32 33 30 30 27 
28 34 29 34 29 33 28 33 
28 38 27 37 26 38 27 39 
29 35 30 36 32 34 31 33 
30 13 29 14 30 15 31 14 
30 20 31 20 31 17 30 17 
30 21 32 23 33 22 31 20 
30 23 32 23 32 22 30 22 
30 33 29 34 34 39 35 38 
30 40 34 40 34 39 30 39 
31 21 32 22 33 21 32 20 
31 30 33 32 35 30 33 28 
31 36 31 33 30 33 30 36 
31 37 32 38 38 32 37 31 
32 13 32 15 36 15 36 13 
32 21 32 20 31 20 31 21 
32 26 35 26 35 25 32 25 
32 27 31 27 31 30 32 30 
32 28 35 31 38 28 35 25 
32 33 33 33 33 32 32 32 
32 35 32 34 29 34 29 35 
32 37 37 37 37 35 32 35 
32 41 35 41 35 38 32 38 
32 42 34 40 32 38 30 40 
33 11 31 13 37 19 39 17 
33 12 32 13 35 16 36 15 
33 19 33 20 34 20 34 19 
33 24 33 28 34 28 34 24 
33 26 35 28 37 26 35 24 
33 31 32 32 33 33 34 32 
34 23 36 23 36 20 34 20 
34 30 35 30 35 28 34 28 
34 31 34 30 33 30 33 31 
35 14 31 14 31 16 35 16 
35 17 39 17 39 16 35 16 
35 18 34 17 33 18 34 19 
35 20 37 22 38 21 36 19 
35 21 33 21 33 22 35 22 
35 32 35 31 34 31 34 32 
36 32 36 36 38 36 38 32 
36 33 38 31 37 30 35 32 
37 15 36 15 36 19 37 19 
37 24 37 22 35 22 35 24 
38 12 37 13 39 15 40 14 
38 23 37 22 36 23 37 24 
38 26 37 26 37 28 38 28 
38 30 37 30 37 31 38 31 
38 34 37 35 38 36 39 35 
39 13 38 13 38 15 39 15 
39 25 40 24 36 20 35 21 
39 26 37 24 35 26 37 28 
39 37 38 36 37 37 38 38 
39 38 38 38 38 40 39 40 
40 13 38 15 39 16 41 14 
40 15 41 15 41 14 40 14 
40 22 40 24 41 24 41 22 
40 26 39 25 38 26 39 27 
40 27 40 26 39 26 39 27 
40 28 40 29 41 29 41 28 
9 19 9 28 15 28 15 19 
14 15 15 14 14 13 13 14 
14 41 16 41 16 39 14 39 
21 16 21 19 22 19 22 16 
21 32 22 33 24 31 23 30 
24 14 22 16 24 18 26 16 
24 36 25 36 25 35 24 35 
26 11 26 12 33 12 33 11 
26 31 27 31 27 30 26 30 
27 33 28 34 29 33 28 32 
27 41 27 42 32 42 32 41 
28 20 28 21 30 21 30 20 
29 13 29 14 30 14 30 13 
29 21 30 20 29 19 28 20 
29 32 27 30 26 31 28 33 
30 12 29 13 30 14 31 13 
31 31 29 31 29 32 31 32 
34 18 35 18 35 17 34 17 
35 19 34 18 33 19 34 20 
38 39 39 38 33 32 32 33 
39 28 40 29 41 28 40 27 
39 31 41 29 40 28 38 30 
39 32 41 32 41 31 39 31 
13 40 14 41 15 40 14 39 
