118
6 24 13 31 20 24 13 17 
6 27 16 27 16 24 6 24 
10 24 14 28 18 24 14 20 
10 35 13 38 17 34 14 31 
13 28 13 31 14 31 14 28 
13 32 13 38 14 38 14 32 
14 18 15 18 15 15 14 15 
14 26 19 26 19 20 14 20 
14 40 15 41 18 38 17 37 
15 39 15 38 14 38 14 39 
15 40 15 41 17 41 17 40 
16 15 22 21 23 20 17 14 
16 17 24 17 24 15 16 15 
16 19 16 23 18 23 18 19 
16 21 17 22 19 20 18 19 
16 25 19 28 21 26 18 23 
16 31 24 39 27 36 19 28 
16 41 17 40 16 39 15 40 
17 16 22 16 22 14 17 14 
17 18 16 17 15 18 16 19 
18 25 16 27 17 28 19 26 
18 34 22 38 24 36 20 32 
18 36 28 26 24 22 14 32 
18 41 21 41 21 38 18 38 
19 39 23 39 23 28 19 28 
20 23 18 23 18 24 20 24 
20 29 27 29 27 24 20 24 
20 35 27 35 27 32 20 32 
21 22 22 23 23 22 22 21 
21 25 21 26 22 26 22 25 
21 31 22 30 16 24 15 25 
21 32 25 36 33 28 29 24 
21 36 21 34 18 34 18 36 
21 39 20 40 21 41 22 40 
22 17 24 19 26 17 24 15 
22 37 22 38 32 38 32 37 
23 15 22 16 25 19 26 18 
23 18 22 18 22 20 23 20 
23 21 23 22 24 22 24 21 
24 13 24 14 25 14 25 13 
24 18 26 18 26 17 24 17 
24 28 28 24 26 22 22 26 
24 41 24 39 23 39 23 41 
24 42 26 40 25 39 23 41 
25 12 24 13 25 14 26 13 
25 16 28 16 28 14 25 14 
25 20 25 19 24 19 24 20 
25 22 26 21 25 20 24 21 
25 28 25 25 24 25 24 28 
25 42 34 33 33 32 24 41 
26 20 26 21 35 21 35 20 
26 28 25 28 25 36 26 36 
26 31 29 28 26 25 23 28 
26 39 27 39 27 36 26 36 
26 42 29 39 26 36 23 39 
27 17 28 16 25 13 24 14 
27 18 28 19 31 16 30 15 
27 23 28 23 28 19 27 19 
27 40 29 40 29 39 27 39 
27 42 27 40 26 40 26 42 
28 17 27 17 27 18 28 18 
28 27 33 27 33 26 28 26 
29 21 32 24 35 21 32 18 
29 23 28 23 28 24 29 24 
30 36 32 38 36 34 34 32 
31 18 31 22 32 22 32 18 
31 25 31 22 26 22 26 25 
32 16 36 16 36 14 32 14 
32 17 32 16 31 16 31 17 
32 26 29 29 30 30 33 27 
33 29 33 28 29 28 29 29 
33 33 34 33 34 32 33 32 
34 21 35 20 32 17 31 18 
34 34 36 36 41 31 39 29 
34 35 36 35 36 34 34 34 
35 15 36 16 37 15 36 14 
35 17 40 22 41 21 36 16 
35 24 36 23 35 22 34 23 
35 27 40 27 40 24 35 24 
36 26 36 23 34 23 34 26 
37 17 37 15 35 15 35 17 
37 21 35 21 35 22 37 22 
37 37 38 37 38 33 37 33 
38 13 38 14 39 14 39 13 
38 40 40 40 40 37 38 37 
39 22 40 22 40 16 39 16 
39 28 35 24 33 26 37 30 
39 31 35 27 33 29 37 33 
39 41 41 41 41 31 39 31 
40 28 39 28 39 29 40 29 
40 35 38 33 36 35 38 37 
40 36 40 35 36 35 36 36 
40 42 41 41 40 40 39 41 
41 15 39 13 38 14 40 16 
10 25 13 28 16 25 13 22 
15 22 17 22 17 18 15 18 
15 35 15 25 10 25 10 35 
18 42 20 40 19 39 17 41 
21 27 16 27 16 31 21 31 
21 44 24 41 21 38 18 41 
23 19 22 20 23 21 24 20 
23 44 23 41 21 41 21 44 
25 41 24 41 24 42 25 42 
28 22 29 21 27 19 26 20 
29 13 28 14 31 17 32 16 
29 30 27 32 32 37 34 35 
29 36 30 36 30 30 29 30 
30 21 31 22 39 14 38 13 
31 21 35 17 32 14 28 18 
34 38 35 39 37 37 36 36 
38 21 37 22 38 23 39 22 
38 42 39 41 38 40 37 41 
41 23 41 21 38 21 38 23 
17 42 18 42 18 41 17 41 
29 42 38 42 38 40 29 40 
30 24 32 22 31 21 29 23 
39 23 40 24 41 23 40 22 
34 24 36 26 39 23 37 21 
