129
9 17 13 21 17 17 13 13 
9 18 14 18 14 17 9 17 
11 28 18 35 23 30 16 23 
12 28 14 30 15 29 13 27 
12 32 13 33 15 31 14 30 
12 35 17 40 18 39 13 34 
13 22 27 36 29 34 15 20 
13 30 13 33 14 33 14 30 
13 35 18 35 18 34 13 34 
14 19 18 19 18 18 14 18 
15 27 15 29 19 29 19 27 
15 30 17 32 19 30 17 28 
15 32 17 32 17 31 15 31 
15 39 16 38 14 36 13 37 
15 41 15 39 13 39 13 41 
16 16 20 16 20 14 16 14 
16 20 13 23 14 24 17 21 
16 21 16 23 17 23 17 21 
16 28 20 24 19 23 15 27 
16 36 16 38 20 38 20 36 
17 41 23 41 23 40 17 40 
18 20 18 22 19 22 19 20 
18 28 16 30 17 31 19 29 
18 30 18 28 17 28 17 30 
18 36 20 38 22 36 20 34 
18 38 16 36 13 39 15 41 
19 11 16 14 21 19 24 16 
19 15 19 18 28 18 28 15 
19 31 22 34 24 32 21 29 
19 32 18 33 21 36 22 35 
20 19 19 18 18 19 19 20 
20 20 21 20 21 19 20 19 
20 22 20 24 23 24 23 22 
20 30 19 30 19 31 20 31 
20 35 22 35 22 34 20 34 
20 44 23 41 20 38 17 41 
21 15 20 14 19 15 20 16 
21 24 23 22 21 20 19 22 
23 23 24 22 21 19 20 20 
23 26 26 26 26 24 23 24 
23 33 26 33 26 30 23 30 
23 38 23 39 31 39 31 38 
24 14 28 18 29 17 25 13 
24 28 26 30 28 28 26 26 
24 35 29 40 31 38 26 33 
24 36 24 41 26 41 26 36 
25 19 27 19 27 13 25 13 
25 21 30 26 31 25 26 20 
25 26 27 28 29 26 27 24 
25 28 24 28 24 32 25 32 
25 35 24 36 25 37 26 36 
26 17 24 19 33 28 35 26 
27 23 27 24 31 24 31 23 
27 34 27 33 26 33 26 34 
27 41 30 41 30 36 27 36 
28 12 27 13 33 19 34 18 
28 21 34 21 34 18 28 18 
28 30 28 28 27 28 27 30 
28 31 29 32 31 30 30 29 
28 37 27 36 23 40 24 41 
29 16 29 14 24 14 24 16 
29 20 29 17 26 17 26 20 
29 22 29 26 30 26 30 22 
29 28 29 32 33 32 33 28 
29 29 28 30 39 41 40 40 
29 37 30 36 27 33 26 34 
30 15 29 14 28 15 29 16 
30 31 35 31 35 29 30 29 
31 21 28 18 27 19 30 22 
32 15 37 15 37 13 32 13 
32 20 34 22 35 21 33 19 
32 21 34 23 37 20 35 18 
32 24 33 25 35 23 34 22 
32 25 32 24 31 24 31 25 
33 12 32 13 40 21 41 20 
33 20 33 19 32 19 32 20 
33 27 35 29 36 28 34 26 
33 40 34 41 38 37 37 36 
33 44 36 41 33 38 30 41 
34 16 35 17 37 15 36 14 
34 34 34 41 35 41 35 34 
34 40 38 36 37 35 33 39 
35 16 34 16 34 17 35 17 
35 22 35 21 34 21 34 22 
36 22 35 22 35 23 36 23 
36 25 39 25 39 23 36 23 
36 27 36 25 33 25 33 27 
36 30 35 31 40 36 41 35 
36 40 36 41 39 41 39 40 
37 16 38 16 38 15 37 15 
37 18 37 20 41 20 41 18 
37 26 37 28 38 28 38 26 
37 29 37 35 41 35 41 29 
37 37 38 37 38 36 37 36 
38 18 39 17 38 16 37 17 
38 22 40 22 40 21 38 21 
38 24 39 25 40 24 39 23 
38 27 37 26 36 27 37 28 
38 31 36 29 33 32 35 34 
38 38 33 38 33 39 38 39 
39 36 39 37 40 37 40 36 
41 24 38 21 36 23 39 26 
41 38 40 37 38 39 39 40 
42 28 39 25 38 26 41 29 
42 31 42 28 38 28 38 31 
42 38 40 36 39 37 41 39 
42 39 42 38 41 38 41 39 
11 32 12 32 12 28 11 28 
12 37 13 37 13 35 12 35 
13 38 18 33 17 32 12 37 
15 16 15 20 16 20 16 16 
15 43 17 41 15 39 13 41 
17 20 18 19 15 16 14 17 
17 43 17 41 15 41 15 43 
22 38 24 36 22 34 20 36 
22 44 22 38 20 38 20 44 
24 21 25 21 25 19 24 19 
24 46 31 39 29 37 22 44 
27 26 25 28 27 30 29 28 
28 34 28 37 29 37 29 34 
29 44 33 44 33 40 29 40 
30 17 32 19 34 17 32 15 
32 17 32 15 30 15 30 17 
41 22 40 22 40 24 41 24 
18 44 23 39 22 38 17 43 
23 46 24 46 24 41 23 41 
24 47 30 41 29 40 23 46 
25 22 30 17 29 16 24 21 
28 22 28 21 25 21 25 22 
