108
5 30 14 39 22 31 13 22 
8 23 13 28 18 23 13 18 
8 26 13 26 13 23 8 23 
10 24 8 26 16 34 18 32 
10 32 13 35 18 30 15 27 
11 30 14 33 16 31 13 28 
11 38 14 41 20 35 17 32 
13 30 18 30 18 28 13 28 
13 33 16 36 18 34 15 31 
13 34 13 35 16 35 16 34 
14 15 15 16 17 14 16 13 
14 16 14 15 13 15 13 16 
14 27 15 27 15 16 14 16 
15 17 16 16 15 15 14 16 
15 18 16 19 19 16 18 15 
15 21 13 23 16 26 18 24 
15 36 16 35 14 33 13 34 
15 39 14 39 14 41 15 41 
16 17 16 19 26 19 26 17 
16 27 15 27 15 31 16 31 
16 37 16 36 15 36 15 37 
17 13 17 14 18 14 18 13 
17 16 17 20 19 20 19 16 
17 22 17 20 13 20 13 22 
17 30 19 32 22 29 20 27 
17 34 18 34 18 32 17 32 
17 37 16 36 15 37 16 38 
17 38 17 37 16 37 16 38 
17 40 17 41 20 41 20 40 
18 22 18 23 19 23 19 22 
18 31 19 31 19 30 18 30 
18 40 16 38 15 39 17 41 
19 39 26 39 26 38 19 38 
20 15 20 14 18 14 18 15 
20 23 21 24 26 19 25 18 
20 24 20 23 19 23 19 24 
20 31 19 31 19 32 20 32 
20 36 30 26 29 25 19 35 
21 11 18 14 20 16 23 13 
21 16 17 20 19 22 23 18 
21 19 18 22 19 23 22 20 
21 25 20 24 17 27 18 28 
22 27 19 24 16 27 19 30 
22 38 21 37 19 39 20 40 
23 21 23 23 33 23 33 21 
23 32 20 32 20 35 23 35 
24 26 24 31 27 31 27 26 
24 28 20 32 23 35 27 31 
24 33 25 32 24 31 23 32 
24 41 26 39 19 32 17 34 
24 45 29 40 25 36 20 41 
25 13 23 13 23 18 25 18 
25 14 24 15 26 17 27 16 
25 28 25 32 36 32 36 28 
26 40 29 40 29 39 26 39 
26 45 26 41 24 41 24 45 
27 11 21 11 21 16 27 16 
27 19 23 23 29 29 33 25 
27 28 28 29 31 26 30 25 
27 36 35 36 35 31 27 31 
28 25 28 29 29 29 29 25 
28 31 31 34 32 33 29 30 
28 33 36 41 39 38 31 30 
28 38 26 40 27 41 29 39 
28 47 37 38 35 36 26 45 
29 17 31 15 27 11 25 13 
30 30 30 34 31 34 31 30 
31 16 27 16 27 19 31 19 
31 21 32 20 31 19 30 20 
31 25 30 25 30 26 31 26 
31 28 28 25 27 26 30 29 
32 16 34 18 36 16 34 14 
32 29 39 29 39 20 32 20 
32 32 36 36 40 32 36 28 
33 18 34 18 34 14 33 14 
33 27 38 27 38 25 33 25 
33 28 32 29 38 35 39 34 
33 35 36 32 35 31 32 34 
33 37 30 34 26 38 29 41 
33 41 33 40 29 40 29 41 
34 28 37 31 39 29 36 26 
35 16 33 14 31 16 33 18 
35 18 36 18 36 16 35 16 
35 19 33 21 35 23 37 21 
35 22 39 18 38 17 34 21 
35 25 33 23 31 25 33 27 
35 41 36 41 36 36 35 36 
36 35 38 35 38 32 36 32 
37 15 37 17 38 17 38 15 
37 37 34 40 35 41 38 38 
37 47 37 38 28 38 28 47 
38 37 41 37 41 35 38 35 
38 41 39 41 39 38 38 38 
39 21 40 20 37 17 36 18 
39 33 32 33 32 34 39 34 
41 22 35 22 35 23 41 23 
5 38 11 38 11 30 5 30 
11 18 13 20 15 18 13 16 
19 36 20 36 20 35 19 35 
20 25 21 25 21 24 20 24 
20 29 22 29 22 27 20 27 
22 33 24 33 24 31 22 31 
22 41 27 36 24 33 19 38 
23 37 33 37 33 35 23 35 
31 31 34 28 33 27 30 30 
34 19 35 19 35 18 34 18 
36 23 38 25 41 22 39 20 
11 16 11 18 13 18 13 16 
