136
12 30 16 34 19 31 15 27 
12 33 13 34 15 32 14 31 
13 15 13 18 16 18 16 15 
13 21 16 21 16 20 13 20 
13 26 13 27 15 27 15 26 
13 30 13 34 16 34 16 30 
14 17 13 18 16 21 17 20 
14 20 20 26 22 24 16 18 
14 38 16 38 16 37 14 37 
15 29 16 30 19 27 18 26 
15 31 20 36 21 35 16 30 
16 14 21 19 22 18 17 13 
16 23 22 23 22 21 16 21 
16 24 17 25 22 20 21 19 
16 27 15 27 15 29 16 29 
17 14 16 15 19 18 20 17 
17 18 17 20 19 20 19 18 
17 34 22 34 22 30 17 30 
17 38 18 37 17 36 16 37 
17 40 17 38 16 38 16 40 
18 25 18 26 20 26 20 25 
18 29 17 30 25 38 26 37 
18 32 15 32 15 35 18 35 
19 24 17 22 16 23 18 25 
19 40 18 39 17 40 18 41 
20 14 24 14 24 13 20 13 
20 22 27 22 27 17 20 17 
20 37 22 37 22 36 20 36 
20 39 20 37 18 37 18 39 
21 27 20 28 21 29 22 28 
21 36 22 37 25 34 24 33 
22 25 24 27 26 25 24 23 
22 26 20 26 20 28 22 28 
22 32 23 33 27 29 26 28 
22 41 24 39 22 37 20 39 
22 42 23 41 16 34 15 35 
23 14 21 16 23 18 25 16 
23 15 23 18 29 18 29 15 
23 16 19 20 22 23 26 19 
23 20 23 18 22 18 22 20 
23 24 23 23 22 23 22 24 
23 28 17 34 18 35 24 29 
23 29 21 29 21 33 23 33 
23 37 26 37 26 35 23 35 
23 42 23 41 22 41 22 42 
24 21 24 20 23 20 23 21 
24 25 24 24 23 24 23 25 
24 28 24 29 26 29 26 28 
24 34 23 33 22 34 23 35 
24 36 23 35 22 36 23 37 
25 20 30 20 30 16 25 16 
25 27 23 25 22 26 24 28 
25 36 25 34 24 34 24 36 
26 12 24 14 27 17 29 15 
26 23 27 24 28 23 27 22 
26 24 26 25 27 25 27 24 
26 30 26 31 29 31 29 30 
26 32 23 29 22 30 25 33 
26 40 30 40 30 37 26 37 
27 28 28 27 27 26 26 27 
27 32 26 32 26 34 27 34 
28 9 24 13 29 18 33 14 
28 13 27 14 33 20 34 19 
28 19 28 13 26 13 26 19 
28 22 27 22 27 23 28 23 
28 24 27 23 26 24 27 25 
28 29 26 31 27 32 29 30 
29 24 29 27 30 27 30 24 
29 29 29 27 28 27 28 29 
29 38 30 37 27 34 26 35 
29 41 32 41 32 38 29 38 
30 29 39 29 39 27 30 27 
30 31 33 34 36 31 33 28 
30 35 34 39 35 38 31 34 
31 17 30 16 23 23 24 24 
31 20 33 20 33 17 31 17 
31 23 33 25 34 24 32 22 
31 26 27 26 27 28 31 28 
31 29 34 32 38 28 35 25 
31 30 31 34 33 34 33 30 
31 41 33 39 32 38 30 40 
32 16 33 17 35 15 34 14 
32 18 32 21 38 21 38 18 
32 27 31 26 30 27 31 28 
33 15 33 14 31 14 31 15 
33 22 32 22 32 25 33 25 
33 33 35 35 36 34 34 32 
33 40 34 40 34 39 33 39 
33 42 34 41 33 40 32 41 
34 21 33 20 32 21 33 22 
34 25 33 25 33 28 34 28 
34 31 34 32 36 32 36 31 
35 14 35 15 37 15 37 14 
35 16 35 17 36 17 36 16 
35 20 37 22 38 21 36 19 
35 34 35 35 36 35 36 34 
35 40 34 40 34 41 35 41 
36 24 38 26 40 24 38 22 
36 26 38 26 38 24 36 24 
36 38 36 39 37 39 37 38 
37 19 38 18 36 16 35 17 
37 40 38 39 37 38 36 39 
38 15 37 14 35 16 36 17 
38 40 38 39 37 39 37 40 
39 18 35 14 28 21 32 25 
39 30 35 34 36 35 40 31 
40 26 39 27 40 28 41 27 
40 30 39 29 36 32 37 33 
40 36 37 39 38 40 41 37 
41 25 41 20 35 20 35 25 
41 26 40 26 40 27 41 27 
41 30 40 30 40 31 41 31 
10 23 13 26 16 23 13 20 
10 24 13 27 16 24 13 21 
13 40 14 40 14 38 13 38 
14 29 14 31 15 31 15 29 
16 13 16 14 17 14 17 13 
16 36 17 36 17 34 16 34 
16 41 17 40 14 37 13 38 
19 38 19 40 25 40 25 38 
21 24 19 24 19 27 21 27 
21 26 22 25 21 24 20 25 
25 19 28 22 30 20 27 17 
25 25 24 25 24 27 25 27 
26 21 24 21 24 23 26 23 
28 30 29 31 30 30 29 29 
29 33 30 33 30 31 29 31 
30 21 31 20 29 18 28 19 
30 42 33 42 33 40 30 40 
31 21 31 20 30 20 30 21 
36 22 37 22 37 19 36 19 
36 23 40 27 41 26 37 22 
37 21 33 17 32 18 36 22 
10 37 13 40 16 37 13 34 
12 29 13 30 14 29 13 28 
14 41 16 41 16 40 14 40 
