92
8 24 15 31 23 23 16 16 
8 31 14 31 14 24 8 24 
10 36 14 40 17 37 13 33 
11 32 13 34 17 30 15 28 
11 33 13 33 13 32 11 32 
13 14 13 21 15 21 15 14 
13 25 15 27 16 26 14 24 
13 35 13 38 14 38 14 35 
14 15 15 14 14 13 13 14 
14 22 15 21 14 20 13 21 
14 36 22 28 21 27 13 35 
14 37 13 38 14 39 15 38 
15 20 16 21 18 19 17 18 
15 22 17 24 18 23 16 21 
15 24 15 27 17 27 17 24 
15 34 16 33 14 31 13 32 
15 39 14 39 14 40 15 40 
16 22 16 21 15 21 15 22 
16 36 16 39 24 39 24 36 
17 15 21 19 23 17 19 13 
17 28 21 28 21 27 17 27 
17 31 17 30 15 30 15 31 
17 33 17 35 18 35 18 33 
17 34 18 35 19 34 18 33 
18 25 18 23 13 23 13 25 
19 19 19 13 18 13 18 19 
19 33 19 34 26 34 26 33 
19 39 18 40 19 41 20 40 
19 40 19 41 20 41 20 40 
20 23 22 23 22 13 20 13 
20 39 15 34 14 35 19 40 
21 18 21 19 27 19 27 18 
21 21 21 19 19 19 19 21 
21 22 16 22 16 26 21 26 
21 24 22 23 21 22 20 23 
21 40 22 40 22 32 21 32 
22 29 26 33 27 32 23 28 
24 20 24 28 28 28 28 20 
24 26 26 24 21 19 19 21 
24 29 24 28 23 28 23 29 
24 30 25 29 24 28 23 29 
24 38 19 33 17 35 22 40 
24 40 28 40 28 39 24 39 
25 14 23 14 23 17 25 17 
25 21 31 21 31 17 25 17 
25 27 27 29 28 28 26 26 
25 30 25 29 24 29 24 30 
25 40 27 38 26 37 24 39 
26 18 24 20 25 21 27 19 
26 25 31 25 31 24 26 24 
26 35 32 29 21 18 15 24 
26 38 28 40 34 34 32 32 
27 27 27 26 26 26 26 27 
27 37 26 37 26 38 27 38 
28 9 23 14 27 18 32 13 
29 9 28 9 28 19 29 19 
29 14 27 16 35 24 37 22 
29 24 37 32 41 28 33 20 
29 37 39 27 36 24 26 34 
30 20 32 18 31 17 29 19 
30 37 30 39 33 39 33 37 
31 27 39 27 39 25 31 25 
31 29 31 27 27 27 27 29 
31 32 32 32 32 29 31 29 
31 33 31 34 34 34 34 33 
31 35 31 34 26 34 26 35 
31 40 37 34 36 33 30 39 
32 22 32 26 37 26 37 22 
32 31 27 26 26 27 31 32 
32 41 35 41 35 32 32 32 
33 14 33 20 39 20 39 14 
33 24 33 29 35 29 35 24 
34 15 32 15 32 18 34 18 
34 28 32 26 31 27 33 29 
34 38 37 38 37 34 34 34 
34 40 35 41 39 37 38 36 
35 16 34 15 25 24 26 25 
35 19 34 18 31 21 32 22 
35 35 33 37 34 38 36 36 
37 20 32 15 28 19 33 24 
37 28 37 32 41 32 41 28 
38 41 38 36 36 36 36 41 
39 22 40 22 40 20 39 20 
39 31 38 30 36 32 37 33 
14 18 17 18 17 15 14 15 
14 34 15 34 15 31 14 31 
21 29 22 29 22 28 21 28 
22 38 24 40 26 38 24 36 
25 44 30 39 26 35 21 40 
27 30 31 34 37 28 33 24 
31 38 31 40 34 40 34 38 
25 32 27 32 27 30 25 30 
