29
13 21 13 24 21 24 21 21 
16 14 16 16 27 16 27 14 
16 20 16 26 17 26 17 20 
16 21 20 25 21 24 17 20 
17 23 13 27 15 29 19 25 
17 28 17 38 31 38 31 28 
18 18 16 16 14 18 16 20 
18 34 18 18 14 18 14 34 
18 35 22 31 17 26 13 30 
19 26 31 38 32 37 20 25 
20 15 19 15 19 25 20 25 
20 22 16 26 25 35 29 31 
22 15 22 21 24 21 24 15 
22 35 25 35 25 31 22 31 
24 44 39 29 29 19 14 34 
25 18 22 21 27 26 30 23 
27 37 28 37 28 26 27 26 
29 1 16 14 28 26 41 13 
29 18 25 18 25 19 29 19 
29 36 35 36 35 31 29 31 
29 37 35 31 19 15 13 21 
30 29 39 29 39 23 30 23 
32 13 32 20 40 20 40 13 
34 31 31 28 30 29 33 32 
38 37 38 25 32 25 32 37 
40 38 31 38 31 41 40 41 
15 22 13 24 17 28 19 26 
35 40 38 37 37 36 34 39 
37 40 37 36 35 36 35 40 
