38
10 29 18 37 25 30 17 22 
13 33 13 34 17 34 17 33 
14 17 14 20 15 20 15 17 
15 28 25 38 39 24 29 14 
16 13 15 14 25 24 26 23 
16 27 19 27 19 13 16 13 
17 38 23 38 23 34 17 34 
18 14 22 18 23 17 19 13 
20 18 14 24 27 37 33 31 
20 26 26 32 38 20 32 14 
20 37 23 34 20 31 17 34 
21 23 14 30 17 33 24 26 
21 24 21 30 25 30 25 24 
21 39 21 30 14 30 14 39 
22 26 22 18 20 18 20 26 
23 26 24 26 24 17 23 17 
25 29 28 32 32 28 29 25 
25 34 31 34 31 30 25 30 
26 25 28 25 28 23 26 23 
26 27 26 32 28 32 28 27 
27 31 20 31 20 37 27 37 
29 26 37 18 36 17 28 25 
31 14 29 14 29 25 31 25 
32 20 15 20 15 28 32 28 
32 29 29 26 28 27 31 30 
33 30 33 31 36 31 36 30 
33 33 37 37 40 34 36 30 
33 35 37 35 37 33 33 33 
34 20 36 20 36 17 34 17 
38 23 38 20 36 20 36 23 
40 33 40 34 41 34 41 33 
42 25 34 17 28 23 36 31 
13 21 19 27 20 26 14 20 
24 7 14 17 21 24 31 14 
24 27 26 25 25 24 23 26 
28 26 29 26 29 25 28 25 
28 31 24 27 21 30 25 34 
13 16 13 21 41 21 41 16 
