49
7 32 14 39 30 23 23 16 
11 19 23 31 28 26 16 14 
12 32 15 35 32 18 29 15 
13 24 13 28 19 28 19 24 
14 29 21 36 23 34 16 27 
15 15 15 27 16 27 16 15 
15 39 14 39 14 40 15 40 
16 13 16 14 20 14 20 13 
16 39 31 39 31 27 16 27 
17 18 18 19 19 18 18 17 
17 22 19 22 19 21 17 21 
17 40 16 39 15 40 16 41 
19 39 20 40 22 38 21 37 
20 15 29 15 29 14 20 14 
20 35 17 35 17 40 20 40 
21 16 21 20 23 20 23 16 
21 23 21 36 22 36 22 23 
22 7 16 13 23 20 29 14 
23 14 22 13 20 15 21 16 
23 25 23 31 26 31 26 25 
24 27 26 25 21 20 19 22 
24 41 25 41 25 35 24 35 
26 32 30 36 34 32 30 28 
26 34 26 33 23 33 23 34 
27 43 31 39 29 37 25 41 
28 23 28 26 30 26 30 23 
28 45 34 39 30 35 24 41 
29 21 29 37 40 37 40 21 
30 27 23 20 19 24 26 31 
30 31 26 31 26 32 30 32 
30 38 30 36 22 36 22 38 
31 7 22 7 22 13 31 13 
32 24 30 26 31 27 33 25 
32 29 33 29 33 25 32 25 
34 18 34 14 32 14 32 18 
34 35 34 32 30 32 30 35 
35 22 32 25 38 31 41 28 
35 26 35 31 38 31 38 26 
36 33 32 29 30 31 34 35 
39 23 33 29 35 31 41 25 
39 39 39 35 34 35 34 39 
11 17 11 19 18 19 18 17 
12 29 13 30 14 29 13 28 
14 32 14 29 12 29 12 32 
24 32 23 33 25 35 26 34 
31 15 14 32 17 35 34 18 
37 37 39 39 41 37 39 35 
7 21 22 36 26 32 11 17 
24 28 19 28 19 32 24 32 
