101
10 35 13 38 16 35 13 32 
10 37 16 37 16 35 10 35 
12 30 13 31 16 28 15 27 
13 25 13 31 14 31 14 25 
13 28 17 32 19 30 15 26 
13 39 13 41 16 41 16 39 
14 35 16 37 19 34 17 32 
15 16 17 14 16 13 14 15 
15 19 16 20 18 18 17 17 
15 22 16 23 18 21 17 20 
15 25 16 25 16 23 15 23 
15 31 15 32 17 32 17 31 
16 14 16 16 17 16 17 14 
16 17 16 20 17 20 17 17 
16 22 16 20 15 20 15 22 
16 24 15 23 14 24 15 25 
17 43 22 38 19 35 14 40 
17 44 22 39 15 32 10 37 
18 28 18 25 16 25 16 28 
18 30 22 34 24 32 20 28 
18 32 17 32 17 38 18 38 
18 39 19 39 19 38 18 38 
19 18 18 18 18 21 19 21 
19 25 22 25 22 21 19 21 
19 28 18 28 18 30 19 30 
20 22 20 24 30 24 30 22 
20 32 20 35 24 35 24 32 
21 22 27 28 28 27 22 21 
21 29 31 29 31 23 21 23 
21 30 19 30 19 34 21 34 
21 38 22 38 22 34 21 34 
22 20 20 22 21 23 23 21 
22 31 33 20 32 19 21 30 
22 37 23 36 21 34 20 35 
22 40 24 40 24 39 22 39 
23 15 30 22 32 20 25 13 
23 16 23 17 34 17 34 16 
23 20 35 32 37 30 25 18 
23 29 24 28 20 24 19 25 
23 32 27 36 31 32 27 28 
23 33 23 36 25 36 25 33 
23 35 22 34 18 38 19 39 
24 14 24 18 25 18 25 14 
24 27 24 28 27 28 27 27 
24 41 27 41 27 40 24 40 
25 20 23 20 23 21 25 21 
26 20 25 21 29 25 30 24 
26 37 25 36 23 38 24 39 
27 13 23 17 24 18 28 14 
27 17 28 18 32 14 31 13 
27 30 31 34 33 32 29 28 
27 34 31 34 31 32 27 32 
27 35 29 33 27 31 25 33 
28 25 28 27 29 27 29 25 
28 26 27 27 28 28 29 27 
28 30 28 28 27 28 27 30 
28 42 34 36 33 35 27 41 
30 35 35 40 36 39 31 34 
30 36 30 35 27 35 27 36 
30 37 30 39 36 39 36 37 
32 15 32 14 28 14 28 15 
32 21 33 21 33 20 32 20 
33 25 35 23 33 21 31 23 
33 36 34 36 34 35 33 35 
34 23 34 32 35 32 35 23 
34 25 38 29 41 26 37 22 
34 38 39 38 39 36 34 36 
35 18 34 18 34 20 35 20 
35 22 37 22 37 20 35 20 
35 25 38 28 40 26 37 23 
35 34 31 34 31 40 35 40 
36 21 35 20 34 21 35 22 
37 32 35 34 39 38 41 36 
37 41 38 41 38 40 37 40 
37 42 38 41 37 40 36 41 
38 19 37 20 39 22 40 21 
38 42 39 41 38 40 37 41 
39 23 39 22 37 22 37 23 
39 26 35 22 34 23 38 27 
39 33 40 33 40 26 39 26 
39 42 39 41 38 41 38 42 
40 20 39 21 40 22 41 21 
41 20 40 20 40 21 41 21 
41 27 38 27 38 28 41 28 
42 24 40 22 39 23 41 25 
12 28 15 31 18 28 15 25 
12 40 13 41 14 40 13 39 
15 35 18 32 17 31 14 34 
15 43 17 43 17 38 15 38 
17 40 18 39 17 38 16 39 
17 45 21 41 19 39 15 43 
18 19 19 18 17 16 16 17 
19 22 16 25 19 28 22 25 
19 23 20 22 19 21 18 22 
21 32 22 33 23 32 22 31 
22 30 22 31 27 31 27 30 
26 36 25 36 25 37 26 37 
27 33 30 36 34 32 31 29 
30 17 32 15 30 13 28 15 
36 42 37 42 37 41 36 41 
33 39 36 42 37 41 34 38 
