93
11 29 14 32 18 28 15 25 
11 37 23 37 23 29 11 29 
12 25 17 30 20 27 15 22 
12 31 21 40 25 36 16 27 
13 22 15 22 15 20 13 20 
14 21 14 24 25 24 25 21 
14 37 15 38 22 31 21 30 
15 19 18 16 17 15 14 18 
15 28 15 38 18 38 18 28 
15 37 17 39 18 38 16 36 
16 23 26 23 26 17 16 17 
16 28 20 32 23 29 19 25 
16 32 14 32 14 36 16 36 
16 39 16 41 17 41 17 39 
17 18 15 20 22 27 24 25 
17 20 17 26 22 26 22 20 
17 31 16 32 22 38 23 37 
18 14 14 14 14 16 18 16 
18 25 18 22 15 22 15 25 
18 31 22 35 26 31 22 27 
19 15 17 15 17 18 19 18 
19 19 19 25 21 25 21 19 
19 21 20 22 22 20 21 19 
20 12 18 14 19 15 21 13 
20 17 19 18 25 24 26 23 
20 31 20 32 22 32 22 31 
21 12 20 12 20 13 21 13 
21 38 21 40 22 40 22 38 
22 24 21 25 22 26 23 25 
23 16 24 15 21 12 20 13 
23 20 24 20 24 16 23 16 
23 21 24 22 25 21 24 20 
23 22 23 25 24 25 24 22 
24 26 26 26 26 25 24 25 
24 27 24 26 22 26 22 27 
24 35 24 32 22 32 22 35 
24 40 26 40 26 38 24 38 
24 42 26 40 24 38 22 40 
25 25 26 26 30 22 29 21 
25 27 27 29 28 28 26 26 
25 33 31 39 35 35 29 29 
26 14 25 15 27 17 28 16 
26 24 33 24 33 23 26 23 
27 19 27 22 30 22 30 19 
27 31 27 37 30 37 30 31 
27 39 28 38 27 37 26 38 
28 14 30 16 31 15 29 13 
28 15 28 16 30 16 30 15 
28 17 28 16 27 16 27 17 
28 29 27 30 29 32 30 31 
28 30 28 29 27 29 27 30 
28 33 32 37 33 36 29 32 
28 36 28 33 25 33 25 36 
29 16 28 15 27 16 28 17 
29 36 33 36 33 32 29 32 
29 38 29 36 28 36 28 38 
29 41 32 41 32 40 29 40 
30 17 28 17 28 18 30 18 
30 28 34 32 37 29 33 25 
30 39 29 38 28 39 29 40 
30 42 32 40 31 39 29 41 
31 16 30 17 32 19 33 18 
31 22 30 22 30 28 31 28 
31 37 30 37 30 39 31 39 
32 21 29 21 29 29 32 29 
33 34 34 33 33 32 32 33 
33 39 38 34 36 32 31 37 
34 15 30 19 32 21 36 17 
34 16 34 15 31 15 31 16 
34 23 32 21 31 22 33 24 
34 25 34 32 36 32 36 25 
34 37 34 33 32 33 32 37 
35 21 30 16 28 18 33 23 
35 26 34 25 31 28 32 29 
36 12 30 18 32 20 38 14 
39 18 39 22 40 22 40 18 
39 27 39 31 41 31 41 27 
39 33 39 32 36 32 36 33 
40 36 33 36 33 39 40 39 
42 35 39 32 34 37 37 40 
9 19 14 24 19 19 14 14 
12 21 13 22 14 21 13 20 
12 30 12 31 17 31 17 30 
14 35 18 31 17 30 13 34 
21 43 24 40 22 38 19 41 
22 42 24 42 24 40 22 40 
23 39 27 39 27 37 23 37 
25 20 27 22 30 19 28 17 
26 18 27 19 28 18 27 17 
28 42 30 42 30 39 28 39 
30 23 31 22 26 17 25 18 
31 25 39 33 41 31 33 23 
42 26 35 26 35 35 42 35 
