98
6 29 14 37 23 28 15 20 
6 32 13 32 13 29 6 29 
7 21 16 30 22 24 13 15 
9 22 13 26 21 18 17 14 
10 28 15 33 19 29 14 24 
13 21 17 25 18 24 14 20 
13 27 15 27 15 26 13 26 
14 16 20 16 20 15 14 15 
14 30 14 31 16 31 16 30 
15 24 15 20 14 20 14 24 
15 34 16 33 14 31 13 32 
15 37 15 34 14 34 14 37 
16 25 17 25 17 14 16 14 
16 28 15 27 13 29 14 30 
16 29 19 29 19 28 16 28 
16 36 16 37 21 37 21 36 
17 35 15 33 14 34 16 36 
17 39 18 38 16 36 15 37 
17 41 20 41 20 40 17 40 
18 21 18 24 21 24 21 21 
18 22 19 23 21 21 20 20 
18 29 19 28 16 25 15 26 
18 32 20 34 24 30 22 28 
18 43 20 41 16 37 14 39 
19 22 21 24 24 21 22 19 
20 32 18 32 18 34 20 34 
20 33 25 28 21 24 16 29 
21 26 21 28 22 28 22 26 
21 45 25 41 21 37 17 41 
22 16 23 16 23 14 22 14 
22 17 13 17 13 19 22 19 
22 33 23 33 23 28 22 28 
22 45 26 41 21 36 17 40 
23 13 22 14 26 18 27 17 
23 18 24 17 23 16 22 17 
23 24 25 26 26 25 24 23 
23 27 24 26 23 25 22 26 
23 40 35 40 35 34 23 34 
24 15 25 14 24 13 23 14 
24 20 24 21 25 21 25 20 
24 22 19 22 19 23 24 23 
24 28 25 28 25 26 24 26 
24 37 24 41 25 41 25 37 
25 15 25 16 27 16 27 15 
25 18 25 16 23 16 23 18 
26 24 23 24 23 25 26 25 
26 26 30 30 35 25 31 21 
26 30 30 30 30 28 26 28 
26 32 26 30 24 30 24 32 
26 36 27 35 24 32 23 33 
26 38 26 41 29 41 29 38 
27 19 26 18 24 20 25 21 
27 20 28 20 28 19 27 19 
27 23 25 21 24 22 26 24 
27 31 26 30 25 31 26 32 
27 32 34 39 38 35 31 28 
27 37 26 36 25 37 26 38 
28 26 33 26 33 20 28 20 
28 30 30 28 28 26 26 28 
28 40 29 41 33 37 32 36 
29 14 32 14 32 13 29 13 
29 16 25 20 29 24 33 20 
29 17 29 16 27 16 27 17 
29 20 34 25 38 21 33 16 
29 22 29 24 41 24 41 22 
30 31 27 31 27 32 30 32 
31 15 29 13 27 15 29 17 
31 23 38 23 38 21 31 21 
31 32 23 40 24 41 32 33 
31 39 31 32 30 32 30 39 
32 16 28 20 31 23 35 19 
32 18 33 18 33 16 32 16 
32 25 32 30 34 30 34 25 
32 35 32 33 27 33 27 35 
33 36 32 35 29 38 30 39 
34 37 34 39 37 39 37 37 
34 40 37 37 30 30 27 33 
35 18 35 19 37 19 37 18 
35 27 35 31 40 31 40 27 
36 9 32 13 37 18 41 14 
36 10 32 14 37 19 41 15 
36 21 33 18 29 22 32 25 
36 29 41 29 41 26 36 26 
36 39 40 35 38 33 34 37 
36 41 37 40 36 39 35 40 
37 14 37 15 41 15 41 14 
37 24 40 27 41 26 38 23 
37 28 34 25 33 26 36 29 
39 37 32 30 30 32 37 39 
40 33 38 33 38 35 40 35 
7 19 7 21 13 21 13 19 
17 27 23 27 23 25 17 25 
17 32 13 32 13 35 17 35 
19 30 18 29 16 31 17 32 
22 37 21 37 21 45 22 45 
26 17 25 18 27 20 28 19 
27 18 27 17 26 17 26 18 
32 37 33 37 33 36 32 36 
