38 3
00030000000100020003000000033001001000
01003001001010221000102000010030000000
00000000000001000000001002130220100020
30030022000030000300000001000000011000
30000000000000200300010000010101000000
00010002001000000000000000010003003000
00000000010202300021012010202000010000
00000030000000200000000001000230000000
00000002020200000010000300001000300002
00000000002220002002000022300330000300
02000000000000000000200003000000030001
00000000000030130300200002000300010000
00030000000000000300000001000000100000
10000000000000013020030000000000020002
00103000002000230000010010000002000000
00000002200000002030010002200000000000
30001020023000000000030003000200003000
00030000000000000000010000202202030000
00000220000021010000203010010000200030
00000000333020023000030000000320000300
10000003010000000000000000002020000310
03103000320002000000032003000000000000
02002010000000000000000030003200000000
30000030010000020103120000010002000130
00010000000000000300030002000000020030
00000000000000000000020000000000000000
00301200301000000000002100000010000001
03300100000000000100000100001201100030
00002000000000200200001003300102000000
00000010000000000000000000000000200100
00000000001000000000000000000030000010
03000020000000001000200000000000000000
20300002000000100000003300010003001000
01000020100010000002000300030000000300
00300301000110001000300000100000002000
30000000003000000230110230002001030000
00200200000011301003100000000002000103
00201330000002200000000100000030312000
