38 3
20000000200000000010000000000200000000
00030000000000000000000030000030000001
02000100001002000100001000010300000002
03200000123012000130000200030000000000
01000002100000000000031000000000000300
00010030002010003330000000100000011000
00000003001000000000030000000000000020
00000100000020000102001010002000000000
00000010202020300000020000010300000001
02000303000002000000000003030000300300
30000000000100200300000010200000000000
20010000000220000000000000000100003003
01120000000101000301100000000010000000
02001300001210000020020000320000320000
00002100020020000000000003000020100110
00000000003000000100002033000003000300
00002000000103010012000002000000010000
31101000000222000000000300000000000000
00000200220003030000000000300303000000
00000000000002031000002102000000300000
30003000000300000000030000000003000000
00000000300202000012000000002300000001
00010003202310000000000000301100030000
00000000000001030000001000000000000010
00000203000000000003000200321000000000
10000020000003030000000000100100030000
02001010002000001000003002000023001000
00000010010000000000333000331300010033
10001000003100100000030310303000001100
00000001002302000020002100020330020000
00000003000100000203000002002002020000
10000002000010000000000003200000000100
00200000000000010000000010200000300230
00000000210000000000200000000100000000
20000002000030201020000020000000003000
00002000000000001000031000023032001020
00302000000020000300022100000010200030
00000003000200022000000300001000000310
