38 3
00020300000000010030003210000202000000
20000030000000000003020003000000300000
10000023030300302000001010000000002100
03020000020231300002030000000003002000
30000000000010300000220020000002000000
00000000000003000000100000010000010020
02300030000010130200002000000000000000
00230003000303000000220300200001030000
00001023000220000003000130020000000000
02000000000000000000023001000000000000
00001000001100000000000021003130000000
01002013000030100000100020000000120000
03000020001200000330020200012000000200
00000000013020000000000000000000200300
00000010020202000000003000000101003002
30010000000003010030303020000000110030
30001200001001030003000020000100020100
00000002030010100000130300030101000000
00003000000200000001001000000000003000
10000000002000300000020000300003030000
00000000300003000101000030301010000001
02000001012000030000000000000000000002
02001000000202030000203000000000000000
00022000020200300000000010000000000200
00000300000000100030200001000011002000
00300001300000300000000000000030023000
20103000100200003020010000100301020000
22000000000210201000001000100200200000
30003010000200000000000000001002000032
00010010000000000210000000002000000100
00000000000003130000200200010001000001
00000200130030001020030000002000020003
00100333030000000020002000000000000000
01020000000010100030003000000000010000
01000000000033000102001000000100010030
00000003000010001000010000000000000000
10000000000001000023000000000000200000
00020000200000000000000000000000000000
