38 3
00300000100000020001223230000200020000
10000000000000000000000002003232100001
00010030031000031001102000131000000100
00000000002000000100000000000001000330
00000000000000230110030030000210030203
00000100200000000000000133000020000010
00000020000000100000032000000200000000
00030002010001000000003100000000000010
01020300000000001000010000001002000003
00030000021030001000000110003003000100
00000000030003000000300000010030000020
00001001000220033002000000000000001100
00000100020000030100000010000000000000
00001010000000320002000000120001000000
00000000003000000000000000000000000300
00300002000002300030200000323330000000
00000200010300300002001320000300000103
00000301320000000020100000230002000000
00002000010020000020220000300230100100
00200000300002000003020131100033001300
30001030200000000002000000000003220000
00000000000000000020003000000030210002
00000002000030000000001100000100300230
00000000103010230000020000030000000000
03000010100000000120300012000000102002
00010100300000000000000000000001000000
03000030003001000000000000000002023000
03002000000300200201200000100010000001
00000000230002030000000103000020000003
00000300300000200020020000000031030100
00200002000020000002113001000000001000
00000200000200000000000000000000201300
01301000000000002003000000002000000000
00000001300101000000000030000000000002
00000000030000000000102000000000002020
00220200000000033010000001000000010000
00100000300000000000030200000200030000
00201000020020000100000000002010000000
