38 3
03000030010200010000000000002000000200
01000020000000100000002100001001000001
00000000001200000000001000000200000200
00300000300000000203000000000000020000
02300003030021022000000000000200000000
02000000000002030200310000000001000000
13003030000000030010000003000300103300
20000010002200001012000100001000002000
02001003000000300000000032030020303000
10002000100000000030200000000000010000
00210000000000000030000000003100200000
02000000001010302020001000031010000200
11000100000000000000000200000000100000
01000100000000020000000220000020020000
00000100002000300003000000300202000003
00000030000000000022000303100210100000
01000000200000010003021000020000202000
00200000000100001000010003000000020000
00200100310000030200001100000100200030
00300000000100130100000000000000000030
10001300003003030003020020300000300010
00200010000300000030000003000003000030
20030022022101001000000000301000001000
00000000000000000000000100000020100000
00010000001000020000010000001000000000
00002000000001030000000000000001000000
00000000000000132000000000010302000020
00200100000000101002101112003030000000
03030033010003010300300000000000000000
10000020002023000200000010000030130000
00000000000100000303023000000022000332
00003003000000002000033320000000000003
00000000300203201000300300000200003301
00102030301300000000000002000000000030
10300010003300000000102300021000000000
00220000200000000000002000002000000000
12010101000030020000000020030000000000
00000000000020020000000000000000000000
