38 3
00230010020000001303103320002000330020
00000200020200200000101000200010000002
00002000000000000000000002000000000003
10000012000300020000103000000000302000
00200003020030000000000000000000000001
10030003200001000000000000100030010300
00000033000000000300031001120200000022
02300300030020000230000001000000300002
00000000300000003020220001012000031303
00000030000000000100000000300000020000
00000001000000000032001030000000010000
00000020010300201000000201000100000000
00330000000000000020001000000210003000
00000000000021000300000000000000010300
01102000020000000000002100001000020000
20000010000030003300011021030000203000
00000000031010000000001000000003002000
00010000010030010001000000001010020002
01020000000000000000100000020003000000
00000000000000010300020000102000000000
00000000203000000000003000200000001110
00002030310000000300200000210000000022
00220000002012000030000001000001000000
00000000001030000100000000020003010000
00022010000020100000000002000000000003
00011012033000000000301000003030000000
20003000000000000001030000000000000000
10300000300002100000302010000002001000
00000000300000000000000003000000000000
00001011000000010000000010000000003000
00002200002010000300110020300300203000
00000200100201000003000300002300000031
20020000000003010000000000030000000000
00033301030001000300000000010200000001
03000002130000000030002330201100001000
00000100002300100000000003020000200020
00000001000032000000103000000000000000
00000000200000202002000200300220030030
