38 3
00000000310300000000030001000000020102
00100000103200000020000000010000000020
00000000000001000000310100010000000000
00010003000012022000000000300100001010
10010002003000300000000000030000000000
03200030000300000002000000000002003000
00000103000002000000000222202010320000
00030000001000000000003000100030000000
01000130000000102300102000000030030000
10000030000000000003313230000000030000
00000020000000000000010203113000100200
00000323000000200100000000020000000001
00033233002010001000020100000100100200
30000000000200011000000220030000002010
03000200100000010001001002000030100031
00000303020020000001003000201003100000
00000002000000000200000000300000200200
01300002200203200010000200000200030003
00000000000000000000001000000230023000
01000001000302201001000002000001030000
00002001300000030030012003000000000000
12000320000030030000002000000003330100
20110000000010100201000000003000030000
00000000001000001000000100000000001000
00100000000201310000020103000000000000
03000000030000000000010000020002030000
00200000000000023000002000000000002100
00000000020000300000002300002000300000
30000000000022000000003020030000000200
01000000000000000000000000000301200000
00000200000000000000000000100003030030
02010102030101300001003100022020300202
03000000000200000000010030000000020203
00000000000010000300000000002010300000
01001000000030200100030000000113200000
00000000000000200000300300000120000010
01000000000000020000003000200000000020
00001000000233000100000000100200000000
