38 3
00000000000030000100100000300000200000
00002020000000000000100000030000300300
00000003000000000000000000000001020000
00200000000000001000000000110000000000
01032002001000000201003000020000000101
00000000000000000230000010000020010010
02031000000001000000230000020010010000
00201302012202000300000030200003000002
00000300300010000000101100300000012000
00002001000100020003030000000000002030
00000000010000003330300023000003100000
30000000000021000020200030300000122002
00000000000300200000000000310000000000
00000000301201000210000002030000003001
00000000000000010000000000000000000000
00000000030000010000000000000000000000
02000000030002010300202000002000003030
00002300000000000000012003100000000030
00002200120001000000000201000000000000
02000001011000300000001300000030000000
01000212000000030030020210001000000210
00210030000100000200002102003000002000
30003012000020000000000003000000000000
30000012030100000000200001010000020020
00000320003000010102003100100303003000
03000030000000032000030003000000001130
01000000000000002002300000100200000200
02000000000230000000200203200000000000
31000000000001000000100000003000002330
10100011000000002000010013010000000200
01030300000301000000000000300010000000
03000022030210002000000120002000000000
00300020000200000310200000032000000000
01020000300000010303030300000000000003
20130200000030002000000000100300100300
00000310110002000000033000000000003200
00000000000001000001020002000000000000
10010002020003000000101000000002030000
