38 3
01210030000001030000003130003000001300
00000003000000000030022000300000000010
30020001000310020000000300001000000013
00000030200001200022030000020301100001
10000020000000000020033000013000100001
30000000000101000000000000100000002100
00000030020030000000000002000030130000
00001100003012031000000002103000000200
01003000220000003000002300310000001000
12300000002010000003300000020000000002
00000000000000000001000000010000000000
00002000013010000000330000003031000000
03100100200000000000000000000203000000
30000002000010000000023000000000002300
00000000000000200200000000021100020002
00000000000002300000000000010020200000
00010022000010000000030002000000100010
00000000100020000300000230000000000000
20010100030010000000000300000002002002
00002000000300100010000001000200000003
02000000030020000000030303102000020000
00003002000000100100200000000003000001
20030000000000200010030010100020000000
00003000000000000001000010000000200030
00000002000200030200300001001000010021
00020000010000033100000200002000000001
00003020000000000000000000030030020012
30030000030000000100200002103000000000
00030030003001002000003100200022100000
01032000000200000000000000200000230110
20000000000003200000001000030030000010
00010000300100300000002000300000000000
03100000000000000000020300133020100030
00010020000000000000000000103000000010
00010000002100030000000203320000303000
00000000301000302230002000002000002000
00100200021000120100200000000000100000
00030000000001200100000000002000000000
