38 3
00000000000000010200000000100000000000
00000200001100300000000000000300300000
30020030000000000000000010000000000000
00010001010200000001201002000000203201
01000003000030000000030000000011000101
00000000000000100020010200000000000100
02030030000001020200000000000000000300
00000003010030000000000000001000000000
00000000000210130000010000000030000000
13000003002030011020312001000010000000
10200000001020030000000100000000000000
10330000003020002002211000020330000003
00210000030000000001020000000200130000
00020100200200030000000020200001030220
20000200000000203010000030000000000002
00200000000000010001000100320002010000
00103300003000000100000001100200303000
30000200002300000000302000003100000000
00000001000300200000000000003013000000
00310200000002000202020010300000200000
00203030020300001000030011000022000030
00000000303000200000000000010001000300
00200001000000000000000000000000000000
22300020010300000300000200300001300230
10000000000000001000003000000002000030
00000000010000000100000030000200001000
00000003000220030001000000003012020030
00001000000013000300000300000010000000
00100000000000003000000120030001210001
02000300000000220000000000000100000000
02301001020000210000010000002000001000
30000333020200000000003001330300030000
22300022200000102000000000000200200100
00003000020010000320000001323000000010
00200000000011000020300000003000000100
23002010000000000220000300000000130000
00010000110003220000003030320000000000
00000000000000000000003000000001000000
