38 3
00000200000000012001100000000001300030
01200300001000001203100023000030000002
00002001000023010001000030000020000300
03200000000000000000000102000002000020
00000000000000000000000000003030000000
01300002000010201000031000000020030200
03001001030120020000000000020000013000
00000000000032030000000030230100000010
00210000000000000030002010300221000000
00003010000100000000000200000000000002
10000000101300001002000000103000000000
00100300000002200000000020003100000200
00200000000003000000000000000000230000
00000122102000000200000000000000031000
22000012300100000002000003000010003002
30000020300000003000130000000003033102
00000000002000002000000202013000000000
00020000000000000030330000000302000000
00000000000100000000000000001000010000
00001101000000003031020001300000030000
01003000011010000033200000200000000100
02201103000000020210000300000000030000
00003200000300000010000000200000002020
00000302021030000300300010200000000000
00300301002000000000010002200002003000
00000000000000002200000000000000010000
00033000000003010020002000010302000000
11031000000000000000000000002000030001
00000001030000020000003101200100000203
00000010030000020001300003000000010030
00000200010000033010300000000300100000
13000000003000000200110000000001300000
01302001000021000000000000100000001000
30300000330000000102000200000000201200
02000020000200000000000300013000000203
20200002303000300000000030000001000000
00000000201020200100000030000000030020
00200000000000000000000000010110100000
