38 3
00002100000000030003100000100020002231
00000202200003000000000300300000000033
10000000000003102000000000000030010000
01000000000000022000300000100200000000
03000100000000000100000002000100033000
13100000000001002000002000000201000000
00003000001002010000021003000000030320
20300000300300300000000300000000003300
00000100002200000002000102002000020103
02000020000001200000000002000002000020
01300010320010000000000000000000010000
00000000010001000100010000000010000000
00000000200030003000000000000000020000
01030220000000000000000000000000000010
00000000012210000020320000000030030002
00030000000000100300010100001020311001
00100200230000030300000002000000201020
00011010010000001103000030000003001030
00000120102023010000020000000100000010
00000000030200000010201100032000023000
01000003003000000000000000000000010030
30000000010000203200100000000330002300
00300120200000010000000200010000100000
10000020000300000000030003000000330100
00020000100000000000000000000010000030
00012000012000000000000000300030000100
30000000200000030000000000100000000100
00000000003000000000000003000011220120
00000010031100000003030010300000000300
30002013200002320000001000002010000003
13003200000000000002000000000022200000
00200000000000000000200002100030000003
30000300001001000001200000000301000010
02000010000020000000022000000320000000
12100020000000000003000000200303000000
00000001300000002000300000001000020000
00000003000030000000000003000000003200
00000000002030000002020123030000022030
