38 3
01000200010011000000000000000300010000
00000103002103001000000021000000000020
20221020001020000023002010001030203000
00100001020000102000100000202000020100
00000000010000000000000210030300000000
00103001000000000000000100002000000200
00300020000032000000020000300000110010
00000000101020210000000200000032210000
10003000010000230003023200100300002000
02002100000000030000000010003003300200
10000000000300300000000000003200000000
00003002022300000000000200200000300200
00200000033020130100000023100013000000
00032020030000003001002000200000000000
00010020000000000020003203001000000000
00000000013000100030000000030030000000
00000000002020000000012000000000030011
00000003000001120000000010310331001030
00003000000000000030003030000002100000
00000000000000102000113000000002000020
00000000030000000000003100330000000000
00002000003003003000000020302001000000
10000000000000001030000000002000000000
00000000003201022000000000120200001000
00100100000100003300000010000000030000
01010022200000002000003203010000000002
00200000000000033100000000100000000000
01010020000000000000003101002020003033
20000000303000000021000000300000000000
00003010010021030000000030100000100000
00002001000000001000000020000030000000
01000000000000000000000002023300003000
30000000100000000000000000300300002200
03013230000000000201000300000030000000
00000200200200000300000011000000000000
00000000030020000000032012300000100000
00020003010021310000000000000020000000
00010300013000000001000000000000020000
