38 3
30300000023000320000102200000001000000
30000000031000201311000010010000000000
13000000330000000203000000000000200000
00002000010002022003100000020000000002
31001300030000001000200000000000000100
03021000000311000000002000000100000020
00002003000000000000000002200000010010
00000002001302000000000010000000000000
00000100001230200300000000030002203000
00001001000000000103300030000000000000
00000020000030000023000000000000000101
00020001001002220100000201300002000000
00300000213000000200003010002330000023
02003302000000030000000020010000000002
00000100000300000200030002000300010000
00000000000000000201200000020002220000
00001030000000000010022020000010030202
00030000020303200300000000100001000002
20000000000000000001000000100000001000
00000100010000000002020000000000200000
00000002030000000030000000000100022001
00000000000300000000200101300000030010
00003110000000000002100301000003000002
10310000003300203000100100000030000310
00003001000000000130003000200020000001
00030000030000300300310000000000002300
00000020000000000000200230000000000001
30010000200220000003000000030200000030
10001000020000011000000000030000000000
00000000103000000003100000000000000000
00032200000010213000200300000000200130
00002000000000010000000023310000002100
00000000300000000003030300021000020020
02223001000000000000020000000000000000
00100003000010000000100000000003100020
30000001000000302031000000000000000000
03200103300002110010003000000000010002
01000000101030000030000000010000001000
