38 3
00013000032003000000000000020000000000
30030010000100000130000000010210000000
20100000002000002010000000000030000000
30002000000110002000000002300003001000
02000000000010003100003000000130001001
01013220000203020000000000000020011002
00000000000030000030100201200000000000
00000001000000101000200000100020001003
00030000000000000300223200000300100000
00100000000000000003010000000300000000
01000000000033000200020030210200031012
02000000000002000000002013001000002312
00002202300000003000020201001020010000
00000002000010000000000010030002030000
00300001001000000202020020003200002000
30000000000000003003000003000000000001
33000000200203000000000333003000000000
00010010000000002000000000020003000000
10000000000000002000000030020001000000
22010100002000200000010001000000000000
00000000010001000310000302000000000000
00000000030000100001010002000000000000
00000021000000130000002000000000201023
00000100002030000003001000000200103000
30000000300001020000010000322000000100
10020000000000000000000000000000000002
00030000000000022000000000000032000300
00000000000000000213003002330000010000
20003032000100000220001001000100000300
00123020002000000000000000200001010000
00000000033002030200000010012010000001
03201201300000000013000000200000300033
00220130000003000000002000000100001000
01033000000000031000000000000000000000
10330000000100000003000300000000000000
03002210000302330030000010000000000000
00000033003200100000000000000210020000
00320000200010000003003000001010000001
