38 3
00002000000002002103022000100000000000
30001000003000000100000100000020002000
20000003000200333000000000000000000110
00020000031000300301300000200200000010
03300000000000012003000000030000200210
31022000000001000000000000000000000000
00010000000300000000200000000000000011
00200001000030000000003030003000000020
00300000001100100002020312000100000303
00000120010300000002000003200100030001
00211300200000010000000001020020030020
01000000000000000000000000000101010000
03020001003300001100000003001000030003
00000000002000000000000000103000110300
02020000000001000000000000000000230000
03230000002002000020000100103030001000
01000000300000200102100000000002010100
02000003000000001100000002023300300000
00000000113000030001000000000001002000
00010000000200000003010003000202000020
00000010300000000000000000200003000000
00200000011000000000000000200100000000
02000000001030202003000000000000200000
02000000002000000001020000003010000000
00001002020003203303010032031000200000
02000232000000100200013000212002003310
03000000001001000001000300000000000003
00000000000300000003200300100002000000
00003000000003020000110000010000000000
00203000023000010002010000003200300000
00000200003000300300000300200002000200
30032000100000000100000000000101000030
00000003000003300000001000200300000000
00000020000000300000300000000210010300
00000030000000030200001000031230100000
00020100000000000000120000200000020000
00001000002000000023100002003130000000
00200100001000000000010200000000000020
