38 3
00023002020000300030200200000000000110
00000020000020000003001000002000000000
00020000000300000000000030003001100030
00000000001331010000000303000000020000
00100000120000002001030020001002011000
22000000000100000000000020000000000030
00000000000100030000300030100100020000
00230300000200000000000000000000000000
01302000200310000003320000021000000000
12031000203000000000000000000200001001
00000000003000001000030000000000000203
00020100000000000000000300020300003000
30000000020000003001020200000000020000
00330002301210100000003000030002000001
00000000000003001000001001003000000320
00033200000000200000000100000000300020
00002000000000300000000020000003001000
02003100202200000001000000300001010000
23303000000003000100020003100000000010
10000100220000000010000300100000000300
30000033000200000000023000000330300000
00000001000002300000120000000000000000
30003030000102000010000000000002001000
01303200002000001000030200020000003010
01000001000200010010000000000031030000
01000003110000000010011010132000000001
20000003100000000000000020000003000000
00000200300202000000000000000000000010
00000010003220320001000000000000000200
00303100000000000300030000100330000000
00033220003000000020000002001311000200
00000200101200000000010000000000000030
00000000002000000000030300001000001100
00200000023002001200020000300202010001
00200300000003000022100000012000000100
00003200102001000000000000010000010002
00100000030210003000010000000000000000
00003100022001000000020200000000000002
