38 3
30102000003000000000023001010003000300
00030200000000300000000000100000100200
00001000000133012001003000000000000300
00000120030000000000000000010100030000
00000000103000001300000030000000100002
00000000000000312020000000000000002000
00000001000010000001010020000202000100
00000000200000100020000000010011000023
00010300020200000000000000000030000000
00000000000000000000020000320030100000
00303100001001000003000000000000103000
00102310010200000000001003200002000000
00300000003000000303000000300300000003
03010300200100320000020020000030000000
03000102200000000000100310300030000000
00000002003010000200000000000002000000
32000120000010020200000310011000000013
03000002030000010000100101002302000000
20000100020000000000000000300300000010
01002000000012030010302002203300200000
00000020001000000000200000003000002103
00100000002003013000003000000002310001
20000000200123011000200000000220000002
10200020020130000002000301000300003000
00132000000230000300000330000000000010
01002003200000000000010000000000000003
00000001000000000002100000000000020002
00000200000000000000002000100020000100
01000000300000000000000000000003201100
12000000000020030303000000001000012000
00030303030000000020000001020000011020
10000000000300000000002000020000000120
20000300030000000000000100001100000000
00000001333201020003200000201000100000
00000000000000000010030000000003100020
00003000000000020000000200010000000000
00000000000002302300000030300002000000
10330000002020000020001200012000300000
