38 3
00002000000330020103000020000000000000
10200000000003033000000000000000110000
00300000300232000002000100002200002000
00200002000003000000000000000202300002
00030000000000000020000002200002030000
00000100023300200200001003300000000000
20102010010030021300200300000030000031
00001000000120000000100000000021000000
30000300000000000200000000000000000000
13003000000000003000000000010030000000
00000000011000000000000000020000000000
00000330003000000000000000000000200022
00000000032000010000100002000002000000
00110310000021100000001102000000010010
00000000000000000000200000100033030000
00033210000000013203301000000000300020
00001131100020020000000000000023000000
20030000000003000000000001000000100000
00000000000000010030000000000000000102
00000000100001000002000100003013000200
00301000200000001201000000200301100003
00030310010000010000000200000000000000
00300200200201030000200000000000030000
02000000302000030001020001000003010320
00030000000000000201100100010020000000
01003001202000100023003000002100310131
01030010000000000000000000000200000332
00000001000003000000000003002000000100
00000001000000000000231000000000200000
00000000000000000200000100000000002010
00000301000000000000000300000000200010
20000000000200301001200000003000201000
00100100000000000002013100100000220201
13000000000000000020001311000000002003
20300000030000001020200000300003223002
00000000002100030030000300030000302320
33010030000200000000000100200030020000
30000000000300202000000100203100010003
