38 3
00000000010000001000030000000003000000
00000000000300003100000001000000010100
21000102000000000000303003000010032000
20010000000000000001001002000010030000
00230000002000000000003000000000020301
02000102000300000000001320030000000020
02000302300000000000330000000000002000
00000000000000200020000001100000200010
00032000100001000000020020100001000200
03001000300000000003022000010000000000
10030001030000000203210003000000000100
20010200000010300000000000000000030000
00000010000001000200031000000303030000
00000100310000000003020300000000000020
00020000000002000031010003002100220100
02000020000010000000030000000020001300
00000000230000020030010000000000000010
01030000001100130000210031000000000200
10000000010001200000000020003000000000
00000000002010030020000000000000003200
03000020200300000230000000100000220012
00030000300000032001000023033010032302
00000000002100003032100002001000013000
00200000000010020300000000003001000000
00000130000000000020300010000101010000
00020300000002010000000002010002000003
00320300000300210010300002020020000000
20000000002001000200001000030000100020
00000030000000000000200001000202100000
20003000000100000000022003000303000002
03002100000000100000000032001003000003
20000000000000000000000000033030000023
00010000000002033020000001130003000020
20000000000000001000000000000001320000
01000001200000010300000003000000000010
01301000000000000001030000300030030000
02000000000000200002002100000000020001
00030000000100000000010101000000030020
