104
9 18 13 22 17 18 13 14 
9 19 13 19 13 18 9 18 
11 19 13 21 18 16 16 14 
11 21 14 24 16 22 13 19 
11 22 13 22 13 21 11 21 
12 29 13 30 14 29 13 28 
12 30 13 30 13 29 12 29 
12 32 14 34 15 33 13 31 
12 33 15 33 15 32 12 32 
13 25 14 25 14 24 13 24 
13 26 15 28 16 27 14 25 
13 34 13 35 14 35 14 34 
14 19 15 18 14 17 13 18 
14 27 16 27 16 26 14 26 
14 30 18 30 18 29 14 29 
14 31 14 30 13 30 13 31 
14 38 14 39 15 39 15 38 
15 17 14 17 14 18 15 18 
15 21 17 21 17 18 15 18 
15 27 16 26 15 25 14 26 
15 30 14 31 15 32 16 31 
15 35 15 36 17 36 17 35 
16 12 13 15 15 17 18 14 
16 19 14 19 14 22 16 22 
16 21 14 19 11 22 13 24 
16 23 20 23 20 22 16 22 
16 28 15 27 13 29 14 30 
16 33 14 35 15 36 17 34 
16 36 17 35 16 34 15 35 
17 14 16 15 22 21 23 20 
17 15 17 14 16 14 16 15 
17 25 19 25 19 21 17 21 
17 33 16 33 16 34 17 34 
17 37 16 36 14 38 15 39 
18 20 22 20 22 18 18 18 
18 22 19 21 18 20 17 21 
18 31 19 32 25 26 24 25 
19 15 22 18 24 16 21 13 
19 17 18 18 21 21 22 20 
19 24 26 31 27 30 20 23 
20 24 28 32 33 27 25 19 
20 26 25 26 25 24 20 24 
21 16 26 21 28 19 23 14 
21 23 22 23 22 21 21 21 
21 31 18 31 18 39 21 39 
21 36 20 35 17 38 18 39 
22 25 24 25 24 23 22 23 
22 28 20 26 15 31 17 33 
22 32 26 28 25 27 21 31 
23 15 23 14 19 14 19 15 
23 41 30 34 28 32 21 39 
24 20 31 20 31 16 24 16 
24 24 28 28 33 23 29 19 
24 27 24 31 25 31 25 27 
24 35 27 38 34 31 31 28 
25 17 25 19 28 19 28 17 
25 22 24 23 25 24 26 23 
26 18 29 15 28 14 25 17 
26 25 26 27 28 27 28 25 
27 28 24 31 27 34 30 31 
27 32 27 34 28 34 28 32 
27 36 27 38 31 38 31 36 
28 23 26 25 28 27 30 25 
28 30 28 28 27 28 27 30 
29 14 29 15 34 15 34 14 
29 23 33 23 33 19 29 19 
29 25 33 29 38 24 34 20 
29 31 30 31 30 25 29 25 
30 33 34 33 34 31 30 31 
30 35 30 34 28 34 28 35 
30 37 31 38 32 37 31 36 
31 26 33 26 33 24 31 24 
31 31 28 28 25 31 28 34 
32 25 33 26 34 25 33 24 
32 35 33 36 35 34 34 33 
33 14 31 16 32 17 34 15 
33 35 33 36 36 36 36 35 
34 26 33 26 33 27 34 27 
35 13 34 14 35 15 36 14 
35 14 36 14 36 13 35 13 
35 18 35 15 34 15 34 18 
35 23 35 24 38 24 38 23 
36 16 38 18 39 17 37 15 
36 19 38 19 38 18 36 18 
36 39 38 39 38 36 36 36 
37 41 39 39 36 36 34 38 
38 16 38 14 36 14 36 16 
38 32 36 32 36 33 38 33 
11 32 12 33 14 31 13 30 
14 36 15 35 14 34 13 35 
17 17 19 17 19 15 17 15 
17 23 19 25 20 24 18 22 
19 28 22 28 22 25 19 25 
20 32 21 31 19 29 18 30 
22 33 22 32 20 32 20 33 
23 21 24 21 24 20 23 20 
23 32 19 28 18 29 22 33 
26 35 27 36 28 35 27 34 
28 21 26 21 26 23 28 23 
30 23 31 24 36 19 35 18 
32 20 32 25 34 25 34 20 
33 17 34 18 36 16 35 15 
33 25 35 23 32 20 30 22 
25 35 26 35 26 31 25 31 
