104
8 32 13 37 20 30 15 25 
8 34 14 34 14 32 8 32 
12 25 15 28 17 26 14 23 
12 26 15 26 15 25 12 25 
12 29 13 30 14 29 13 28 
12 30 13 30 13 29 12 29 
12 33 14 35 16 33 14 31 
13 23 14 23 14 20 13 20 
13 25 12 26 16 30 17 29 
13 33 16 33 16 30 13 30 
14 37 18 37 18 35 14 35 
15 31 13 29 12 30 14 32 
15 33 14 32 13 33 14 34 
15 38 16 38 16 36 15 36 
16 16 16 17 20 17 20 16 
16 23 14 23 14 29 16 29 
16 24 19 27 25 21 22 18 
16 37 15 36 14 37 15 38 
17 22 18 21 14 17 13 18 
17 24 19 26 22 23 20 21 
17 27 19 27 19 26 17 26 
18 18 20 16 18 14 16 16 
18 23 18 30 20 30 20 23 
18 31 18 30 17 30 17 31 
18 33 19 34 21 32 20 31 
18 34 16 36 19 39 21 37 
18 38 21 38 21 37 18 37 
19 13 19 14 20 14 20 13 
19 20 19 18 18 18 18 20 
19 22 17 22 17 24 19 24 
19 29 23 29 23 27 19 27 
19 33 18 33 18 34 19 34 
19 35 38 35 38 34 19 34 
19 36 19 39 25 39 25 36 
20 18 20 21 22 21 22 18 
20 22 21 23 25 19 24 18 
20 24 22 26 23 25 21 23 
20 27 19 26 16 29 17 30 
20 32 18 30 17 31 19 33 
20 35 19 34 18 35 19 36 
20 39 21 38 19 36 18 37 
21 26 22 26 22 23 21 23 
21 27 22 28 23 27 22 26 
21 28 21 30 22 30 22 28 
21 29 22 30 23 29 22 28 
21 31 20 31 20 32 21 32 
22 14 22 16 24 16 24 14 
22 17 19 14 16 17 19 20 
22 25 20 23 19 24 21 26 
23 15 22 14 21 15 22 16 
23 20 20 17 19 18 22 21 
24 19 24 21 25 21 25 19 
24 25 26 27 28 25 26 23 
24 32 24 33 27 33 27 32 
26 16 29 19 31 17 28 14 
26 18 26 16 24 16 24 18 
26 19 29 19 29 18 26 18 
26 20 26 23 29 23 29 20 
26 21 29 18 27 16 24 19 
26 26 26 27 38 27 38 26 
26 29 30 29 30 28 26 28 
27 18 29 20 32 17 30 15 
27 21 29 23 31 21 29 19 
27 40 30 37 21 28 18 31 
28 28 31 25 29 23 26 26 
28 36 29 37 39 27 38 26 
30 13 30 15 34 15 34 13 
30 39 30 37 29 37 29 39 
31 19 34 22 36 20 33 17 
31 20 31 21 36 21 36 20 
32 14 32 17 33 17 33 14 
32 19 32 17 31 17 31 19 
32 21 33 22 37 18 36 17 
32 23 34 25 35 24 33 22 
32 25 32 23 31 23 31 25 
32 28 27 33 33 39 38 34 
33 16 34 17 35 16 34 15 
33 25 34 25 34 22 33 22 
33 28 33 25 32 25 32 28 
34 12 32 14 34 16 36 14 
34 18 34 17 33 17 33 18 
34 30 35 30 35 25 34 25 
34 31 38 35 39 34 35 30 
34 39 35 39 35 36 34 36 
35 14 35 16 36 16 36 14 
35 22 36 21 33 18 32 19 
35 27 33 25 30 28 32 30 
37 17 36 17 36 18 37 18 
37 36 30 29 27 32 34 39 
39 36 37 36 37 39 39 39 
40 27 35 22 32 25 37 30 
40 34 40 27 39 27 39 34 
12 37 13 37 13 33 12 33 
14 16 18 20 20 18 16 14 
14 25 15 26 17 24 16 23 
17 38 17 39 18 39 18 38 
21 12 20 13 26 19 27 18 
21 20 23 20 23 15 21 15 
21 35 25 39 28 36 24 32 
23 21 23 25 24 25 24 21 
24 45 30 39 24 33 18 39 
31 30 32 30 32 28 31 28 
32 31 34 31 34 30 32 30 
35 17 36 18 37 17 36 16 
