61
14 19 13 20 16 23 17 22 
14 21 15 21 15 19 14 19 
14 24 18 28 19 27 15 23 
14 27 19 27 19 26 14 26 
14 29 13 30 16 33 17 32 
14 30 14 29 13 29 13 30 
15 32 15 36 17 36 17 32 
16 21 15 21 15 23 16 23 
16 25 14 27 19 32 21 30 
17 18 21 22 26 17 22 13 
17 20 20 20 20 19 17 19 
17 23 19 21 17 19 15 21 
17 25 17 23 16 23 16 25 
17 37 19 37 19 36 17 36 
18 16 15 19 22 26 25 23 
18 36 17 37 18 38 19 37 
19 12 14 17 17 20 22 15 
19 13 19 15 22 15 22 13 
19 23 25 23 25 21 19 21 
19 31 22 28 17 23 14 26 
19 35 20 35 20 32 19 32 
21 36 28 36 28 30 21 30 
22 23 23 24 26 21 25 20 
22 43 26 39 19 32 15 36 
23 11 19 15 24 20 28 16 
23 31 23 27 19 27 19 31 
23 39 26 39 26 31 23 31 
24 15 24 20 25 20 25 15 
24 18 26 20 31 15 29 13 
25 30 20 35 21 36 26 31 
26 15 26 17 31 17 31 15 
26 26 31 21 25 15 20 20 
26 28 26 26 22 26 22 28 
26 30 27 29 26 28 25 29 
27 21 26 20 25 21 26 22 
27 22 31 22 31 21 27 21 
27 23 25 23 25 29 27 29 
27 26 17 36 20 39 30 29 
27 34 30 34 30 29 27 29 
27 35 23 31 19 35 23 39 
28 19 26 19 26 20 28 20 
29 11 27 13 31 17 33 15 
29 21 27 23 37 33 39 31 
29 31 31 29 30 28 28 30 
29 32 31 34 39 26 37 24 
29 36 29 38 32 38 32 36 
30 38 32 36 30 34 28 36 
31 30 31 34 33 34 33 30 
32 15 32 26 33 26 33 15 
32 41 36 37 33 34 29 38 
37 41 37 38 32 38 32 41 
38 29 38 22 31 22 31 29 
39 32 39 31 29 31 29 32 
40 31 38 29 37 30 39 32 
13 21 13 24 14 24 14 21 
18 25 19 26 22 23 21 22 
23 29 32 38 35 35 26 26 
25 34 25 35 27 35 27 34 
27 11 27 13 29 13 29 11 
17 28 18 28 18 25 17 25 
25 36 27 34 19 26 17 28 
