164
11 16 15 20 17 18 13 14 
11 23 13 25 15 23 13 21 
12 32 13 33 15 31 14 30 
12 36 13 37 14 36 13 35 
12 38 14 38 14 36 12 36 
13 19 16 22 18 20 15 17 
13 23 15 25 18 22 16 20 
13 24 14 25 16 23 15 22 
13 31 13 33 15 33 15 31 
13 39 14 38 13 37 12 38 
14 16 16 14 15 13 13 15 
14 17 19 22 22 19 17 14 
14 19 14 17 13 17 13 19 
14 23 14 25 15 25 15 23 
14 35 16 37 18 35 16 33 
15 11 13 13 20 20 22 18 
15 15 15 14 13 14 13 15 
15 19 18 19 18 17 15 17 
15 29 20 29 20 25 15 25 
15 34 15 35 18 35 18 34 
15 39 15 37 13 37 13 39 
16 18 17 18 17 14 16 14 
16 36 15 37 17 39 18 38 
17 20 17 22 18 22 18 20 
17 23 17 22 16 22 16 23 
17 27 17 31 18 31 18 27 
17 30 18 31 20 29 19 28 
17 35 18 34 16 32 15 33 
17 37 16 37 16 39 17 39 
18 23 19 24 20 23 19 22 
18 24 18 26 19 26 19 24 
18 25 19 26 20 25 19 24 
18 30 17 31 20 34 21 33 
18 37 20 37 20 35 18 35 
19 15 21 15 21 14 19 14 
19 20 20 19 19 18 18 19 
19 23 19 22 18 22 18 23 
19 25 20 24 19 23 18 24 
19 30 21 30 21 28 19 28 
19 35 23 39 24 38 20 34 
20 11 15 11 15 13 20 13 
20 15 21 14 20 13 19 14 
20 18 20 19 22 19 22 18 
20 21 20 23 22 23 22 21 
20 22 22 24 24 22 22 20 
20 31 22 33 23 32 21 30 
20 38 24 38 24 37 20 37 
21 25 22 26 23 25 22 24 
21 27 23 27 23 25 21 25 
21 32 23 32 23 30 21 30 
21 36 21 33 16 33 16 36 
22 17 25 17 25 13 22 13 
22 28 23 27 22 26 21 27 
22 29 23 30 24 29 23 28 
22 31 22 29 20 29 20 31 
22 35 23 35 23 33 22 33 
23 26 25 28 26 27 24 25 
23 31 25 33 26 32 24 30 
23 36 26 36 26 35 23 35 
24 15 24 16 30 16 30 15 
24 19 22 19 22 20 24 20 
24 21 24 22 28 22 28 21 
24 23 22 23 22 24 24 24 
24 32 24 33 25 33 25 32 
24 34 23 35 25 37 26 36 
25 22 26 23 28 21 27 20 
25 23 24 24 28 28 29 27 
25 36 24 37 25 38 26 37 
26 15 28 17 30 15 28 13 
26 18 26 17 25 17 25 18 
26 20 28 22 32 18 30 16 
26 25 26 27 29 27 29 25 
26 28 26 27 25 27 25 28 
26 30 26 29 24 29 24 30 
26 31 27 32 30 29 29 28 
26 33 25 34 26 35 27 34 
26 34 26 33 25 33 25 34 
26 38 26 37 25 37 25 38 
27 13 27 17 28 17 28 13 
27 18 26 18 26 20 27 20 
27 23 29 25 30 24 28 22 
27 30 26 30 26 31 27 31 
27 36 27 37 31 37 31 36 
27 39 28 38 27 37 26 38 
28 14 27 13 24 16 25 17 
28 31 27 31 27 32 28 32 
28 33 30 35 32 33 30 31 
28 35 30 35 30 33 28 33 
29 29 28 28 26 30 27 31 
29 30 30 30 30 29 29 29 
29 31 31 33 32 32 30 30 
30 14 27 17 31 21 34 18 
30 21 31 20 28 17 27 18 
30 27 29 27 29 28 30 28 
31 22 31 27 32 27 32 22 
31 23 33 25 34 24 32 22 
31 26 30 27 31 28 32 27 
31 30 32 30 32 29 31 29 
31 31 31 30 30 30 30 31 
31 32 31 33 32 33 32 32 
31 38 28 35 27 36 30 39 
32 15 34 15 34 13 32 13 
32 20 34 20 34 18 32 18 
32 21 32 20 31 20 31 21 
32 37 35 34 34 33 31 36 
32 38 32 37 31 37 31 38 
33 12 32 13 33 14 34 13 
33 16 34 15 33 14 32 15 
33 20 34 21 36 19 35 18 
33 22 34 22 34 21 33 21 
33 24 33 25 34 25 34 24 
33 28 36 28 36 26 33 26 
33 29 32 30 33 31 34 30 
33 39 34 39 34 33 33 33 
34 17 35 17 35 15 34 15 
34 23 35 22 34 21 33 22 
34 26 33 25 31 27 32 28 
34 31 32 29 31 30 33 32 
34 32 34 31 33 31 33 32 
34 36 32 38 33 39 35 37 
35 20 35 22 39 22 39 20 
35 21 34 20 33 21 34 22 
35 23 35 22 34 22 34 23 
35 24 34 23 33 24 34 25 
35 27 36 28 37 27 36 26 
36 18 35 18 35 19 36 19 
36 23 37 23 37 21 36 21 
36 24 36 23 35 23 35 24 
36 38 36 39 39 39 39 38 
37 24 39 22 38 21 36 23 
37 30 38 29 34 25 33 26 
37 32 38 33 39 32 38 31 
37 33 37 32 36 32 36 33 
38 16 37 15 35 17 36 18 
38 20 36 18 35 19 37 21 
38 24 37 24 37 26 38 26 
38 39 39 38 36 35 35 36 
39 26 38 26 38 29 39 29 
39 34 35 34 35 36 39 36 
40 30 39 29 36 32 37 33 
40 38 34 32 33 33 39 39 
11 21 11 23 13 23 13 21 
13 27 15 29 17 27 15 25 
14 20 15 20 15 19 14 19 
14 27 13 27 13 30 14 30 
19 19 19 20 20 20 20 19 
19 31 19 34 20 34 20 31 
19 36 20 37 21 36 20 35 
20 28 21 27 19 25 18 26 
21 39 23 39 23 36 21 36 
23 16 25 18 26 17 24 15 
23 19 24 20 26 18 25 17 
23 22 24 23 25 22 24 21 
26 44 31 39 26 34 21 39 
27 26 31 22 30 21 26 25 
28 44 28 38 26 38 26 44 
30 12 30 14 33 14 33 12 
30 38 30 39 31 39 31 38 
35 30 39 26 37 24 33 28 
36 22 35 23 36 24 37 23 
37 28 36 28 36 30 37 30 
38 15 37 15 37 16 38 16 
21 22 22 23 23 22 22 21 
34 27 34 30 35 30 35 27 
