56
9 24 14 29 19 24 14 19 
13 19 13 22 14 22 14 19 
13 25 13 26 20 26 20 25 
13 27 13 30 17 30 17 27 
14 27 26 15 25 14 13 26 
14 32 14 36 16 36 16 32 
14 34 15 35 17 33 16 32 
15 30 17 32 22 27 20 25 
15 33 15 35 17 35 17 33 
15 37 16 36 15 35 14 36 
15 38 16 38 16 37 15 37 
18 28 18 30 31 30 31 28 
18 32 18 30 17 30 17 32 
18 33 23 33 23 32 18 32 
19 12 17 14 25 22 27 20 
19 13 17 15 33 31 35 29 
19 20 27 20 27 13 19 13 
19 25 17 27 18 28 20 26 
19 33 17 35 18 36 20 34 
22 19 28 19 28 18 22 18 
22 31 26 31 26 27 22 27 
23 24 26 27 28 25 25 22 
25 15 25 14 17 14 17 15 
25 21 28 18 25 15 22 18 
26 17 26 15 25 15 25 17 
27 24 31 24 31 20 27 20 
27 28 26 27 22 31 23 32 
28 14 28 15 32 15 32 14 
28 22 28 21 25 21 25 22 
29 22 31 24 33 22 31 20 
29 25 29 22 28 22 28 25 
30 17 33 20 34 19 31 16 
30 22 33 19 28 14 25 17 
30 29 30 39 32 39 32 29 
31 25 35 25 35 24 31 24 
32 41 37 36 35 34 30 39 
33 16 31 16 31 19 33 19 
33 26 33 22 30 22 30 26 
33 35 33 31 26 31 26 35 
34 20 34 19 33 19 33 20 
34 27 33 26 31 28 32 29 
34 33 34 38 36 38 36 33 
35 32 32 29 31 30 34 33 
36 22 36 26 39 26 39 22 
37 30 31 30 31 36 37 36 
37 41 37 39 32 39 32 41 
38 27 38 20 34 20 34 27 
7 28 16 37 22 31 13 22 
9 20 9 24 19 24 19 20 
14 31 15 30 14 29 13 30 
20 39 21 38 14 31 13 32 
22 32 23 33 30 26 29 25 
25 34 26 35 31 30 30 29 
25 39 25 34 20 34 20 39 
36 18 34 20 36 22 38 20 
36 23 35 24 38 27 39 26 
