49
13 21 14 22 18 18 17 17 
13 22 14 22 14 21 13 21 
14 23 15 22 14 21 13 22 
15 23 15 22 14 22 14 23 
15 27 19 31 20 30 16 26 
15 31 20 36 21 35 16 30 
16 28 17 28 17 26 16 26 
17 29 24 29 24 28 17 28 
17 30 17 29 16 29 16 30 
18 14 18 18 27 18 27 14 
18 19 16 21 24 29 26 27 
18 27 17 28 20 31 21 30 
18 31 18 27 15 27 15 31 
19 18 27 26 29 24 21 16 
19 30 19 31 20 31 20 30 
21 36 30 36 30 35 21 35 
22 16 21 16 21 24 22 24 
22 26 24 28 37 15 35 13 
22 30 26 34 28 32 24 28 
23 27 26 27 26 23 23 23 
23 31 23 32 28 32 28 31 
24 17 30 23 33 20 27 14 
26 29 32 23 27 18 21 24 
27 20 27 26 33 26 33 20 
27 30 27 26 22 26 22 30 
28 18 28 22 38 22 38 18 
29 31 30 32 31 31 30 30 
29 33 31 33 31 31 29 31 
30 10 24 16 32 24 38 18 
30 13 30 23 32 23 32 13 
30 34 31 33 30 32 29 33 
32 25 27 30 28 31 33 26 
33 30 33 33 36 33 36 30 
34 24 37 27 38 26 35 23 
34 25 34 24 32 24 32 25 
35 15 35 23 37 23 37 15 
35 35 38 32 36 30 33 33 
37 29 37 27 26 27 26 29 
38 16 24 16 24 17 38 17 
38 34 38 32 30 32 30 34 
39 23 38 22 37 23 38 24 
39 26 39 24 38 24 38 26 
42 27 39 24 33 30 36 33 
24 33 27 30 26 29 23 32 
26 33 26 29 24 29 24 33 
29 29 34 24 28 18 23 23 
29 34 29 33 26 33 26 34 
38 23 39 23 39 22 38 22 
29 14 38 23 39 22 30 13 
