135
9 32 14 37 28 23 23 18 
10 28 13 31 17 27 14 24 
11 32 14 35 16 33 13 30 
12 15 13 16 14 15 13 14 
12 16 13 16 13 15 12 15 
13 17 14 17 14 16 13 16 
13 20 18 25 25 18 20 13 
13 23 13 27 17 27 17 23 
13 35 15 37 17 35 15 33 
13 37 14 37 14 35 13 35 
14 14 14 15 15 15 15 14 
14 18 15 17 14 16 13 17 
14 22 16 22 16 18 14 18 
14 25 18 25 18 24 14 24 
14 29 20 29 20 26 14 26 
14 33 19 28 18 27 13 32 
14 38 15 39 16 38 15 37 
15 23 16 22 15 21 14 22 
15 27 18 24 17 23 14 26 
15 28 14 29 21 36 22 35 
15 38 14 38 14 39 15 39 
16 19 19 16 17 14 14 17 
16 20 17 19 16 18 15 19 
16 28 15 28 15 33 16 33 
17 13 17 14 18 14 18 13 
17 21 21 21 21 19 17 19 
17 28 17 31 19 31 19 28 
17 32 17 31 13 31 13 32 
17 37 17 35 15 35 15 37 
18 12 17 13 18 14 19 13 
18 19 27 28 28 27 19 18 
18 30 19 31 23 27 22 26 
18 33 18 39 19 39 19 33 
19 17 20 18 21 17 20 16 
19 19 17 21 18 22 20 20 
19 35 20 36 25 31 24 30 
20 17 20 16 19 16 19 17 
20 30 24 30 24 29 20 29 
20 32 19 31 18 32 19 33 
20 38 21 38 21 36 20 36 
20 40 21 39 20 38 19 39 
21 22 21 26 22 26 22 22 
22 17 21 17 21 18 22 18 
22 19 23 19 23 18 22 18 
22 20 23 19 22 18 21 19 
22 25 21 26 24 29 25 28 
22 27 22 35 23 35 23 27 
22 39 27 34 26 33 21 38 
23 21 22 20 21 21 22 22 
23 37 29 37 29 35 23 35 
24 15 24 16 25 16 25 15 
24 22 27 25 28 24 25 21 
24 23 28 23 28 22 24 22 
24 32 25 32 25 31 24 31 
24 33 24 34 26 34 26 33 
25 14 24 15 25 16 26 15 
25 25 25 28 27 28 27 25 
25 30 27 32 28 31 26 29 
25 35 24 34 23 35 24 36 
26 16 25 16 25 17 26 17 
26 18 25 18 25 19 26 19 
26 31 28 31 28 29 26 29 
27 17 26 16 25 17 26 18 
27 30 27 32 33 32 33 30 
27 33 26 34 28 36 29 35 
27 39 27 34 26 34 26 39 
28 14 33 19 34 18 29 13 
28 15 26 17 27 18 29 16 
28 17 28 15 27 15 27 17 
29 14 31 14 31 13 29 13 
29 20 27 18 26 19 28 21 
29 21 26 18 25 19 28 22 
29 23 32 23 32 21 29 21 
29 24 29 23 28 23 28 24 
29 27 28 28 36 36 37 35 
29 28 28 29 32 33 33 32 
29 33 33 37 37 33 33 29 
29 34 33 30 32 29 28 33 
29 41 31 39 29 37 27 39 
30 16 29 16 29 17 30 17 
30 24 29 24 29 25 30 25 
30 41 30 37 29 37 29 41 
31 19 33 19 33 14 31 14 
31 22 29 24 30 25 32 23 
31 26 29 26 29 27 31 27 
31 28 29 28 29 33 31 33 
31 35 32 35 32 33 31 33 
31 36 30 37 32 39 33 38 
31 38 31 39 32 39 32 38 
32 19 35 16 33 14 30 17 
32 20 29 23 30 24 33 21 
32 25 33 26 38 21 37 20 
32 28 33 28 33 26 32 26 
32 37 33 37 33 35 32 35 
33 20 32 19 31 20 32 21 
33 23 38 23 38 22 33 22 
33 25 33 23 32 23 32 25 
33 27 32 26 31 27 32 28 
34 20 34 19 33 19 33 20 
34 24 33 25 38 30 39 29 
34 26 34 28 37 28 37 26 
34 36 36 36 36 29 34 29 
34 38 33 38 33 39 34 39 
35 15 35 16 38 16 38 15 
35 29 31 33 33 35 37 31 
36 18 38 18 38 17 36 17 
36 20 34 20 34 24 36 24 
36 25 33 28 34 29 37 26 
37 19 36 18 35 19 36 20 
37 25 39 23 38 22 36 24 
37 38 39 38 39 35 37 35 
38 24 39 24 39 23 38 23 
40 21 36 17 34 19 38 23 
40 31 37 28 36 29 39 32 
40 33 40 31 37 31 37 33 
12 14 13 15 14 14 13 13 
13 38 14 39 15 38 14 37 
16 40 20 40 20 38 16 38 
17 33 15 35 17 37 19 35 
22 38 21 38 21 39 22 39 
23 14 21 16 22 17 24 15 
23 30 24 31 25 30 24 29 
23 32 24 33 25 32 24 31 
26 40 27 39 24 36 23 37 
28 20 29 20 29 17 28 17 
28 34 29 34 29 33 28 33 
30 27 31 26 30 25 29 26 
30 35 30 36 31 36 31 35 
37 24 36 24 36 25 37 25 
38 25 39 24 38 23 37 24 
40 18 39 18 39 21 40 21 
12 13 12 14 13 14 13 13 
22 40 26 40 26 39 22 39 
25 20 25 21 28 21 28 20 
25 38 26 39 30 35 29 34 
