146
7 28 14 35 20 29 13 22 
7 32 13 32 13 28 7 28 
10 22 13 25 17 21 14 18 
10 25 13 25 13 22 10 22 
11 30 13 32 15 30 13 28 
11 31 15 31 15 30 11 30 
11 36 14 39 17 36 14 33 
13 15 17 19 18 18 14 14 
13 29 11 31 13 33 15 31 
13 34 14 34 14 33 13 33 
14 13 14 14 19 14 19 13 
14 15 13 16 17 20 18 19 
14 16 14 15 13 15 13 16 
14 19 17 16 16 15 13 18 
14 20 17 20 17 19 14 19 
14 23 14 25 17 25 17 23 
14 27 15 26 14 25 13 26 
14 28 16 28 16 27 14 27 
14 38 22 38 22 35 14 35 
15 21 14 22 16 24 17 23 
15 27 16 28 18 26 17 25 
15 32 17 34 20 31 18 29 
16 31 17 31 17 28 16 28 
16 32 16 31 15 31 15 32 
17 18 17 16 14 16 14 18 
18 17 18 18 19 18 19 17 
18 21 18 26 22 26 22 21 
18 27 18 29 19 29 19 27 
18 28 19 29 20 28 19 27 
18 30 17 31 18 32 19 31 
18 33 17 33 17 34 18 34 
18 42 22 38 18 34 14 38 
19 22 19 23 20 23 20 22 
19 39 20 39 20 34 19 34 
20 12 19 13 20 14 21 13 
20 13 19 14 24 19 25 18 
20 17 19 18 21 20 22 19 
20 19 18 19 18 20 20 20 
20 26 21 27 22 26 21 25 
20 32 19 33 20 34 21 33 
21 12 20 12 20 13 21 13 
21 15 24 15 24 13 21 13 
21 22 20 23 27 30 28 29 
21 23 21 25 23 25 23 23 
21 28 20 28 20 29 21 29 
21 32 21 31 20 31 20 32 
22 20 20 22 21 23 23 21 
22 24 23 25 24 24 23 23 
22 28 21 29 26 34 27 33 
22 33 21 33 21 34 22 34 
23 14 24 15 25 14 24 13 
23 17 23 14 20 14 20 17 
23 32 28 27 27 26 22 31 
23 34 24 33 23 32 22 33 
23 36 25 36 25 35 23 35 
23 43 27 39 23 35 19 39 
24 18 25 18 25 16 24 16 
24 20 24 19 22 19 22 20 
24 26 22 26 22 28 24 28 
24 32 24 33 27 33 27 32 
24 35 23 34 22 35 23 36 
25 17 24 16 23 17 24 18 
25 25 24 26 25 27 26 26 
25 28 28 28 28 27 25 27 
25 30 27 30 27 29 25 29 
26 21 24 19 22 21 24 23 
26 23 24 23 24 24 26 24 
26 28 25 27 24 28 25 29 
26 30 28 32 29 31 27 29 
26 33 27 34 28 33 27 32 
26 35 27 35 27 34 26 34 
26 36 27 35 26 34 25 35 
27 17 27 14 26 14 26 17 
27 18 31 14 30 13 26 17 
27 20 27 23 28 23 28 20 
27 24 26 24 26 26 27 26 
27 25 28 24 27 23 26 24 
27 27 28 28 29 27 28 26 
27 36 27 39 29 39 29 36 
27 42 30 39 27 36 24 39 
28 12 26 14 28 16 30 14 
28 14 30 14 30 13 28 13 
28 25 29 24 28 23 27 24 
28 31 29 31 29 29 28 29 
29 21 38 21 38 20 29 20 
29 23 28 23 28 24 29 24 
29 25 32 28 33 27 30 24 
29 26 29 25 28 25 28 26 
29 30 33 34 37 30 33 26 
29 32 34 32 34 31 29 31 
29 33 29 32 28 32 28 33 
29 37 31 39 32 38 30 36 
30 15 31 15 31 14 30 14 
30 18 30 22 31 22 31 18 
30 19 34 23 35 22 31 18 
30 21 29 22 30 23 31 22 
30 26 30 27 33 27 33 26 
30 30 32 30 32 28 30 28 
31 17 37 17 37 15 31 15 
31 19 30 18 28 20 29 21 
31 23 37 17 36 16 30 22 
31 24 31 23 30 23 30 24 
31 29 30 28 29 29 30 30 
31 33 35 33 35 29 31 29 
31 35 34 32 32 30 29 33 
31 37 30 37 30 39 31 39 
32 10 28 14 31 17 35 13 
32 14 35 14 35 13 32 13 
32 25 31 24 29 26 30 27 
32 29 29 32 31 34 34 31 
32 35 31 34 29 36 30 37 
32 36 32 38 34 38 34 36 
33 35 34 36 36 34 35 33 
34 15 37 18 38 17 35 14 
34 35 35 36 37 34 36 33 
35 24 34 23 33 24 34 25 
35 34 36 34 36 33 35 33 
35 39 38 36 37 35 34 38 
36 18 36 28 37 28 37 18 
36 24 34 26 36 28 38 26 
36 35 37 35 37 34 36 34 
37 29 39 29 39 28 37 28 
38 13 36 13 36 16 38 16 
38 14 37 15 38 16 39 15 
38 25 34 25 34 26 38 26 
38 28 37 29 38 30 39 29 
38 39 38 36 35 36 35 39 
39 33 39 30 38 30 38 33 
13 27 14 28 15 27 14 26 
15 35 17 33 16 32 14 34 
17 37 23 37 23 36 17 36 
18 16 19 17 21 15 20 14 
19 19 20 20 23 17 22 16 
20 33 21 34 22 33 21 32 
22 29 27 24 26 23 21 28 
23 31 22 31 22 32 23 32 
24 42 27 42 27 39 24 39 
26 22 29 22 29 21 26 21 
28 22 29 23 30 22 29 21 
28 35 31 35 31 34 28 34 
32 34 32 35 33 35 33 34 
33 22 33 24 35 24 35 22 
36 30 37 29 36 28 35 29 
19 32 19 33 20 33 20 32 
26 18 24 20 26 22 28 20 
36 29 36 30 37 30 37 29 
