99
10 17 15 22 18 19 13 14 
12 31 17 36 20 33 15 28 
12 32 13 33 16 30 15 29 
12 39 16 39 16 32 12 32 
13 20 14 20 14 14 13 14 
13 30 15 30 15 29 13 29 
13 35 13 36 17 36 17 35 
14 26 14 28 15 28 15 26 
14 27 15 26 14 25 13 26 
14 31 14 38 25 38 25 31 
14 37 21 30 20 29 13 36 
14 41 16 39 14 37 12 39 
15 21 17 19 16 18 14 20 
15 23 19 23 19 22 15 22 
16 17 24 17 24 15 16 15 
16 22 15 23 19 27 20 26 
16 24 14 24 14 25 16 25 
16 34 13 37 14 38 17 35 
17 18 17 19 18 19 18 18 
17 26 20 23 19 22 16 25 
18 25 21 25 21 19 18 19 
19 15 30 26 31 25 20 14 
19 26 20 26 20 23 19 23 
19 28 19 27 18 27 18 28 
20 27 19 26 18 27 19 28 
20 32 20 33 23 33 23 32 
20 36 23 33 19 29 16 32 
20 37 21 36 15 30 14 31 
21 20 23 22 26 19 24 17 
21 37 21 36 20 36 20 37 
22 24 22 35 24 35 24 24 
22 27 26 31 27 30 23 26 
23 23 23 22 22 22 22 23 
23 25 24 24 23 23 22 24 
23 28 20 28 20 29 23 29 
23 30 27 30 27 29 23 29 
23 36 24 35 23 34 22 35 
24 23 28 23 28 17 24 17 
24 36 28 36 28 35 24 35 
24 37 25 38 28 35 27 34 
25 13 25 16 31 16 31 13 
25 25 23 25 23 26 25 26 
25 27 23 29 25 31 27 29 
25 29 28 32 31 29 28 26 
26 13 24 15 25 16 27 14 
26 25 31 25 31 19 26 19 
26 34 26 33 23 33 23 34 
26 38 28 36 26 34 24 36 
27 9 18 18 22 22 31 13 
27 26 23 30 26 33 30 29 
27 27 27 26 25 26 25 27 
27 38 27 34 26 34 26 38 
28 27 30 27 30 26 28 26 
29 21 32 21 32 17 29 17 
29 23 29 32 36 32 36 23 
29 38 29 39 31 39 31 38 
30 17 31 18 32 17 31 16 
30 28 34 28 34 27 30 27 
30 35 31 35 31 29 30 29 
31 11 27 15 29 17 33 13 
31 28 34 25 33 24 30 27 
31 31 33 29 30 26 28 28 
32 15 33 15 33 13 32 13 
32 19 36 23 37 22 33 18 
32 42 38 36 35 33 29 39 
33 16 35 16 35 15 33 15 
33 32 36 35 37 34 34 31 
34 16 33 15 30 18 31 19 
34 24 34 18 33 18 33 24 
34 29 38 29 38 28 34 28 
35 10 32 13 35 16 38 13 
36 22 34 24 35 25 37 23 
36 34 37 34 37 32 36 32 
36 39 36 35 32 35 32 39 
37 30 34 27 29 32 32 35 
38 24 38 16 35 16 35 24 
38 26 39 26 39 24 38 24 
38 27 39 26 36 23 35 24 
39 13 38 13 38 14 39 14 
39 22 39 19 37 19 37 22 
42 27 39 24 34 29 37 32 
10 18 16 18 16 17 10 17 
10 32 13 35 16 32 13 29 
11 17 10 18 13 21 14 20 
14 22 13 23 14 24 15 23 
17 21 19 23 27 15 25 13 
18 40 21 37 20 36 17 39 
20 9 20 14 27 14 27 9 
23 24 25 26 26 25 24 23 
23 37 24 36 20 32 19 33 
24 5 20 9 28 17 32 13 
25 39 26 39 26 38 25 38 
27 22 28 23 32 19 31 18 
27 28 28 28 28 27 27 27 
31 42 32 42 32 39 31 39 
33 42 36 39 32 35 29 38 
34 39 30 35 27 38 31 42 
36 28 38 26 31 19 29 21 
15 19 15 21 17 21 17 19 
