112
11 23 15 27 18 24 14 20 
11 24 13 24 13 23 11 23 
12 21 17 26 23 20 18 15 
12 28 15 31 18 28 15 25 
12 30 15 33 17 31 14 28 
13 26 16 23 14 21 11 24 
14 13 14 16 16 16 16 13 
14 22 14 24 18 24 18 22 
14 25 14 27 15 27 15 25 
14 29 15 30 16 29 15 28 
14 30 14 31 15 31 15 30 
15 23 14 22 13 23 14 24 
15 29 15 28 14 28 14 29 
15 35 16 34 15 33 14 34 
16 17 16 20 22 20 22 17 
16 21 16 20 14 20 14 21 
16 32 16 34 22 34 22 32 
17 25 17 26 20 26 20 25 
17 29 17 30 19 30 19 29 
17 32 21 36 23 34 19 30 
17 36 19 38 20 37 18 35 
17 37 20 37 20 36 17 36 
18 18 21 15 19 13 16 16 
18 33 15 33 15 35 18 35 
19 14 25 14 25 13 19 13 
19 26 21 28 22 27 20 25 
20 13 19 14 22 17 23 16 
20 20 18 18 16 20 18 22 
20 22 21 23 23 21 22 20 
20 33 25 28 22 25 17 30 
21 17 26 22 30 18 25 13 
21 21 16 21 16 23 21 23 
21 24 18 24 18 28 21 28 
21 33 22 34 23 33 22 32 
22 21 23 21 23 20 22 20 
22 26 23 27 26 24 25 23 
22 28 23 28 23 27 22 27 
23 22 26 22 26 21 23 21 
23 36 26 39 27 38 24 35 
23 37 26 34 25 33 22 36 
23 39 23 37 20 37 20 39 
24 17 24 19 25 19 25 17 
24 34 24 35 26 35 26 34 
25 18 24 19 26 21 27 20 
25 30 31 24 29 22 23 28 
25 37 22 34 20 36 23 39 
26 18 25 19 28 22 29 21 
26 23 25 23 25 24 26 24 
26 30 26 32 29 32 29 30 
26 36 29 36 29 35 26 35 
26 37 25 37 25 39 26 39 
27 16 25 14 24 15 26 17 
27 18 27 17 26 17 26 18 
27 19 27 20 33 20 33 19 
27 23 30 26 31 25 28 22 
27 26 28 25 26 23 25 24 
27 32 30 35 32 33 29 30 
27 34 26 35 28 37 29 36 
27 37 29 39 31 37 29 35 
27 39 29 39 29 38 27 38 
28 21 28 22 29 22 29 21 
28 24 28 25 31 25 31 24 
28 31 28 37 31 37 31 31 
30 12 29 13 31 15 32 14 
30 23 27 23 27 26 30 26 
30 29 33 29 33 26 30 26 
31 14 31 15 32 15 32 14 
31 21 33 23 35 21 33 19 
31 22 34 25 36 23 33 20 
31 27 34 27 34 25 31 25 
31 30 34 27 33 26 30 29 
31 38 32 38 32 37 31 37 
32 24 34 24 34 16 32 16 
32 32 32 33 39 33 39 32 
32 39 33 38 32 37 31 38 
32 40 33 39 32 38 31 39 
33 25 34 24 33 23 32 24 
33 40 33 39 32 39 32 40 
34 28 33 29 35 31 36 30 
34 29 35 30 37 28 36 27 
34 38 34 35 33 35 33 38 
35 13 32 16 35 19 38 16 
35 22 35 21 31 21 31 22 
35 27 35 30 36 30 36 27 
35 39 37 37 36 36 34 38 
36 20 33 20 33 23 36 23 
36 26 38 26 38 23 36 23 
36 35 38 35 38 31 36 31 
36 39 36 36 35 36 35 39 
37 24 37 25 39 25 39 24 
37 27 38 26 37 25 36 26 
37 29 37 28 34 28 34 29 
37 32 38 31 37 30 36 31 
38 13 35 13 35 16 38 16 
38 15 39 14 38 13 37 14 
38 25 39 24 38 23 37 24 
39 18 36 15 35 16 38 19 
16 33 17 32 15 30 14 31 
21 29 22 29 22 28 21 28 
23 29 22 28 21 29 22 30 
23 30 23 29 22 29 22 30 
29 18 32 15 31 14 28 17 
29 29 31 31 33 29 31 27 
30 13 29 13 29 18 30 18 
31 33 32 32 31 31 30 32 
35 34 34 35 35 36 36 35 
38 18 39 18 39 16 38 16 
39 19 38 18 36 20 37 21 
39 22 39 19 38 19 38 22 
20 29 20 33 21 33 21 29 
21 30 22 29 21 28 20 29 
28 27 28 29 29 29 29 27 
