82
10 26 19 35 22 32 13 23 
11 26 14 29 24 19 21 16 
13 15 13 16 14 16 14 15 
13 17 15 19 16 18 14 16 
13 18 16 18 16 17 13 17 
13 24 17 24 17 23 13 23 
13 29 13 31 14 31 14 29 
14 19 23 28 25 26 16 17 
14 21 17 24 19 22 16 19 
14 35 15 36 19 32 18 31 
15 15 21 21 22 20 16 14 
15 16 14 16 14 19 15 19 
15 32 18 29 17 28 14 31 
15 33 22 26 20 24 13 31 
16 32 16 19 15 19 15 32 
17 25 23 31 24 30 18 24 
18 25 18 24 17 24 17 25 
18 32 18 35 19 35 19 32 
19 20 19 22 22 22 22 20 
20 28 17 28 17 39 20 39 
20 29 19 30 24 35 25 34 
20 37 29 28 27 26 18 35 
21 18 28 18 28 17 21 17 
21 40 25 36 24 35 20 39 
22 15 34 27 35 26 23 14 
22 23 22 26 25 26 25 23 
22 25 20 27 32 39 34 37 
23 13 23 14 24 14 24 13 
23 25 27 29 29 27 25 23 
23 27 23 28 29 28 29 27 
23 33 24 34 28 30 27 29 
23 36 23 33 15 33 15 36 
24 12 23 13 24 14 25 13 
24 18 26 16 24 14 22 16 
24 20 27 23 28 22 25 19 
24 21 25 22 26 21 25 20 
25 21 25 20 24 20 24 21 
25 29 27 29 27 26 25 26 
25 30 24 30 24 34 25 34 
25 41 28 38 24 34 21 37 
26 15 22 15 22 16 26 16 
26 22 26 21 25 21 25 22 
26 30 28 30 28 22 26 22 
27 12 25 14 26 15 28 13 
27 34 25 34 25 36 27 36 
27 38 28 38 28 36 27 36 
28 14 28 13 25 13 25 14 
28 20 29 21 36 14 35 13 
28 39 30 39 30 38 28 38 
29 23 36 23 36 21 29 21 
29 25 27 23 23 27 25 29 
29 30 36 30 36 28 29 28 
29 32 29 37 31 37 31 32 
29 40 29 37 21 37 21 40 
30 15 28 17 30 19 32 17 
30 33 33 33 33 29 30 29 
30 36 29 37 30 38 31 37 
31 12 28 15 33 20 36 17 
31 31 33 33 35 31 33 29 
31 36 30 35 27 38 28 39 
32 26 36 30 38 28 34 24 
32 31 30 29 29 30 31 32 
32 38 33 39 35 37 34 36 
33 18 28 18 28 20 33 20 
33 38 32 38 32 39 33 39 
34 17 34 18 36 18 36 17 
35 20 35 26 38 26 38 20 
35 36 34 36 34 37 35 37 
37 20 36 19 35 20 36 21 
37 33 36 33 36 39 37 39 
38 14 39 14 39 13 38 13 
12 35 15 38 18 35 15 32 
13 19 13 21 14 21 14 19 
14 17 15 16 14 15 13 16 
15 14 15 15 16 15 16 14 
23 41 25 41 25 36 23 36 
27 25 29 25 29 23 27 23 
28 23 30 25 35 20 33 18 
30 14 28 14 28 15 30 15 
31 26 31 31 32 31 32 26 
34 10 30 14 34 18 38 14 
36 34 38 36 39 35 37 33 
