169
8 24 15 31 20 26 13 19 
8 25 14 25 14 24 8 24 
11 32 13 34 15 32 13 30 
12 21 16 25 18 23 14 19 
12 26 13 27 15 25 14 24 
12 30 13 31 20 24 19 23 
12 31 13 31 13 30 12 30 
13 21 14 21 14 19 13 19 
13 24 14 25 16 23 15 22 
13 32 15 32 15 31 13 31 
14 14 14 13 13 13 13 14 
14 34 16 32 15 31 13 33 
14 35 14 34 13 34 13 35 
14 36 18 36 18 35 14 35 
14 37 14 36 13 36 13 37 
15 14 14 13 13 14 14 15 
15 15 15 14 14 14 14 15 
15 18 15 22 18 22 18 18 
15 23 15 25 16 25 16 23 
15 27 15 25 14 25 14 27 
15 33 16 33 16 32 15 32 
15 35 14 34 13 35 14 36 
15 36 14 35 13 36 14 37 
16 14 15 13 14 14 15 15 
16 28 16 31 23 31 23 28 
16 38 14 36 13 37 15 39 
17 17 19 17 19 15 17 15 
17 19 20 22 21 21 18 18 
17 21 21 21 21 20 17 20 
17 24 17 26 19 26 19 24 
17 32 22 27 21 26 16 31 
18 14 16 14 16 16 18 16 
18 17 16 19 17 20 19 18 
18 27 25 34 26 33 19 26 
18 30 22 30 22 27 18 27 
18 33 24 39 25 38 19 32 
19 22 18 22 18 23 19 23 
20 15 20 16 22 16 22 15 
20 21 19 22 20 23 21 22 
20 25 22 25 22 24 20 24 
20 28 22 30 24 28 22 26 
20 32 21 33 23 31 22 30 
20 36 22 36 22 34 20 34 
20 38 22 36 20 34 18 36 
21 17 17 21 18 22 22 18 
21 18 21 17 19 17 19 18 
21 23 21 22 20 22 20 23 
21 24 20 23 19 24 20 25 
21 32 22 33 29 26 28 25 
22 32 21 32 21 33 22 33 
22 38 25 38 25 36 22 36 
23 15 23 16 25 16 25 15 
23 18 23 16 22 16 22 18 
23 21 24 21 24 20 23 20 
23 23 22 22 21 23 22 24 
23 25 23 26 24 26 24 25 
23 33 24 34 26 32 25 31 
23 34 23 39 24 39 24 34 
24 18 27 18 27 13 24 13 
24 19 23 20 24 21 25 20 
24 36 22 34 20 36 22 38 
25 14 23 16 27 20 29 18 
25 17 27 19 28 18 26 16 
25 21 27 21 27 20 25 20 
25 24 25 23 23 23 23 24 
25 25 26 25 26 24 25 24 
25 26 26 25 25 24 24 25 
25 27 26 26 25 25 24 26 
25 32 26 32 26 31 25 31 
26 14 28 16 29 15 27 13 
26 17 26 16 25 16 25 17 
26 20 25 19 24 20 25 21 
26 27 26 26 25 26 25 27 
26 30 26 28 24 28 24 30 
26 34 26 36 27 36 27 34 
26 42 29 39 26 36 23 39 
27 22 30 22 30 21 27 21 
27 29 26 28 25 29 26 30 
27 33 27 32 26 32 26 33 
27 37 28 37 28 36 27 36 
28 19 28 18 27 18 27 19 
28 22 27 21 25 23 26 24 
28 23 30 21 29 20 27 22 
28 24 30 26 32 24 30 22 
28 26 28 29 29 29 29 26 
28 31 27 32 28 33 29 32 
28 34 30 36 32 34 30 32 
28 35 27 36 28 37 29 36 
28 39 29 39 29 37 28 37 
29 23 28 23 28 24 29 24 
29 25 30 25 30 24 29 24 
29 35 29 36 30 36 30 35 
29 40 31 38 30 37 28 39 
30 13 26 17 27 18 31 14 
30 15 29 15 29 18 30 18 
30 19 32 19 32 18 30 18 
30 20 30 19 29 19 29 20 
30 27 33 30 34 29 31 26 
30 29 30 32 31 32 31 29 
30 30 31 29 30 28 29 29 
31 13 30 14 33 17 34 16 
31 18 32 19 33 18 32 17 
31 19 30 20 31 21 32 20 
31 20 31 21 32 21 32 20 
31 25 30 25 30 26 31 26 
31 33 31 36 34 36 34 33 
31 37 31 36 30 36 30 37 
32 14 33 14 33 13 32 13 
32 16 32 14 31 14 31 16 
32 25 34 27 36 25 34 23 
32 29 33 29 33 25 32 25 
32 32 33 32 33 30 32 30 
32 40 32 39 29 39 29 40 
33 12 32 13 33 14 34 13 
33 16 32 16 32 17 33 17 
33 20 32 19 31 20 32 21 
33 22 32 21 29 24 30 25 
33 36 35 38 38 35 36 33 
33 39 31 37 30 38 32 40 
34 15 36 15 36 13 34 13 
34 17 35 16 34 15 33 16 
34 20 34 19 33 19 33 20 
34 26 34 27 37 27 37 26 
34 38 35 37 34 36 33 37 
34 39 34 38 33 38 33 39 
35 14 36 15 37 14 36 13 
35 18 35 17 34 17 34 18 
35 19 34 18 33 19 34 20 
35 20 36 21 39 18 38 17 
35 22 37 24 38 23 36 21 
35 29 35 28 34 28 34 29 
35 35 35 37 38 37 38 35 
36 17 38 17 38 15 36 15 
36 24 34 26 37 29 39 27 
36 26 34 28 35 29 37 27 
36 30 36 33 38 33 38 30 
36 35 34 33 31 36 33 38 
37 18 39 18 39 16 37 16 
37 20 37 19 35 19 35 20 
37 21 36 21 36 24 37 24 
37 31 38 30 37 29 36 30 
37 33 33 29 32 30 36 34 
38 27 39 27 39 23 38 23 
38 29 38 27 37 27 37 29 
41 15 39 13 35 17 37 19 
11 33 13 33 13 32 11 32 
12 23 13 23 13 21 12 21 
14 18 16 16 15 15 13 17 
15 19 13 21 15 23 17 21 
16 17 16 19 17 19 17 17 
16 29 18 27 17 26 15 28 
17 34 18 33 17 32 16 33 
18 38 20 38 20 36 18 36 
19 34 19 32 17 32 17 34 
20 17 21 18 23 16 22 15 
22 13 20 15 23 18 25 16 
22 20 23 21 24 20 23 19 
27 24 27 25 28 25 28 24 
27 35 28 34 27 33 26 34 
29 21 30 20 29 19 28 20 
32 22 33 22 33 21 32 21 
33 33 36 30 35 29 32 32 
33 40 34 39 33 38 32 39 
34 22 35 22 35 20 34 20 
35 21 34 20 33 21 34 22 
35 31 37 31 37 29 35 29 
36 29 38 27 37 26 35 28 
13 16 15 18 16 17 14 15 
33 23 34 23 34 22 33 22 
