144
10 19 14 23 20 17 16 13 
10 27 14 31 17 28 13 24 
11 31 13 33 20 26 18 24 
11 35 14 35 14 31 11 31 
12 19 14 21 16 19 14 17 
12 27 14 29 15 28 13 26 
12 28 14 30 16 28 14 26 
12 32 15 32 15 28 12 28 
12 34 16 38 17 37 13 33 
13 17 14 18 15 17 14 16 
13 18 14 18 14 17 13 17 
13 19 13 24 16 24 16 19 
13 29 14 29 14 26 13 26 
13 31 17 35 18 34 14 30 
14 13 14 16 15 16 15 13 
14 33 15 34 16 33 15 32 
14 36 17 36 17 35 14 35 
15 21 17 21 17 17 15 17 
15 23 15 21 14 21 14 23 
16 20 14 18 13 19 15 21 
16 22 15 23 16 24 17 23 
16 25 18 25 18 24 16 24 
16 26 16 28 17 28 17 26 
16 29 16 33 20 33 20 29 
16 37 17 36 15 34 14 35 
17 18 22 23 25 20 20 15 
17 22 19 24 20 23 18 21 
17 24 16 25 17 26 18 25 
17 38 17 37 16 37 16 38 
18 17 18 20 20 20 20 17 
18 22 18 21 17 21 17 22 
18 28 26 28 26 27 18 27 
18 32 15 32 15 34 18 34 
18 35 22 39 23 38 19 34 
19 13 19 14 23 14 23 13 
19 19 18 20 19 21 20 20 
19 31 18 32 22 36 23 35 
19 32 21 32 21 31 19 31 
19 35 19 34 18 34 18 35 
19 38 23 38 23 35 19 35 
20 21 20 23 21 23 21 21 
20 22 19 21 18 22 19 23 
20 24 20 23 19 23 19 24 
20 25 18 25 18 26 20 26 
20 31 19 32 20 33 21 32 
21 15 23 17 25 15 23 13 
21 25 22 25 22 23 21 23 
21 30 30 21 29 20 20 29 
22 20 23 21 27 17 26 16 
22 24 21 23 20 24 21 25 
22 28 23 29 26 26 25 25 
22 33 22 36 26 36 26 33 
23 20 23 21 25 21 25 20 
23 24 23 29 31 29 31 24 
23 33 25 35 28 32 26 30 
23 34 22 33 18 37 19 38 
23 39 26 39 26 38 23 38 
24 16 23 16 23 17 24 17 
24 23 23 24 26 27 27 26 
24 25 25 25 25 23 24 23 
24 29 25 30 27 28 26 27 
24 36 25 37 26 36 25 35 
24 38 22 36 21 37 23 39 
25 19 26 19 26 16 25 16 
25 34 27 36 28 35 26 33 
26 20 27 20 27 19 26 19 
26 25 26 26 27 26 27 25 
27 14 27 15 28 15 28 14 
27 18 32 18 32 17 27 17 
27 21 28 20 27 19 26 20 
27 32 27 35 28 35 28 32 
28 19 28 20 29 20 29 19 
28 21 28 20 27 20 27 21 
28 26 30 26 30 21 28 21 
28 28 28 26 27 26 27 28 
28 30 30 28 28 26 26 28 
29 12 27 14 28 15 30 13 
29 15 28 14 27 15 28 16 
29 16 29 15 28 15 28 16 
29 23 27 21 25 23 27 25 
29 28 28 28 28 30 29 30 
29 33 30 33 30 30 29 30 
29 36 30 37 33 34 32 33 
29 38 29 36 27 36 27 38 
30 16 31 16 31 15 30 15 
30 17 31 16 30 15 29 16 
31 18 32 19 33 18 32 17 
31 20 38 27 39 26 32 19 
31 23 31 20 29 20 29 23 
31 31 29 33 30 34 32 32 
31 34 30 34 30 37 31 37 
31 40 32 39 30 37 29 38 
32 29 33 30 36 27 35 26 
32 31 32 29 31 29 31 31 
32 34 33 34 33 33 32 33 
33 13 31 15 34 18 36 16 
33 19 33 18 32 18 32 19 
33 23 36 26 37 25 34 22 
34 20 34 22 38 22 38 20 
34 26 31 29 35 33 38 30 
34 28 34 26 30 26 30 28 
34 33 35 32 33 30 32 31 
34 38 35 38 35 33 34 33 
35 14 35 18 38 18 38 14 
35 19 34 18 33 19 34 20 
35 27 36 27 36 26 35 26 
35 31 32 31 32 32 35 32 
35 41 39 37 35 33 31 37 
36 18 37 19 38 18 37 17 
36 22 38 20 37 19 35 21 
36 30 37 30 37 27 36 27 
36 31 38 33 39 32 37 30 
36 38 37 37 33 33 32 34 
37 16 36 16 36 17 37 17 
37 21 37 19 35 19 35 21 
37 26 39 26 39 25 37 25 
37 33 38 33 38 30 37 30 
37 40 37 37 31 37 31 40 
38 28 37 27 35 29 36 30 
38 32 36 30 35 31 37 33 
38 37 37 36 35 38 36 39 
39 28 39 27 38 27 38 28 
39 33 38 33 38 37 39 37 
40 29 39 28 38 29 39 30 
13 14 15 16 16 15 14 13 
21 20 22 20 22 15 21 15 
21 24 22 25 23 24 22 23 
26 13 24 15 25 16 27 14 
26 17 27 18 29 16 28 15 
28 27 29 28 32 25 31 24 
29 17 31 19 32 18 30 16 
30 20 27 23 30 26 33 23 
30 42 34 38 30 34 26 38 
34 15 36 17 37 16 35 14 
35 28 35 29 38 29 38 28 
35 39 36 39 36 38 35 38 
36 36 37 36 37 33 36 33 
20 19 21 20 24 17 23 16 
25 42 30 42 30 37 25 37 
32 41 35 41 35 39 32 39 
23 40 25 42 29 38 27 36 
22 40 23 40 23 39 22 39 
19 43 22 40 17 35 14 38 
17 43 19 43 19 38 17 38 
