120
8 27 13 32 22 23 17 18 
12 21 15 24 16 23 13 20 
12 24 15 24 15 21 12 21 
13 15 13 16 16 16 16 15 
13 22 17 22 17 20 13 20 
13 23 12 24 17 29 18 28 
13 26 13 32 15 32 15 26 
13 28 18 33 20 31 15 26 
14 16 16 14 15 13 13 15 
14 22 16 24 17 23 15 21 
15 14 13 16 14 17 16 15 
15 17 14 18 18 22 19 21 
15 18 15 17 14 17 14 18 
15 25 16 25 16 24 15 24 
15 33 16 33 16 32 15 32 
15 34 15 35 20 35 20 34 
16 13 15 13 15 14 16 14 
16 19 19 19 19 16 16 16 
16 30 19 33 20 32 17 29 
17 13 17 14 19 14 19 13 
17 15 20 18 22 16 19 13 
17 16 18 17 19 16 18 15 
17 26 17 29 20 29 20 26 
17 38 20 35 18 33 15 36 
18 18 20 18 20 17 18 17 
18 23 18 22 17 22 17 23 
18 27 18 28 19 28 19 27 
18 31 20 29 19 28 17 30 
18 32 20 32 20 31 18 31 
18 38 19 38 19 33 18 33 
19 22 22 19 20 17 17 20 
19 24 18 23 16 25 17 26 
19 25 20 26 22 24 21 23 
19 35 20 36 21 35 20 34 
20 37 16 33 15 34 19 38 
21 19 21 23 22 23 22 19 
21 29 21 35 22 35 22 29 
21 37 21 38 25 38 25 37 
22 20 23 21 30 14 29 13 
22 25 22 24 19 24 19 25 
22 27 23 26 22 25 21 26 
22 28 26 32 29 29 25 25 
22 33 25 36 27 34 24 31 
23 14 19 14 19 15 23 15 
23 17 23 21 26 21 26 17 
23 18 26 21 30 17 27 14 
23 22 23 21 19 21 19 22 
23 24 26 24 26 22 23 22 
23 25 23 26 25 26 25 25 
23 33 27 37 35 29 31 25 
23 34 23 35 27 35 27 34 
23 39 25 37 23 35 21 37 
24 18 28 18 28 13 24 13 
25 14 25 23 27 23 27 14 
25 21 26 22 29 19 28 18 
25 32 26 32 26 29 25 29 
26 25 27 26 29 24 28 23 
26 27 29 30 30 29 27 26 
26 28 26 27 22 27 22 28 
28 26 29 25 27 23 26 24 
28 32 32 36 35 33 31 29 
28 37 28 35 27 35 27 37 
29 14 30 14 30 13 29 13 
29 16 29 17 30 17 30 16 
29 36 31 36 31 30 29 30 
30 18 31 18 31 17 30 17 
30 22 30 18 28 18 28 22 
30 25 29 25 29 29 30 29 
30 33 30 35 34 35 34 33 
30 37 31 36 30 35 29 36 
30 38 31 39 33 37 32 36 
31 21 30 22 31 23 32 22 
31 22 30 22 30 23 31 23 
31 24 32 23 31 22 30 23 
31 37 32 37 32 36 31 36 
31 38 31 37 30 37 30 38 
32 15 32 22 37 22 37 15 
32 24 32 23 31 23 31 24 
32 25 31 25 31 29 32 29 
32 30 35 30 35 29 32 29 
32 33 34 35 36 33 34 31 
32 38 33 38 33 37 32 37 
32 39 32 38 31 38 31 39 
33 18 31 18 31 21 33 21 
33 23 32 24 38 30 39 29 
33 32 33 26 28 26 28 32 
33 36 35 38 36 37 34 35 
33 40 34 39 33 38 32 39 
34 17 32 15 31 16 33 18 
34 20 31 17 30 18 33 21 
34 23 38 23 38 20 34 20 
34 27 38 23 37 22 33 26 
34 29 30 25 26 29 30 33 
35 32 38 32 38 30 35 30 
35 36 36 36 36 33 35 33 
35 40 35 38 33 38 33 40 
37 29 39 29 39 25 37 25 
37 31 38 32 39 31 38 30 
38 13 38 14 39 14 39 13 
39 33 39 31 37 31 37 33 
11 28 15 32 17 30 13 26 
15 37 20 37 20 36 15 36 
16 29 16 30 17 30 17 29 
16 38 15 37 14 38 15 39 
17 33 16 33 16 38 17 38 
17 37 19 35 17 33 15 35 
19 39 21 37 20 36 18 38 
20 38 19 38 19 39 20 39 
21 21 22 20 21 19 20 20 
22 26 25 29 26 28 23 25 
22 39 23 39 23 35 22 35 
23 30 26 27 25 26 22 29 
23 31 23 33 24 33 24 31 
24 15 25 14 24 13 23 14 
26 34 28 32 25 29 23 31 
27 36 28 37 29 36 28 35 
29 12 28 13 29 14 30 13 
36 17 39 14 38 13 35 16 
38 34 39 33 38 32 37 33 
21 40 22 39 21 38 20 39 
