147
10 28 15 33 19 29 14 24 
10 35 13 35 13 28 10 28 
11 26 13 28 22 19 20 17 
14 17 15 18 16 17 15 16 
14 18 15 18 15 17 14 17 
14 20 14 24 15 24 15 20 
14 25 14 26 17 26 17 25 
14 30 15 31 16 30 15 29 
14 32 14 33 15 33 15 32 
14 36 15 36 15 35 14 35 
15 27 17 25 16 24 14 26 
15 30 16 30 16 29 15 29 
15 34 16 33 15 32 14 33 
16 12 13 15 15 17 18 14 
16 16 16 17 20 17 20 16 
16 19 16 18 15 18 15 19 
16 20 16 24 18 24 18 20 
16 27 16 24 15 24 15 27 
16 34 16 33 15 33 15 34 
16 35 15 34 14 35 15 36 
16 36 15 35 14 36 15 37 
16 38 20 38 20 37 16 37 
17 19 18 20 21 17 20 16 
17 30 20 30 20 28 17 28 
17 31 17 32 21 32 21 31 
18 15 18 14 13 14 13 15 
18 21 15 24 17 26 20 23 
18 22 20 24 21 23 19 21 
18 26 20 28 21 27 19 25 
18 27 17 26 16 27 17 28 
18 29 17 28 16 29 17 30 
18 32 19 33 21 31 20 30 
18 33 22 29 21 28 17 32 
18 35 18 34 16 34 16 35 
19 27 18 27 18 29 19 29 
19 39 23 39 23 36 19 36 
20 18 20 20 24 20 24 18 
20 19 23 22 25 20 22 17 
20 21 20 20 19 20 19 21 
20 33 18 35 19 36 21 34 
21 13 21 17 22 17 22 13 
21 14 25 18 26 17 22 13 
21 21 20 21 20 23 21 23 
21 24 25 28 27 26 23 22 
21 35 25 35 25 34 21 34 
22 14 25 17 26 16 23 13 
22 23 23 23 23 22 22 22 
22 27 22 24 21 24 21 27 
22 28 21 28 21 29 22 29 
22 30 20 30 20 33 22 33 
22 37 22 38 24 38 24 37 
23 17 20 20 21 21 24 18 
23 19 23 17 22 17 22 19 
23 20 27 24 29 22 25 18 
23 21 22 22 23 23 24 22 
23 25 24 24 23 23 22 24 
23 26 23 25 19 25 19 26 
23 29 22 28 21 29 22 30 
23 31 24 32 26 30 25 29 
23 37 22 38 23 39 24 38 
23 38 24 37 23 36 22 37 
24 16 26 16 26 13 24 13 
24 21 25 21 25 20 24 20 
24 25 27 25 27 24 24 24 
25 22 29 22 29 21 25 21 
25 31 25 29 23 29 23 31 
25 36 31 36 31 35 25 35 
26 14 30 18 31 17 27 13 
26 18 26 17 25 17 25 18 
26 27 26 26 23 26 23 27 
26 29 29 29 29 27 26 27 
26 31 29 34 34 29 31 26 
26 33 25 34 30 39 31 38 
26 34 29 34 29 33 26 33 
27 16 27 17 31 17 31 16 
27 19 26 18 24 20 25 21 
27 35 29 33 28 32 26 34 
27 45 36 36 29 29 20 38 
28 18 27 18 27 19 28 19 
28 26 29 27 30 26 29 25 
28 27 26 29 29 32 31 30 
29 18 28 19 30 21 31 20 
29 31 29 32 36 32 36 31 
29 37 32 37 32 34 29 34 
30 30 31 30 31 26 30 26 
30 35 31 36 33 34 32 33 
31 10 28 13 31 16 34 13 
31 21 35 21 35 20 31 20 
31 23 31 21 30 21 30 23 
31 25 32 26 34 24 33 23 
32 21 33 22 35 20 34 19 
32 22 32 23 33 23 33 22 
32 25 32 23 31 23 31 25 
32 39 35 39 35 38 32 38 
33 10 30 13 36 19 39 16 
33 13 33 15 34 15 34 13 
33 25 34 25 34 24 33 24 
33 26 33 25 32 25 32 26 
33 37 36 37 36 36 33 36 
34 23 33 22 32 23 33 24 
34 30 36 32 37 31 35 29 
34 36 32 34 31 35 33 37 
34 39 35 38 33 36 32 37 
34 40 35 39 33 37 32 38 
34 41 38 37 36 35 32 39 
35 16 37 16 37 15 35 15 
35 17 35 16 32 16 32 17 
35 22 38 22 38 21 35 21 
35 26 36 27 38 25 37 24 
35 28 36 28 36 27 35 27 
35 30 35 29 34 29 34 30 
35 33 36 34 37 33 36 32 
35 35 36 35 36 34 35 34 
36 12 35 13 37 15 38 14 
36 14 36 19 38 19 38 14 
36 15 35 14 34 15 35 16 
36 18 35 17 31 21 32 22 
36 23 36 19 34 19 34 23 
36 30 39 30 39 28 36 28 
36 38 38 38 38 37 36 37 
37 20 35 22 36 23 38 21 
37 23 38 24 39 23 38 22 
37 25 38 25 38 24 37 24 
37 32 38 32 38 31 37 31 
38 26 37 25 35 27 36 28 
38 27 35 30 36 31 39 28 
39 20 37 20 37 23 39 23 
8 33 10 35 15 30 13 28 
13 19 14 20 15 19 14 18 
14 19 15 20 16 19 15 18 
14 31 15 31 15 30 14 30 
20 36 21 35 19 33 18 34 
23 33 25 35 26 34 24 32 
27 10 24 13 27 16 30 13 
27 27 28 26 27 25 26 26 
28 10 27 10 27 13 28 13 
28 25 27 25 27 26 28 26 
29 13 29 18 30 18 30 13 
30 8 28 10 33 15 35 13 
30 20 35 15 33 13 28 18 
30 22 31 21 30 20 29 21 
34 27 35 26 34 25 33 26 
34 33 35 34 37 32 36 31 
36 33 37 33 37 32 36 32 
13 18 13 19 14 19 14 18 
32 30 32 33 34 33 34 30 
30 28 32 30 34 28 32 26 
