73
10 24 13 27 20 20 17 17 
10 26 13 29 16 26 13 23 
13 24 28 24 28 23 13 23 
13 26 13 24 10 24 10 26 
13 30 17 34 21 30 17 26 
13 36 21 36 21 30 13 30 
14 33 17 33 17 32 14 32 
14 35 17 38 20 35 17 32 
14 38 17 38 17 35 14 35 
15 22 23 22 23 18 15 18 
16 27 16 26 13 26 13 27 
16 28 13 28 13 29 16 29 
16 31 25 22 22 19 13 28 
17 16 15 18 16 19 18 17 
17 25 18 25 18 17 17 17 
17 31 17 29 16 29 16 31 
18 29 18 38 19 38 19 29 
18 32 17 33 21 37 22 36 
19 16 19 13 17 13 17 16 
19 37 30 26 28 24 17 35 
20 19 13 26 16 29 23 22 
21 26 21 27 30 27 30 26 
21 29 28 22 24 18 17 25 
21 39 26 39 26 37 21 37 
22 20 22 19 20 19 20 20 
22 37 23 36 22 35 21 36 
22 40 28 34 27 33 21 39 
23 34 23 36 28 36 28 34 
24 13 15 22 18 25 27 16 
24 21 29 21 29 18 24 18 
25 17 25 22 28 22 28 17 
25 28 24 29 33 38 34 37 
26 18 28 16 27 15 25 17 
27 19 26 18 16 28 17 29 
27 26 31 30 34 27 30 23 
27 27 30 30 36 24 33 21 
27 28 25 28 25 33 27 33 
27 34 29 36 33 32 31 30 
28 15 27 15 27 16 28 16 
28 32 33 32 33 24 28 24 
29 26 30 27 33 24 32 23 
30 15 28 17 29 18 31 16 
30 20 38 20 38 15 30 15 
30 31 30 30 29 30 29 31 
30 32 29 31 28 32 29 33 
31 38 33 38 33 37 31 37 
32 28 32 36 39 36 39 28 
32 38 33 37 32 36 31 37 
33 10 30 13 35 18 38 15 
33 30 30 27 23 34 26 37 
34 19 37 22 38 21 35 18 
34 24 36 24 36 23 34 23 
34 25 31 25 31 27 34 27 
34 33 35 34 37 32 36 31 
34 41 37 38 34 35 31 38 
35 19 35 22 37 22 37 19 
35 24 36 23 35 22 34 23 
37 27 34 24 32 26 35 29 
37 34 35 34 35 38 37 38 
38 29 39 28 35 24 34 25 
39 22 37 22 37 27 39 27 
39 41 39 37 34 37 34 41 
11 35 14 38 17 35 14 32 
20 40 21 39 19 37 18 38 
25 34 29 30 27 28 23 32 
28 41 31 38 29 36 26 39 
29 35 34 35 34 33 29 33 
29 41 29 36 28 36 28 41 
30 38 31 37 29 35 28 36 
30 39 31 39 31 38 30 38 
34 32 37 32 37 27 34 27 
44 32 39 27 34 32 39 37 
28 40 29 41 31 39 30 38 
