103
11 30 15 34 17 32 13 28 
11 38 13 38 13 30 11 30 
13 19 23 29 24 28 14 18 
14 19 20 25 21 24 15 18 
14 25 14 27 16 27 16 25 
14 28 14 30 17 30 17 28 
14 31 17 28 16 27 13 30 
14 32 15 33 16 32 15 31 
14 39 14 38 13 38 13 39 
15 12 13 14 17 18 19 16 
15 19 15 18 14 18 14 19 
15 25 24 34 25 33 16 24 
15 32 15 31 14 31 14 32 
15 40 19 36 18 35 14 39 
16 18 16 24 17 24 17 18 
16 23 17 24 20 21 19 20 
16 33 16 32 15 32 15 33 
16 35 18 35 18 33 16 33 
17 15 23 21 25 19 19 13 
17 16 19 16 19 15 17 15 
18 32 23 32 23 30 18 30 
18 36 19 36 19 35 18 35 
19 14 17 16 23 22 25 20 
19 21 20 21 20 20 19 20 
19 24 19 33 21 33 21 24 
19 26 23 30 24 29 20 25 
19 28 16 25 14 27 17 30 
19 37 18 36 16 38 17 39 
20 22 14 28 15 29 21 23 
20 35 22 33 20 31 18 33 
20 36 22 34 21 33 19 35 
20 37 20 36 19 36 19 37 
21 17 19 15 16 18 18 20 
21 22 23 22 23 21 21 21 
21 30 26 25 25 24 20 29 
21 34 22 34 22 33 21 33 
22 29 22 25 20 25 20 29 
22 35 24 35 24 34 22 34 
22 38 25 35 24 34 21 37 
23 28 24 28 24 22 23 22 
24 18 28 18 28 17 24 17 
25 22 25 24 26 24 26 22 
25 23 26 22 25 21 24 22 
25 28 25 30 26 30 26 28 
26 26 31 26 31 25 26 25 
26 34 39 34 39 30 26 30 
26 35 26 34 25 34 25 35 
26 36 26 38 32 38 32 36 
27 13 19 13 19 14 27 14 
27 31 32 26 31 25 26 30 
27 32 25 34 26 35 28 33 
27 33 26 34 31 39 32 38 
28 15 33 20 34 19 29 14 
28 22 28 33 30 33 30 22 
28 25 25 22 22 25 25 28 
28 26 26 28 36 38 38 36 
28 38 29 39 32 36 31 35 
29 16 29 14 27 14 27 16 
29 19 30 20 33 17 32 16 
29 20 30 20 30 19 29 19 
29 21 29 20 25 20 25 21 
29 23 30 22 29 21 28 22 
30 39 31 39 31 35 30 35 
31 14 37 14 37 13 31 13 
31 21 32 22 33 21 32 20 
31 22 33 24 35 22 33 20 
31 24 32 24 32 22 31 22 
31 32 31 31 27 31 27 32 
31 34 30 35 33 38 34 37 
32 13 31 14 37 20 38 19 
32 17 32 20 33 20 33 17 
32 25 33 25 33 24 32 24 
32 33 34 35 39 30 37 28 
33 23 32 24 33 25 34 24 
33 26 34 25 33 24 32 25 
33 32 33 38 36 38 36 32 
33 42 37 38 34 35 30 39 
34 21 38 21 38 19 34 19 
34 26 34 25 33 25 33 26 
35 24 35 22 34 22 34 24 
35 28 37 28 37 24 35 24 
36 14 37 15 38 14 37 13 
36 16 37 16 37 15 36 15 
36 30 35 31 36 32 37 31 
37 27 38 28 39 27 38 26 
38 15 37 14 36 15 37 16 
38 16 37 15 36 16 37 17 
38 17 38 16 37 16 37 17 
38 27 39 27 39 26 38 26 
38 31 38 28 37 28 37 31 
38 37 34 37 34 39 38 39 
12 37 13 38 16 35 15 34 
13 37 14 38 19 33 18 32 
19 31 26 24 25 23 18 30 
20 23 21 23 21 22 20 22 
25 32 25 33 27 33 27 32 
26 15 27 16 28 15 27 14 
27 18 29 20 30 19 28 17 
29 30 31 32 35 28 33 26 
30 25 31 26 32 25 31 24 
32 27 33 27 33 26 32 26 
32 42 33 42 33 38 32 38 
36 25 38 27 39 26 37 24 
