173
9 17 14 22 18 18 13 13 
9 23 13 23 13 17 9 17 
11 33 14 36 18 32 15 29 
11 35 14 35 14 33 11 33 
13 22 14 23 15 22 14 21 
13 27 13 28 17 28 17 27 
13 32 14 33 17 30 16 29 
13 34 18 34 18 32 13 32 
13 36 15 38 16 37 14 35 
13 39 14 39 14 36 13 36 
14 15 14 13 13 13 13 15 
14 24 15 23 14 22 13 23 
14 29 18 25 17 24 13 28 
15 13 13 15 16 18 18 16 
15 15 14 15 14 18 15 18 
15 21 14 21 14 22 15 22 
15 24 15 23 14 23 14 24 
15 30 15 38 17 38 17 30 
16 19 17 18 16 17 15 18 
16 23 17 23 17 22 16 22 
16 25 15 25 15 29 16 29 
16 26 17 27 26 18 25 17 
17 13 17 14 19 14 19 13 
17 16 17 18 18 18 18 16 
17 19 17 18 16 18 16 19 
17 20 19 22 20 21 18 19 
18 15 19 16 20 15 19 14 
18 20 18 19 17 19 17 20 
18 21 18 23 20 23 20 21 
18 24 18 23 17 23 17 24 
18 26 20 26 20 25 18 25 
18 29 26 37 29 34 21 26 
18 36 18 39 24 39 24 36 
19 19 19 22 21 22 21 19 
19 21 18 20 16 22 17 23 
19 29 21 27 20 26 18 28 
19 30 18 30 18 31 19 31 
19 32 19 33 23 33 23 32 
19 37 20 38 23 35 22 34 
20 13 20 15 22 15 22 13 
20 16 20 15 19 15 19 16 
20 20 21 19 20 18 19 19 
20 27 21 27 21 26 20 26 
20 30 19 29 18 30 19 31 
20 34 22 34 22 30 20 30 
20 35 20 38 23 38 23 35 
21 12 20 13 21 14 22 13 
21 24 20 23 19 24 20 25 
21 28 20 29 23 32 24 31 
21 31 23 33 24 32 22 30 
21 36 20 35 17 38 18 39 
22 18 22 16 21 16 21 18 
22 21 26 21 26 18 22 18 
22 22 22 23 23 23 23 22 
22 27 21 27 21 28 22 28 
22 37 23 38 26 35 25 34 
23 12 21 12 21 14 23 14 
23 15 23 17 25 17 25 15 
23 28 24 28 24 26 23 26 
23 37 25 39 26 38 24 36 
24 15 29 20 31 18 26 13 
24 16 23 15 22 16 23 17 
24 21 23 20 22 21 23 22 
24 27 27 24 26 23 23 26 
24 29 24 31 30 31 30 29 
24 33 24 34 25 34 25 33 
25 23 24 22 23 23 24 24 
25 24 25 23 24 23 24 24 
25 27 26 27 26 24 25 24 
25 31 29 35 30 34 26 30 
25 37 26 37 26 35 25 35 
26 14 25 15 26 16 27 15 
26 22 27 22 27 21 26 21 
26 28 28 28 28 27 26 27 
26 34 25 33 24 34 25 35 
27 10 24 13 31 20 34 17 
27 20 22 15 21 16 26 21 
27 25 26 24 24 26 25 27 
27 28 28 27 27 26 26 27 
27 34 27 30 26 30 26 34 
27 35 29 35 29 34 27 34 
28 18 30 20 31 19 29 17 
28 19 31 19 31 18 28 18 
28 20 28 21 29 21 29 20 
28 22 29 21 28 20 27 21 
28 23 29 22 28 21 27 22 
28 24 27 24 27 25 28 25 
28 26 30 26 30 25 28 25 
28 30 32 34 34 32 30 28 
28 38 28 37 26 37 26 38 
29 10 27 10 27 15 29 15 
29 23 29 22 28 22 28 23 
29 25 30 26 33 23 32 22 
29 28 30 29 32 27 31 26 
29 30 29 28 28 28 28 30 
29 32 30 33 31 32 30 31 
29 37 30 36 29 35 28 36 
29 39 34 39 34 37 29 37 
30 9 29 10 33 14 34 13 
30 13 26 13 26 14 30 14 
30 17 32 17 32 14 30 14 
30 38 29 37 28 38 29 39 
31 15 32 14 31 13 30 14 
31 25 31 26 33 26 33 25 
31 28 31 26 30 26 30 28 
31 30 29 30 29 32 31 32 
31 31 33 29 30 26 28 28 
31 33 32 33 32 32 31 32 
31 34 31 38 32 38 32 34 
31 37 32 38 36 34 35 33 
31 40 34 37 31 34 28 37 
32 18 34 18 34 17 32 17 
32 28 35 28 35 27 32 27 
32 29 31 30 32 31 33 30 
32 30 33 30 33 29 32 29 
33 15 33 19 35 19 35 15 
33 17 32 18 33 19 34 18 
33 20 33 19 31 19 31 20 
33 21 36 24 37 23 34 20 
33 22 33 21 32 21 32 22 
33 31 37 31 37 30 33 30 
34 14 35 15 36 14 35 13 
34 15 33 14 31 16 32 17 
34 21 33 20 32 21 33 22 
34 24 33 25 34 26 35 25 
35 14 35 13 34 13 34 14 
35 24 35 25 36 25 36 24 
35 32 35 33 36 33 36 32 
35 36 35 37 37 37 37 36 
36 13 35 14 36 15 37 14 
36 17 36 19 38 19 38 17 
36 21 37 22 39 20 38 19 
36 23 38 25 39 24 37 22 
36 26 35 27 36 28 37 27 
36 27 35 28 37 30 38 29 
36 30 37 31 38 30 37 29 
36 31 35 32 36 33 37 32 
36 36 37 37 39 35 38 34 
37 13 37 14 38 14 38 13 
37 15 37 14 36 14 36 15 
37 20 37 22 39 22 39 20 
37 26 37 25 36 25 36 26 
37 28 37 27 36 27 36 28 
37 33 36 33 36 34 37 34 
37 38 39 36 37 34 35 36 
37 39 38 39 38 38 37 38 
38 24 38 25 39 25 39 24 
38 26 39 25 38 24 37 25 
38 31 37 31 37 32 38 32 
38 35 39 35 39 34 38 34 
39 29 38 29 38 30 39 30 
40 28 39 27 38 28 39 29 
8 22 9 23 14 18 13 17 
12 26 13 27 15 25 14 24 
16 15 17 16 18 15 17 14 
17 29 18 29 18 28 17 28 
17 34 19 32 18 31 16 33 
19 27 19 29 20 29 20 27 
19 35 20 34 19 33 18 34 
25 20 27 20 27 17 25 17 
25 29 26 28 25 27 24 28 
25 32 27 34 29 32 27 30 
27 23 28 24 29 23 28 22 
29 16 31 16 31 15 29 15 
30 40 31 40 31 38 30 38 
31 24 33 26 35 24 33 22 
34 23 36 23 36 21 34 21 
36 38 37 39 38 38 37 37 
40 26 38 26 38 28 40 28 
12 36 18 30 17 29 11 35 
16 35 16 37 19 37 19 35 
30 24 31 24 31 20 30 20 
33 24 34 24 34 23 33 23 
