121
10 27 14 31 19 26 15 22 
10 28 13 28 13 27 10 27 
11 17 22 28 25 25 14 14 
11 18 15 18 15 17 11 17 
11 29 13 31 15 29 13 27 
11 30 15 34 17 32 13 28 
12 32 13 33 14 32 13 31 
12 35 14 35 14 32 12 32 
14 15 20 21 22 19 16 13 
14 19 16 21 17 20 15 18 
14 20 17 20 17 19 14 19 
14 26 14 31 17 31 17 26 
14 36 14 39 19 39 19 36 
15 21 16 21 16 18 15 18 
15 30 15 29 11 29 11 30 
16 25 17 25 17 21 16 21 
17 33 17 38 21 38 21 33 
18 16 16 18 17 19 19 17 
18 19 21 19 21 16 18 16 
18 23 16 25 17 26 19 24 
18 24 18 26 19 26 19 24 
18 28 18 34 19 34 19 28 
18 30 21 33 23 31 20 28 
18 33 13 38 14 39 19 34 
18 35 18 34 15 34 15 35 
18 37 15 34 14 35 17 38 
18 40 19 39 15 35 14 36 
18 44 23 39 18 34 13 39 
19 15 19 14 14 14 14 15 
19 20 23 20 23 17 19 17 
20 18 17 21 18 22 21 19 
20 22 22 24 27 19 25 17 
20 23 20 22 18 22 18 23 
20 25 25 25 25 23 20 23 
20 34 22 34 22 28 20 28 
21 21 21 24 22 24 22 21 
21 35 22 34 21 33 20 34 
22 15 20 13 19 14 21 16 
22 25 21 24 20 25 21 26 
22 33 19 36 21 38 24 35 
22 35 24 35 24 34 22 34 
23 14 26 17 27 16 24 13 
23 32 24 32 24 31 23 31 
23 36 27 36 27 33 23 33 
23 37 25 39 27 37 25 35 
24 14 24 13 23 13 23 14 
24 27 24 28 29 28 29 27 
24 37 25 37 25 35 24 35 
25 15 26 16 28 14 27 13 
25 16 25 17 26 17 26 16 
25 24 26 23 23 20 22 21 
25 28 23 30 24 31 26 29 
25 33 24 32 23 33 24 34 
25 36 26 37 27 36 26 35 
25 40 27 38 26 37 24 39 
25 44 25 40 18 40 18 44 
26 20 27 20 27 19 26 19 
26 28 28 30 36 22 34 20 
26 30 29 27 27 25 24 28 
26 32 27 33 29 31 28 30 
26 34 29 34 29 32 26 32 
26 38 27 38 27 37 26 37 
27 15 27 13 25 13 25 15 
27 17 29 17 29 16 27 16 
27 23 26 22 25 23 26 24 
27 24 27 23 26 23 26 24 
27 26 27 25 25 25 25 26 
27 30 29 32 31 30 29 28 
27 31 27 30 26 30 26 31 
28 18 28 30 31 30 31 18 
29 20 34 20 34 19 29 19 
29 24 35 30 36 29 30 23 
30 17 29 16 26 19 27 20 
30 18 29 17 28 18 29 19 
31 13 31 15 32 15 32 13 
31 16 31 15 30 15 30 16 
31 32 34 32 34 30 31 30 
32 12 31 13 35 17 36 16 
32 33 32 35 33 35 33 33 
33 30 27 24 25 26 31 32 
33 34 32 33 31 34 32 35 
33 36 34 37 36 35 35 34 
34 18 35 19 36 18 35 17 
34 38 39 38 39 37 34 37 
35 18 35 19 36 19 36 18 
35 20 36 19 35 18 34 19 
35 24 35 25 36 25 36 24 
35 29 36 29 36 27 35 27 
35 31 34 32 36 34 37 33 
35 35 36 35 36 34 35 34 
35 36 35 35 33 35 33 36 
36 26 35 27 38 30 39 29 
36 30 38 30 38 29 36 29 
36 31 36 30 35 30 35 31 
37 31 38 32 39 31 38 30 
37 36 37 35 36 35 36 36 
38 19 36 19 36 22 38 22 
38 26 38 25 36 25 36 26 
38 31 38 32 39 32 39 31 
38 38 39 37 37 35 36 36 
39 27 38 26 35 29 36 30 
40 27 38 25 36 27 38 29 
40 29 40 27 39 27 39 29 
41 30 40 29 38 31 39 32 
10 33 12 35 19 28 17 26 
10 38 13 38 13 33 10 33 
13 41 20 34 17 31 10 38 
14 41 14 39 13 39 13 41 
17 18 20 18 20 13 17 13 
22 16 23 17 25 15 24 14 
22 37 22 39 23 39 23 37 
23 22 26 22 26 20 23 20 
24 43 25 44 33 36 32 35 
31 14 30 15 31 16 32 15 
33 19 34 18 31 15 30 16 
33 29 34 30 35 29 34 28 
33 37 34 38 36 36 35 35 
36 17 38 19 39 18 37 16 
36 33 37 33 37 31 36 31 
37 17 37 16 36 16 36 17 
23 43 24 43 24 39 23 39 
