63
13 24 13 26 15 26 15 24 
14 29 14 31 17 31 17 29 
15 22 13 24 15 26 17 24 
15 27 19 27 19 26 15 26 
15 28 15 33 16 33 16 28 
15 35 15 36 22 36 22 35 
16 15 15 15 15 21 16 21 
16 22 15 23 19 27 20 26 
16 23 16 22 15 22 15 23 
16 27 25 36 32 29 23 20 
17 14 17 24 29 24 29 14 
17 16 18 15 17 14 16 15 
17 37 22 32 20 30 15 35 
18 35 25 28 23 26 16 33 
19 19 20 20 24 16 23 15 
19 20 20 20 20 19 19 19 
19 21 29 31 30 30 20 20 
20 29 23 29 23 26 20 26 
20 33 30 33 30 30 20 30 
22 17 20 19 24 23 26 21 
22 23 22 28 24 28 24 23 
22 37 24 39 25 38 23 36 
23 19 34 19 34 15 23 15 
23 27 22 28 23 29 24 28 
23 34 25 34 25 29 23 29 
23 37 23 36 22 36 22 37 
24 18 23 19 37 33 38 32 
26 34 26 36 28 36 28 34 
26 38 26 36 25 36 25 38 
27 16 24 16 24 18 27 18 
28 22 31 22 31 21 28 21 
29 32 38 32 38 31 29 31 
29 39 31 37 30 36 28 38 
30 15 27 18 31 22 34 19 
30 38 30 36 28 36 28 38 
31 17 32 18 36 14 35 13 
31 26 29 24 27 26 29 28 
31 33 29 31 26 34 28 36 
31 34 31 37 39 37 39 34 
32 22 38 22 38 18 32 18 
32 26 32 22 31 22 31 26 
36 16 35 17 37 19 38 18 
36 27 30 33 31 34 37 28 
37 21 37 19 34 19 34 21 
37 32 38 33 39 32 38 31 
39 33 39 32 38 32 38 33 
12 27 14 29 15 28 13 26 
14 30 16 28 15 27 13 29 
16 17 19 20 20 19 17 16 
16 38 20 38 20 33 16 33 
18 20 19 19 15 15 14 16 
18 21 19 21 19 20 18 20 
21 24 22 23 19 20 18 21 
21 39 23 37 22 36 20 38 
24 32 24 39 29 39 29 32 
29 27 36 27 36 24 29 24 
31 13 31 17 35 17 35 13 
35 23 36 24 38 22 37 21 
47 29 37 19 29 27 39 37 
22 34 24 32 19 27 17 29 
25 27 25 28 29 28 29 27 
27 17 31 21 35 17 31 13 
47 26 32 26 32 29 47 29 
