61
9 35 13 39 18 34 14 30 
9 38 13 38 13 35 9 35 
10 32 13 35 20 28 17 25 
10 35 13 38 16 35 13 32 
12 21 15 24 17 22 14 19 
12 29 26 29 26 21 12 21 
13 27 13 30 14 30 14 27 
14 17 14 19 17 19 17 17 
14 25 20 31 21 30 15 24 
14 31 15 32 26 21 25 20 
15 28 14 27 12 29 13 30 
15 31 20 31 20 28 15 28 
15 33 25 33 25 32 15 32 
15 38 13 38 13 39 15 39 
18 18 17 17 16 18 17 19 
18 22 17 22 17 23 18 23 
18 36 18 37 21 37 21 36 
19 35 18 36 20 38 21 37 
20 18 20 20 25 20 25 18 
20 34 22 36 25 33 23 31 
21 16 19 16 19 17 21 17 
22 13 20 15 21 16 23 14 
22 26 24 26 24 13 22 13 
22 31 25 34 31 28 28 25 
22 34 22 31 20 31 20 34 
22 38 28 38 28 36 22 36 
23 22 32 22 32 14 23 14 
23 27 24 26 23 25 22 26 
23 38 27 34 25 32 21 36 
24 27 26 29 38 17 36 15 
24 31 24 27 23 27 23 31 
25 35 27 35 27 34 25 34 
25 41 28 38 25 35 22 38 
26 11 24 13 26 15 28 13 
26 16 34 16 34 15 26 15 
27 29 26 29 26 30 27 30 
30 20 32 22 36 18 34 16 
30 32 27 35 28 36 31 33 
30 34 37 34 37 32 30 32 
31 18 31 28 36 28 36 18 
31 38 32 38 32 33 31 33 
32 26 33 27 35 25 34 24 
34 22 34 24 35 24 35 22 
36 32 21 17 20 18 35 33 
36 35 37 36 38 35 37 34 
37 35 36 35 36 36 37 36 
37 37 38 36 37 35 36 36 
38 19 34 15 31 18 35 22 
38 37 38 36 37 36 37 37 
10 30 10 32 13 32 13 30 
14 23 14 25 17 25 17 23 
16 38 19 38 19 35 16 35 
18 17 18 18 19 18 19 17 
19 31 22 34 26 30 23 27 
20 17 19 16 18 17 19 18 
21 27 22 26 18 22 17 23 
29 17 29 19 38 19 38 17 
35 38 36 39 38 37 37 36 
12 36 15 39 16 38 13 35 
33 33 33 38 35 38 35 33 
30 30 33 33 36 30 33 27 
