67
8 23 12 27 16 23 12 19 
8 26 16 26 16 23 8 23 
11 32 13 34 16 31 14 29 
12 13 12 16 15 16 15 13 
12 21 17 21 17 19 12 19 
13 16 15 18 20 13 18 11 
13 31 11 33 13 35 15 33 
14 14 13 15 17 19 18 18 
14 27 16 29 22 23 20 21 
14 33 15 33 15 29 14 29 
15 10 14 11 17 14 18 13 
16 11 14 11 14 14 16 14 
16 27 21 27 21 26 16 26 
16 32 17 33 22 28 21 27 
16 35 21 35 21 32 16 32 
17 17 21 17 21 14 17 14 
18 16 15 16 15 18 18 18 
19 20 19 21 20 21 20 20 
19 23 23 19 21 17 17 21 
19 28 22 28 22 23 19 23 
20 11 18 11 18 13 20 13 
20 19 21 20 26 15 25 14 
20 27 19 28 24 33 25 32 
21 9 16 14 18 16 23 11 
21 23 22 22 20 20 19 21 
22 12 23 12 23 11 22 11 
22 13 21 14 32 25 33 24 
22 14 24 14 24 13 22 13 
22 16 22 22 28 22 28 16 
22 25 26 29 30 25 26 21 
23 15 22 16 28 22 29 21 
23 31 23 29 16 29 16 31 
24 11 23 12 24 13 25 12 
24 23 25 23 25 14 24 14 
24 30 17 30 17 33 24 33 
24 35 31 35 31 33 24 33 
25 21 28 24 32 20 29 17 
25 24 29 28 30 27 26 23 
25 29 25 32 26 32 26 29 
25 33 26 32 24 30 23 31 
26 17 26 21 29 21 29 17 
26 24 26 23 25 23 25 24 
26 26 28 26 28 24 26 24 
26 28 28 26 26 24 24 26 
28 10 26 12 31 17 33 15 
29 15 31 15 31 12 29 12 
29 27 29 28 30 28 30 27 
30 20 30 25 32 25 32 20 
30 34 31 33 26 28 25 29 
32 11 32 12 34 12 34 11 
32 28 30 28 30 34 32 34 
32 36 33 35 32 34 31 35 
33 17 33 15 31 15 31 17 
34 24 33 24 33 32 34 32 
35 31 32 28 31 29 34 32 
37 21 33 17 30 20 34 24 
10 15 12 17 13 16 11 14 
14 18 14 27 15 27 15 18 
14 19 21 26 22 25 15 18 
16 15 15 16 19 20 20 19 
20 15 20 19 23 19 23 15 
25 28 26 28 26 26 25 26 
10 11 10 15 13 15 13 11 
10 19 12 21 14 19 12 17 
12 9 10 11 12 13 14 11 
21 12 21 9 12 9 12 12 
21 10 20 11 21 12 22 11 
