35
7 23 12 28 16 24 11 19 
14 16 14 24 16 24 16 16 
14 26 14 24 13 24 13 26 
16 31 20 31 20 24 16 24 
17 21 20 24 30 14 27 11 
17 29 25 29 25 26 17 26 
17 30 13 26 12 27 16 31 
18 17 32 31 34 29 20 15 
18 19 13 24 20 31 25 26 
18 21 18 19 17 19 17 21 
19 13 16 16 21 21 24 18 
19 24 27 32 34 25 26 17 
19 25 24 30 25 29 20 24 
19 28 34 28 34 25 19 25 
21 10 19 12 28 21 30 19 
21 18 21 21 24 21 24 18 
21 24 24 21 21 18 18 21 
25 27 30 32 34 28 29 23 
27 18 30 18 30 14 27 14 
27 23 27 32 29 32 29 23 
28 12 19 12 19 13 28 13 
28 30 28 21 24 21 24 30 
29 17 30 18 34 14 33 13 
30 20 29 21 30 22 31 21 
31 17 29 17 29 21 31 21 
31 27 30 27 30 32 31 32 
32 29 25 29 25 31 32 31 
33 18 30 18 30 19 33 19 
34 24 33 23 30 26 31 27 
35 16 30 11 28 13 33 18 
35 28 34 28 34 29 35 29 
10 19 17 26 19 24 12 17 
13 22 30 22 30 20 13 20 
16 23 18 21 15 18 13 20 
27 30 29 32 32 29 30 27 
