49
7 30 12 35 23 24 18 19 
9 20 14 25 17 22 12 17 
11 17 15 21 17 19 13 15 
12 13 16 17 17 16 13 12 
12 15 13 15 13 13 12 13 
12 19 11 20 17 26 18 25 
12 22 14 24 15 23 13 21 
12 24 19 31 22 28 15 21 
12 25 14 25 14 24 12 24 
12 33 18 33 18 27 12 27 
13 16 17 16 17 15 13 15 
13 23 15 23 15 21 13 21 
15 25 18 25 18 23 15 23 
16 18 30 18 30 17 16 17 
17 30 25 30 25 26 17 26 
18 16 17 16 17 19 18 19 
20 16 23 16 23 13 20 13 
20 31 14 25 12 27 18 33 
22 32 26 28 19 21 15 25 
23 19 26 16 23 13 20 16 
25 33 18 33 18 35 25 35 
26 14 32 14 32 12 26 12 
26 19 26 16 23 16 23 19 
26 21 26 24 30 24 30 21 
26 27 26 24 23 24 23 27 
26 32 26 28 22 28 22 32 
28 22 26 24 28 26 30 24 
28 23 30 21 28 19 26 21 
29 9 26 12 29 15 32 12 
29 16 30 17 34 13 33 12 
29 24 28 23 25 26 26 27 
29 29 30 30 34 26 33 25 
30 12 29 13 31 15 32 14 
30 26 34 26 34 24 30 24 
31 13 29 13 29 15 31 15 
31 17 30 18 32 20 33 19 
31 19 33 19 33 18 31 18 
31 22 31 19 28 19 28 22 
31 34 31 30 30 30 30 34 
9 17 9 20 11 20 11 17 
11 32 12 33 18 27 17 26 
19 23 19 31 20 31 20 23 
20 37 28 29 26 27 18 35 
22 20 19 23 23 27 26 24 
22 30 25 33 26 32 23 29 
26 13 23 16 26 19 29 16 
28 27 28 29 29 29 29 27 
28 33 31 30 28 27 25 30 
29 37 29 31 20 31 20 37 
