120
2 24 11 33 20 24 11 15 
7 21 11 25 19 17 15 13 
7 32 16 32 16 21 7 21 
10 22 13 25 19 19 16 16 
10 25 11 26 13 24 12 23 
10 26 11 26 11 25 10 25 
11 12 13 12 13 11 11 11 
11 17 14 17 14 16 11 16 
11 20 17 26 20 23 14 17 
11 28 11 31 17 31 17 28 
12 11 11 12 12 13 13 12 
12 26 13 27 14 26 13 25 
12 28 16 32 17 31 13 27 
12 30 11 31 14 34 15 33 
12 33 13 34 18 29 17 28 
12 34 12 33 11 33 11 34 
12 37 16 33 11 28 7 32 
13 29 13 34 14 34 14 29 
13 37 13 34 12 34 12 37 
14 12 14 15 19 15 19 12 
14 19 19 19 19 17 14 17 
14 23 12 23 12 26 14 26 
15 16 16 16 16 13 15 13 
15 24 13 24 13 25 15 25 
15 26 17 26 17 25 15 25 
15 34 16 34 16 33 15 33 
17 14 16 13 14 15 15 16 
17 16 21 20 26 15 22 11 
17 18 17 16 16 16 16 18 
17 32 21 32 21 31 17 31 
18 20 18 23 20 23 20 20 
18 28 18 29 21 29 21 28 
18 30 18 33 22 33 22 30 
19 20 21 18 19 16 17 18 
19 21 21 23 22 22 20 20 
19 25 28 25 28 21 19 21 
19 30 21 32 23 30 21 28 
20 11 20 15 21 15 21 11 
20 16 22 18 23 17 21 15 
20 28 21 29 22 28 21 27 
20 30 21 31 22 30 21 29 
20 33 21 34 22 33 21 32 
21 13 23 15 24 14 22 12 
21 14 22 13 20 11 19 12 
21 17 23 17 23 15 21 15 
21 24 21 23 20 23 20 24 
21 26 21 27 24 27 24 26 
22 14 22 18 24 18 24 14 
22 19 22 18 21 18 21 19 
23 28 23 30 24 30 24 28 
24 13 24 12 22 12 22 13 
24 21 21 24 24 27 27 24 
24 23 21 20 18 23 21 26 
25 11 24 12 27 15 28 14 
25 18 24 19 27 22 28 21 
25 19 25 18 24 18 24 19 
25 21 26 22 29 19 28 18 
25 28 29 32 30 31 26 27 
26 14 26 15 27 15 27 14 
26 19 28 19 28 18 26 18 
26 24 26 27 27 27 27 24 
26 29 26 31 27 31 27 29 
26 30 22 34 23 35 27 31 
26 35 26 31 23 31 23 35 
27 23 33 29 35 27 29 21 
28 16 29 16 29 14 28 14 
28 26 31 29 33 27 30 24 
28 28 27 29 31 33 32 32 
28 29 28 33 31 33 31 29 
28 34 28 33 22 33 22 34 
28 37 30 35 28 33 26 35 
29 12 27 14 29 16 31 14 
29 20 29 21 30 21 30 20 
29 25 28 25 28 26 29 26 
29 28 31 28 31 26 29 26 
29 31 27 31 27 32 29 32 
30 18 31 19 35 15 34 14 
30 19 29 18 28 19 29 20 
30 25 29 24 28 25 29 26 
30 30 30 31 33 31 33 30 
30 32 30 35 32 35 32 32 
31 15 34 15 34 14 31 14 
31 18 30 18 30 19 31 19 
31 22 34 19 33 18 30 21 
31 23 31 22 27 22 27 23 
31 25 35 25 35 23 31 23 
31 37 31 34 28 34 28 37 
33 12 33 11 29 11 29 12 
33 21 30 21 30 24 33 24 
34 12 35 12 35 11 34 11 
34 13 35 12 34 11 33 12 
34 16 35 16 35 15 34 15 
34 24 35 23 33 21 32 22 
34 27 34 24 33 24 33 27 
34 31 35 31 35 27 34 27 
35 32 34 31 31 34 32 35 
36 15 35 14 34 15 35 16 
11 27 12 26 11 25 10 26 
12 14 14 12 13 11 11 13 
12 27 12 26 11 26 11 27 
15 27 18 30 20 28 17 25 
17 13 17 14 18 14 18 13 
20 10 17 13 18 14 21 11 
21 36 26 31 23 28 18 33 
22 36 22 34 21 34 21 36 
24 22 25 21 22 18 21 19 
25 17 24 18 25 19 26 18 
25 23 26 24 27 23 26 22 
25 25 27 27 28 26 26 24 
25 26 25 28 28 28 28 26 
27 35 28 34 24 30 23 31 
30 14 31 15 34 12 33 11 
33 13 34 13 34 12 33 12 
33 35 34 35 34 31 33 31 
11 14 11 15 12 15 12 14 
13 14 12 13 11 14 12 15 
14 27 15 27 15 26 14 26 
22 24 24 26 25 25 23 23 
23 22 23 23 24 23 24 22 
29 35 31 37 33 35 31 33 
