44
7 17 11 21 17 15 13 11 
7 27 12 27 12 17 7 17 
8 21 13 26 17 22 12 17 
9 21 22 34 28 28 15 15 
11 20 11 21 19 21 19 20 
12 31 17 31 17 28 12 28 
12 32 28 16 23 11 7 27 
12 35 19 35 19 32 12 32 
13 20 17 24 23 18 19 14 
13 22 13 24 17 24 17 22 
15 26 17 28 19 26 17 24 
15 29 15 26 13 26 13 29 
17 27 22 27 22 24 17 24 
18 31 19 32 21 30 20 29 
19 11 13 11 13 14 19 14 
19 12 11 20 13 22 21 14 
19 23 13 29 19 35 25 29 
19 24 22 27 27 22 24 19 
20 7 13 14 19 20 26 13 
20 19 20 29 24 29 24 19 
20 26 26 32 28 30 22 24 
21 18 23 18 23 14 21 14 
21 28 21 30 28 30 28 28 
23 7 19 11 24 16 28 12 
23 13 26 13 26 11 23 11 
23 17 31 25 32 24 24 16 
23 24 23 32 26 32 26 24 
23 30 24 29 22 27 21 28 
24 17 28 21 31 18 27 14 
25 35 25 29 24 29 24 35 
26 35 33 35 33 32 26 32 
27 16 27 14 24 14 24 16 
27 21 28 21 28 16 27 16 
28 9 26 11 32 17 34 15 
28 25 31 25 31 21 28 21 
28 27 23 32 26 35 31 30 
29 19 29 22 34 22 34 19 
30 20 26 24 27 25 31 21 
31 28 35 24 32 21 28 25 
35 21 32 21 32 24 35 24 
17 32 18 31 13 26 12 27 
19 22 27 22 27 21 19 21 
27 27 28 27 28 25 27 25 
27 34 27 27 22 27 22 34 
