117
8 30 11 33 14 30 11 27 
9 16 20 27 22 25 11 14 
9 21 11 23 14 20 12 18 
10 16 11 17 13 15 12 14 
10 21 10 16 9 16 9 21 
10 27 11 28 13 26 12 25 
10 28 11 28 11 27 10 27 
11 25 13 27 14 26 12 24 
12 12 12 14 13 14 13 12 
12 17 12 14 11 14 11 17 
13 18 18 13 17 12 12 17 
13 20 13 22 14 22 14 20 
13 25 13 26 14 26 14 25 
13 31 14 31 14 30 13 30 
14 10 12 12 14 14 16 12 
14 15 14 14 13 14 13 15 
14 16 17 19 19 17 16 14 
14 34 16 34 16 31 14 31 
15 14 16 14 16 12 15 12 
15 25 16 26 18 24 17 23 
15 26 18 23 17 22 14 25 
15 33 14 34 15 35 16 34 
15 36 19 32 18 31 14 35 
16 19 17 19 17 17 16 17 
16 21 15 20 13 22 14 23 
16 25 15 25 15 26 16 26 
16 27 15 26 12 29 13 30 
16 35 20 35 20 34 16 34 
16 36 16 35 15 35 15 36 
17 18 19 16 18 15 16 17 
17 24 18 24 18 23 17 23 
17 29 17 30 18 30 18 29 
17 31 20 34 21 33 18 30 
18 16 18 15 14 15 14 16 
18 17 19 17 19 16 18 16 
18 28 16 26 15 27 17 29 
18 33 20 33 20 31 18 31 
19 18 19 23 21 23 21 18 
19 24 19 27 20 27 20 24 
19 28 18 29 20 31 21 30 
20 12 19 12 19 15 20 15 
20 13 24 17 25 16 21 12 
20 16 23 13 22 12 19 15 
20 22 19 23 20 24 21 23 
20 28 22 28 22 27 20 27 
20 29 20 28 19 28 19 29 
21 11 21 12 22 12 22 11 
21 14 21 16 25 16 25 14 
21 31 22 30 20 28 19 29 
22 22 22 20 20 20 20 22 
22 23 22 24 28 24 28 23 
22 26 23 26 23 25 22 25 
22 33 21 33 21 35 22 35 
22 36 24 34 23 33 21 35 
23 18 28 23 29 22 24 17 
23 23 27 19 26 18 22 22 
23 24 31 16 30 15 22 23 
23 28 31 28 31 26 23 26 
23 31 23 33 26 33 26 31 
23 36 26 33 25 32 22 35 
24 9 22 11 25 14 27 12 
24 13 23 13 23 17 24 17 
24 18 30 12 29 11 23 17 
24 19 24 18 23 18 23 19 
24 22 24 25 29 25 29 22 
24 24 23 23 22 24 23 25 
24 27 23 26 22 27 23 28 
24 28 25 27 23 25 22 26 
25 29 30 29 30 27 25 27 
26 21 30 21 30 18 26 18 
26 22 28 24 30 22 28 20 
26 35 28 35 28 33 26 33 
27 11 27 12 29 12 29 11 
27 24 30 27 31 26 28 23 
27 32 28 33 29 32 28 31 
28 14 28 15 30 15 30 14 
28 16 30 18 32 16 30 14 
28 28 30 30 33 27 31 25 
29 28 30 29 31 28 30 27 
29 31 31 33 32 32 30 30 
29 33 31 33 31 32 29 32 
31 11 31 13 32 13 32 11 
31 12 32 13 33 12 32 11 
31 15 31 16 32 16 32 15 
31 20 31 16 28 16 28 20 
31 21 32 21 32 20 31 20 
31 22 32 23 33 22 32 21 
31 30 33 30 33 28 31 28 
31 31 31 30 30 30 30 31 
32 10 31 11 34 14 35 13 
32 14 34 14 34 13 32 13 
32 19 34 21 35 20 33 18 
32 22 33 22 33 21 32 21 
33 16 32 16 32 18 33 18 
33 23 33 27 34 27 34 23 
33 35 35 33 34 32 32 34 
34 18 32 20 33 21 35 19 
34 22 33 21 32 22 33 23 
34 29 33 28 32 29 33 30 
34 31 34 29 32 29 32 31 
34 34 34 32 32 32 32 34 
35 24 31 24 31 25 35 25 
11 24 11 25 12 25 12 24 
13 17 12 17 12 18 13 18 
14 27 15 27 15 26 14 26 
15 28 11 28 11 33 15 33 
21 20 23 18 21 16 19 18 
23 35 22 35 22 36 23 36 
24 32 26 30 25 29 23 31 
25 34 25 32 24 32 24 34 
27 16 31 20 32 19 28 15 
29 19 31 21 32 20 30 18 
29 30 28 30 28 31 29 31 
31 23 32 23 32 22 31 22 
33 14 32 15 33 16 34 15 
33 32 34 31 33 30 32 31 
25 19 27 19 27 16 25 16 
