37
2 24 13 35 25 23 14 12 
2 34 11 34 11 24 2 24 
7 18 20 31 25 26 12 13 
8 22 16 30 21 25 13 17 
12 21 28 21 28 20 12 20 
13 13 12 13 12 17 13 17 
13 31 20 31 20 17 13 17 
15 20 20 15 17 12 12 17 
16 12 14 14 27 27 29 25 
16 14 16 12 14 12 14 14 
16 28 16 30 30 30 30 28 
17 26 17 34 23 34 23 26 
18 32 16 30 14 32 16 34 
19 18 27 18 27 11 19 11 
19 32 17 34 18 35 20 33 
19 35 19 32 18 32 18 35 
20 13 15 18 23 26 28 21 
22 15 22 13 20 13 20 15 
22 38 30 30 27 27 19 35 
24 26 25 26 25 23 24 23 
25 22 20 17 19 18 24 23 
27 25 29 25 29 18 27 18 
27 38 32 33 28 29 23 34 
28 16 34 22 35 21 29 15 
28 17 23 12 22 13 27 18 
28 23 35 23 35 21 28 21 
29 14 24 19 28 23 33 18 
30 35 35 35 35 30 30 30 
31 27 35 23 34 22 30 26 
31 38 31 27 27 27 27 38 
32 31 20 31 20 33 32 33 
33 15 33 14 29 14 29 15 
34 24 34 22 30 22 30 24 
35 17 33 15 28 20 30 22 
9 24 14 29 17 26 12 21 
23 29 26 32 30 28 27 25 
35 16 28 16 28 17 35 17 
