103
4 28 11 35 18 28 11 21 
4 30 11 30 11 28 4 28 
9 24 11 26 15 22 13 20 
10 27 11 28 12 27 11 26 
10 29 12 29 12 27 10 27 
11 17 13 17 13 13 11 13 
11 31 14 31 14 30 11 30 
12 11 12 12 15 12 15 11 
12 14 13 13 12 12 11 13 
12 16 16 16 16 14 12 14 
12 18 13 17 12 16 11 17 
12 30 16 34 21 29 17 25 
13 25 14 25 14 20 13 20 
13 28 12 29 14 31 15 30 
13 32 13 34 15 34 15 32 
14 12 16 14 17 13 15 11 
14 17 16 19 19 16 17 14 
14 33 13 32 12 33 13 34 
15 18 15 19 16 19 16 18 
15 23 15 24 19 24 19 23 
16 17 19 17 19 16 16 16 
16 20 19 23 20 22 17 19 
16 21 17 20 16 19 15 20 
16 25 14 25 14 27 16 27 
16 28 16 34 18 34 18 28 
16 35 16 34 15 34 15 35 
16 36 17 35 16 34 15 35 
17 21 17 20 16 20 16 21 
17 26 23 26 23 25 17 25 
17 32 17 35 19 35 19 32 
17 36 17 35 16 35 16 36 
18 13 19 14 21 12 20 11 
18 14 18 13 17 13 17 14 
18 23 16 25 17 26 19 24 
18 33 17 32 15 34 16 35 
19 27 19 29 21 29 21 27 
19 30 21 32 25 28 23 26 
20 10 18 12 22 16 24 14 
20 12 18 14 25 21 27 19 
20 32 16 28 14 30 18 34 
20 35 21 35 21 32 20 32 
21 11 20 11 20 12 21 12 
21 13 34 13 34 12 21 12 
21 14 20 15 21 16 22 15 
21 15 21 16 22 16 22 15 
21 18 21 22 24 22 24 18 
21 23 21 22 20 22 20 23 
22 20 24 18 22 16 20 18 
22 23 21 22 20 23 21 24 
22 24 22 23 21 23 21 24 
22 26 23 27 24 26 23 25 
22 34 30 34 30 30 22 30 
23 14 24 14 24 11 23 11 
23 20 23 16 22 16 22 20 
23 21 21 23 22 24 24 22 
23 24 25 24 25 21 23 21 
23 28 23 31 25 31 25 28 
23 33 25 31 21 27 19 29 
23 36 27 32 23 28 19 32 
24 10 23 11 27 15 28 14 
24 15 25 15 25 14 24 14 
24 27 24 26 23 26 23 27 
24 29 27 29 27 27 24 27 
24 41 32 33 23 24 15 32 
25 10 24 11 28 15 29 14 
25 16 26 15 25 14 24 15 
25 18 23 16 21 18 23 20 
25 26 27 26 27 25 25 25 
25 32 27 32 27 31 25 31 
26 16 26 15 25 15 25 16 
26 25 27 26 29 24 28 23 
26 26 27 25 26 24 25 25 
26 28 27 29 28 28 27 27 
27 14 27 15 28 15 28 14 
27 18 27 19 29 19 29 18 
27 21 32 26 33 25 28 20 
27 30 28 31 30 29 29 28 
28 24 28 28 29 28 29 24 
28 36 28 33 23 33 23 36 
29 22 31 22 31 19 29 19 
29 32 29 33 32 33 32 32 
30 18 27 15 26 16 29 19 
30 23 32 23 32 18 30 18 
30 28 27 31 29 33 32 30 
30 33 34 29 33 28 29 32 
31 25 33 25 33 24 31 24 
31 27 31 25 30 25 30 27 
32 20 33 19 32 18 31 19 
32 25 33 24 32 23 31 24 
32 29 32 28 30 28 30 29 
33 27 32 26 31 27 32 28 
34 19 33 19 33 21 34 21 
34 30 32 28 30 30 32 32 
36 18 34 16 33 17 35 19 
2 28 4 30 14 20 12 18 
15 26 16 25 15 24 14 25 
15 28 16 27 15 26 14 27 
15 29 15 30 19 30 19 29 
19 13 19 14 21 14 21 13 
24 40 28 36 23 31 19 35 
29 25 33 21 32 20 28 24 
30 15 27 18 31 22 34 19 
11 24 11 26 15 26 15 24 
