80
10 20 13 23 16 20 13 17 
10 26 11 27 12 26 11 25 
10 31 12 31 12 26 10 26 
10 33 11 34 13 32 12 31 
11 13 12 13 12 11 11 11 
11 17 13 17 13 16 11 16 
11 23 11 25 13 25 13 23 
11 28 11 30 16 30 16 28 
12 33 12 35 19 35 19 33 
14 17 14 20 16 20 16 17 
14 24 13 23 12 24 13 25 
16 12 15 13 16 14 17 13 
16 19 21 14 19 12 14 17 
16 22 14 20 13 21 15 23 
16 23 16 24 21 24 21 23 
17 8 12 13 16 17 21 12 
17 25 13 29 19 35 23 31 
17 27 17 25 13 25 13 27 
19 4 12 11 22 21 29 14 
19 14 21 14 21 12 19 12 
19 16 19 14 16 14 16 16 
19 18 19 20 24 20 24 18 
19 22 19 20 16 20 16 22 
19 26 27 34 29 32 21 24 
19 29 13 29 13 32 19 32 
20 11 20 17 23 17 23 11 
20 22 21 23 24 20 23 19 
20 26 20 22 19 22 19 26 
21 11 16 16 23 23 28 18 
21 27 24 24 23 23 20 26 
21 31 19 29 17 31 19 33 
22 19 24 17 22 15 20 17 
22 31 21 30 19 32 20 33 
23 21 23 19 22 19 22 21 
23 22 25 24 27 22 25 20 
23 28 22 28 22 31 23 31 
24 22 25 22 25 20 24 20 
24 23 24 22 23 22 23 23 
24 27 24 24 21 24 21 27 
24 28 24 30 28 30 28 28 
24 29 26 31 31 26 29 24 
27 23 27 22 25 22 25 23 
27 24 27 25 29 25 29 24 
27 29 28 30 29 29 28 28 
27 32 29 32 29 29 27 29 
28 12 28 18 31 18 31 12 
28 19 25 22 27 24 30 21 
28 27 32 27 32 19 28 19 
29 13 28 12 23 17 24 18 
29 21 27 23 29 25 31 23 
29 26 28 27 30 29 31 28 
29 28 31 28 31 26 29 26 
29 34 31 34 31 32 29 32 
30 14 29 14 29 21 30 21 
30 31 31 32 34 29 33 28 
33 15 25 23 27 25 35 17 
33 21 33 28 35 28 35 21 
34 22 31 22 31 23 34 23 
34 31 34 29 30 29 30 31 
35 16 34 15 31 18 32 19 
35 35 35 30 28 30 28 35 
8 27 11 30 19 22 16 19 
12 20 12 24 14 24 14 20 
13 20 16 23 19 20 16 17 
14 31 19 26 16 23 11 28 
15 8 15 13 17 13 17 8 
17 30 21 30 21 27 17 27 
24 16 24 17 35 17 35 16 
25 34 27 32 26 31 24 33 
27 35 27 34 25 34 25 35 
34 20 33 21 34 22 35 21 
7 15 12 20 16 16 11 11 
8 25 8 27 11 27 11 25 
10 22 11 23 13 21 12 20 
14 37 19 32 17 30 12 35 
16 31 17 31 17 30 16 30 
16 37 16 31 14 31 14 37 
33 20 34 20 34 15 33 15 
7 13 7 15 11 15 11 13 
11 9 7 13 11 17 15 13 
