70
9 15 14 20 18 16 13 11 
9 24 12 27 14 25 11 22 
9 30 15 30 15 24 9 24 
10 26 11 27 12 26 11 25 
11 26 11 27 12 27 12 26 
12 20 14 20 14 17 12 17 
13 34 15 32 11 28 9 30 
14 21 16 21 16 20 14 20 
14 22 14 25 21 25 21 22 
15 21 18 24 19 23 16 20 
15 28 21 22 20 21 14 27 
16 15 14 17 15 18 17 16 
17 22 15 24 21 30 23 28 
17 30 15 30 15 32 17 32 
18 14 17 14 17 16 18 16 
18 18 23 18 23 16 18 16 
18 21 18 24 20 24 20 21 
19 15 21 13 20 12 18 14 
19 27 26 34 28 32 21 25 
19 30 17 32 20 35 22 33 
20 27 27 27 27 24 20 24 
20 30 20 33 21 33 21 30 
21 11 13 11 13 13 21 13 
21 16 17 12 12 17 16 21 
21 17 19 17 19 20 21 20 
21 35 22 35 22 33 21 33 
22 10 21 11 26 16 27 15 
22 14 19 17 22 20 25 17 
22 26 22 28 23 28 23 26 
23 20 28 20 28 18 23 18 
23 21 22 20 21 21 22 22 
23 22 23 21 22 21 22 22 
24 21 23 20 22 21 23 22 
24 34 26 32 22 28 20 30 
25 16 25 17 26 17 26 16 
25 26 24 26 24 34 25 34 
25 32 23 30 20 33 22 35 
25 35 26 35 26 34 25 34 
26 15 27 15 27 11 26 11 
26 23 24 25 25 26 27 24 
26 33 28 33 28 32 26 32 
27 16 26 15 25 16 26 17 
27 21 33 27 34 26 28 20 
27 29 28 30 31 27 30 26 
27 34 26 33 25 34 26 35 
28 13 28 15 33 15 33 13 
28 16 28 15 27 15 27 16 
28 21 27 22 30 25 31 24 
28 22 28 21 27 21 27 22 
28 27 29 28 30 27 29 26 
28 28 28 27 27 27 27 28 
28 29 27 29 27 30 28 30 
29 25 29 26 30 26 30 25 
29 32 27 30 26 31 28 33 
30 30 31 30 31 27 30 27 
30 31 31 30 29 28 28 29 
31 31 33 31 33 30 31 30 
31 34 31 32 29 32 29 34 
34 17 26 17 26 23 34 23 
34 28 33 27 30 30 31 31 
35 19 27 11 21 17 29 25 
36 17 35 16 34 17 35 18 
13 21 14 22 15 21 14 20 
13 22 13 21 11 21 11 22 
17 23 17 27 19 27 19 23 
18 26 17 27 18 28 19 27 
28 31 30 31 30 30 28 30 
34 27 33 27 33 28 34 28 
36 25 34 23 32 25 34 27 
12 22 13 21 12 20 11 21 
