82
7 25 11 29 15 25 11 21 
7 30 12 35 16 31 11 26 
10 23 11 24 13 22 12 21 
11 18 13 18 13 17 11 17 
11 25 11 26 15 26 15 25 
11 30 17 30 17 29 11 29 
12 15 12 13 11 13 11 15 
12 22 12 35 13 35 13 22 
13 12 12 13 13 14 14 13 
14 18 20 12 19 11 13 17 
14 28 17 28 17 27 14 27 
14 34 16 34 16 31 14 31 
15 18 14 18 14 23 15 23 
16 13 11 18 16 23 21 18 
16 17 13 14 12 15 15 18 
16 19 23 26 24 25 17 18 
16 25 23 18 21 16 14 23 
16 27 17 26 16 25 15 26 
16 30 19 33 20 32 17 29 
17 16 17 18 21 18 21 16 
17 25 24 18 22 16 15 23 
17 34 20 31 17 28 14 31 
18 6 11 13 25 27 32 20 
18 21 18 27 22 27 22 21 
19 14 19 12 13 12 13 14 
19 25 17 25 17 26 19 26 
19 32 19 33 20 33 20 32 
20 20 25 25 30 20 25 15 
20 28 20 31 21 31 21 28 
20 29 21 28 19 26 18 27 
21 26 23 26 23 18 21 18 
22 28 23 28 23 27 22 27 
23 14 24 15 26 13 25 12 
23 16 28 21 29 20 24 15 
24 12 24 15 25 15 25 12 
24 20 20 20 20 25 24 25 
24 34 28 30 25 27 21 31 
25 18 25 20 29 20 29 18 
25 19 24 20 26 22 27 21 
25 23 29 27 30 26 26 22 
25 26 25 27 27 27 27 26 
25 28 20 33 21 34 26 29 
25 29 27 27 25 25 23 27 
26 17 26 13 16 13 16 17 
26 21 29 18 28 17 25 20 
26 28 25 28 25 29 26 29 
27 31 29 31 29 27 27 27 
27 35 29 35 29 33 27 33 
27 38 35 30 32 27 24 35 
28 19 27 19 27 21 28 21 
28 25 27 26 32 31 33 30 
28 32 27 33 28 34 29 33 
28 36 29 35 28 34 27 35 
29 26 30 26 30 20 29 20 
30 27 32 27 32 26 30 26 
30 29 30 31 31 31 31 29 
30 32 28 32 28 34 30 34 
31 18 33 18 33 15 31 15 
31 32 32 32 32 31 31 31 
31 33 32 32 31 31 30 32 
32 22 32 23 34 23 34 22 
32 30 33 29 32 28 31 29 
33 28 33 29 35 29 35 28 
33 32 34 32 34 30 33 30 
35 13 35 11 34 11 34 13 
8 27 11 30 14 27 11 24 
8 28 11 28 11 27 8 27 
11 31 14 28 11 25 8 28 
16 12 11 17 19 25 24 20 
20 30 22 28 19 25 17 27 
21 41 27 35 20 28 14 34 
22 14 22 16 23 16 23 14 
22 34 22 35 24 35 24 34 
24 38 27 38 27 35 24 35 
28 23 25 23 25 25 28 25 
28 28 28 30 32 30 32 28 
29 22 28 21 27 22 28 23 
30 30 31 29 29 27 28 28 
7 31 11 31 11 30 7 30 
10 32 13 35 14 34 11 31 
17 41 21 41 21 34 17 34 
21 37 11 27 7 31 17 41 
