91
6 24 15 33 24 24 15 15 
9 29 13 33 15 31 11 27 
10 14 15 19 18 16 13 11 
10 17 11 18 12 17 11 16 
10 19 12 19 12 17 10 17 
11 20 11 27 15 27 15 20 
11 23 13 25 17 21 15 19 
12 14 12 15 15 15 15 14 
13 12 17 12 17 11 13 11 
13 16 13 12 11 12 11 16 
14 13 12 15 13 16 15 14 
14 19 15 19 15 17 14 17 
14 23 14 19 12 19 12 23 
14 26 15 27 23 19 22 18 
14 31 14 33 15 33 15 31 
14 34 15 35 16 34 15 33 
15 18 20 13 19 12 14 17 
15 22 12 19 11 20 14 23 
15 30 16 30 16 29 15 29 
15 32 16 31 15 30 14 31 
16 19 15 18 14 19 15 20 
16 23 20 27 23 24 19 20 
16 26 16 23 14 23 14 26 
16 35 17 34 15 32 14 33 
17 16 17 20 18 20 18 16 
17 28 20 25 15 20 12 23 
17 29 21 29 21 28 17 28 
17 31 16 31 16 34 17 34 
18 26 21 29 26 24 23 21 
19 18 21 18 21 12 19 12 
19 22 23 26 25 24 21 20 
20 14 20 16 32 16 32 14 
20 17 19 18 20 19 21 18 
21 19 21 20 23 20 23 19 
21 22 21 20 19 20 19 22 
21 32 17 28 16 29 20 33 
22 17 26 21 28 19 24 15 
22 21 22 24 23 24 23 21 
24 12 22 12 22 15 24 15 
24 14 18 20 22 24 28 18 
24 18 26 18 26 15 24 15 
24 22 26 22 26 21 24 21 
24 26 23 26 23 28 24 28 
25 25 26 25 26 24 25 24 
25 27 25 25 20 25 20 27 
25 32 25 33 27 33 27 32 
26 11 26 13 28 13 28 11 
26 19 28 19 28 18 26 18 
26 28 31 23 30 22 25 27 
27 12 26 11 25 12 26 13 
27 15 31 15 31 12 27 12 
27 24 29 22 26 19 24 21 
27 26 28 25 27 24 26 25 
27 30 23 26 21 28 25 32 
27 31 25 33 27 35 29 33 
28 20 26 18 24 20 26 22 
28 23 31 23 31 20 28 20 
28 26 27 26 27 30 28 30 
28 31 33 31 33 30 28 30 
29 14 31 12 30 11 28 13 
29 17 31 15 29 13 27 15 
29 19 29 22 30 22 30 19 
29 31 33 27 32 26 28 30 
30 13 30 11 29 11 29 13 
31 22 32 23 34 21 33 20 
31 26 32 26 32 23 31 23 
31 33 32 34 34 32 33 31 
31 35 31 33 29 33 29 35 
32 27 33 27 33 26 32 26 
33 16 30 19 31 20 34 17 
33 21 34 21 34 20 33 20 
34 12 34 17 35 17 35 12 
34 31 33 31 33 32 34 32 
35 21 34 20 33 21 34 22 
35 22 35 21 34 21 34 22 
36 33 34 31 33 32 35 34 
37 15 34 12 32 14 35 17 
9 26 9 29 14 29 14 26 
12 34 13 35 14 34 13 33 
13 34 14 34 14 33 13 33 
15 34 15 35 16 35 16 34 
16 17 16 19 20 19 20 17 
16 28 15 29 16 30 17 29 
19 9 17 11 20 14 22 12 
21 15 24 18 27 15 24 12 
32 19 33 19 33 16 32 16 
32 25 31 26 32 27 33 26 
8 27 13 32 14 31 9 26 
12 33 13 34 14 33 13 32 
12 35 13 35 13 34 12 34 
19 15 20 16 21 15 20 14 
