84
10 19 16 25 23 18 17 12 
10 22 11 22 11 19 10 19 
10 30 11 31 19 23 18 22 
11 15 13 15 13 13 11 13 
11 17 12 18 14 16 13 15 
11 23 12 24 15 21 14 20 
11 25 16 25 16 23 11 23 
11 30 13 32 18 27 16 25 
13 14 11 16 15 20 17 18 
13 21 13 32 15 32 15 21 
13 24 20 17 18 15 11 22 
13 33 13 32 12 32 12 33 
14 17 14 20 15 20 15 17 
15 36 16 35 13 32 12 33 
16 14 16 15 18 15 18 14 
16 27 16 35 18 35 18 27 
16 36 16 35 15 35 15 36 
17 15 15 17 20 22 22 20 
17 20 22 20 22 18 17 18 
17 22 20 25 21 24 18 21 
17 25 18 25 18 22 17 22 
19 24 21 24 21 23 19 23 
19 27 22 30 24 28 21 25 
19 32 25 32 25 27 19 27 
19 36 28 27 27 26 18 35 
20 13 20 17 21 17 21 13 
20 26 21 26 21 25 20 25 
20 31 23 34 25 32 22 29 
20 34 21 33 12 24 11 25 
21 22 24 22 24 17 21 17 
21 34 23 34 23 33 21 33 
22 11 20 13 24 17 26 15 
22 12 21 13 22 14 23 13 
22 15 26 15 26 14 22 14 
22 22 23 23 24 22 23 21 
22 25 22 29 29 29 29 25 
22 27 23 26 22 25 21 26 
23 31 27 31 27 26 23 26 
24 16 32 24 34 22 26 14 
24 30 30 30 30 28 24 28 
24 32 23 33 25 35 26 34 
25 13 23 13 23 18 25 18 
26 5 16 15 24 23 34 13 
26 19 29 19 29 15 26 15 
26 33 26 34 29 34 29 33 
27 35 27 32 25 32 25 35 
28 12 35 12 35 11 28 11 
28 21 33 16 31 14 26 19 
28 24 28 27 32 27 32 24 
28 30 27 31 29 33 30 32 
28 36 30 34 29 33 27 35 
29 5 26 5 26 13 29 13 
29 22 24 22 24 23 29 23 
30 20 29 19 14 34 15 35 
30 22 31 22 31 20 30 20 
30 24 29 23 28 24 29 25 
31 25 34 25 34 22 31 22 
31 26 32 27 34 25 33 24 
31 27 30 28 31 29 32 28 
31 31 32 30 31 29 30 30 
32 32 32 30 30 30 30 32 
33 14 33 15 35 15 35 14 
33 17 33 18 35 18 35 17 
33 22 35 20 33 18 31 20 
34 27 32 27 32 28 34 28 
34 29 32 27 27 32 29 34 
34 31 34 29 31 29 31 31 
34 36 34 35 28 35 28 36 
35 27 32 24 31 25 34 28 
9 13 11 15 13 13 11 11 
10 25 10 30 11 30 11 25 
14 21 16 23 17 22 15 20 
14 25 16 27 18 25 16 23 
14 31 14 34 20 34 20 31 
15 28 19 32 20 31 16 27 
18 26 12 32 13 33 19 27 
19 12 22 12 22 11 19 11 
19 26 19 25 18 25 18 26 
20 27 21 26 20 25 19 26 
22 10 18 14 21 17 25 13 
22 23 26 19 25 18 21 22 
30 26 31 26 31 25 30 25 
31 11 29 13 33 17 35 15 
25 31 30 26 29 25 24 30 
