68
7 26 13 32 17 28 11 22 
9 27 13 31 17 27 13 23 
9 31 13 31 13 27 9 27 
10 18 12 20 17 15 15 13 
12 12 12 13 15 13 15 12 
12 18 12 20 13 20 13 18 
12 26 13 27 14 26 13 25 
14 21 22 13 21 12 13 20 
14 25 19 25 19 21 14 21 
14 29 16 31 28 19 26 17 
15 10 12 13 22 23 25 20 
15 20 16 20 16 13 15 13 
15 21 16 20 13 17 12 18 
16 30 20 34 25 29 21 25 
16 32 16 31 13 31 13 32 
17 14 17 15 23 15 23 14 
17 19 17 23 22 23 22 19 
18 18 18 34 20 34 20 18 
20 20 19 21 22 24 23 23 
21 27 28 20 26 18 19 25 
21 28 21 27 17 27 17 28 
21 36 23 34 22 33 20 35 
22 17 22 18 26 18 26 17 
22 29 27 24 26 23 21 28 
23 24 23 23 22 23 22 24 
23 29 21 27 16 32 18 34 
23 33 27 33 27 32 23 32 
23 35 23 34 20 34 20 35 
24 16 24 13 22 13 22 16 
25 6 17 14 22 19 30 11 
25 17 24 16 22 18 23 19 
25 19 25 20 28 20 28 19 
25 24 23 24 23 29 25 29 
26 21 26 23 29 23 29 21 
27 23 28 24 29 23 28 22 
28 12 30 12 30 11 28 11 
28 29 28 34 29 34 29 29 
29 14 29 16 35 16 35 14 
29 30 28 29 26 31 27 32 
29 41 35 35 29 29 23 35 
30 15 32 15 32 12 30 12 
30 20 28 20 28 22 30 22 
30 24 32 26 34 24 32 22 
31 22 31 26 32 26 32 22 
32 13 30 15 33 18 35 16 
32 27 35 27 35 26 32 26 
32 30 31 29 27 33 28 34 
32 41 32 34 29 34 29 41 
34 23 30 23 30 24 34 24 
34 27 35 26 31 22 30 23 
35 24 34 23 31 26 32 27 
35 28 31 28 31 29 35 29 
35 30 32 27 31 28 34 31 
36 30 35 29 31 33 32 34 
36 35 36 30 35 30 35 35 
7 20 7 26 12 26 12 20 
8 21 16 13 15 12 7 20 
11 13 17 19 18 18 12 12 
12 29 14 29 14 26 12 26 
12 34 16 30 13 27 9 31 
14 33 22 33 22 29 14 29 
18 37 20 35 16 31 14 33 
28 15 29 16 30 15 29 14 
28 18 30 18 30 15 28 15 
29 19 30 18 29 17 28 18 
31 32 35 28 34 27 30 31 
12 37 18 37 18 34 12 34 
5 30 12 37 21 28 14 21 
