41
6 26 11 31 18 24 13 19 
8 17 11 20 15 16 12 13 
8 21 18 21 18 17 8 17 
11 16 15 16 15 12 11 12 
12 11 12 13 21 13 21 11 
12 16 16 20 17 19 13 15 
13 26 17 26 17 19 13 19 
14 22 19 27 21 25 16 20 
15 20 11 20 11 31 15 31 
15 22 21 28 29 20 23 14 
15 33 16 34 33 17 32 16 
16 25 12 29 13 30 17 26 
16 32 16 34 22 34 22 32 
18 26 18 28 21 28 21 26 
19 32 24 27 18 21 13 26 
20 25 20 20 16 20 16 25 
20 31 15 31 15 33 20 33 
21 20 18 17 15 20 18 23 
22 23 18 23 18 24 22 24 
22 35 28 35 28 34 22 34 
23 23 22 24 26 28 27 27 
23 24 22 23 20 25 21 26 
23 31 19 27 18 28 22 32 
23 32 28 32 28 31 23 31 
24 20 24 13 21 13 21 20 
24 24 24 27 27 27 27 24 
25 23 29 23 29 20 25 20 
26 27 20 33 22 35 28 29 
27 17 21 11 18 14 24 20 
28 27 30 29 33 26 31 24 
28 28 28 29 30 29 30 28 
29 26 33 26 33 23 29 23 
30 30 35 30 35 29 30 29 
31 27 30 28 34 32 35 31 
33 16 33 12 32 12 32 16 
35 17 33 17 33 20 35 20 
35 25 33 23 28 28 30 30 
36 18 35 17 29 23 30 24 
43 22 33 12 25 20 35 30 
6 30 13 30 13 26 6 26 
30 27 31 27 31 24 30 24 
