33
11 26 13 26 13 24 11 24 
12 29 12 30 15 30 15 29 
13 28 15 26 13 24 11 26 
13 35 17 35 17 32 13 32 
14 31 15 30 13 28 12 29 
15 28 15 26 13 26 13 28 
15 34 23 34 23 33 15 33 
15 37 17 35 15 33 13 35 
16 33 14 31 13 32 15 34 
17 21 30 21 30 18 17 18 
17 22 13 26 15 28 19 24 
19 26 20 27 31 16 30 15 
19 31 20 31 20 27 19 27 
20 14 18 16 19 17 21 15 
20 25 29 25 29 14 20 14 
20 34 29 25 24 20 15 29 
21 32 31 22 30 21 20 31 
22 24 22 17 19 17 19 24 
24 15 21 15 21 20 24 20 
25 13 30 18 32 16 27 11 
25 30 28 30 28 13 25 13 
25 33 28 30 22 24 19 27 
27 16 29 14 28 13 26 15 
28 20 30 22 32 20 30 18 
30 27 31 27 31 22 30 22 
31 11 27 11 27 16 31 16 
31 20 32 20 32 16 31 16 
32 15 32 13 30 13 30 15 
34 15 33 14 32 15 33 16 
34 30 28 30 28 34 34 34 
37 20 33 16 26 23 30 27 
37 22 37 20 32 20 32 22 
30 10 11 29 12 30 31 11 
