78
9 23 15 29 18 26 12 20 
9 24 14 24 14 23 9 23 
10 14 12 16 13 15 11 13 
11 12 11 13 12 13 12 12 
12 22 14 24 18 20 16 18 
12 27 14 25 11 22 9 24 
12 30 12 32 19 32 19 30 
13 16 12 16 12 20 13 20 
13 26 18 26 18 20 13 20 
13 29 12 30 17 35 18 34 
14 11 12 13 14 15 16 13 
14 29 15 29 15 25 14 25 
14 35 14 29 13 29 13 35 
15 11 14 11 14 15 15 15 
15 20 25 30 34 21 24 11 
16 8 12 12 15 15 19 11 
16 17 13 20 16 23 19 20 
16 37 21 32 19 30 14 35 
18 12 19 12 19 11 18 11 
18 13 18 12 16 12 16 13 
18 22 19 23 21 21 20 20 
18 25 14 29 20 35 24 31 
18 38 21 35 15 29 12 32 
19 17 16 17 16 18 19 18 
19 26 20 26 20 23 19 23 
19 27 22 30 23 29 20 26 
20 8 16 12 28 24 32 20 
20 32 19 32 19 35 20 35 
21 11 21 19 24 19 24 11 
21 23 23 25 24 24 22 22 
21 30 22 30 22 23 21 23 
21 33 26 33 26 32 21 32 
22 18 22 22 25 22 25 18 
22 21 30 29 32 27 24 19 
22 38 22 34 18 34 18 38 
23 24 24 24 24 21 23 21 
23 27 25 29 27 27 25 25 
23 30 25 30 25 29 23 29 
23 31 22 30 20 32 21 33 
24 34 24 31 23 31 23 34 
25 27 25 25 23 25 23 27 
25 32 26 33 29 30 28 29 
26 13 26 18 28 18 28 13 
26 17 29 14 28 13 25 16 
26 20 27 21 29 19 28 18 
26 26 30 26 30 20 26 20 
26 36 28 34 26 32 24 34 
28 31 28 34 30 34 30 31 
29 13 32 13 32 11 29 11 
29 21 34 21 34 19 29 19 
29 27 29 21 27 21 27 27 
29 29 28 29 28 30 29 30 
30 16 33 16 33 15 30 15 
30 27 32 27 32 26 30 26 
30 30 33 27 32 26 29 29 
31 13 33 15 35 13 33 11 
31 16 30 15 24 21 25 22 
31 23 32 22 30 20 29 21 
31 29 30 29 30 30 31 30 
31 32 32 31 31 30 30 31 
33 17 35 17 35 16 33 16 
33 31 33 27 32 27 32 31 
34 25 26 17 25 18 33 26 
34 33 34 35 35 35 35 33 
35 21 34 21 34 22 35 22 
11 20 11 22 12 22 12 20 
16 15 11 20 14 23 19 18 
17 12 18 13 19 12 18 11 
18 27 19 27 19 26 18 26 
24 16 26 18 31 13 29 11 
26 24 29 21 26 18 23 21 
27 25 29 27 30 26 28 24 
27 43 35 35 30 30 22 38 
32 25 34 25 34 22 32 22 
32 36 35 33 33 31 30 34 
34 36 34 35 32 35 32 36 
16 29 19 32 21 30 18 27 
15 37 16 37 16 29 15 29 
