39
5 23 12 30 22 20 15 13 
5 28 11 28 11 23 5 23 
10 29 15 34 16 33 11 28 
10 30 14 34 18 30 14 26 
11 13 15 13 15 12 11 12 
11 24 20 33 25 28 16 19 
12 19 16 23 17 22 13 18 
12 22 12 24 17 24 17 22 
12 29 12 30 18 30 18 29 
13 16 13 18 29 18 29 16 
13 20 13 21 22 21 22 20 
13 23 12 22 11 23 12 24 
13 27 16 27 16 23 13 23 
15 26 14 26 14 34 15 34 
16 25 15 26 16 27 17 26 
17 28 22 28 22 26 17 26 
18 33 20 33 20 30 18 30 
19 32 19 34 29 34 29 32 
20 31 25 26 23 24 18 29 
21 31 23 29 22 28 20 30 
22 30 25 30 25 28 22 28 
23 27 35 15 34 14 22 26 
23 33 30 33 30 29 23 29 
24 12 24 20 25 20 25 12 
24 13 28 17 29 16 25 12 
25 25 31 25 31 20 25 20 
26 21 29 18 28 17 25 20 
27 28 29 30 30 29 28 27 
28 15 28 17 34 17 34 15 
28 19 28 17 16 17 16 19 
28 24 23 24 23 27 28 27 
28 33 29 34 30 33 29 32 
31 32 32 32 32 28 31 28 
33 32 32 32 32 35 33 35 
11 35 17 35 17 28 11 28 
19 37 23 33 21 31 17 35 
15 37 19 37 19 34 15 34 
10 32 15 37 17 35 12 30 
12 32 12 30 10 30 10 32 
