96
9 27 11 29 13 27 11 25 
9 28 11 28 11 27 9 27 
9 30 11 32 13 30 11 28 
10 21 16 27 18 25 12 19 
10 23 15 23 15 21 10 21 
11 19 11 25 12 25 12 19 
11 33 14 33 14 32 11 32 
12 13 12 17 13 17 13 13 
12 16 13 17 17 13 16 12 
12 20 14 18 13 17 11 19 
13 24 13 26 16 26 16 24 
13 32 14 33 23 24 22 23 
14 15 12 17 13 18 15 16 
14 17 13 17 13 18 14 18 
14 22 15 23 16 22 15 21 
14 30 16 30 16 27 14 27 
14 35 18 35 18 33 14 33 
15 13 15 16 17 16 17 13 
15 18 16 19 18 17 17 16 
16 18 19 18 19 12 16 12 
17 21 17 19 16 19 16 21 
17 22 20 19 19 18 16 21 
17 25 16 26 17 27 18 26 
17 26 18 26 18 25 17 25 
17 29 23 29 23 27 17 27 
17 30 16 30 16 34 17 34 
18 8 13 13 21 21 26 16 
18 13 18 17 22 17 22 13 
18 16 24 22 29 17 23 11 
18 23 17 22 13 26 14 27 
18 30 24 30 24 26 18 26 
18 32 16 30 14 32 16 34 
19 33 20 34 24 30 23 29 
19 34 18 33 17 34 18 35 
20 22 20 21 17 21 17 22 
20 24 21 23 20 22 19 23 
20 25 20 34 21 34 21 25 
20 29 24 33 29 28 25 24 
21 6 15 12 25 22 31 16 
21 14 22 13 20 11 19 12 
21 18 23 18 23 14 21 14 
21 20 21 21 28 21 28 20 
22 14 20 16 26 22 28 20 
22 15 28 21 29 20 23 14 
22 21 24 19 23 18 21 20 
22 26 21 25 17 29 18 30 
23 22 23 24 24 24 24 22 
24 16 26 16 26 13 24 13 
24 29 28 33 35 26 31 22 
24 34 24 35 27 35 27 34 
25 12 24 13 25 14 26 13 
25 17 27 17 27 14 25 14 
25 25 24 24 23 25 24 26 
25 30 24 30 24 33 25 33 
25 34 24 33 23 34 24 35 
26 23 27 24 29 22 28 21 
26 28 24 26 23 27 25 29 
26 32 27 33 29 31 28 30 
26 34 27 35 28 34 27 33 
27 12 27 11 25 11 25 12 
27 16 28 17 29 16 28 15 
27 25 27 24 25 24 25 25 
27 30 27 28 26 28 26 30 
28 12 28 15 29 15 29 12 
28 16 28 17 29 17 29 16 
28 28 31 31 35 27 32 24 
28 31 28 33 29 33 29 31 
29 7 25 11 29 15 33 11 
29 10 28 11 29 12 30 11 
29 13 31 15 33 13 31 11 
29 23 29 22 26 22 26 23 
29 24 29 25 30 25 30 24 
29 30 29 28 28 28 28 30 
29 36 30 35 28 33 27 34 
30 12 31 12 31 11 30 11 
30 16 30 20 31 20 31 16 
30 22 29 23 30 24 31 23 
30 23 31 23 31 22 30 22 
30 26 30 27 35 27 35 26 
31 13 31 15 33 15 33 13 
31 21 33 19 32 18 30 20 
31 32 30 32 30 35 31 35 
32 17 32 18 34 18 34 17 
32 19 31 20 33 22 34 21 
32 21 32 24 34 24 34 21 
32 34 30 32 29 33 31 35 
33 26 32 25 30 27 31 28 
33 30 31 28 29 30 31 32 
33 32 33 35 35 35 35 32 
35 19 35 15 33 15 33 19 
7 26 9 28 12 25 10 23 
8 30 11 33 14 30 11 27 
20 23 19 23 19 24 20 24 
24 18 24 19 32 19 32 18 
25 35 26 34 25 33 24 34 
8 28 8 30 9 30 9 28 
