78
5 23 12 30 20 22 13 15 
9 26 12 29 17 24 14 21 
10 21 19 30 27 22 18 13 
10 24 14 24 14 21 10 21 
10 29 16 35 18 33 12 27 
10 30 12 30 12 29 10 29 
11 20 20 20 20 19 11 19 
12 22 18 22 18 17 12 17 
12 28 14 30 16 28 14 26 
13 18 17 18 17 16 13 16 
14 22 18 26 25 19 21 15 
14 25 14 26 18 26 18 25 
14 33 14 30 12 30 12 33 
15 11 15 13 18 13 18 11 
15 19 12 22 14 24 17 21 
16 15 16 28 19 28 19 15 
16 17 17 18 18 17 17 16 
16 19 20 23 21 22 17 18 
17 9 15 11 19 15 21 13 
17 32 21 32 21 24 17 24 
18 16 20 18 21 17 19 15 
18 23 20 23 20 22 18 22 
18 27 19 28 22 25 21 24 
20 15 20 17 21 17 21 15 
20 27 20 26 18 26 18 27 
20 28 19 28 19 30 20 30 
21 20 27 26 28 25 22 19 
21 21 21 22 27 22 27 21 
21 34 21 33 18 33 18 34 
22 13 25 13 25 12 22 12 
22 33 23 33 23 30 22 30 
22 38 26 34 22 30 18 34 
23 18 30 18 30 15 23 15 
24 16 26 14 25 13 23 15 
24 27 27 27 27 26 24 26 
24 31 23 30 21 32 22 33 
24 34 26 34 26 31 24 31 
25 18 27 20 33 14 31 12 
25 20 27 20 27 19 25 19 
25 25 25 20 22 20 22 25 
25 30 29 30 29 28 25 28 
26 18 27 19 31 15 30 14 
26 20 27 21 28 20 27 19 
26 22 33 29 34 28 27 21 
26 24 22 20 21 21 25 25 
26 28 30 32 31 31 27 27 
27 23 31 23 31 22 27 22 
27 30 30 33 32 31 29 28 
29 27 23 33 24 34 30 28 
30 13 30 14 33 14 33 13 
30 19 31 19 31 18 30 18 
30 20 28 20 28 25 30 25 
30 21 31 22 33 20 32 19 
30 26 30 28 34 28 34 26 
31 30 31 31 32 31 32 30 
32 18 31 17 30 18 31 19 
32 22 30 20 29 21 31 23 
32 33 32 32 30 32 30 33 
33 16 33 18 34 18 34 16 
33 19 33 18 32 18 32 19 
33 23 31 23 31 29 33 29 
34 12 34 11 31 11 31 12 
34 24 32 24 32 25 34 25 
35 19 33 19 33 20 35 20 
35 31 35 28 34 28 34 31 
37 14 34 11 30 15 33 18 
17 22 18 23 21 20 20 19 
22 32 26 28 24 26 20 30 
22 34 23 33 22 32 21 33 
24 13 30 19 31 18 25 12 
24 38 24 34 22 34 22 38 
26 29 25 30 26 31 27 30 
31 28 29 30 32 33 34 31 
32 10 31 11 33 13 34 12 
32 20 32 22 33 22 33 20 
33 25 34 24 33 23 32 24 
34 20 35 19 34 18 33 19 
34 32 35 31 33 29 32 30 
