131
6 23 16 33 26 23 16 13 
6 25 12 25 12 23 6 23 
10 18 11 19 14 16 13 15 
10 20 12 22 13 21 11 19 
10 32 11 33 15 29 14 28 
10 35 14 35 14 32 10 32 
11 20 14 23 15 22 12 19 
11 23 14 26 15 25 12 22 
12 15 11 16 14 19 15 18 
12 16 11 16 11 19 12 19 
12 27 15 27 15 25 12 25 
12 30 12 27 11 27 11 30 
13 14 12 14 12 15 13 15 
13 22 15 22 15 21 13 21 
13 23 13 26 14 26 14 23 
13 24 12 23 11 24 12 25 
14 13 14 14 16 14 16 13 
14 18 14 19 15 19 15 18 
14 22 15 23 16 22 15 21 
15 17 14 18 15 19 16 18 
15 28 13 26 12 27 14 29 
16 10 15 11 24 20 25 19 
16 20 18 22 19 21 17 19 
16 21 16 22 18 22 18 21 
16 23 16 22 15 22 15 23 
16 25 20 25 20 24 16 24 
16 27 20 31 21 30 17 26 
16 28 16 27 15 27 15 28 
17 18 19 20 22 17 20 15 
17 20 17 19 16 19 16 20 
17 22 18 21 17 20 16 21 
17 30 21 30 21 29 17 29 
17 32 17 30 16 30 16 32 
17 33 21 29 20 28 16 32 
18 11 18 13 20 13 20 11 
18 26 20 24 18 22 16 24 
18 27 18 26 17 26 17 27 
18 28 17 27 16 28 17 29 
18 31 20 31 20 28 18 28 
18 32 17 32 17 33 18 33 
19 12 18 13 19 14 20 13 
19 16 19 14 16 14 16 16 
19 26 23 30 24 29 20 25 
19 34 21 32 20 31 18 33 
20 14 20 15 22 15 22 14 
21 16 19 16 19 20 21 20 
21 24 26 24 26 23 21 23 
21 34 22 34 22 32 21 32 
22 12 21 13 22 14 23 13 
22 18 22 21 23 21 23 18 
22 23 26 27 29 24 25 20 
22 25 24 27 29 22 27 20 
22 26 28 20 27 19 21 25 
22 35 24 33 23 32 21 34 
23 12 23 13 24 13 24 12 
23 14 23 15 24 15 24 14 
23 16 24 15 23 14 22 15 
23 29 23 30 24 30 24 29 
23 34 22 34 22 35 23 35 
24 26 26 24 23 21 21 23 
25 15 26 16 28 14 27 13 
25 18 25 19 26 19 26 18 
25 25 27 25 27 20 25 20 
25 28 26 29 27 28 26 27 
25 31 27 31 27 28 25 28 
26 13 26 16 27 16 27 13 
26 26 24 26 24 27 26 27 
26 31 25 32 27 34 28 33 
26 32 25 31 22 34 23 35 
26 35 27 35 27 34 26 34 
27 12 28 13 29 12 28 11 
27 17 29 19 30 18 28 16 
27 18 27 19 29 19 29 18 
27 26 27 27 28 27 28 26 
27 36 28 35 27 34 26 35 
28 12 28 11 27 11 27 12 
28 15 27 16 29 18 30 17 
28 17 28 16 27 16 27 17 
28 23 33 23 33 20 28 20 
28 30 24 30 24 33 28 33 
28 32 29 31 28 30 27 31 
28 34 32 34 32 33 28 33 
28 36 28 35 27 35 27 36 
29 13 29 12 28 12 28 13 
29 20 31 22 32 21 30 19 
29 25 28 26 31 29 32 28 
29 26 28 27 30 29 31 28 
29 27 32 27 32 26 29 26 
29 33 31 35 32 34 30 32 
29 35 28 34 27 35 28 36 
30 22 31 22 31 19 30 19 
30 24 30 22 29 22 29 24 
30 28 30 29 31 29 31 28 
31 15 31 14 28 14 28 15 
31 17 30 17 30 18 31 18 
31 21 33 23 35 21 33 19 
31 25 32 26 34 24 33 23 
31 32 30 32 30 35 31 35 
32 12 32 15 33 15 33 12 
32 16 31 17 32 18 33 17 
32 17 31 18 33 20 34 19 
32 22 35 22 35 21 32 21 
32 25 32 22 31 22 31 25 
32 31 32 29 31 29 31 31 
32 37 34 35 32 33 30 35 
33 16 32 16 32 17 33 17 
33 18 33 19 34 19 34 18 
33 27 32 27 32 28 33 28 
33 30 34 29 33 28 32 29 
34 13 33 12 31 14 32 15 
34 20 35 20 35 19 34 19 
34 30 34 29 33 29 33 30 
35 24 35 23 34 23 34 24 
35 29 34 28 33 29 34 30 
36 23 35 22 34 23 35 24 
36 32 34 30 33 31 35 33 
10 19 10 20 11 20 11 19 
13 12 12 13 13 14 14 13 
21 26 22 26 22 25 21 25 
21 31 22 32 24 30 23 29 
22 16 23 16 23 15 22 15 
23 31 23 30 21 30 21 31 
24 16 25 15 24 14 23 15 
24 17 23 18 24 19 25 18 
25 16 25 15 24 15 24 16 
25 17 26 18 27 17 26 16 
26 17 26 16 25 16 25 17 
29 30 31 32 32 31 30 29 
30 23 32 25 33 24 31 22 
23 17 24 17 24 16 23 16 
26 15 25 16 26 17 27 16 
