73
8 15 12 19 16 15 12 11 
8 17 16 17 16 15 8 15 
8 25 13 30 16 27 11 22 
8 27 16 27 16 25 8 25 
10 16 12 18 14 16 12 14 
10 21 11 21 11 16 10 16 
11 24 18 24 18 22 11 22 
11 31 12 32 15 29 14 28 
12 12 18 12 18 11 12 11 
12 16 14 16 14 14 12 14 
12 29 12 32 15 32 15 29 
13 33 17 33 17 30 13 30 
14 27 17 30 19 28 16 25 
15 18 12 18 12 19 15 19 
16 35 18 35 18 28 16 28 
16 36 20 32 17 29 13 33 
17 24 19 22 15 18 13 20 
17 25 17 29 20 29 20 25 
17 27 18 28 19 27 18 26 
17 36 18 35 17 34 16 35 
18 19 21 16 19 14 16 17 
18 31 19 32 21 30 20 29 
19 8 11 16 19 24 27 16 
19 11 19 14 21 14 21 11 
19 19 19 22 23 22 23 19 
19 26 19 24 18 24 18 26 
20 24 29 15 27 13 18 22 
20 26 25 21 23 19 18 24 
20 30 21 30 21 29 20 29 
20 35 20 32 19 32 19 35 
21 18 27 18 27 16 21 16 
21 27 19 27 19 28 21 28 
21 31 22 30 21 29 20 30 
21 33 17 33 17 34 21 34 
22 13 21 14 22 15 23 14 
22 27 20 25 19 26 21 28 
22 31 22 30 21 30 21 31 
22 35 24 35 24 34 22 34 
23 24 24 25 27 22 26 21 
23 25 23 27 24 27 24 25 
23 29 23 27 22 27 22 29 
23 33 24 34 27 31 26 30 
24 33 23 32 21 34 22 35 
25 19 25 21 26 21 26 19 
25 27 23 25 21 27 23 29 
25 33 25 27 24 27 24 33 
26 4 19 11 27 19 34 12 
26 31 26 35 27 35 27 31 
27 15 27 13 22 13 22 15 
27 23 34 23 34 22 27 22 
27 34 29 32 24 27 22 29 
28 9 26 11 28 13 30 11 
28 17 27 18 28 19 29 18 
28 18 27 18 27 19 28 19 
29 29 23 29 23 32 29 32 
30 4 26 4 26 11 30 11 
31 28 33 28 33 24 31 24 
32 6 30 4 17 17 19 19 
32 13 28 13 28 17 32 17 
32 23 31 24 32 25 33 24 
33 32 34 31 31 28 30 29 
33 35 33 32 29 32 29 35 
35 34 35 25 32 25 32 34 
8 21 11 24 21 14 18 11 
10 12 11 13 12 12 11 11 
10 22 16 28 17 27 11 21 
11 19 17 25 18 24 12 18 
16 33 18 31 17 30 15 32 
18 33 20 35 21 34 19 32 
20 36 22 34 21 33 19 35 
22 36 22 35 20 35 20 36 
23 23 23 24 27 24 27 23 
8 22 10 22 10 21 8 21 
