128
7 23 11 27 15 23 11 19 
7 33 12 33 12 23 7 23 
9 18 11 20 14 17 12 15 
9 19 12 22 18 16 15 13 
9 20 11 20 11 19 9 19 
9 26 11 28 13 26 11 24 
9 35 13 31 11 29 7 33 
10 22 14 26 19 21 15 17 
11 15 11 18 12 18 12 15 
11 22 12 23 16 19 15 18 
11 26 13 26 13 24 11 24 
11 31 13 31 13 29 11 29 
12 20 11 20 11 22 12 22 
12 28 13 29 15 27 14 26 
13 17 14 17 14 13 13 13 
13 32 13 33 16 33 16 32 
14 15 15 16 16 15 15 14 
14 18 14 23 15 23 15 18 
14 27 15 28 22 21 21 20 
14 28 15 28 15 27 14 27 
14 33 16 31 15 30 13 32 
14 34 15 35 17 33 16 32 
15 15 13 13 11 15 13 17 
15 31 16 31 16 30 15 30 
16 14 15 14 15 15 16 15 
17 21 21 25 24 22 20 18 
17 22 17 21 16 21 16 22 
17 24 17 25 21 25 21 24 
17 29 18 30 22 26 21 25 
17 32 17 33 21 33 21 32 
18 11 18 12 22 12 22 11 
18 13 18 16 19 16 19 13 
18 18 20 18 20 17 18 17 
18 21 17 20 16 21 17 22 
18 27 14 23 13 24 17 28 
18 29 27 29 27 27 18 27 
19 18 20 17 19 16 18 17 
19 19 19 21 22 21 22 19 
19 28 23 32 25 30 21 26 
19 34 21 32 19 30 17 32 
20 9 18 11 20 13 22 11 
20 16 21 17 24 14 23 13 
20 38 27 31 24 28 17 35 
21 11 19 13 20 14 22 12 
21 18 21 20 25 20 25 18 
21 28 22 28 22 26 21 26 
21 29 23 31 24 30 22 28 
22 9 18 13 25 20 29 16 
22 14 22 13 20 13 20 14 
22 22 24 22 24 21 22 21 
22 30 24 30 24 28 22 28 
22 34 24 32 23 31 21 33 
23 14 23 16 24 16 24 14 
23 19 25 21 28 18 26 16 
23 26 26 23 25 22 22 25 
24 13 23 12 22 13 23 14 
24 15 23 16 25 18 26 17 
24 17 26 17 26 16 24 16 
24 23 25 23 25 22 24 22 
24 25 27 25 27 24 24 24 
24 26 24 25 23 25 23 26 
24 31 23 31 23 32 24 32 
24 33 29 33 29 32 24 32 
24 34 24 33 22 33 22 34 
25 13 26 14 28 12 27 11 
25 25 24 24 23 25 24 26 
25 31 27 31 27 30 25 30 
26 19 26 23 29 23 29 19 
26 24 27 25 29 23 28 22 
26 25 28 27 29 26 27 24 
26 26 27 27 28 26 27 25 
26 35 29 32 27 30 24 33 
27 12 27 11 23 11 23 12 
27 18 28 18 28 12 27 12 
27 20 25 20 25 21 27 21 
27 22 29 24 30 23 28 21 
28 11 27 12 29 14 30 13 
28 24 28 26 29 26 29 24 
29 12 35 12 35 11 29 11 
29 13 29 14 30 14 30 13 
29 15 29 16 30 16 30 15 
29 18 31 20 34 17 32 15 
30 12 29 13 30 14 31 13 
30 22 30 21 28 21 28 22 
30 24 31 25 33 23 32 22 
30 26 31 26 31 25 30 25 
30 29 31 29 31 27 30 27 
30 30 34 34 35 33 31 29 
30 32 30 33 35 33 35 32 
30 34 30 33 29 33 29 34 
31 15 30 16 32 18 33 17 
31 18 32 18 32 15 31 15 
31 23 31 22 30 22 30 23 
31 24 30 25 31 26 32 25 
31 31 27 31 27 35 31 35 
31 33 30 32 29 33 30 34 
31 34 32 35 35 32 34 31 
32 13 32 14 33 14 33 13 
32 21 31 20 30 21 31 22 
32 26 31 25 30 26 31 27 
32 28 35 28 35 26 32 26 
32 31 35 28 34 27 31 30 
32 34 34 34 34 31 32 31 
33 12 32 13 33 14 34 13 
33 15 34 14 33 13 32 14 
33 21 33 23 34 23 34 21 
33 24 33 23 31 23 31 24 
33 30 33 29 31 29 31 30 
34 19 34 17 33 17 33 19 
35 13 34 13 34 14 35 14 
36 25 34 23 33 24 35 26 
37 18 34 15 31 18 34 21 
9 27 11 27 11 26 9 26 
15 29 17 29 17 28 15 28 
16 9 14 11 16 13 18 11 
16 28 15 29 16 30 17 29 
17 30 18 30 18 29 17 29 
18 34 19 34 19 30 18 30 
21 21 17 25 18 26 22 22 
23 34 24 33 23 32 22 33 
28 16 29 17 30 16 29 15 
29 21 30 22 33 19 32 18 
30 35 31 34 30 33 29 34 
36 22 32 22 32 25 36 25 
15 9 15 13 16 13 16 9 
16 29 17 30 18 29 17 28 
26 18 28 16 26 14 24 16 
34 20 33 21 35 23 36 22 
