93
6 17 14 25 19 20 11 12 
8 24 11 27 14 24 11 21 
8 25 14 25 14 24 8 24 
10 23 8 25 12 29 14 27 
11 13 11 20 16 20 16 13 
11 29 11 31 12 31 12 29 
11 32 13 34 14 33 12 31 
11 33 12 34 13 33 12 32 
12 27 14 29 16 27 14 25 
12 33 12 32 11 32 11 33 
13 19 15 17 14 16 12 18 
13 20 15 18 14 17 12 19 
13 29 13 33 14 33 14 29 
13 35 15 35 15 34 13 34 
14 18 15 18 15 17 14 17 
14 28 13 29 17 33 18 32 
15 19 16 20 18 18 17 17 
15 20 14 21 15 22 16 21 
15 21 15 22 16 22 16 21 
16 14 20 18 21 17 17 13 
16 25 14 25 14 27 16 27 
16 30 16 31 19 31 19 30 
17 14 18 13 17 12 16 13 
17 21 16 20 15 21 16 22 
17 23 23 29 27 25 21 19 
17 26 19 24 18 23 16 25 
17 29 19 31 24 26 22 24 
18 14 18 13 17 13 17 14 
18 15 18 18 20 18 20 15 
18 19 18 18 15 18 15 19 
18 20 19 20 19 19 18 19 
18 21 17 21 17 23 18 23 
18 27 16 29 21 34 23 32 
18 29 19 30 22 27 21 26 
19 25 22 25 22 24 19 24 
20 26 20 32 21 32 21 26 
20 31 19 30 15 34 16 35 
21 16 21 17 28 17 28 16 
21 20 21 22 25 22 25 20 
22 13 22 14 26 14 26 13 
22 15 21 16 25 20 26 19 
22 29 22 32 23 32 23 29 
22 34 22 32 21 32 21 34 
23 34 25 34 25 33 23 33 
24 16 26 14 24 12 22 14 
24 21 25 22 26 21 25 20 
24 25 27 28 30 25 27 22 
24 31 33 31 33 26 24 26 
24 32 25 33 28 30 27 29 
24 33 23 34 24 35 25 34 
24 36 25 35 23 33 22 34 
25 32 26 33 33 26 32 25 
25 36 25 35 24 35 24 36 
26 22 26 25 27 25 27 22 
27 15 28 16 30 14 29 13 
27 19 27 20 28 20 28 19 
27 21 28 20 27 19 26 20 
27 32 27 29 25 29 25 32 
27 34 29 34 29 32 27 32 
28 13 21 20 26 25 33 18 
28 21 29 20 28 19 27 20 
28 24 29 23 27 21 26 22 
28 25 25 22 22 25 25 28 
28 28 28 25 27 25 27 28 
29 10 26 13 28 15 31 12 
29 12 28 12 28 13 29 13 
29 21 29 20 28 20 28 21 
29 27 31 27 31 23 29 23 
29 29 30 30 32 28 31 27 
29 36 31 34 29 32 27 34 
30 12 30 14 31 14 31 12 
30 28 32 28 32 25 30 25 
30 35 34 35 34 30 30 30 
31 33 31 34 33 34 33 33 
31 36 31 34 29 34 29 36 
32 21 35 18 31 14 28 17 
32 37 34 35 33 34 31 36 
33 14 31 14 31 18 33 18 
33 20 35 20 35 18 33 18 
36 28 31 23 30 24 35 29 
36 37 36 28 32 28 32 37 
9 29 11 31 13 29 11 27 
10 26 17 26 17 23 10 23 
12 21 11 21 11 27 12 27 
12 28 14 28 14 27 12 27 
13 18 12 18 12 19 13 19 
13 22 14 21 13 20 12 21 
17 27 17 29 18 29 18 27 
21 15 22 15 22 14 21 14 
27 13 27 15 28 15 28 13 
28 22 28 24 30 24 30 22 
19 11 18 12 21 15 22 14 
27 11 26 12 27 13 28 12 
