42 3
000020000000000000130010001001000020100010
000000000000000000000020000000000003000200
000000230000000000020000000000001020002000
030030000000000000000000010000000000000000
110000000000002030000000030000000000230003
001003000000030000002000000002000210000000
000020330103000000000030000000300000210002
200000001000000003002003000000100002200000
010000000000110020000200200000300002000200
000020302000020000010000000300000000000100
000000000000003210020000000000000100000000
000200300000000000000000330002000030100000
000300001003020202000000000000000000000000
300000020000102301003000000000000000200000
000000000103000000000020000000002031000013
000000000000200310000000000000000000000000
310000000000000101001000100000000200001000
320000002220030000000010003000000000000032
000000030320020000000110010000000000010000
000000112100023100021101000000000300000030
000020002000000230000002000000010000300330
200030000203000000000010000000000000030022
000000203030000003000000000003000000000000
001002000300002000100000000010300000120000
001000000010001000020030001000001200002030
100000002001000000000000020200000000030000
001000000000000000003000000100000000011000
000000000001000001200001200003000000030000
030230000000000000000320000100000000000000
000032000000010000200002000000333100100000
000000001000200000000020000000000000000000
000000000300030000000023100000000210100000
100000003200000000200000000010000000000013
010003000000000200000011000030000002000020
000000100000000000000012000000003000100000
001000030300020001030000000020000000300000
000000001000000030000000000000000000300000
300000201000000000010000000000300000010010
003000030000000300200000000000200000000000
000030300000010000000020002000200003000000
000100000002000000000012003000000001010030
300001000000000030002003100020030000000203
