158
12 25 14 27 18 23 16 21 
12 34 17 34 17 25 12 25 
12 38 18 44 20 42 14 36 
13 33 15 35 21 29 19 27 
13 34 15 36 17 34 15 32 
14 14 14 16 16 16 16 14 
14 22 15 23 20 18 19 17 
14 29 19 29 19 27 14 27 
14 35 14 36 15 36 15 35 
15 17 15 20 19 20 19 17 
15 30 18 30 18 23 15 23 
15 40 16 40 16 36 15 36 
16 24 17 25 22 20 21 19 
16 42 20 42 20 40 16 40 
16 44 16 42 15 42 15 44 
17 17 16 16 15 17 16 18 
17 27 16 28 18 30 19 29 
18 18 16 18 16 21 18 21 
18 33 22 37 23 36 19 32 
18 39 24 39 24 33 18 33 
18 43 18 44 21 44 21 43 
18 47 21 44 18 41 15 44 
19 14 18 15 20 17 21 16 
19 18 21 20 22 19 20 17 
19 24 14 29 15 30 20 25 
19 25 22 28 23 27 20 24 
19 28 21 30 22 29 20 27 
19 30 21 30 21 29 19 29 
19 31 19 30 18 30 18 31 
20 20 20 24 21 24 21 20 
20 32 20 31 19 31 19 32 
20 39 22 41 24 39 22 37 
20 48 24 44 20 40 16 44 
21 15 21 16 25 16 25 15 
21 39 23 37 22 36 20 38 
21 45 25 41 20 36 16 40 
22 23 19 20 18 21 21 24 
22 25 23 25 23 23 22 23 
22 27 22 25 20 25 20 27 
22 34 22 36 23 36 23 34 
22 38 22 37 20 37 20 38 
22 43 24 41 20 37 18 39 
23 19 24 20 28 16 27 15 
23 20 23 19 22 19 22 20 
23 26 23 27 24 27 24 26 
23 28 24 29 25 28 24 27 
23 29 20 32 22 34 25 31 
23 38 29 38 29 37 23 37 
23 40 23 38 22 38 22 40 
24 18 24 20 27 20 27 18 
24 28 23 28 23 29 24 29 
24 30 29 30 29 29 24 29 
24 40 24 41 25 41 25 40 
24 43 24 41 22 41 22 43 
24 45 24 44 21 44 21 45 
25 12 23 14 25 16 27 14 
25 17 28 17 28 16 25 16 
25 27 26 28 28 26 27 25 
25 36 26 35 24 33 23 34 
25 44 30 39 29 38 24 43 
26 24 25 23 23 25 24 26 
26 27 25 27 25 28 26 28 
26 34 29 37 30 36 27 33 
26 36 29 39 32 36 29 33 
27 22 26 21 22 25 23 26 
27 31 28 31 28 26 27 26 
27 35 26 35 26 36 27 36 
27 38 26 39 30 43 31 42 
27 44 27 41 25 41 25 44 
28 18 30 18 30 17 28 17 
28 21 26 21 26 24 28 24 
28 36 30 36 30 31 28 31 
29 11 25 15 28 18 32 14 
29 25 29 27 30 27 30 25 
29 26 30 27 31 26 30 25 
29 32 34 32 34 30 29 30 
29 36 30 37 33 34 32 33 
29 43 30 43 30 39 29 39 
30 29 33 29 33 27 30 27 
31 18 30 17 27 20 28 21 
31 22 32 21 28 17 27 18 
31 23 33 25 35 23 33 21 
31 25 31 26 33 26 33 25 
31 27 33 29 35 27 33 25 
31 29 33 27 31 25 29 27 
31 30 30 29 29 30 30 31 
31 41 29 39 27 41 29 43 
31 48 31 42 20 42 20 48 
32 15 32 14 27 14 27 15 
32 16 34 18 35 17 33 15 
32 19 32 21 33 21 33 19 
32 30 33 31 34 30 33 29 
32 37 36 37 36 36 32 36 
32 38 32 41 35 41 35 38 
32 43 33 44 41 36 40 35 
33 16 33 15 32 15 32 16 
33 23 31 23 31 24 33 24 
33 35 34 35 34 34 33 34 
33 36 35 38 36 37 34 35 
34 22 34 18 31 18 31 22 
34 33 35 34 38 31 37 30 
35 20 39 20 39 17 35 17 
35 21 35 23 38 23 38 21 
35 24 33 26 35 28 37 26 
35 30 37 30 37 29 35 29 
35 35 36 35 36 34 35 34 
36 19 38 21 39 20 37 18 
36 20 34 18 33 19 35 21 
36 27 35 27 35 28 36 28 
36 30 34 32 36 34 38 32 
36 45 40 41 39 40 35 44 
37 19 40 19 40 18 37 18 
37 24 38 25 39 24 38 23 
37 35 36 34 35 35 36 36 
37 40 39 40 39 35 37 35 
38 20 40 18 39 17 37 19 
38 24 39 24 39 23 38 23 
38 29 44 29 44 25 38 25 
38 33 38 32 34 32 34 33 
38 34 39 35 43 31 42 30 
38 41 40 41 40 38 38 38 
38 44 41 41 38 38 35 41 
39 25 40 24 39 23 38 24 
39 37 40 36 39 35 38 36 
39 42 39 44 41 44 41 42 
40 15 40 17 42 17 42 15 
40 26 39 25 36 28 37 29 
40 34 40 35 44 35 44 34 
40 43 41 44 42 43 41 42 
41 16 40 15 39 16 40 17 
41 30 41 36 42 36 42 30 
42 40 41 40 41 41 42 41 
43 26 40 26 40 31 43 31 
43 34 44 33 41 30 40 31 
44 20 40 20 40 24 44 24 
44 38 42 36 40 38 42 40 
44 39 43 38 41 40 42 41 
45 28 43 26 42 27 44 29 
12 39 15 42 18 39 15 36 
12 41 18 41 18 39 12 39 
15 25 16 24 15 23 14 24 
16 22 14 22 14 24 16 24 
16 47 18 47 18 44 16 44 
18 49 24 43 22 41 16 47 
22 31 23 31 23 29 22 29 
25 33 27 33 27 31 25 31 
25 39 26 39 26 36 25 36 
28 30 33 35 34 34 29 29 
28 33 32 37 33 36 29 32 
30 22 28 24 29 25 31 23 
32 17 35 20 36 19 33 16 
35 26 37 26 37 24 35 24 
43 39 44 39 44 38 43 38 
21 32 22 31 21 30 20 31 
21 36 21 32 20 32 20 36 
24 34 25 33 23 31 22 32 
25 29 27 31 28 30 26 28 
35 22 33 24 35 26 37 24 
