179
8 37 14 43 24 33 18 27 
11 24 15 28 22 21 18 17 
11 26 14 26 14 24 11 24 
12 30 16 34 19 31 15 27 
12 38 14 38 14 30 12 30 
13 18 14 19 15 18 14 17 
13 23 15 23 15 18 13 18 
13 33 19 39 21 37 15 31 
13 37 14 38 17 35 16 34 
14 29 17 32 18 31 15 28 
15 21 17 19 16 18 14 20 
15 22 16 23 17 22 16 21 
15 32 17 32 17 31 15 31 
15 35 16 35 16 34 15 34 
15 38 15 39 17 39 17 38 
15 44 21 44 21 40 15 40 
16 15 14 15 14 17 16 17 
16 19 16 21 17 21 17 19 
16 22 15 21 14 22 15 23 
16 24 16 23 15 23 15 24 
16 30 17 31 21 27 20 26 
17 27 18 27 18 22 17 22 
17 28 17 27 15 27 15 28 
17 34 20 31 18 29 15 32 
18 18 18 17 16 17 16 18 
18 28 18 29 23 29 23 28 
18 34 19 34 19 31 18 31 
18 35 18 34 17 34 17 35 
18 37 21 40 25 36 22 33 
18 38 21 38 21 37 18 37 
18 41 21 38 18 35 15 38 
18 42 18 41 17 41 17 42 
19 15 19 16 21 16 21 15 
19 18 18 18 18 20 19 20 
19 21 18 20 17 21 18 22 
19 25 22 25 22 21 19 21 
19 44 20 43 18 41 17 42 
20 21 25 26 28 23 23 18 
20 27 21 27 21 26 20 26 
20 40 19 39 17 41 18 42 
20 42 23 42 23 41 20 41 
21 12 16 17 19 20 24 15 
21 20 26 20 26 17 21 17 
21 21 24 18 21 15 18 18 
21 28 22 27 21 26 20 27 
21 43 23 41 22 40 20 42 
22 12 21 12 21 14 22 14 
22 24 23 23 21 21 20 22 
22 26 22 27 24 27 24 26 
22 30 23 31 24 30 23 29 
22 31 22 33 23 33 23 31 
22 43 23 42 21 40 20 41 
23 15 23 18 24 18 24 15 
23 20 25 18 21 14 19 16 
23 21 26 24 31 19 28 16 
23 35 23 37 27 37 27 35 
24 23 24 21 23 21 23 23 
24 32 23 33 26 36 27 35 
24 36 27 39 31 35 28 32 
24 44 24 43 22 43 22 44 
25 27 32 34 34 32 27 25 
25 33 24 33 24 36 25 36 
25 41 26 41 26 36 25 36 
26 8 22 12 29 19 33 15 
26 16 28 16 28 15 26 15 
26 29 27 28 25 26 24 27 
26 35 29 38 31 36 28 33 
26 40 23 37 22 38 25 41 
27 14 27 18 29 18 29 14 
27 16 28 15 27 14 26 15 
27 27 27 28 32 28 32 27 
27 31 29 29 27 27 25 29 
27 38 27 39 29 39 29 38 
27 42 27 43 34 43 34 42 
27 45 28 44 27 43 26 44 
28 19 29 18 28 17 27 18 
28 30 24 30 24 32 28 32 
28 36 27 37 29 39 30 38 
28 37 31 37 31 36 28 36 
28 39 26 41 27 42 29 40 
28 41 26 41 26 44 28 44 
29 21 31 21 31 19 29 19 
29 23 29 21 28 21 28 23 
29 24 26 24 26 29 29 29 
29 35 31 37 34 34 32 32 
30 14 30 15 33 15 33 14 
30 17 30 16 28 16 28 17 
30 29 32 27 29 24 27 26 
30 35 30 29 29 29 29 35 
30 39 32 39 32 38 30 38 
30 40 30 39 29 39 29 40 
31 23 32 24 36 20 35 19 
31 26 32 26 32 24 31 24 
31 33 31 32 28 32 28 33 
31 41 33 39 32 38 30 40 
32 15 36 19 37 18 33 14 
32 19 33 20 34 19 33 18 
32 31 34 31 34 28 32 28 
33 16 33 18 37 18 37 16 
33 19 31 21 38 28 40 26 
33 21 33 24 37 24 37 21 
33 29 33 30 37 30 37 29 
33 32 33 34 34 34 34 32 
33 36 35 38 38 35 36 33 
33 40 32 41 34 43 35 42 
34 20 34 19 33 19 33 20 
34 23 35 23 35 20 34 20 
34 33 33 34 37 38 38 37 
34 39 35 39 35 38 34 38 
34 40 34 39 33 39 33 40 
34 46 36 44 34 42 32 44 
35 15 35 19 36 19 36 15 
35 24 34 23 33 24 34 25 
35 26 40 31 42 29 37 24 
35 29 40 24 39 23 34 28 
35 34 36 34 36 33 35 33 
35 40 36 40 36 39 35 39 
35 44 36 44 36 42 35 42 
36 18 37 19 39 17 38 16 
36 23 39 23 39 20 36 20 
36 32 35 33 36 34 37 33 
36 36 34 38 35 39 37 37 
36 37 36 36 33 36 33 37 
36 38 37 38 37 37 36 37 
37 26 40 26 40 24 37 24 
37 34 39 34 39 33 37 33 
37 39 36 40 39 43 40 42 
37 40 38 39 37 38 36 39 
37 42 37 44 40 44 40 42 
38 15 37 16 38 17 39 16 
38 27 37 26 33 30 34 31 
38 31 38 35 40 35 40 31 
38 33 39 34 41 32 40 31 
38 38 38 39 39 39 39 38 
38 40 38 39 37 39 37 40 
38 43 39 43 39 40 38 40 
38 46 38 43 34 43 34 46 
39 15 38 15 38 16 39 16 
39 25 41 25 41 23 39 23 
39 29 38 28 37 29 38 30 
40 23 42 25 43 24 41 22 
40 27 42 27 42 26 40 26 
40 28 40 27 38 27 38 28 
40 34 42 32 41 31 39 33 
40 36 38 38 39 39 41 37 
40 41 41 40 40 39 39 40 
41 17 41 16 39 16 39 17 
41 18 41 19 42 19 42 18 
41 29 43 27 42 26 40 28 
41 34 41 37 43 37 43 34 
41 45 43 43 42 42 40 44 
42 31 41 31 41 32 42 32 
43 19 44 18 43 17 42 18 
43 29 43 27 42 27 42 29 
43 42 43 38 42 38 42 42 
44 23 43 23 43 24 44 24 
44 37 41 34 40 35 43 38 
44 39 40 39 40 41 44 41 
8 33 8 37 13 37 13 33 
10 31 8 33 15 40 17 38 
11 27 14 30 17 27 14 24 
18 43 20 43 20 42 18 42 
24 29 25 29 25 27 24 27 
27 21 29 23 31 21 29 19 
30 31 31 32 32 31 31 30 
33 27 32 28 33 29 34 28 
34 41 35 41 35 40 34 40 
36 43 37 44 38 43 37 42 
37 45 38 46 40 44 39 43 
39 24 40 23 36 19 35 20 
40 16 41 17 42 16 41 15 
40 18 41 19 42 18 41 17 
40 19 40 18 37 18 37 19 
40 22 41 22 41 19 40 19 
41 20 42 19 41 18 40 19 
44 20 43 19 40 22 41 23 
25 21 25 25 27 25 27 21 
26 22 27 21 26 20 25 21 
36 45 37 45 37 44 36 44 
