82
10 21 18 29 23 24 15 16 
10 28 15 28 15 21 10 21 
14 26 18 26 18 24 14 24 
14 28 16 30 20 26 18 24 
14 29 15 30 16 29 15 28 
14 34 14 38 18 38 18 34 
14 43 24 43 24 39 14 39 
15 19 23 19 23 16 15 16 
15 29 15 30 16 30 16 29 
16 36 16 37 21 37 21 36 
16 40 18 38 16 36 14 38 
17 34 20 31 18 29 15 32 
18 31 20 31 20 29 18 29 
18 43 20 41 16 37 14 39 
20 20 21 21 23 19 22 18 
20 22 22 24 23 23 21 21 
20 38 18 38 18 41 20 41 
21 23 23 23 23 21 21 21 
21 40 23 42 26 39 24 37 
21 41 20 41 20 42 21 42 
22 30 22 33 27 33 27 30 
22 34 24 36 27 33 25 31 
22 37 21 37 21 40 22 40 
22 41 26 41 26 40 22 40 
23 17 36 30 38 28 25 15 
23 32 28 32 28 24 23 24 
23 39 21 37 20 38 22 40 
24 19 25 18 23 16 22 17 
24 20 24 22 27 22 27 20 
24 26 24 25 20 25 20 26 
24 28 25 29 26 28 25 27 
24 29 28 33 33 28 29 24 
24 31 25 31 25 29 24 29 
25 21 30 21 30 18 25 18 
25 45 26 44 22 40 21 41 
26 25 37 36 40 33 29 22 
26 26 24 26 24 28 26 28 
26 50 32 44 24 36 18 42 
27 25 28 24 25 21 24 22 
27 36 29 38 32 35 30 33 
27 37 27 36 24 36 24 37 
27 44 27 41 26 41 26 44 
28 15 27 16 36 25 37 24 
28 28 29 27 27 25 26 26 
28 31 27 30 21 36 22 37 
28 42 31 39 30 38 27 41 
29 23 29 24 37 24 37 23 
29 33 29 38 30 38 30 33 
29 40 30 41 35 36 34 35 
30 39 30 41 31 41 31 39 
31 42 39 42 39 41 31 41 
32 32 35 35 39 31 36 28 
32 40 32 44 37 44 37 40 
33 25 33 28 36 28 36 25 
34 30 34 35 35 35 35 30 
35 42 37 44 39 42 37 40 
36 17 36 19 39 19 39 17 
36 33 40 33 40 30 36 30 
37 25 41 25 41 24 37 24 
37 35 35 35 35 36 37 36 
38 29 43 29 43 28 38 28 
39 20 40 19 37 16 36 17 
40 20 40 19 39 19 39 20 
41 14 41 16 43 16 43 14 
41 33 41 44 43 44 43 33 
44 36 41 33 36 38 39 41 
46 26 40 20 37 23 43 29 
8 37 14 43 21 36 15 30 
8 40 16 40 16 37 8 37 
12 28 18 34 20 32 14 26 
15 31 15 32 18 32 18 31 
19 50 26 50 26 44 19 44 
20 24 18 26 22 30 24 28 
21 28 20 29 23 32 24 31 
22 22 20 22 20 24 22 24 
26 37 27 36 23 32 22 33 
28 39 26 37 24 39 26 41 
28 44 31 44 31 42 28 42 
28 45 31 42 30 41 27 44 
36 12 30 18 37 25 43 19 
24 40 28 44 31 41 27 37 
27 45 28 45 28 44 27 44 
