107
11 27 15 31 19 27 15 23 
12 25 22 35 28 29 18 19 
13 23 15 25 17 23 15 21 
13 25 15 25 15 23 13 23 
14 38 15 39 16 38 15 37 
14 39 15 39 15 38 14 38 
14 40 17 43 18 42 15 39 
14 41 16 43 25 34 23 32 
14 43 16 43 16 41 14 41 
15 30 16 31 18 29 17 28 
15 33 15 31 14 31 14 33 
15 34 17 32 16 31 14 33 
16 34 25 34 25 31 16 31 
16 37 16 34 15 34 15 37 
17 15 17 16 22 16 22 15 
17 36 17 39 18 39 18 36 
17 40 17 43 24 43 24 40 
18 14 17 15 20 18 21 17 
18 15 17 16 22 21 23 20 
18 28 18 29 23 29 23 28 
19 29 15 33 16 34 20 30 
19 38 19 37 16 37 16 38 
20 23 30 33 32 31 22 21 
20 39 18 39 18 42 20 42 
21 20 21 25 23 25 23 20 
22 17 31 17 31 16 22 16 
22 22 31 31 39 23 30 14 
22 26 23 25 22 24 21 25 
22 30 22 26 20 26 20 30 
22 32 22 35 23 35 23 32 
22 36 23 37 24 36 23 35 
22 38 24 40 25 39 23 37 
22 40 19 37 17 39 20 42 
23 15 22 16 26 20 27 19 
24 29 24 36 28 36 28 29 
24 32 25 31 23 29 22 30 
24 38 24 36 22 36 22 38 
25 18 25 21 29 21 29 18 
25 22 25 21 22 21 22 22 
25 38 24 38 24 39 25 39 
27 22 28 22 28 19 27 19 
27 23 28 22 26 20 25 21 
27 24 23 28 24 29 28 25 
27 27 37 27 37 24 27 24 
27 37 27 39 30 39 30 37 
28 11 22 17 27 22 33 16 
28 26 35 33 36 32 29 25 
28 38 27 37 26 38 27 39 
29 22 28 22 28 25 29 25 
29 34 32 37 33 36 30 33 
29 41 31 41 31 40 29 40 
29 44 29 43 24 43 24 44 
30 18 35 23 36 22 31 17 
30 22 36 22 36 18 30 18 
30 41 31 40 30 39 29 40 
30 42 29 41 28 42 29 43 
30 43 25 38 24 39 29 44 
31 12 25 18 29 22 35 16 
31 25 38 25 38 17 31 17 
31 33 32 33 32 31 31 31 
32 20 39 20 39 14 32 14 
32 38 29 35 28 36 31 39 
33 23 35 23 35 16 33 16 
33 28 34 29 38 25 37 24 
33 30 37 30 37 28 33 28 
33 35 33 36 43 36 43 35 
34 33 32 33 32 37 34 37 
34 38 39 38 39 37 34 37 
35 29 37 27 33 23 31 25 
35 42 39 38 34 33 30 37 
35 43 35 42 30 42 30 43 
35 45 36 44 35 43 34 44 
38 26 38 27 40 27 40 26 
38 31 38 34 41 34 41 31 
39 29 39 23 35 23 35 29 
39 30 42 30 42 29 39 29 
39 32 41 34 44 31 42 29 
39 36 41 38 43 36 41 34 
39 42 41 42 41 38 39 38 
40 15 39 14 37 16 38 17 
40 25 31 16 29 18 38 27 
40 29 38 27 37 28 39 30 
40 32 43 35 44 34 41 31 
41 16 42 16 42 15 41 15 
41 27 40 27 40 28 41 28 
41 44 44 41 42 39 39 42 
42 34 44 34 44 31 42 31 
42 38 38 34 34 38 38 42 
43 13 41 15 42 16 44 14 
43 29 41 27 40 28 42 30 
12 41 14 43 16 41 14 39 
13 41 13 25 12 25 12 41 
14 35 16 37 17 36 15 34 
17 18 17 23 20 23 20 18 
24 25 24 26 28 26 28 25 
25 35 29 35 29 34 25 34 
25 37 25 35 23 35 23 37 
26 42 28 42 28 38 26 38 
29 26 31 26 31 25 29 25 
32 44 34 44 34 38 32 38 
37 32 39 32 39 30 37 30 
38 33 39 32 38 31 37 32 
38 44 39 44 39 42 38 42 
40 42 37 39 35 41 38 44 
22 42 24 44 26 42 24 40 
36 33 37 32 34 29 33 30 
36 41 36 33 35 33 35 41 
