195
10 22 14 26 21 19 17 15 
10 26 14 26 14 22 10 22 
11 25 16 30 19 27 14 22 
13 16 14 17 15 16 14 15 
13 18 15 18 15 16 13 16 
13 31 16 34 19 31 16 28 
13 32 14 33 15 32 14 31 
13 34 15 34 15 32 13 32 
14 14 14 15 16 15 16 14 
14 19 15 18 14 17 13 18 
14 27 15 28 17 26 16 25 
14 28 15 28 15 27 14 27 
14 30 14 31 15 31 15 30 
14 35 15 34 14 33 13 34 
14 39 14 41 15 41 15 39 
14 40 15 41 16 40 15 39 
15 22 15 24 17 24 17 22 
15 42 17 44 19 42 17 40 
16 16 17 16 17 15 16 15 
16 20 17 21 18 20 17 19 
16 23 17 24 18 23 17 22 
16 32 17 31 16 30 15 31 
16 33 18 35 19 34 17 32 
16 35 14 37 15 38 17 36 
16 36 16 35 14 35 14 36 
16 37 16 40 17 40 17 37 
17 17 14 17 14 19 17 19 
17 28 17 31 19 31 19 28 
17 33 17 36 20 36 20 33 
17 39 19 37 16 34 14 36 
18 15 17 14 16 15 17 16 
18 16 20 16 20 15 18 15 
18 18 18 20 19 20 19 18 
18 25 18 23 16 23 16 25 
18 26 18 27 19 27 19 26 
18 44 18 40 17 40 17 44 
19 35 18 35 18 37 19 37 
19 38 21 38 21 37 19 37 
19 40 19 42 22 42 22 40 
20 18 22 18 22 16 20 16 
20 24 28 32 29 31 21 23 
20 25 19 24 18 25 19 26 
20 29 21 28 20 27 19 28 
20 35 23 38 24 37 21 34 
20 37 21 38 30 29 29 28 
20 39 19 38 18 39 19 40 
21 17 22 18 23 17 22 16 
21 20 24 17 22 15 19 18 
21 27 20 27 20 28 21 28 
21 30 23 30 23 28 21 28 
21 32 25 36 26 35 22 31 
21 35 26 35 26 34 21 34 
21 39 22 40 27 35 26 34 
21 41 22 42 23 41 22 40 
22 19 25 19 25 18 22 18 
22 20 22 19 21 19 21 20 
22 27 23 28 24 27 23 26 
22 32 22 31 21 31 21 32 
22 33 28 33 28 32 22 32 
22 36 21 35 20 36 21 37 
22 38 21 38 21 39 22 39 
22 43 25 43 25 42 22 42 
23 24 27 24 27 23 23 23 
23 25 23 24 20 24 20 25 
23 29 21 31 22 32 24 30 
23 31 24 31 24 30 23 30 
23 39 26 39 26 38 23 38 
23 44 25 42 24 41 22 43 
24 14 23 15 26 18 27 17 
24 15 23 15 23 17 24 17 
24 19 26 21 27 20 25 18 
24 20 25 21 26 20 25 19 
24 24 25 25 27 23 26 22 
24 29 30 29 30 27 24 27 
24 36 25 36 25 31 24 31 
24 39 23 38 22 39 23 40 
24 40 23 40 23 41 24 41 
24 44 27 44 27 41 24 41 
25 14 24 15 26 17 27 16 
25 20 25 21 26 21 26 20 
25 26 25 25 23 25 23 26 
25 30 24 29 23 30 24 31 
25 38 26 39 28 37 27 36 
25 39 24 40 26 42 27 41 
26 16 26 17 27 17 27 16 
26 30 26 26 25 26 25 30 
26 36 27 36 27 35 26 35 
27 21 28 21 28 20 27 20 
27 22 27 21 26 21 26 22 
27 28 28 28 28 26 27 26 
27 33 28 34 29 33 28 32 
27 39 30 39 30 36 27 36 
27 49 32 44 27 39 22 44 
28 24 37 24 37 21 28 21 
28 31 29 31 29 28 28 28 
28 45 31 42 30 41 27 44 
29 19 29 23 34 23 34 19 
29 22 36 15 35 14 28 21 
29 26 27 24 25 26 27 28 
29 32 31 32 31 31 29 31 
29 35 30 35 30 34 29 34 
29 39 31 37 30 36 28 38 
29 43 32 40 31 39 28 42 
30 16 29 15 28 16 29 17 
30 26 28 24 26 26 28 28 
30 30 31 31 32 30 31 29 
30 33 29 32 28 33 29 34 
30 42 30 41 28 41 28 42 
31 21 35 17 33 15 29 19 
31 30 31 29 30 29 30 30 
31 34 31 37 32 37 32 34 
31 38 31 37 28 37 28 38 
32 27 33 28 34 27 33 26 
32 28 32 27 31 27 31 28 
32 41 34 41 34 40 32 40 
32 42 34 44 36 42 34 40 
32 43 32 44 34 44 34 43 
32 49 32 44 27 44 27 49 
33 14 33 15 35 15 35 14 
33 22 30 22 30 26 33 26 
33 25 31 27 32 28 34 26 
33 27 34 27 34 26 33 26 
33 29 33 28 32 28 32 29 
33 30 34 29 33 28 32 29 
33 33 32 34 35 37 36 36 
33 36 31 34 30 35 32 37 
33 40 31 38 30 39 32 41 
33 42 34 43 35 42 34 41 
34 25 35 26 37 24 36 23 
34 30 33 30 33 33 34 33 
35 16 36 16 36 15 35 15 
35 18 42 25 44 23 37 16 
35 25 35 26 39 26 39 25 
35 29 38 29 38 28 35 28 
35 40 35 42 36 42 36 40 
36 17 37 17 37 16 36 16 
36 18 36 17 35 17 35 18 
36 26 40 22 39 21 35 25 
36 30 42 36 44 34 38 28 
36 31 35 32 38 35 39 34 
36 35 38 35 38 34 36 34 
36 39 37 40 38 39 37 38 
37 15 36 14 35 15 36 16 
37 18 33 22 34 23 38 19 
37 39 37 40 38 40 38 39 
37 41 38 40 37 39 36 40 
38 25 39 26 40 25 39 24 
38 27 39 28 40 27 39 26 
38 31 38 30 36 30 36 31 
38 44 38 41 37 41 37 44 
39 29 39 30 41 30 41 29 
39 32 40 31 39 30 38 31 
39 42 38 41 36 43 37 44 
39 43 39 42 36 42 36 43 
40 16 40 22 44 22 44 16 
40 20 43 23 44 22 41 19 
40 24 40 25 42 25 42 24 
40 28 41 29 43 27 42 26 
40 36 42 36 42 31 40 31 
40 39 43 36 39 32 36 35 
41 26 43 28 44 27 42 25 
41 34 41 32 39 32 39 34 
42 39 43 39 43 36 42 36 
43 24 43 25 44 25 44 24 
43 26 43 25 42 25 42 26 
43 29 43 34 44 34 44 29 
44 26 43 26 43 27 44 27 
44 33 42 31 41 32 43 34 
44 38 42 36 41 37 43 39 
45 25 44 24 43 25 44 26 
45 31 43 29 38 34 40 36 
14 23 15 24 16 23 15 22 
16 31 18 29 17 28 15 30 
18 30 20 30 20 29 18 29 
18 34 16 36 17 37 19 35 
19 23 21 23 21 20 19 20 
20 41 21 41 21 39 20 39 
20 43 20 44 22 44 22 43 
22 37 24 37 24 36 22 36 
22 46 24 44 22 42 20 44 
23 46 23 44 22 44 22 46 
24 25 27 22 26 21 23 24 
26 45 28 45 28 42 26 42 
31 26 30 27 31 28 32 27 
31 41 31 42 32 42 32 41 
32 31 34 33 35 32 33 30 
33 35 33 36 36 36 36 35 
34 28 33 29 34 30 35 29 
36 22 39 25 40 24 37 21 
36 38 31 38 31 39 36 39 
39 27 39 28 40 28 40 27 
40 23 40 22 36 22 36 23 
40 43 42 43 42 39 40 39 
41 44 42 43 41 42 40 43 
30 31 31 32 32 31 31 30 
