196
10 29 14 33 18 29 14 25 
10 31 14 31 14 29 10 29 
11 23 14 26 18 22 15 19 
11 25 14 25 14 23 11 23 
11 36 15 40 18 37 14 33 
11 38 14 38 14 36 11 36 
12 39 18 33 17 32 11 38 
13 16 14 17 15 16 14 15 
13 30 14 31 15 30 14 29 
13 39 14 40 15 39 14 38 
13 40 16 43 19 40 16 37 
13 43 14 44 16 42 15 41 
14 16 14 17 15 17 15 16 
14 19 15 19 15 18 14 18 
14 21 15 22 16 21 15 20 
14 22 15 22 15 21 14 21 
14 28 16 30 17 29 15 27 
14 35 15 35 15 33 14 33 
14 39 13 39 13 40 14 40 
14 41 14 44 15 44 15 41 
15 15 14 16 15 17 16 16 
15 25 15 27 19 27 19 25 
15 29 15 30 16 30 16 29 
15 31 18 34 19 33 16 30 
16 14 16 16 17 16 17 14 
16 17 20 21 21 20 17 16 
16 18 16 21 20 21 20 18 
16 22 19 25 21 23 18 20 
16 28 16 26 14 26 14 28 
16 34 16 37 18 37 18 34 
16 39 15 39 15 40 16 40 
16 45 17 44 16 43 15 44 
17 19 15 19 15 20 17 20 
17 22 17 29 18 29 18 22 
17 31 17 32 19 32 19 31 
17 38 17 40 19 40 19 38 
17 42 17 40 16 40 16 42 
17 43 18 44 21 41 20 40 
18 14 18 16 23 16 23 14 
18 18 19 19 20 18 19 17 
18 30 19 31 21 29 20 28 
18 38 19 37 16 34 15 35 
18 42 18 44 21 44 21 42 
19 12 17 14 21 18 23 16 
19 20 21 20 21 19 19 19 
19 22 20 23 21 22 20 21 
19 24 20 25 21 24 20 23 
19 36 22 39 23 38 20 35 
19 41 20 41 20 40 19 40 
19 42 20 43 21 42 20 41 
20 22 19 22 19 23 20 23 
20 24 21 24 21 23 20 23 
20 26 20 28 22 28 22 26 
20 33 19 33 19 35 20 35 
21 30 21 29 18 29 18 30 
21 33 21 34 23 34 23 33 
22 10 18 14 23 19 27 15 
22 18 22 19 23 19 23 18 
22 20 21 21 25 25 26 24 
22 21 22 20 21 20 21 21 
22 29 15 22 14 23 21 30 
22 31 23 32 26 29 25 28 
22 32 23 32 23 31 22 31 
22 34 23 33 22 32 21 33 
22 36 26 40 31 35 27 31 
22 37 22 36 19 36 19 37 
22 41 22 42 27 42 27 41 
23 15 29 21 30 20 24 14 
23 17 30 17 30 16 23 16 
23 20 24 19 23 18 22 19 
23 22 25 22 25 20 23 20 
23 42 29 36 28 35 22 41 
24 21 22 21 22 25 24 25 
24 23 25 22 24 21 23 22 
24 28 25 28 25 25 24 25 
24 29 24 28 22 28 22 29 
24 30 27 27 25 25 22 28 
24 33 25 34 27 32 26 31 
24 34 24 37 25 37 25 34 
24 39 24 37 22 37 22 39 
25 45 27 43 24 40 22 42 
26 23 25 24 27 26 28 25 
26 30 26 29 24 29 24 30 
26 32 27 32 27 31 26 31 
26 37 26 40 30 40 30 37 
27 14 27 15 29 15 29 14 
27 22 26 22 26 23 27 23 
27 24 27 25 28 25 28 24 
27 34 31 34 31 32 27 32 
27 40 29 38 26 35 24 37 
28 17 25 20 27 22 30 19 
28 36 29 36 29 35 28 35 
28 38 28 36 23 36 23 38 
28 41 27 42 29 44 30 43 
29 17 34 22 35 21 30 16 
29 22 31 24 33 22 31 20 
29 25 28 25 28 29 29 29 
29 27 27 25 24 28 26 30 
29 31 32 34 36 30 33 27 
29 41 29 38 28 38 28 41 
30 18 33 18 33 17 30 17 
30 22 31 23 35 19 34 18 
30 25 27 28 28 29 31 26 
30 28 29 29 32 32 33 31 
30 35 35 40 36 39 31 34 
30 42 27 42 27 43 30 43 
31 14 30 15 33 18 34 17 
31 19 30 19 30 20 31 20 
31 22 33 22 33 20 31 20 
31 29 31 28 30 28 30 29 
31 30 30 31 31 32 32 31 
31 37 31 39 33 39 33 37 
31 41 30 40 29 41 30 42 
31 44 31 41 29 41 29 44 
32 30 32 31 33 31 33 30 
32 35 35 35 35 34 32 34 
33 23 34 23 34 22 33 22 
33 24 33 23 31 23 31 24 
33 26 34 27 37 24 36 23 
33 29 35 27 31 23 29 25 
33 42 36 42 36 39 33 39 
34 25 34 27 35 27 35 25 
34 29 36 31 42 25 40 23 
34 32 36 32 36 31 34 31 
34 34 35 35 37 33 36 32 
35 18 39 18 39 16 35 16 
35 33 37 33 37 27 35 27 
35 37 36 37 36 35 35 35 
36 18 38 20 41 17 39 15 
36 19 36 20 38 20 38 19 
36 21 36 23 37 23 37 21 
36 24 34 22 33 23 35 25 
36 26 36 24 33 24 33 26 
36 45 38 43 35 40 33 42 
37 14 37 15 39 15 39 14 
37 31 41 35 43 33 39 29 
37 34 39 32 36 29 34 31 
37 35 37 38 41 38 41 35 
37 36 36 37 37 38 38 37 
38 15 35 18 36 19 39 16 
38 21 44 21 44 20 38 20 
38 22 37 23 38 24 39 23 
38 23 37 23 37 24 38 24 
38 40 35 37 33 39 36 42 
39 19 42 19 42 18 39 18 
39 25 38 24 36 26 37 27 
39 26 36 26 36 29 39 29 
39 31 42 31 42 29 39 29 
39 33 41 33 41 32 39 32 
39 34 39 33 37 33 37 34 
39 40 41 38 40 37 38 39 
39 45 39 42 36 42 36 45 
40 21 38 19 36 21 38 23 
40 24 38 24 38 37 40 37 
41 23 40 24 43 27 44 26 
41 27 43 27 43 23 41 23 
41 30 42 31 43 30 42 29 
41 41 44 41 44 40 41 40 
41 44 43 42 41 40 39 42 
42 14 42 15 43 15 43 14 
42 26 44 26 44 25 42 25 
42 42 43 42 43 38 42 38 
43 29 44 29 44 27 43 27 
43 31 44 31 44 30 43 30 
43 34 43 33 41 33 41 34 
43 39 41 41 42 42 44 40 
44 16 43 15 42 16 43 17 
44 28 43 27 42 28 43 29 
44 33 42 31 41 32 43 34 
45 19 43 17 42 18 44 20 
45 20 43 18 42 19 44 21 
13 18 14 19 15 18 14 17 
13 42 13 43 16 43 16 42 
15 23 16 22 15 21 14 22 
15 24 19 24 19 23 15 23 
16 33 18 33 18 30 16 30 
16 44 17 44 17 43 16 43 
17 17 16 18 17 19 18 18 
18 17 18 16 17 16 17 17 
18 26 19 27 20 26 19 25 
22 33 23 34 24 33 23 32 
23 24 24 25 25 24 24 23 
25 23 25 24 26 24 26 23 
28 19 31 22 33 20 30 17 
30 21 29 21 29 22 30 22 
30 38 31 37 29 35 28 36 
31 27 33 27 33 26 31 26 
32 27 31 28 33 30 34 29 
34 19 35 19 35 18 34 18 
34 41 34 44 41 44 41 41 
35 43 38 43 38 40 35 40 
38 46 39 45 36 42 35 43 
39 43 41 41 35 35 33 37 
41 29 39 31 41 33 43 31 
15 45 16 45 16 44 15 44 
21 32 20 33 21 34 22 33 
