66
14 27 18 27 18 26 14 26 
14 31 22 39 26 35 18 27 
15 23 18 26 23 21 20 18 
17 17 17 22 19 22 19 17 
17 20 19 22 24 17 22 15 
17 31 22 36 27 31 22 26 
17 38 17 31 14 31 14 38 
19 27 21 29 24 26 22 24 
19 36 19 37 22 37 22 36 
19 39 19 41 22 41 22 39 
20 19 17 22 28 33 31 30 
20 27 23 30 31 22 28 19 
20 45 24 41 22 39 18 43 
21 23 15 23 15 29 21 29 
22 20 23 20 23 15 22 15 
22 25 31 25 31 24 22 24 
22 31 24 31 24 26 22 26 
22 35 26 39 32 33 28 29 
22 42 24 42 24 41 22 41 
23 22 28 22 28 21 23 21 
24 35 22 37 26 41 28 39 
24 39 26 39 26 35 24 35 
25 39 22 36 19 39 22 42 
26 36 34 44 40 38 32 30 
26 38 30 42 33 39 29 35 
26 48 35 39 28 32 19 41 
28 14 28 19 37 19 37 14 
28 28 28 29 32 29 32 28 
28 31 28 29 27 29 27 31 
28 41 28 39 26 39 26 41 
29 26 32 29 34 27 31 24 
29 33 29 35 32 35 32 33 
30 24 31 25 37 19 36 18 
30 26 32 28 33 27 31 25 
31 36 34 39 35 38 32 35 
31 38 35 38 35 36 31 36 
32 17 39 24 41 22 34 15 
32 34 27 29 19 37 24 42 
33 21 33 27 34 27 34 21 
33 44 34 44 34 39 33 39 
35 28 38 31 42 27 39 24 
36 22 36 18 31 18 31 22 
36 23 42 17 40 15 34 21 
36 24 37 23 36 22 35 23 
36 38 35 38 35 39 36 39 
36 44 38 44 38 39 36 39 
37 22 36 22 36 23 37 23 
37 35 37 43 41 43 41 35 
37 45 38 44 37 43 36 44 
38 32 38 31 28 31 28 32 
39 17 39 22 41 22 41 17 
39 21 42 18 41 17 38 20 
39 25 39 24 36 24 36 25 
40 33 36 37 38 39 42 35 
40 37 40 33 36 33 36 37 
44 29 32 29 32 30 44 30 
44 38 40 38 40 39 44 39 
49 35 44 30 36 38 41 43 
16 30 19 27 18 26 15 29 
19 15 17 17 28 28 30 26 
20 22 19 22 19 27 20 27 
27 45 37 45 37 43 27 43 
30 46 41 35 38 32 27 43 
49 27 42 27 42 35 49 35 
16 24 16 30 17 30 17 24 
24 46 30 46 30 42 24 42 
