135
11 25 16 30 20 26 15 21 
14 18 14 21 15 21 15 18 
14 26 14 30 16 30 16 26 
14 33 17 36 20 33 17 30 
15 22 18 22 18 21 15 21 
16 20 18 22 19 21 17 19 
16 23 17 24 19 22 18 21 
16 36 17 36 17 32 16 32 
16 37 16 40 18 40 18 37 
17 17 15 15 14 16 16 18 
17 18 17 17 16 17 16 18 
17 25 18 26 21 23 20 22 
17 37 20 40 21 39 18 36 
17 38 18 37 17 36 16 37 
17 41 20 44 21 43 18 40 
17 44 20 44 20 41 17 41 
18 19 17 18 14 21 15 22 
18 33 20 33 20 26 18 26 
20 16 20 18 21 18 21 16 
20 21 19 21 19 22 20 22 
20 28 18 26 14 30 16 32 
20 32 21 33 22 32 21 31 
20 39 19 40 20 41 21 40 
21 17 20 16 19 17 20 18 
21 19 20 20 21 21 22 20 
21 22 21 23 22 23 22 22 
21 30 18 33 23 38 26 35 
21 42 21 43 25 43 25 42 
22 14 22 15 42 15 42 14 
22 17 21 18 23 20 24 19 
22 19 22 20 23 20 23 19 
22 26 23 26 23 23 22 23 
22 35 26 35 26 34 22 34 
22 39 24 41 25 40 23 38 
22 40 22 39 21 39 21 40 
23 29 25 29 25 26 23 26 
23 31 23 30 21 30 21 31 
24 18 23 19 24 20 25 19 
24 21 24 20 23 20 23 21 
24 25 24 31 29 31 29 25 
24 27 25 26 24 25 23 26 
24 32 26 30 25 29 23 31 
24 36 26 34 24 32 22 34 
24 37 24 41 26 41 26 37 
24 38 22 40 25 43 27 41 
25 18 24 18 24 19 25 19 
25 21 24 20 23 21 24 22 
25 22 25 21 24 21 24 22 
25 38 29 42 30 41 26 37 
26 23 26 30 31 30 31 23 
26 36 27 36 27 35 26 35 
26 44 27 44 27 41 26 41 
28 30 26 32 27 33 29 31 
28 40 28 38 25 38 25 40 
28 43 26 41 25 42 27 44 
29 20 29 17 26 17 26 20 
29 21 31 23 35 19 33 17 
29 22 35 22 35 21 29 21 
29 23 32 20 29 17 26 20 
29 26 24 31 28 35 33 30 
29 32 41 44 43 42 31 30 
29 38 30 37 28 35 27 36 
30 15 24 21 25 22 31 16 
30 26 32 24 31 23 29 25 
30 28 41 28 41 26 30 26 
30 32 29 32 29 37 30 37 
30 38 33 35 32 34 29 37 
30 40 30 41 36 41 36 40 
31 29 35 25 34 24 30 28 
31 31 33 31 33 30 31 30 
31 38 30 38 30 39 31 39 
31 42 35 42 35 39 31 39 
31 43 31 42 29 42 29 43 
32 16 32 17 33 17 33 16 
32 32 33 33 34 32 33 31 
32 33 32 34 33 34 33 33 
32 39 35 42 36 41 33 38 
32 44 36 40 35 39 31 43 
33 24 35 22 31 18 29 20 
33 32 34 32 34 31 33 31 
33 37 39 37 39 35 33 35 
34 17 33 17 33 24 34 24 
35 27 38 27 38 25 35 25 
35 32 33 34 38 39 40 37 
35 33 38 36 39 35 36 32 
36 23 38 25 42 21 40 19 
36 30 36 32 43 32 43 30 
36 33 36 32 35 32 35 33 
36 38 37 39 39 37 38 36 
37 36 37 39 38 39 38 36 
37 42 37 43 43 43 43 42 
37 44 37 43 32 43 32 44 
38 18 39 17 38 16 37 17 
38 22 37 21 35 23 36 24 
39 21 39 17 37 17 37 21 
39 26 38 27 40 29 41 28 
39 27 41 29 43 27 41 25 
39 32 40 33 43 30 42 29 
39 38 39 44 41 44 41 38 
41 16 41 17 43 17 43 16 
41 21 41 25 42 25 42 21 
41 33 41 29 40 29 40 33 
42 17 43 16 42 15 41 16 
42 28 42 29 44 29 44 28 
43 20 43 25 44 25 44 20 
43 26 42 25 41 26 42 27 
43 40 41 38 37 42 39 44 
47 17 44 14 41 17 44 20 
47 18 47 17 43 17 43 18 
47 21 43 17 39 21 43 25 
10 30 16 36 20 32 14 26 
10 33 14 33 14 30 10 30 
11 24 11 25 17 25 17 24 
11 34 22 23 21 22 10 33 
15 43 17 41 16 40 14 42 
18 18 17 18 17 19 18 19 
18 45 21 42 20 41 17 44 
19 39 19 40 20 40 20 39 
19 45 19 40 18 40 18 45 
23 14 22 15 25 18 26 17 
23 32 24 32 24 31 23 31 
28 28 31 31 33 29 30 26 
28 29 30 29 30 28 28 28 
29 39 30 40 31 39 30 38 
30 42 29 43 30 44 31 43 
31 33 32 32 31 31 30 32 
31 40 32 39 31 38 30 39 
32 29 33 29 33 24 32 24 
33 18 34 17 33 16 32 17 
35 24 36 24 36 23 35 23 
37 30 41 26 33 18 29 22 
38 24 41 21 38 18 35 21 
42 26 43 26 43 25 42 25 
27 39 28 40 29 39 28 38 
36 28 39 25 38 24 35 27 
