192
9 24 16 31 21 26 14 19 
9 32 15 32 15 24 9 24 
11 17 14 20 17 17 14 14 
11 23 14 26 17 23 14 20 
11 24 16 29 23 22 18 17 
12 28 14 30 16 28 14 26 
12 30 14 30 14 28 12 28 
12 32 14 34 16 32 14 30 
13 32 15 34 18 31 16 29 
13 35 15 37 16 36 14 34 
14 17 14 19 17 19 17 17 
14 27 21 27 21 26 14 26 
14 38 15 38 15 37 14 37 
14 41 16 41 16 40 14 40 
15 15 15 14 14 14 14 15 
15 16 16 15 15 14 14 15 
15 36 16 36 16 34 15 34 
15 41 16 40 15 39 14 40 
16 16 16 15 15 15 15 16 
16 17 15 16 14 17 15 18 
16 22 16 28 20 28 20 22 
16 37 15 36 14 37 15 38 
16 38 15 38 15 39 16 39 
16 42 20 42 20 41 16 41 
17 13 16 14 17 15 18 14 
17 21 19 23 20 22 18 20 
17 24 17 31 18 31 18 24 
17 25 14 28 17 31 20 28 
17 32 17 33 18 33 18 32 
17 37 18 37 18 35 17 35 
17 38 19 40 20 39 18 37 
17 39 20 42 23 39 20 36 
18 19 17 20 18 21 19 20 
18 23 18 21 17 21 17 23 
18 34 17 33 16 34 17 35 
18 36 17 37 20 40 21 39 
18 39 20 39 20 37 18 37 
18 40 18 44 19 44 19 40 
19 14 18 14 18 17 19 17 
19 18 21 18 21 17 19 17 
19 19 19 18 18 18 18 19 
19 36 20 36 20 31 19 31 
20 17 21 18 22 17 21 16 
20 18 21 17 20 16 19 17 
20 24 19 23 18 24 19 25 
20 32 21 33 22 32 21 31 
20 33 18 35 19 36 21 34 
21 36 21 39 23 39 23 36 
21 38 22 37 21 36 20 37 
21 40 21 39 20 39 20 40 
22 23 22 27 25 27 25 23 
22 31 22 27 21 27 21 31 
22 33 21 33 21 34 22 34 
22 44 27 44 27 43 22 43 
23 18 23 20 24 20 24 18 
23 30 24 31 26 29 25 28 
23 40 25 42 26 41 24 39 
23 42 21 40 20 41 22 43 
24 14 22 16 24 18 26 16 
24 15 28 19 29 18 25 14 
24 17 24 16 22 16 22 17 
24 19 23 20 29 26 30 25 
24 22 25 23 27 21 26 20 
24 26 24 22 23 22 23 26 
24 29 24 31 26 31 26 29 
24 32 24 31 22 31 22 32 
24 35 26 33 24 31 22 33 
24 40 24 39 23 39 23 40 
25 15 25 14 24 14 24 15 
25 19 28 19 28 15 25 15 
25 25 24 26 25 27 26 26 
25 29 29 33 30 32 26 28 
25 35 30 30 29 29 24 34 
25 38 25 35 24 35 24 38 
26 27 25 27 25 28 26 28 
26 32 26 33 29 33 29 32 
26 37 24 35 23 36 25 38 
26 39 26 41 30 41 30 39 
27 20 28 21 29 20 28 19 
27 26 28 26 28 21 27 21 
27 28 28 27 27 26 26 27 
27 35 29 37 31 35 29 33 
28 20 29 20 29 19 28 19 
28 29 29 29 29 27 28 27 
28 35 28 37 29 37 29 35 
28 41 30 39 28 37 26 39 
28 42 25 39 24 40 27 43 
28 45 31 42 30 41 27 44 
30 18 29 19 30 20 31 19 
30 22 32 24 34 22 32 20 
30 26 29 25 28 26 29 27 
30 27 36 27 36 26 30 26 
31 15 35 19 36 18 32 14 
31 16 31 15 30 15 30 16 
31 18 31 19 33 19 33 18 
31 20 34 23 36 21 33 18 
31 21 31 20 30 20 30 21 
31 23 32 23 32 22 31 22 
31 24 35 28 36 27 32 23 
31 32 33 34 35 32 33 30 
31 37 31 38 36 38 36 37 
31 40 31 42 33 42 33 40 
31 45 31 42 28 42 28 45 
32 15 31 14 30 15 31 16 
32 29 32 32 35 32 35 29 
32 35 33 36 34 35 33 34 
32 37 29 34 28 35 31 38 
32 46 34 44 33 43 31 45 
33 16 31 18 33 20 35 18 
33 25 37 29 40 26 36 22 
33 33 29 33 29 34 33 34 
33 35 34 35 34 34 33 34 
33 38 34 39 36 37 35 36 
34 24 34 23 32 23 32 24 
34 28 31 31 32 32 35 29 
34 43 33 43 33 44 34 44 
35 15 35 18 36 18 36 15 
35 20 35 19 33 19 33 20 
35 22 36 22 36 21 35 21 
35 24 34 24 34 28 35 28 
35 25 36 26 37 25 36 24 
35 39 35 36 34 36 34 39 
35 41 36 42 37 41 36 40 
36 16 33 19 35 21 38 18 
36 17 40 21 41 20 37 16 
36 25 37 25 37 24 36 24 
36 29 37 29 37 27 36 27 
36 30 33 33 34 34 37 31 
36 32 37 32 37 31 36 31 
36 34 36 32 35 32 35 34 
36 39 33 42 34 43 37 40 
36 41 37 41 37 40 36 40 
36 43 38 43 38 42 36 42 
37 18 38 18 38 16 37 16 
37 26 38 26 38 25 37 25 
37 30 36 31 37 32 38 31 
37 33 39 33 39 32 37 32 
37 38 38 38 38 37 37 37 
37 39 38 38 37 37 36 38 
38 13 37 14 39 16 40 15 
38 24 40 24 40 21 38 21 
38 29 40 29 40 26 38 26 
38 30 38 29 37 29 37 30 
38 35 40 33 39 32 37 34 
39 35 40 35 40 33 39 33 
39 36 38 37 40 39 41 38 
40 16 40 18 43 18 43 16 
40 28 42 26 40 24 38 26 
40 36 42 34 41 33 39 35 
40 38 40 39 41 39 41 38 
40 40 41 39 40 38 39 39 
40 45 41 44 39 42 38 43 
41 17 40 16 39 17 40 18 
41 18 38 21 41 24 44 21 
41 22 40 21 37 24 38 25 
41 25 41 24 40 24 40 25 
41 40 41 44 43 44 43 40 
43 28 43 25 41 25 41 28 
44 27 41 24 40 25 43 28 
11 20 11 23 14 23 14 20 
13 40 14 41 16 39 15 38 
16 25 22 31 23 30 17 24 
19 33 20 32 19 31 18 32 
20 46 22 44 20 42 18 44 
21 42 23 42 23 40 21 40 
21 46 21 42 20 42 20 46 
23 19 24 20 25 19 24 18 
23 23 24 22 20 18 19 19 
23 48 27 44 25 42 21 46 
25 37 27 35 24 32 22 34 
25 48 25 42 23 42 23 48 
27 16 26 16 26 20 27 20 
29 15 30 16 31 15 30 14 
29 22 30 22 30 21 29 21 
30 17 29 17 29 18 30 18 
30 23 31 22 30 21 29 22 
30 24 31 24 31 23 30 23 
30 31 32 29 30 27 28 29 
30 33 31 32 30 31 29 32 
31 30 30 30 30 31 31 31 
31 33 29 35 31 37 33 35 
32 36 33 36 33 35 32 35 
33 37 35 39 36 38 34 36 
36 23 35 24 36 25 37 24 
37 20 37 22 41 22 41 20 
37 23 37 22 36 22 36 23 
38 36 39 36 39 35 38 35 
39 40 40 40 40 39 39 39 
40 41 41 40 40 39 39 40 
24 27 29 22 28 21 23 26 
29 24 29 25 30 25 30 24 
37 45 40 45 40 41 37 41 
