171
13 26 14 27 16 25 15 24 
13 28 14 29 15 28 14 27 
13 32 15 32 15 28 13 28 
14 16 14 24 15 24 15 16 
14 39 14 42 19 42 19 39 
15 14 14 15 15 16 16 15 
15 15 15 14 14 14 14 15 
15 17 16 16 15 15 14 16 
15 20 17 22 18 21 16 19 
15 26 15 27 17 27 17 26 
15 33 18 33 18 32 15 32 
15 36 15 38 16 38 16 36 
15 37 16 38 17 37 16 36 
16 22 17 22 17 19 16 19 
16 34 18 32 17 31 15 33 
16 40 18 40 18 38 16 38 
16 41 16 44 23 44 23 41 
17 15 16 15 16 16 17 16 
17 17 16 18 17 19 18 18 
17 18 17 17 16 17 16 18 
17 21 16 22 19 25 20 24 
17 28 20 28 20 27 17 27 
17 32 14 35 15 36 18 33 
17 36 17 37 21 37 21 36 
17 39 18 40 19 39 18 38 
17 40 15 38 14 39 16 41 
18 17 17 16 16 17 17 18 
18 19 25 19 25 18 18 18 
18 25 18 31 19 31 19 25 
18 29 23 34 25 32 20 27 
18 36 22 40 25 37 21 33 
18 42 16 40 14 42 16 44 
19 17 20 16 18 14 17 15 
19 33 18 34 21 37 22 36 
19 34 19 33 18 33 18 34 
19 38 21 36 19 34 17 36 
20 26 24 30 29 25 25 21 
21 15 21 21 23 21 23 15 
21 16 18 19 22 23 25 20 
21 29 20 29 20 33 21 33 
22 16 25 19 26 18 23 15 
22 21 25 24 28 21 25 18 
22 22 23 21 22 20 21 21 
22 24 20 24 20 26 22 26 
22 31 20 29 18 31 20 33 
22 35 22 36 25 36 25 35 
22 42 24 44 25 43 23 41 
23 23 25 23 25 21 23 21 
23 30 24 30 24 27 23 27 
23 31 24 32 25 31 24 30 
23 33 25 35 26 34 24 32 
23 37 22 38 25 41 26 40 
24 31 24 32 25 32 25 31 
24 37 25 36 23 34 22 35 
24 39 28 43 30 41 26 37 
24 45 30 39 29 38 23 44 
25 38 25 41 29 41 29 38 
26 17 28 19 30 17 28 15 
26 20 26 21 28 21 28 20 
26 24 25 23 22 26 23 27 
26 25 24 27 28 31 30 29 
26 29 27 29 27 25 26 25 
26 38 29 41 30 40 27 37 
26 39 26 40 30 40 30 39 
26 42 26 40 22 40 22 42 
27 15 27 14 26 14 26 15 
27 19 28 19 28 15 27 15 
27 21 28 20 27 19 26 20 
27 30 28 30 28 29 27 29 
27 31 27 35 28 35 28 31 
27 36 26 36 26 37 27 37 
27 45 27 44 24 44 24 45 
28 16 32 20 34 18 30 14 
28 23 30 21 28 19 26 21 
28 44 33 39 31 37 26 42 
28 45 29 44 28 43 27 44 
29 34 32 34 32 25 29 25 
29 37 32 34 31 33 28 36 
29 43 30 43 30 41 29 41 
29 45 29 44 28 44 28 45 
30 18 30 17 26 17 26 18 
30 22 30 21 28 21 28 22 
30 25 33 28 37 24 34 21 
30 27 35 32 37 30 32 25 
30 37 35 42 38 39 33 34 
30 46 33 43 32 42 29 45 
31 17 31 18 34 18 34 17 
31 19 31 18 30 18 30 19 
31 22 31 23 34 23 34 22 
31 27 30 26 27 29 28 30 
31 29 31 27 30 27 30 29 
31 36 31 37 33 37 33 36 
32 19 31 18 30 19 31 20 
32 30 34 32 38 28 36 26 
32 44 34 44 34 42 32 42 
33 14 32 15 34 17 35 16 
33 21 32 20 30 22 31 23 
33 30 33 32 34 32 34 30 
33 46 33 43 30 43 30 46 
34 20 35 21 39 17 38 16 
34 24 35 24 35 23 34 23 
35 14 35 16 37 16 37 14 
35 20 34 20 34 21 35 21 
35 25 37 25 37 24 35 24 
35 33 35 32 34 32 34 33 
35 38 35 37 33 37 33 38 
35 40 35 41 41 41 41 40 
36 21 34 23 35 24 37 22 
36 24 35 23 34 24 35 25 
36 30 37 30 37 26 36 26 
36 32 41 37 42 36 37 31 
36 46 41 41 39 39 34 44 
37 21 36 21 36 22 37 22 
37 23 38 22 37 21 36 22 
37 33 43 33 43 31 37 31 
37 34 33 38 35 40 39 36 
37 36 35 38 39 42 41 40 
37 38 40 38 40 37 37 37 
37 42 35 40 31 44 33 46 
38 13 37 14 40 17 41 16 
38 17 37 16 34 19 35 20 
38 18 39 18 39 17 38 17 
38 19 41 22 42 21 39 18 
38 20 42 20 42 19 38 19 
38 23 38 22 37 22 37 23 
38 26 39 26 39 24 38 24 
38 27 38 28 40 28 40 27 
38 36 38 39 39 39 39 36 
39 22 38 23 39 24 40 23 
39 25 38 24 37 25 38 26 
39 27 40 28 41 27 40 26 
39 28 40 27 39 26 38 27 
40 14 40 17 43 17 43 14 
40 24 40 26 43 26 43 24 
40 29 42 29 42 28 40 28 
41 17 42 16 40 14 39 15 
41 18 39 18 39 22 41 22 
41 19 42 20 43 19 42 18 
41 39 42 38 41 37 40 38 
42 17 41 18 42 19 43 18 
43 21 43 22 44 22 44 21 
43 39 43 37 41 37 41 39 
44 29 42 29 42 36 44 36 
14 31 15 32 18 29 17 28 
17 23 22 23 22 22 17 22 
17 29 14 29 14 31 17 31 
18 28 20 26 19 25 17 27 
18 30 19 31 21 29 20 28 
19 14 18 14 18 17 19 17 
21 34 23 34 23 33 21 33 
22 30 22 31 23 31 23 30 
23 38 19 42 20 43 24 39 
24 34 23 34 23 37 24 37 
25 15 26 16 27 15 26 14 
25 16 26 16 26 15 25 15 
25 34 27 36 28 35 26 33 
26 23 25 23 25 24 26 24 
28 46 29 45 28 44 27 45 
30 30 31 31 32 30 31 29 
32 36 33 37 36 34 35 33 
36 36 37 36 37 34 36 34 
36 38 37 37 36 36 35 37 
36 42 37 42 37 38 36 38 
38 29 39 30 40 29 39 28 
39 23 40 24 43 21 42 20 
14 28 16 30 17 29 15 27 
22 37 22 38 23 38 23 37 
25 33 25 34 26 34 26 33 
27 46 28 46 28 45 27 45 
33 29 38 29 38 28 33 28 
35 46 36 46 36 42 35 42 
