141
13 30 14 31 16 29 15 28 
13 42 14 43 17 40 16 39 
14 16 16 18 17 17 15 15 
14 20 17 20 17 19 14 19 
14 25 17 28 18 27 15 24 
14 28 15 28 15 25 14 25 
15 21 17 19 16 18 14 20 
15 37 17 37 17 35 15 35 
15 38 14 38 14 43 15 43 
16 17 16 18 17 18 17 17 
16 19 17 20 18 19 17 18 
16 30 16 34 18 34 18 30 
16 33 18 35 21 32 19 30 
16 36 17 35 16 34 15 35 
16 38 17 39 18 38 17 37 
16 42 17 42 17 40 16 40 
17 21 14 24 15 25 18 22 
17 27 17 28 18 28 18 27 
17 29 18 30 19 29 18 28 
17 38 16 38 16 39 17 39 
18 29 19 29 19 28 18 28 
18 41 19 42 22 39 21 38 
19 21 20 21 20 18 19 18 
19 24 19 21 17 21 17 24 
19 32 19 33 21 33 21 32 
19 39 19 42 22 42 22 39 
19 45 22 42 19 39 16 42 
20 23 24 23 24 21 20 21 
21 17 21 19 22 19 22 17 
21 22 21 19 18 19 18 22 
21 25 22 26 23 25 22 24 
21 35 18 35 18 38 21 38 
21 37 26 42 28 40 23 35 
21 44 28 37 27 36 20 43 
22 18 21 19 26 24 27 23 
22 25 23 26 25 24 24 23 
22 35 27 40 31 36 26 31 
23 20 22 19 20 21 21 22 
23 23 24 24 27 21 26 20 
23 24 22 24 22 25 23 25 
23 28 23 26 22 26 22 28 
23 31 23 35 25 35 25 31 
24 13 23 14 30 21 31 20 
24 16 28 20 30 18 26 14 
24 25 25 25 25 24 24 24 
24 34 25 35 30 30 29 29 
24 38 21 38 21 44 24 44 
25 27 27 27 27 25 25 25 
25 39 33 31 32 30 24 38 
26 18 26 20 28 20 28 18 
26 19 29 16 27 14 24 17 
26 23 28 21 26 19 24 21 
26 26 27 25 26 24 25 25 
26 28 27 27 26 26 25 27 
26 30 32 36 33 35 27 29 
27 24 31 24 31 23 27 23 
27 28 27 29 29 29 29 28 
27 37 27 40 28 40 28 37 
29 13 24 13 24 16 29 16 
29 32 29 36 31 36 31 32 
29 42 27 40 26 41 28 43 
30 20 28 20 28 21 30 21 
30 26 32 24 31 23 29 25 
30 29 34 29 34 28 30 28 
30 31 31 32 32 31 31 30 
30 40 28 40 28 43 30 43 
31 16 31 20 35 20 35 16 
31 31 31 30 30 30 30 31 
32 17 34 15 33 14 31 16 
32 19 32 22 33 22 33 19 
32 26 32 24 31 24 31 26 
32 27 31 26 29 28 30 29 
32 32 33 32 33 31 32 31 
32 38 32 36 31 36 31 38 
32 39 36 43 38 41 34 37 
32 40 34 40 34 39 32 39 
32 45 36 41 34 39 30 43 
33 17 33 14 32 14 32 17 
33 34 38 39 40 37 35 32 
34 27 34 26 32 26 32 27 
34 33 33 33 33 34 34 34 
35 17 33 19 38 24 40 22 
35 19 33 17 30 20 32 22 
35 23 44 23 44 20 35 20 
35 27 37 25 36 24 34 26 
35 34 34 34 34 37 35 37 
36 22 36 24 38 24 38 22 
36 25 33 22 31 24 34 27 
36 31 38 29 36 27 34 29 
36 32 36 36 40 36 40 32 
36 38 37 37 36 36 35 37 
36 39 36 41 38 41 38 39 
36 42 32 42 32 43 36 43 
37 24 40 21 35 16 32 19 
37 26 38 26 38 25 37 25 
38 18 40 18 40 16 38 16 
38 40 36 38 34 40 36 42 
39 17 40 16 39 15 38 16 
39 19 40 18 39 17 38 18 
39 30 42 33 43 32 40 29 
39 33 40 32 35 27 34 28 
39 35 42 35 42 33 39 33 
40 26 40 29 42 29 42 26 
40 27 38 25 37 26 39 28 
40 42 40 41 38 41 38 42 
41 19 39 19 39 28 41 28 
41 33 43 35 44 34 42 32 
42 30 42 32 43 32 43 30 
42 36 40 36 40 37 42 37 
43 41 41 39 38 42 40 44 
44 39 43 39 43 41 44 41 
45 16 44 15 43 16 44 17 
45 23 41 19 38 22 42 26 
45 33 45 23 44 23 44 33 
48 24 44 20 38 26 42 30 
14 21 14 24 15 24 15 21 
15 27 14 28 16 30 17 29 
15 31 18 34 19 33 16 30 
15 39 16 38 15 37 14 38 
16 21 19 24 20 23 17 20 
16 28 16 29 17 29 17 28 
17 13 16 14 20 18 21 17 
17 45 19 45 19 42 17 42 
18 20 19 21 21 19 20 18 
20 25 19 26 22 29 23 28 
21 31 22 32 23 31 22 30 
22 40 24 38 21 35 19 37 
23 27 22 28 25 31 26 30 
23 30 26 30 26 28 23 28 
26 29 29 32 30 31 27 28 
26 44 29 44 29 42 26 42 
28 46 32 42 30 40 26 44 
30 45 32 45 32 43 30 43 
35 25 35 27 36 27 36 25 
35 31 33 33 34 34 36 32 
40 39 42 41 44 39 42 37 
14 32 15 32 15 31 14 31 
20 31 21 31 21 25 20 25 
20 46 28 46 28 43 20 43 
21 49 26 44 22 40 17 45 
34 32 35 32 35 31 34 31 
