146
11 33 14 36 29 21 26 18 
12 38 17 43 19 41 14 36 
13 20 14 21 15 20 14 19 
13 22 20 29 21 28 14 21 
13 23 14 24 16 22 15 21 
13 24 14 25 17 22 16 21 
13 25 17 29 18 28 14 24 
13 29 16 32 21 27 18 24 
13 38 17 42 20 39 16 35 
14 20 14 21 15 21 15 20 
14 23 13 23 13 24 14 24 
14 29 14 34 17 34 17 29 
14 32 19 37 22 34 17 29 
15 22 16 22 16 21 15 21 
15 30 15 38 23 38 23 30 
16 25 16 32 22 32 22 25 
16 36 16 35 14 35 14 36 
17 17 17 22 20 22 20 17 
17 21 19 23 20 22 18 20 
17 40 17 42 20 42 20 40 
18 18 18 20 22 20 22 18 
18 31 21 31 21 28 18 28 
18 33 17 34 20 37 21 36 
18 34 16 32 14 34 16 36 
18 37 18 34 17 34 17 37 
18 41 19 41 19 37 18 37 
19 33 20 34 22 32 21 31 
19 34 20 34 20 33 19 33 
20 41 21 42 24 39 23 38 
21 15 17 15 17 16 21 16 
21 21 24 24 25 23 22 20 
21 23 21 27 25 27 25 23 
21 24 22 25 27 20 26 19 
21 39 20 40 21 41 22 40 
21 44 21 42 20 42 20 44 
22 10 18 14 22 18 26 14 
22 31 20 29 18 31 20 33 
22 46 25 43 23 41 20 44 
23 13 21 15 31 25 33 23 
23 20 23 26 27 26 27 20 
23 39 21 39 21 41 23 41 
24 13 21 16 29 24 32 21 
24 15 24 13 23 13 23 15 
24 29 27 32 29 30 26 27 
24 31 25 31 25 29 24 29 
24 34 28 38 30 36 26 32 
24 35 28 39 29 38 25 34 
25 35 27 35 27 34 25 34 
25 38 25 35 24 35 24 38 
25 42 25 43 30 43 30 42 
26 15 31 15 31 14 26 14 
26 21 26 19 21 19 21 21 
26 31 25 31 25 32 26 32 
27 38 27 39 28 39 28 38 
27 40 30 43 31 42 28 39 
27 46 27 40 22 40 22 46 
28 21 28 24 29 24 29 21 
28 25 29 26 30 25 29 24 
28 29 29 29 29 26 28 26 
28 40 29 39 28 38 27 39 
28 42 31 39 27 35 24 38 
29 33 35 39 39 35 33 29 
29 35 29 38 39 38 39 35 
29 40 29 39 28 39 28 40 
30 22 28 24 32 28 34 26 
30 23 33 23 33 22 30 22 
30 28 31 28 31 25 30 25 
30 30 29 30 29 31 30 31 
31 29 30 28 29 29 30 30 
31 33 33 33 33 29 31 29 
31 34 31 33 29 33 29 34 
31 41 31 42 32 42 32 41 
31 43 32 42 31 41 30 42 
32 15 33 15 33 14 32 14 
32 16 33 15 32 14 31 15 
32 18 32 20 35 20 35 18 
32 23 34 25 35 24 33 22 
32 26 32 28 34 28 34 26 
32 32 30 30 29 31 31 33 
32 37 35 34 32 31 29 34 
32 39 35 36 30 31 27 34 
33 17 38 22 39 21 34 16 
33 34 35 34 35 33 33 33 
33 35 34 36 36 34 35 33 
34 24 34 25 35 25 35 24 
34 30 34 31 36 31 36 30 
34 32 34 31 32 31 32 32 
34 39 35 39 35 36 34 36 
34 40 36 42 37 41 35 39 
34 41 33 40 32 41 33 42 
34 42 34 41 33 41 33 42 
35 12 33 14 35 16 37 14 
35 14 34 14 34 16 35 16 
35 23 34 24 35 25 36 24 
35 27 34 28 36 30 37 29 
36 16 37 16 37 14 36 14 
36 17 35 16 34 17 35 18 
36 19 36 22 38 22 38 19 
36 37 41 37 41 36 36 36 
36 43 36 42 34 42 34 43 
37 12 35 14 37 16 39 14 
37 18 38 19 41 16 40 15 
37 28 34 25 31 28 34 31 
37 32 44 32 44 29 37 29 
37 35 36 36 39 39 40 38 
39 16 41 16 41 14 39 14 
39 18 39 16 37 16 37 18 
39 23 43 23 43 21 39 21 
39 34 44 29 42 27 37 32 
39 41 37 41 37 43 39 43 
39 45 41 43 39 41 37 43 
40 23 36 19 35 20 39 24 
40 24 43 21 42 20 39 23 
40 33 40 24 39 24 39 33 
40 39 40 38 39 38 39 39 
40 45 40 43 39 43 39 45 
42 16 42 20 43 20 43 16 
42 25 35 25 35 27 42 27 
42 35 42 39 43 39 43 35 
42 37 41 36 39 38 40 39 
42 43 43 44 44 43 43 42 
45 37 43 35 41 37 43 39 
11 31 11 33 18 33 18 31 
12 29 12 38 13 38 13 29 
19 35 23 39 24 38 20 34 
20 14 17 17 18 18 21 15 
20 23 14 29 15 30 21 24 
20 27 20 23 19 23 19 27 
24 18 26 18 26 15 24 15 
25 16 25 17 32 17 32 16 
25 48 27 46 23 42 21 44 
26 24 26 25 28 25 28 24 
27 24 26 25 27 26 28 25 
31 17 32 18 33 17 32 16 
31 37 31 39 32 39 32 37 
32 13 31 14 32 15 33 14 
33 16 33 17 34 17 34 16 
33 18 34 17 33 16 32 17 
33 39 33 40 34 40 34 39 
35 17 36 17 36 16 35 16 
35 42 34 43 35 44 36 43 
36 33 36 34 39 34 39 33 
41 39 41 43 42 43 42 39 
17 48 25 48 25 43 17 43 
32 40 33 41 34 40 33 39 
35 32 36 33 37 32 36 31 
