96
4 33 14 43 24 33 14 23 
4 38 15 38 15 33 4 33 
11 27 14 30 21 23 18 20 
12 23 21 32 24 29 15 20 
12 30 14 30 14 23 12 23 
15 19 15 20 18 20 18 19 
16 32 15 33 17 35 18 34 
17 24 20 21 18 19 15 22 
17 32 17 24 16 24 16 32 
17 37 24 37 24 36 17 36 
18 37 17 36 15 38 16 39 
19 29 20 28 16 24 15 25 
19 31 24 36 26 34 21 29 
19 33 24 33 24 31 19 31 
20 16 20 21 22 21 22 16 
20 35 20 40 21 40 21 35 
21 24 24 24 24 23 21 23 
21 28 17 32 20 35 24 31 
21 44 28 44 28 41 21 41 
22 29 21 29 21 32 22 32 
23 24 33 34 34 33 24 23 
23 30 14 30 14 42 23 42 
24 14 22 16 32 26 34 24 
24 16 23 16 23 20 24 20 
24 21 21 24 26 29 29 26 
24 40 27 43 40 30 37 27 
25 8 19 14 25 20 31 14 
25 16 25 20 39 20 39 16 
25 21 25 20 24 20 24 21 
25 23 38 23 38 21 25 21 
25 37 24 36 20 40 21 41 
25 40 35 40 35 37 25 37 
26 24 27 25 33 19 32 18 
27 22 15 22 15 25 27 25 
27 27 22 32 32 42 37 37 
27 29 26 29 26 31 27 31 
27 30 26 29 25 30 26 31 
27 32 27 35 30 35 30 32 
27 38 28 39 31 36 30 35 
27 42 28 41 26 39 25 40 
28 20 24 16 21 19 25 23 
29 15 29 18 32 18 32 15 
29 19 29 26 32 26 32 19 
29 31 30 32 32 30 31 29 
29 33 28 34 35 41 36 40 
29 41 29 43 30 43 30 41 
29 42 30 43 31 42 30 41 
29 45 30 44 29 43 28 44 
30 16 29 15 24 20 25 21 
30 28 29 27 27 29 28 30 
31 8 23 16 31 24 39 16 
31 17 40 17 40 14 31 14 
31 27 34 27 34 24 31 24 
31 32 31 36 37 36 37 32 
31 38 31 36 27 36 27 38 
31 44 32 44 32 42 31 42 
32 31 38 31 38 30 32 30 
32 33 32 31 29 31 29 33 
33 14 32 15 38 21 39 20 
33 28 37 32 38 31 34 27 
33 39 33 34 28 34 28 39 
33 43 34 44 36 42 35 41 
34 28 37 28 37 27 34 27 
34 43 33 43 33 44 34 44 
35 17 34 18 41 25 42 24 
35 33 36 33 36 22 35 22 
36 41 36 40 35 40 35 41 
36 43 41 38 36 33 31 38 
37 23 43 17 42 16 36 22 
39 23 38 23 38 24 39 24 
39 36 37 36 37 37 39 37 
39 44 44 39 41 36 36 41 
40 25 37 28 40 31 43 28 
40 40 40 31 38 31 38 40 
41 17 40 17 40 25 41 25 
41 35 44 35 44 25 41 25 
43 41 44 41 44 39 43 39 
43 42 43 41 36 41 36 42 
45 22 40 17 35 22 40 27 
45 31 38 24 34 28 41 35 
45 39 41 35 39 37 43 41 
6 28 18 40 27 31 15 19 
7 41 15 33 12 30 4 38 
19 42 21 44 23 42 21 40 
20 24 20 28 21 28 21 24 
23 43 27 43 27 42 23 42 
25 25 26 24 25 23 24 24 
25 27 19 33 21 35 27 29 
27 26 27 27 29 27 29 26 
27 45 29 45 29 43 27 43 
29 29 31 29 31 27 29 27 
31 43 32 44 33 43 32 42 
33 29 34 28 32 26 31 27 
33 42 34 43 36 41 35 40 
34 29 34 28 33 28 33 29 
26 44 27 45 28 44 27 43 
