63
11 38 16 43 27 32 22 27 
13 15 15 17 16 16 14 14 
15 19 15 21 23 21 23 19 
15 35 21 35 21 33 15 33 
15 38 17 40 18 39 16 37 
15 40 18 43 22 39 19 36 
15 43 16 43 16 40 15 40 
16 20 21 20 21 18 16 18 
17 14 17 16 20 16 20 14 
17 19 16 18 15 19 16 20 
17 34 17 37 33 37 33 34 
17 41 16 40 14 42 15 43 
18 13 17 14 21 18 22 17 
18 24 18 25 19 25 19 24 
18 26 23 31 24 30 19 25 
18 33 24 39 27 36 21 30 
18 36 21 33 18 30 15 33 
19 23 16 20 15 21 18 24 
19 27 22 27 22 25 19 25 
19 39 19 36 18 36 18 39 
19 43 22 43 22 39 19 39 
20 38 18 36 17 37 19 39 
20 41 20 40 17 40 17 41 
21 26 18 26 18 30 21 30 
21 45 25 41 23 39 19 43 
22 11 17 16 21 20 26 15 
22 15 22 17 26 17 26 15 
22 20 23 21 24 20 23 19 
24 25 24 30 27 30 27 25 
24 31 23 31 23 39 24 39 
24 41 25 41 25 39 24 39 
25 35 20 40 24 44 29 39 
26 36 27 36 27 32 26 32 
27 19 37 19 37 16 27 16 
27 31 26 32 32 38 33 37 
27 34 32 29 29 26 24 31 
28 9 22 15 32 25 38 19 
28 29 24 25 23 26 27 30 
28 35 28 29 25 29 25 35 
29 15 29 26 31 26 31 15 
29 36 35 30 34 29 28 35 
31 13 29 15 35 21 37 19 
32 22 32 25 37 25 37 22 
33 44 40 44 40 37 33 37 
34 19 37 22 40 19 37 16 
34 38 34 29 32 29 32 38 
35 20 24 20 24 21 35 21 
35 31 35 30 27 30 27 31 
37 35 34 38 40 44 43 41 
38 17 38 19 39 19 39 17 
38 35 31 42 33 44 40 37 
39 25 35 21 21 35 25 39 
40 25 40 19 39 19 39 25 
42 33 43 32 27 16 26 17 
43 27 31 15 27 19 39 31 
11 35 11 38 15 38 15 35 
16 31 15 32 17 34 18 33 
20 23 19 24 21 26 22 25 
20 44 24 44 24 41 20 41 
27 39 29 39 29 36 27 36 
37 31 39 31 39 25 37 25 
20 17 19 17 19 23 20 23 
35 35 37 35 37 31 35 31 
