79
12 30 16 34 21 29 17 25 
13 17 24 28 27 25 16 14 
13 28 16 31 19 28 16 25 
13 31 16 31 16 28 13 28 
14 19 14 22 17 22 17 19 
14 35 14 37 21 37 21 35 
15 17 17 19 20 16 18 14 
15 44 22 44 22 17 15 17 
16 17 14 19 17 22 19 20 
16 20 16 24 19 24 19 20 
16 29 23 36 31 28 24 21 
16 32 21 37 23 35 18 30 
16 37 20 41 27 34 23 30 
16 38 14 38 14 43 16 43 
17 27 24 27 24 25 17 25 
17 28 17 29 19 29 19 28 
17 37 16 38 22 44 23 43 
18 19 29 19 29 14 18 14 
18 28 17 27 16 28 17 29 
19 22 24 27 29 22 24 17 
20 30 20 34 23 34 23 30 
20 42 30 42 30 41 20 41 
21 38 31 38 31 37 21 37 
22 30 27 35 29 33 24 28 
23 21 24 21 24 17 23 17 
24 29 31 29 31 28 24 28 
24 40 28 36 27 35 23 39 
25 30 24 30 24 40 25 40 
25 31 24 30 20 34 21 35 
26 20 31 20 31 17 26 17 
26 45 30 41 23 34 19 38 
27 21 31 25 33 23 29 19 
27 26 31 26 31 25 27 25 
27 39 27 36 23 36 23 39 
28 19 26 17 19 24 21 26 
28 35 27 36 30 39 31 38 
28 42 30 44 33 41 31 39 
29 28 26 31 36 41 39 38 
29 34 29 33 27 33 27 34 
30 43 23 43 23 44 30 44 
31 24 30 23 27 26 28 27 
33 6 22 17 31 26 42 15 
33 15 31 17 37 23 39 21 
33 22 33 23 37 23 37 22 
33 40 33 41 36 41 36 40 
34 29 34 28 32 28 32 29 
35 33 31 29 27 33 31 37 
36 7 29 14 37 22 44 15 
36 17 35 18 39 22 40 21 
36 25 36 26 42 26 42 25 
36 30 36 38 39 38 39 30 
36 39 36 38 31 38 31 39 
36 45 38 43 36 41 34 43 
37 24 40 27 42 25 39 22 
38 28 36 26 34 28 36 30 
38 29 34 29 34 43 38 43 
39 18 39 21 40 21 40 18 
39 33 36 30 27 39 30 42 
40 35 40 27 28 27 28 35 
41 28 40 27 38 29 39 30 
41 44 42 44 42 43 41 43 
41 45 41 44 36 44 36 45 
42 6 33 6 33 15 42 15 
42 17 44 17 44 15 42 15 
42 19 42 21 43 21 43 19 
42 42 41 43 42 44 43 43 
43 38 40 35 36 39 39 42 
15 42 14 43 15 44 16 43 
25 21 26 22 27 21 26 20 
25 45 26 45 26 40 25 40 
26 49 36 39 24 27 14 37 
28 45 30 43 23 36 21 38 
28 49 28 45 26 45 26 49 
34 21 33 22 36 25 37 24 
35 26 32 29 35 32 38 29 
39 28 41 28 41 22 39 22 
42 38 39 38 39 42 42 42 
47 33 37 23 32 28 42 38 
24 45 28 49 34 43 30 39 
