42
14 36 20 36 20 28 14 28 
15 27 15 35 16 35 16 27 
16 15 16 22 20 22 20 15 
16 32 20 36 24 32 20 28 
16 40 32 40 32 35 16 35 
18 17 18 20 19 20 19 17 
18 21 32 35 33 34 19 20 
18 24 20 22 18 20 16 22 
19 18 29 28 32 25 22 15 
19 31 26 31 26 30 19 30 
20 27 34 27 34 22 20 22 
21 19 22 19 22 15 21 15 
21 27 31 37 35 33 25 23 
22 23 25 23 25 19 22 19 
22 42 26 38 19 31 15 35 
23 17 21 15 19 17 21 19 
25 25 32 25 32 23 25 23 
26 33 26 38 35 38 35 33 
27 15 24 18 25 19 28 16 
28 24 37 24 37 16 28 16 
28 43 28 24 18 24 18 43 
29 20 19 30 22 33 32 23 
33 14 20 27 26 33 39 20 
33 19 39 25 40 24 34 18 
33 20 37 24 39 22 35 18 
33 28 33 20 29 20 29 28 
33 30 36 33 43 26 40 23 
33 42 22 42 22 44 33 44 
34 14 33 14 33 18 34 18 
34 28 33 28 33 30 34 30 
36 21 36 26 43 26 43 21 
37 38 35 38 35 41 37 41 
37 42 40 39 29 28 26 31 
39 29 36 26 34 28 37 31 
40 22 40 20 39 20 39 22 
40 31 40 24 37 24 37 31 
42 35 34 27 33 28 41 36 
45 33 34 22 26 30 37 41 
14 27 25 38 33 30 22 19 
18 13 16 15 18 17 20 15 
25 34 33 42 34 41 26 33 
32 29 39 29 39 25 32 25 
