212
11 38 14 41 21 34 18 31 
11 40 18 40 18 38 11 38 
13 27 15 29 16 28 14 26 
13 29 14 29 14 27 13 27 
13 37 17 41 18 40 14 36 
14 15 14 18 16 18 16 15 
14 19 17 22 20 19 17 16 
14 25 14 26 15 26 15 25 
14 30 15 30 15 29 14 29 
14 35 14 36 18 36 18 35 
14 43 17 43 17 41 14 41 
15 21 18 24 19 23 16 20 
15 38 19 42 20 41 16 37 
16 19 17 20 20 17 19 16 
16 22 17 22 17 20 16 20 
16 25 15 24 14 25 15 26 
16 27 17 27 17 25 16 25 
16 30 15 29 14 30 15 31 
16 31 16 30 15 30 15 31 
16 32 16 34 20 34 20 32 
16 42 17 43 18 42 17 41 
17 17 19 17 19 16 17 16 
17 28 16 27 14 29 15 30 
17 29 17 30 18 30 18 29 
18 20 22 24 24 22 20 18 
18 21 21 21 21 20 18 20 
18 23 18 24 19 24 19 23 
18 26 19 25 18 24 17 25 
18 27 20 27 20 26 18 26 
18 28 18 27 17 27 17 28 
18 32 16 34 18 36 20 34 
18 33 11 40 14 43 21 36 
18 34 20 32 18 30 16 32 
18 37 21 37 21 36 18 36 
18 41 20 41 20 40 18 40 
19 18 20 18 20 17 19 17 
19 19 19 18 16 18 16 19 
19 27 18 26 17 27 18 28 
19 28 18 29 24 35 25 34 
19 41 20 42 21 41 20 40 
19 43 19 42 18 42 18 43 
19 44 20 43 19 42 18 43 
20 15 21 16 22 15 21 14 
20 21 18 23 19 24 21 22 
20 35 21 35 21 34 20 34 
20 44 20 43 19 43 19 44 
21 15 20 15 20 16 21 16 
21 17 23 17 23 16 21 16 
21 19 21 18 20 18 20 19 
21 24 22 24 22 22 21 22 
21 25 21 24 19 24 19 25 
21 29 24 26 23 25 20 28 
21 32 22 32 22 29 21 29 
21 40 21 41 22 41 22 40 
21 42 21 41 20 41 20 42 
21 43 20 42 19 43 20 44 
22 16 21 15 20 16 21 17 
22 25 23 25 23 24 22 24 
22 36 25 36 25 34 22 34 
22 43 22 42 21 42 21 43 
23 35 26 32 25 31 22 34 
23 39 21 37 20 38 22 40 
23 40 23 41 24 41 24 40 
23 42 22 41 21 42 22 43 
24 18 26 16 25 15 23 17 
24 25 25 26 26 25 25 24 
24 27 22 29 24 31 26 29 
24 28 24 27 20 27 20 28 
24 30 26 30 26 29 24 29 
24 32 25 32 25 31 24 31 
24 39 24 35 23 35 23 39 
24 42 28 42 28 41 24 41 
25 13 23 15 26 18 28 16 
25 16 21 20 24 23 28 19 
25 18 26 18 26 16 25 16 
25 19 24 18 21 21 22 22 
25 23 24 23 24 24 25 24 
25 25 26 25 26 24 25 24 
25 37 27 37 27 36 25 36 
25 40 24 39 23 40 24 41 
25 41 24 40 23 41 24 42 
26 22 25 23 26 24 27 23 
26 26 27 25 26 24 25 25 
26 34 27 35 33 29 32 28 
26 35 27 36 28 35 27 34 
26 39 28 41 30 39 28 37 
26 40 26 39 25 39 25 40 
27 18 27 19 28 19 28 18 
27 20 27 19 26 19 26 20 
27 26 28 27 34 21 33 20 
27 29 34 36 39 31 32 24 
27 32 27 30 26 30 26 32 
28 20 31 23 32 22 29 19 
28 23 28 20 27 20 27 23 
28 26 27 26 27 27 28 27 
28 33 28 35 30 35 30 33 
28 38 27 37 25 39 26 40 
28 44 31 44 31 42 28 42 
29 13 25 13 25 15 29 15 
29 23 31 23 31 19 29 19 
29 29 30 28 28 26 27 27 
29 32 33 32 33 29 29 29 
29 34 29 32 27 32 27 34 
29 41 31 39 27 35 25 37 
29 48 35 42 30 37 24 43 
30 24 30 28 32 28 32 24 
30 38 30 37 28 37 28 38 
30 42 29 41 28 42 29 43 
31 20 28 23 33 28 36 25 
31 30 33 32 35 30 33 28 
31 33 31 35 34 35 34 33 
31 34 30 33 29 34 30 35 
31 38 30 38 30 39 31 39 
31 41 37 41 37 39 31 39 
32 36 37 31 36 30 31 35 
32 43 33 43 33 42 32 42 
32 48 32 43 29 43 29 48 
33 21 34 21 34 20 33 20 
33 34 34 35 35 34 34 33 
33 47 29 43 28 44 32 48 
34 10 29 15 34 20 39 15 
34 17 35 17 35 14 34 14 
34 18 37 21 38 20 35 17 
34 22 37 22 37 21 34 21 
34 37 36 37 36 36 34 36 
34 38 37 41 39 39 36 36 
35 21 34 20 33 21 34 22 
35 23 31 23 31 30 35 30 
35 38 34 37 30 41 31 42 
35 47 35 43 33 43 33 47 
36 13 35 14 36 15 37 14 
36 16 39 16 39 15 36 15 
36 24 38 22 37 21 35 23 
36 26 38 28 39 27 37 25 
36 28 36 26 33 26 33 28 
36 31 37 31 37 30 36 30 
36 38 35 38 35 42 36 42 
36 43 37 43 37 42 36 42 
37 13 36 13 36 14 37 14 
37 16 36 15 34 17 35 18 
37 18 35 20 37 22 39 20 
37 20 37 18 35 18 35 20 
37 23 38 23 38 22 37 22 
37 24 41 28 42 27 38 23 
37 32 38 31 37 30 36 31 
37 34 37 32 35 32 35 34 
38 15 39 16 40 15 39 14 
38 27 39 27 39 23 38 23 
38 29 38 28 36 28 36 29 
38 33 37 32 36 33 37 34 
38 34 38 39 39 39 39 34 
38 35 42 39 43 38 39 34 
38 42 37 41 36 42 37 43 
39 18 39 20 40 20 40 18 
39 19 40 20 41 19 40 18 
39 25 41 27 42 26 40 24 
39 28 41 28 41 27 39 27 
39 29 38 29 38 31 39 31 
39 30 40 31 42 29 41 28 
39 32 40 33 41 32 40 31 
39 35 40 36 41 35 40 34 
39 38 37 36 36 37 38 39 
39 43 42 43 42 39 39 39 
40 16 43 16 43 15 40 15 
40 32 40 33 41 33 41 32 
40 35 41 35 41 34 40 34 
40 40 41 41 43 39 42 38 
41 14 41 17 44 17 44 14 
41 20 39 18 37 20 39 22 
41 31 43 29 41 27 39 29 
42 14 40 16 41 17 43 15 
42 19 44 17 43 16 41 18 
42 20 42 19 41 19 41 20 
42 24 44 22 43 21 41 23 
42 28 41 28 41 29 42 29 
42 32 41 31 40 32 41 33 
42 33 42 34 44 34 44 33 
42 37 42 38 43 38 43 37 
43 18 43 21 44 21 44 18 
43 26 42 26 42 27 43 27 
43 28 44 28 44 27 43 27 
43 32 43 29 42 29 42 32 
43 34 44 33 43 32 42 33 
44 23 44 22 41 22 41 23 
44 38 43 38 43 39 44 39 
45 40 44 39 41 42 42 43 
13 33 14 34 16 32 15 31 
13 42 16 42 16 37 13 37 
19 26 20 27 22 25 21 24 
20 39 21 40 25 36 24 35 
22 17 24 19 25 18 23 16 
23 26 24 26 24 25 23 25 
23 29 24 28 21 25 20 26 
23 43 24 43 24 42 23 42 
24 20 25 20 25 19 24 19 
24 38 25 37 23 35 22 36 
25 22 26 22 26 20 25 20 
27 21 28 20 27 19 26 20 
28 31 27 32 28 33 29 32 
29 39 29 41 30 41 30 39 
30 43 31 44 32 43 31 42 
33 39 34 38 32 36 31 37 
34 40 33 39 31 41 32 42 
36 23 36 24 37 24 37 23 
37 28 38 29 39 28 38 27 
38 41 38 42 41 42 41 41 
40 29 40 31 41 31 41 29 
45 36 40 36 40 40 45 40 
21 31 22 32 24 30 23 29 
34 25 33 26 36 29 37 28 
34 24 34 25 36 25 36 24 
33 23 34 24 35 23 34 22 
