95
8 26 14 32 21 25 15 19 
8 32 14 32 14 26 8 26 
12 32 14 34 19 29 17 27 
12 39 14 41 16 39 14 37 
14 15 14 19 15 19 15 15 
14 33 15 34 17 32 16 31 
15 29 15 34 19 34 19 29 
15 37 15 36 14 36 14 37 
16 27 17 28 27 18 26 17 
16 28 17 28 17 27 16 27 
16 29 21 34 22 33 17 28 
16 37 16 39 19 39 19 37 
17 13 15 15 16 16 18 14 
17 33 17 43 22 43 22 33 
17 37 18 38 19 37 18 36 
18 19 18 36 28 36 28 19 
18 33 15 36 16 37 19 34 
18 34 17 33 14 36 15 37 
18 41 18 38 14 38 14 41 
19 24 22 24 22 17 19 17 
20 41 22 43 26 39 24 37 
21 14 17 18 18 19 22 15 
21 27 27 27 27 25 21 25 
21 28 25 24 21 20 17 24 
21 31 26 31 26 30 21 30 
21 39 23 39 23 34 21 34 
21 45 22 44 15 37 14 38 
22 14 21 14 21 15 22 15 
22 22 27 27 34 20 29 15 
23 17 24 16 22 14 21 15 
23 28 21 30 24 33 26 31 
23 29 27 25 25 23 21 27 
23 42 25 42 25 39 23 39 
24 15 24 16 29 16 29 15 
24 34 27 37 28 36 25 33 
24 35 32 35 32 34 24 34 
24 41 24 37 20 37 20 41 
25 17 25 23 26 23 26 17 
25 29 25 33 33 33 33 29 
25 34 24 33 23 34 24 35 
25 48 31 42 24 35 18 41 
26 22 33 29 37 25 30 18 
26 24 41 24 41 23 26 23 
26 38 25 39 30 44 31 43 
26 42 26 43 31 43 31 42 
26 44 26 43 22 43 22 44 
27 13 17 13 17 18 27 18 
27 20 30 20 30 18 27 18 
27 31 27 37 31 37 31 31 
28 28 27 27 25 29 26 30 
28 34 30 36 32 34 30 32 
28 38 29 39 31 37 30 36 
28 39 28 38 26 38 26 39 
29 30 37 38 40 35 32 27 
29 32 30 32 30 30 29 30 
30 33 35 28 34 27 29 32 
32 16 29 16 29 27 32 27 
32 50 43 39 37 33 26 44 
33 40 34 40 34 33 33 33 
33 45 36 42 35 41 32 44 
34 11 29 16 35 22 40 17 
34 16 30 20 37 27 41 23 
34 30 33 29 31 31 32 32 
34 34 40 28 39 27 33 33 
34 42 36 42 36 40 34 40 
35 29 40 34 42 32 37 27 
35 45 35 41 33 41 33 45 
36 27 37 27 37 25 36 25 
36 30 36 27 34 27 34 30 
37 18 40 18 40 17 37 17 
37 28 37 33 40 33 40 28 
38 36 38 39 43 39 43 36 
38 48 42 44 39 41 35 45 
39 21 43 21 43 15 39 15 
39 40 43 36 42 35 38 39 
40 20 42 18 39 15 37 17 
40 23 36 27 37 28 41 24 
40 37 40 35 32 35 32 37 
40 43 40 44 42 44 42 43 
40 50 40 44 32 44 32 50 
42 20 42 18 40 18 40 20 
42 41 34 33 32 35 40 43 
44 34 44 33 40 33 40 34 
45 17 43 15 40 18 42 20 
45 19 45 17 44 17 44 19 
46 17 44 15 42 17 44 19 
52 25 44 17 36 25 44 33 
13 16 16 19 17 18 14 15 
19 45 21 45 21 39 19 39 
21 29 23 29 23 28 21 28 
23 41 21 39 17 43 19 45 
29 48 38 48 38 39 29 39 
32 48 35 45 29 39 26 42 
42 40 39 40 39 41 42 41 
28 47 29 48 38 39 37 38 
