138
11 20 15 24 18 21 14 17 
13 25 15 27 16 26 14 24 
13 38 16 41 19 38 16 35 
13 40 19 40 19 38 13 38 
14 15 14 17 17 17 17 15 
14 20 14 24 15 24 15 20 
14 32 14 35 16 35 16 32 
15 23 16 24 22 18 21 17 
15 28 15 33 26 33 26 28 
15 29 20 34 22 32 17 27 
15 31 14 32 15 33 16 32 
16 27 16 26 15 26 15 27 
16 29 18 31 20 29 18 27 
16 31 18 31 18 29 16 29 
16 36 21 36 21 35 16 35 
17 20 21 20 21 18 17 18 
17 42 15 42 15 43 17 43 
18 11 14 15 17 18 21 14 
18 16 17 17 21 21 22 20 
18 19 23 19 23 16 18 16 
18 26 17 26 17 27 18 27 
18 30 19 31 24 26 23 25 
18 33 20 31 18 29 16 31 
18 34 16 36 20 40 22 38 
18 43 19 44 20 43 19 42 
18 46 31 33 28 30 15 43 
19 25 18 26 22 30 23 29 
19 29 19 31 20 31 20 29 
20 17 21 17 21 14 20 14 
20 32 20 34 22 34 22 32 
20 42 20 40 19 40 19 42 
20 46 20 43 18 43 18 46 
21 22 28 22 28 21 21 21 
22 15 20 17 21 18 23 16 
22 26 22 29 23 29 23 26 
22 36 22 37 24 37 24 36 
23 11 20 14 28 22 31 19 
23 18 21 20 28 27 30 25 
23 28 22 29 26 33 27 32 
23 31 25 31 25 29 23 29 
23 34 21 36 22 37 24 35 
23 40 26 40 26 39 23 39 
23 43 20 40 17 43 20 46 
24 11 23 11 23 15 24 15 
24 19 23 19 23 20 24 20 
24 21 23 20 21 22 22 23 
24 32 25 31 24 30 23 31 
24 34 24 35 27 35 27 34 
24 39 27 42 30 39 27 36 
24 41 23 40 21 42 22 43 
25 16 25 18 32 18 32 16 
25 22 28 25 31 22 28 19 
25 23 23 23 23 25 25 25 
25 36 24 37 26 39 27 38 
25 41 26 40 24 38 23 39 
26 16 23 19 24 20 27 17 
26 24 25 25 26 26 27 25 
26 34 24 32 22 34 24 36 
26 38 27 38 27 36 26 36 
26 42 27 42 27 40 26 40 
27 15 27 17 34 17 34 15 
27 27 28 27 28 25 27 25 
27 29 31 29 31 28 27 28 
28 14 28 19 29 19 29 14 
28 20 35 27 36 26 29 19 
28 26 27 27 30 30 31 29 
28 32 28 30 27 30 27 32 
28 37 31 37 31 33 28 33 
28 44 31 41 29 39 26 42 
29 22 31 22 31 19 29 19 
29 26 30 26 30 25 29 25 
29 30 29 39 30 39 30 30 
29 32 35 26 33 24 27 30 
29 37 27 35 26 36 28 38 
29 40 29 44 33 44 33 40 
30 15 29 14 25 18 26 19 
30 29 28 27 27 28 29 30 
31 18 35 22 38 19 34 15 
31 20 29 22 37 30 39 28 
31 26 35 26 35 22 31 22 
31 31 41 31 41 29 31 29 
31 38 39 38 39 37 31 37 
31 46 33 44 31 42 29 44 
32 28 32 33 39 33 39 28 
32 32 35 35 41 29 38 26 
32 37 28 33 27 34 31 38 
32 38 33 39 36 36 35 35 
33 13 32 14 38 20 39 19 
34 21 38 21 38 20 34 20 
34 41 40 35 39 34 33 40 
34 42 34 41 31 41 31 42 
35 21 34 20 29 25 30 26 
35 41 39 37 38 36 34 40 
36 24 40 24 40 22 36 22 
36 25 36 26 38 26 38 25 
36 27 36 26 35 26 35 27 
37 22 41 26 42 25 38 21 
37 28 39 26 38 25 36 27 
37 32 42 32 42 30 37 30 
37 36 37 32 36 32 36 36 
37 43 35 41 34 42 36 44 
37 44 37 43 36 43 36 44 
38 24 40 22 38 20 36 22 
39 25 39 26 41 26 41 25 
40 15 40 18 41 18 41 15 
40 26 41 25 40 24 39 25 
40 28 42 28 42 27 40 27 
40 34 42 32 41 31 39 33 
41 28 42 27 41 26 40 27 
41 44 43 44 43 31 41 31 
43 13 33 13 33 14 43 14 
43 40 40 37 39 38 42 41 
44 39 44 38 39 38 39 39 
48 39 37 28 32 33 43 44 
13 14 13 25 19 25 19 14 
14 27 15 28 16 27 15 26 
16 43 17 42 16 41 15 42 
22 40 22 43 23 43 23 40 
24 24 24 26 26 26 26 24 
24 27 29 22 28 21 23 26 
24 42 25 42 25 41 24 41 
25 27 26 28 27 27 26 26 
25 43 26 42 25 41 24 42 
26 20 28 20 28 19 26 19 
26 30 27 29 26 28 25 29 
26 43 26 42 25 42 25 43 
27 46 31 46 31 42 27 42 
28 45 29 44 27 42 26 43 
29 33 31 31 30 30 28 32 
29 45 29 44 28 44 28 45 
36 33 37 32 32 27 31 28 
39 14 35 18 36 19 40 15 
39 35 40 35 40 34 39 34 
43 39 44 38 40 34 39 35 
13 35 20 42 22 40 15 33 
24 22 23 23 24 24 25 23 
25 44 26 43 25 42 24 43 
24 44 25 44 25 43 24 43 
