76
11 23 17 29 22 24 16 18 
12 35 15 38 18 35 15 32 
12 37 18 43 23 38 17 32 
14 23 16 23 16 18 14 18 
15 14 15 16 18 16 18 14 
15 29 15 32 17 32 17 29 
16 27 26 27 26 23 16 23 
17 24 25 16 24 15 16 23 
17 26 16 27 19 30 20 29 
17 36 20 36 20 32 17 32 
17 39 22 44 25 41 20 36 
17 43 18 44 35 27 34 26 
17 44 18 44 18 43 17 43 
18 13 15 16 26 27 29 24 
18 33 21 33 21 31 18 31 
18 34 19 35 21 33 20 32 
18 37 18 35 12 35 12 37 
19 25 17 25 17 26 19 26 
21 35 25 31 19 25 15 29 
22 26 32 36 33 35 23 25 
22 30 22 26 19 26 19 30 
22 31 22 41 25 41 25 31 
23 26 34 26 34 25 23 25 
24 16 25 16 25 15 24 15 
24 20 37 33 40 30 27 17 
24 24 29 24 29 22 24 22 
26 29 18 37 22 41 30 33 
26 33 21 33 21 35 26 35 
26 39 27 38 19 30 18 31 
26 42 26 41 25 41 25 42 
27 10 20 17 26 23 33 16 
27 27 27 38 28 38 28 27 
27 28 34 35 35 34 28 27 
27 42 26 41 25 42 26 43 
28 26 35 33 37 31 30 24 
28 43 29 43 29 38 28 38 
29 37 22 30 21 31 28 38 
30 22 30 23 35 23 35 22 
30 28 30 33 35 33 35 28 
30 39 31 40 35 36 34 35 
30 44 37 37 36 36 29 43 
31 16 31 24 32 24 32 16 
31 28 37 34 38 33 32 27 
32 42 34 42 34 36 32 36 
33 34 33 35 34 35 34 34 
33 37 32 36 26 42 27 43 
34 19 33 18 29 22 30 23 
35 24 32 24 32 27 35 27 
35 39 36 39 36 36 35 36 
36 10 27 10 27 17 36 17 
36 41 38 41 38 39 36 39 
37 43 37 37 33 37 33 43 
38 16 38 14 33 14 33 16 
38 20 35 23 36 24 39 21 
38 28 39 28 39 21 38 21 
38 29 39 28 35 24 34 25 
38 31 37 31 37 33 38 33 
38 35 41 38 44 35 41 32 
39 29 42 29 42 28 39 28 
39 33 38 33 38 35 39 35 
39 38 39 42 41 42 41 38 
39 40 38 41 39 42 40 41 
40 16 38 14 30 22 32 24 
40 20 40 16 38 16 38 20 
41 23 41 32 44 32 44 23 
41 35 35 41 37 43 43 37 
50 21 43 14 35 22 42 29 
18 20 24 20 24 16 18 16 
20 24 24 20 18 14 14 18 
22 17 20 17 20 24 22 24 
25 23 24 24 27 27 28 26 
30 4 18 16 24 22 36 10 
30 41 35 41 35 39 30 39 
36 35 37 36 38 35 37 34 
36 37 38 39 39 38 37 36 
41 34 41 35 44 35 44 34 
