117
12 34 14 36 21 29 19 27 
13 22 14 23 16 21 15 20 
13 27 18 27 18 22 13 22 
14 17 15 18 16 17 15 16 
14 26 14 29 20 29 20 26 
14 31 16 33 20 29 18 27 
14 34 14 36 15 36 15 34 
15 17 15 18 16 18 16 17 
15 19 16 20 17 19 16 18 
15 24 15 28 23 28 23 24 
15 33 14 34 17 37 18 36 
15 37 15 39 16 39 16 37 
15 38 16 39 17 38 16 37 
15 41 18 44 22 40 19 37 
16 19 15 19 15 20 16 20 
16 40 22 40 22 39 16 39 
17 13 15 15 19 19 21 17 
17 16 17 19 19 19 19 16 
17 23 18 22 16 20 15 21 
17 30 19 32 23 28 21 26 
17 32 17 37 19 37 19 32 
18 42 21 42 21 36 18 36 
19 21 20 22 23 19 22 18 
20 17 21 16 20 15 19 16 
20 20 21 20 21 17 20 17 
20 32 21 32 21 29 20 29 
20 41 25 41 25 35 20 35 
21 38 22 39 23 38 22 37 
22 15 22 18 35 18 35 15 
22 20 21 20 21 23 22 23 
23 10 17 16 21 20 27 14 
23 23 25 23 25 21 23 21 
23 25 25 23 23 21 21 23 
23 29 26 26 23 23 20 26 
23 31 27 31 27 29 23 29 
23 35 27 39 31 35 27 31 
23 40 22 39 20 41 21 42 
24 10 23 10 23 16 24 16 
24 36 24 40 28 40 28 36 
24 44 24 40 23 40 23 44 
25 26 26 26 26 23 25 23 
25 31 31 37 33 35 27 29 
26 31 27 32 31 28 30 27 
26 42 28 40 27 39 25 41 
27 35 23 39 24 40 28 36 
27 38 23 38 23 39 27 39 
27 41 32 41 32 39 27 39 
28 20 27 21 30 24 31 23 
28 26 37 26 37 20 28 20 
29 27 30 28 36 22 35 21 
29 28 30 28 30 27 29 27 
29 34 32 31 31 30 28 33 
29 37 29 43 31 43 31 37 
30 17 30 19 33 19 33 17 
30 30 31 30 31 28 30 28 
30 32 30 38 32 38 32 32 
31 22 31 23 36 23 36 22 
31 29 30 28 29 29 30 30 
31 31 32 32 33 31 32 30 
31 39 32 38 31 37 30 38 
31 40 32 41 33 40 32 39 
32 19 30 17 23 24 25 26 
32 28 33 29 39 23 38 22 
32 40 33 41 35 39 34 38 
32 43 33 44 35 42 34 41 
32 44 34 42 33 41 31 43 
33 20 31 22 34 25 36 23 
33 30 32 30 32 31 33 31 
33 36 33 35 31 35 31 36 
33 42 34 42 34 41 33 41 
33 43 33 44 40 44 40 43 
34 23 37 26 40 23 37 20 
34 39 35 39 35 38 34 38 
35 19 35 21 44 21 44 19 
35 34 34 35 41 42 42 41 
35 40 36 39 35 38 34 39 
36 29 39 29 39 23 36 23 
36 33 40 29 37 26 33 30 
36 40 36 39 35 39 35 40 
37 17 35 15 33 17 35 19 
37 32 42 32 42 28 37 28 
37 33 37 32 36 32 36 33 
37 37 37 41 42 41 42 37 
38 27 34 27 34 35 38 35 
38 28 35 31 36 32 39 29 
38 38 38 42 41 42 41 38 
39 39 42 36 41 35 38 38 
40 35 39 36 41 38 42 37 
40 40 39 39 37 41 38 42 
41 25 41 26 43 26 43 25 
41 34 41 31 35 31 35 34 
42 18 43 18 43 17 42 17 
42 33 37 28 36 29 41 34 
43 16 42 17 43 18 44 17 
43 33 43 32 42 32 42 33 
43 34 41 34 41 35 43 35 
49 35 42 28 37 33 44 40 
15 31 14 31 14 33 15 33 
16 31 17 30 15 28 14 29 
16 42 16 44 18 44 18 42 
18 40 23 35 20 32 15 37 
19 20 16 20 16 21 19 21 
20 39 21 38 16 33 15 34 
23 33 23 31 16 31 16 33 
24 27 33 36 34 35 25 26 
25 30 20 35 21 36 26 31 
25 43 27 43 27 41 25 41 
26 19 23 16 19 20 22 23 
26 44 27 43 26 42 25 43 
28 42 29 43 32 40 31 39 
28 44 28 42 26 42 26 44 
31 44 32 44 32 43 31 43 
36 36 37 37 42 32 41 31 
36 37 36 36 33 36 33 37 
39 33 39 36 42 36 42 33 
21 31 23 33 25 31 23 29 
26 39 31 44 32 43 27 38 
