201
254
362
145
36
122
326
191
485
393
234
332
246
312
562
119
272
89
255
482
311
530
129
80
371
193
594
125
267
64
79
371
516
165
22
361
212
137
651
99
481
209
206
496
679
420
391
384
308
394
345
523
107
83
365
221
184
572
154
200
263
184
556
103
130
346
144
621
486
81
247
94
35
567
508
155
104
567
368
47
236
95
216
326
497
285
10
104
286
366
122
295
215
203
206
280
9
360
220
455
290
222
307
188
298
504
315
475
348
321
283
229
391
42
331
163
265
326
189
268
300
150
205
284
159
77
169
85
332
513
74
175
166
314
222
192
350
312
218
289
135
35
447
32
88
354
368
105
433
576
425
580
39
231
493
525
189
38
179
255
331
463
280
11
441
653
377
171
78
268
208
620
430
478
217
374
13
232
224
16
220
137
275
94
152
6
194
425
261
479
235
596
414
451
118
494
13
277
148
310
231
207
191
128
429
641
223
338
331
85
720
274
444
161
520
215
411
119
360
21
315
248
25
619
316
222
580
107
352
272
718
351
315
645
268
230
594
394
473
315
301
291
136
320
372
127
451
234
132
308
332
102
272
421
189
439
162
143
295
244
303
311
404
130
252
276
348
191
246
30
275
76
374
107
342
560
207
15
47
384
445
583
93
208
423
242
671
465
330
220
426
384
68
245
225
173
222
301
125
264
353
264
373
157
185
191
83
278
198
266
91
38
400
268
397
195
451
304
133
213
265
117
273
160
332
253
364
219
75
308
287
307
541
231
184
294
8
214
344
248
179
410
321
213
243
432
41
377
271
283
113
167
514
573
333
348
223
230
75
336
380
188
430
242
291
529
423
328
318
270
280
183
357
176
371
259
473
363
188
365
693
4
31
315
370
510
240
174
262
296
265
143
239
238
367
363
175
248
210
462
149
448
401
392
247
512
273
296
362
426
99
319
294
18
302
104
499
233
332
237
281
323
142
112
370
536
770
280
369
23
367
190
406
268
332
6
231
363
172
107
98
36
193
385
215
422
215
228
116
180
195
254
167
288
192
252
280
133
376
202
159
274
545
127
230
411
267
175
259
623
106
306
249
44
438
473
155
660
446
273
416
379
289
526
122
315
233
300
487
159
297
376
236
370
417
384
101
201
42
234
399
344
336
113
274
334
188
449
484
273
356
83
363
253
331
18
169
272
268
340
170
56
248
327
172
367
169
218
217
458
335
521
202
514
147
287
238
450
292
346
20
533
150
170
279
482
308
230
143
168
81
124
139
731
211
189
429
125
313
121
226
384
366
192
98
284
196
208
338
281
641
218
537
121
134
222
263
387
403
197
86
36
282
247
276
195
104
297
226
212
252
355
277
206
25
161
250
2
210
326
276
161
452
433
296
511
297
421
142
203
251
127
244
183
20
282
42
321
257
384
26
170
25
490
343
319
291
51
183
17
325
457
444
84
168
232
2
240
368
358
388
423
163
258
135
89
132
259
161
540
39
349
540
209
134
69
524
246
91
2
129
265
298
330
224
286
133
235
41
183
386
374
236
593
259
329
640
354
318
257
206
315
309
498
468
176
334
355
241
356
459
361
473
347
35
376
476
291
432
369
264
94
373
284
304
505
389
79
37
266
264
280
114
531
265
340
18
368
333
197
305
204
4
367
43
119
225
140
205
167
464
196
349
39
148
192
151
16
80
246
189
156
209
32
230
394
191
303
351
171
117
257
214
345
164
65
191
304
101
641
546
401
140
396
157
266
354
622
4
258
397
511
312
70
295
530
167
8
179
328
38
232
326
243
206
222
165
315
287
283
369
389
416
44
4
334
595
234
202
250
198
286
222
410
157
623
44
629
412
154
562
319
515
270
456
222
236
337
206
401
316
195
88
97
402
397
39
164
81
520
389
23
162
252
414
357
47
262
163
145
217
146
498
456
488
248
556
316
171
134
389
120
26
334
188
247
241
372
436
528
223
501
440
116
222
301
400
216
159
514
91
392
249
359
310
22
148
193
216
134
383
388
212
179
376
267
85
7
324
196
259
423
213
367
469
401
551
198
526
241
204
443
485
304
149
325
248
661
236
262
76
285
164
159
201
599
265
286
221
230
440
180
147
278
56
107
311
193
279
504
202
242
63
297
193
45
246
311
298
638
399
115
173
242
83
70
253
326
377
130
299
266
359
312
32
411
90
405
229
186
278
305
360
464
311
281
113
296
23
202
276
287
253
121
441
487
300
171
495
415
328
193
115
197
220
345
384
512
333
204
162
331
391
307
205
335
209
320
531
259
402
171
659
395
644
203
401
287
364
408
234
124
198
61
158
352
271
166
111
463
736
129
126
278
137
435
192
180
121
423
158
243
114
460
414
480
274
76
102
168
182
303
424
218
122
94
382
134
187
111
171
390
238
136
314
540
359
438
445
202
249
514
280
252
258
491
335
428
220
481
136
62
287
409
385
467
582
319
287
170
432
71
295
454
210
650
249
72
245
146
539
289
231
179
24
298
576
422
176
409
28
519
323
331
265
339
581
358
124
261
527
189
243
624
427
517
232
383
50
366
138
306
100
313
185
232
390
332
404
42
176
161
79
444
387
442
617
108
181
265
489
488
590
509
708
203
358
280
394
151
173
176
410
11
432
450
100
464
478
92
199
66
552
293
264
294
247
332
324
326
308
263
474
262
314
240
267
143
161
39
194
146
292
338
70
318
269
401
242
80
595
228
73
344
245
129
465
210
220
291
298
241
263
161
760
120
177
175
139
251
151
233
282
288
276
14
270
274
373
364
232
190
227
235
278
474
114
195
378
218
170
506
612
342
177
134
516
273
400
65
330
383
279
156
62
307
166
240
395
125
156
393
97
186
471
428
43
280
418
210
182
419
217
587
30
213
355
208
509
299
70
307
228
299
366
411
164
272
591
661
632
429
480
17
225
214
371
618
358
146
85
370
84
284
580
221
391
187
185
213
332
277
190
78
242
193
348
106
176
567
361
233
356
267
528
125
249
386
393
338
44
246
301
207
275
288
285
425
215
254
147
189
295
182
296
142
346
523
265
186
238
203
210
425
557
461
573
459
448
31
217
245
161
260
237
283
292
223
325
229
315
318
224
327
296
358
230
465
34
69
667
298
262
366
379
252
83
285
206
159
265
296
363
174
294
580
103
117
387
141
261
395
228
197
145
150
204
131
119
506
153
35
270
421
4
190
31
171
258
176
258
496
347
184
268
251
461
328
424
67
200
332
481
250
340
276
274
544
101
386
191
339
316
183
144
377
287
347
118
414
50
566
373
343
244
201
396
307
185
373
60
467
69
101
262
210
432
164
198
245
86
196
263
589
381
300
172
253
78
465
192
250
367
230
205
142
508
339
20
262
145
313
196
329
358
250
509
197
469
60
110
279
188
212
603
175
397
173
203
665
320
6
354
97
160
340
144
233
259
217
76
252
301
67
309
300
271
163
559
301
406
271
172
272
388
65
336
174
331
182
444
84
305
326
495
288
210
383
378
211
382
315
526
133
143
410
23
263
369
108
493
231
496
23
421
225
379
649
360
224
188
253
225
124
297
185
401
137
347
194
215
541
186
459
323
120
202
118
238
157
477
129
252
450
159
158
316
272
432
202
454
215
13
637
128
448
327
197
85
314
482
139
270
289
356
276
199
317
90
415
315
307
110
416
164
169
352
185
329
133
244
227
328
284
184
297
164
84
324
343
73
260
68
12
375
517
341
114
180
338
343
369
111
182
288
397
161
374
108
251
483
195
462
235
10
515
387
72
208
401
474
160
189
277
78
396
136
504
534
558
286
381
252
21
350
43
365
287
369
465
197
216
329
176
224
333
204
54
366
332
495
216
330
224
189
408
423
271
481
268
270
176
359
250
364
394
131
289
79
346
11
396
174
268
476
271
161
317
176
298
301
298
56
309
316
205
260
202
207
333
419
218
67
466
302
349
277
472
206
261
553
152
209
355
331
375
452
180
320
311
610
541
129
330
420
2
205
351
266
23
520
281
391
6
561
483
647
93
140
280
238
88
319
168
204
191
466
245
236
307
414
212
439
239
8
183
27
171
395
370
185
136
230
385
360
615
288
286
20
274
125
224
440
137
364
338
114
219
321
244
399
275
430
474
494
261
257
237
253
428
114
259
313
305
291
28
284
230
188
222
92
362
316
553
157
299
263
25
232
362
8
266
205
363
136
404
123
445
33
320
290
351
588
176
378
487
210
304
93
266
337
208
293
312
181
511
362
265
365
368
143
184
366
376
265
533
344
72
459
345
532
238
113
231
99
561
533
65
263
239
283
589
336
214
27
655
625
270
317
228
19
469
262
280
600
183
49
140
377
28
454
2
229
206
297
19
216
391
165
307
260
103
490
170
118
101
122
142
36
517
286
224
5
539
356
2
11
74
209
415
358
261
410
382
368
409
350
322
106
174
397
344
328
367
70
43
149
705
280
191
76
7
267
167
389
379
366
306
183
289
178
385
220
194
257
565
435
204
253
441
334
45
187
170
228
687
220
313
429
129
346
276
308
607
35
485
437
408
225
673
419
410
267
406
142
372
62
115
318
386
212
431
2
463
454
358
115
315
487
329
147
490
10
117
224
401
67
174
343
265
313
116
82
282
424
362
275
17
324
633
452
367
306
258
370
154
227
192
313
258
190
262
71
366
243
216
382
332
59
366
155
343
253
270
237
63
208
359
414
336
212
495
58
342
213
399
590
122
414
525
270
102
226
109
209
21
617
420
290
143
87
10
213
415
475
31
431
239
122
359
187
370
422
353
412
226
424
240
185
105
229
446
194
343
570
165
466
350
590
181
417
423
498
205
289
710
402
166
201
225
509
316
234
27
254
249
271
230
396
138
139
224
423
471
470
422
384
384
125
291
434
130
228
50
683
212
490
104
182
250
103
640
6
264
198
232
339
133
148
162
329
165
413
376
171
644
238
332
323
241
62
118
345
298
191
223
499
350
201
129
406
132
263
393
110
76
545
323
138
239
4
188
553
472
469
192
240
35
377
630
146
463
380
56
585
292
310
301
