219
NID: 0
926.000 524.000
NID: 7
540.000 878.000
NID: 19
160.000 333.000
NID: 26
333.000 741.000
NID: 34
324.000 729.000
NID: 40
283.000 511.000
NID: 43
342.000 701.000
NID: 51
267.000 319.000
NID: 57
246.000 919.000
NID: 61
215.000 418.000
NID: 75
728.000 272.000
NID: 79
589.000 581.000
NID: 87
894.000 754.000
NID: 99
949.000 293.000
NID: 112
521.000 263.000
NID: 114
632.000 979.000
NID: 118
639.000 89.000
NID: 140
264.000 749.000
NID: 151
209.000 883.000
NID: 154
542.000 270.000
NID: 171
817.000 857.000
NID: 187
543.000 390.000
NID: 203
220.000 302.000
NID: 212
598.000 988.000
NID: 214
685.000 723.000
NID: 221
405.000 475.000
NID: 225
831.000 499.000
NID: 227
495.000 967.000
NID: 229
158.000 764.000
NID: 241
862.000 293.000
NID: 248
826.000 287.000
NID: 255
452.000 171.000
NID: 265
621.000 690.000
NID: 295
115.000 595.000
NID: 298
738.000 204.000
NID: 299
59.000 589.000
NID: 300
542.000 913.000
NID: 301
630.000 312.000
NID: 312
99.000 598.000
NID: 329
874.000 453.000
NID: 354
27.000 492.000
NID: 355
522.000 719.000
NID: 364
144.000 354.000
NID: 370
438.000 387.000
NID: 390
762.000 834.000
NID: 398
756.000 471.000
NID: 407
57.000 488.000
NID: 412
559.000 467.000
NID: 461
88.000 623.000
NID: 464
559.000 349.000
NID: 471
455.000 392.000
NID: 475
708.000 151.000
NID: 478
280.000 890.000
NID: 485
615.000 566.000
NID: 486
688.000 694.000
NID: 502
470.000 623.000
NID: 510
571.000 462.000
NID: 520
748.000 217.000
NID: 527
517.000 399.000
NID: 540
176.000 322.000
NID: 557
903.000 284.000
NID: 574
833.000 489.000
NID: 579
286.000 653.000
NID: 601
297.000 954.000
NID: 604
793.000 532.000
NID: 613
339.000 690.000
NID: 615
719.000 328.000
NID: 642
891.000 797.000
NID: 675
218.000 238.000
NID: 680
623.000 195.000
NID: 681
718.000 433.000
NID: 695
162.000 729.000
NID: 705
346.000 153.000
NID: 711
421.000 167.000
NID: 714
709.000 257.000
NID: 729
493.000 990.000
NID: 749
743.000 128.000
NID: 750
559.000 524.000
NID: 766
401.000 464.000
NID: 785
590.000 717.000
NID: 798
711.000 564.000
NID: 801
807.000 638.000
NID: 811
652.000 45.000
NID: 812
463.000 256.000
NID: 815
553.000 361.000
NID: 818
567.000 548.000
NID: 821
302.000 198.000
NID: 827
649.000 283.000
NID: 843
821.000 528.000
NID: 845
933.000 622.000
NID: 847
313.000 609.000
NID: 848
954.000 315.000
NID: 849
311.000 527.000
NID: 851
724.000 491.000
NID: 855
441.000 46.000
NID: 867
379.000 305.000
NID: 887
440.000 942.000
NID: 890
245.000 747.000
NID: 906
327.000 684.000
NID: 924
451.000 55.000
NID: 932
957.000 631.000
NID: 940
126.000 268.000
NID: 944
904.000 423.000
NID: 949
550.000 997.000
NID: 953
474.000 441.000
NID: 954
15.000 613.000
NID: 956
641.000 263.000
NID: 960
728.000 93.000
NID: 984
56.000 341.000
NID: 989
547.273 59.273
NID: 990
348.636 869.091
NID: 991
676.182 897.909
NID: 992
70.100 649.000
NID: 993
573.455 246.545
NID: 994
707.200 649.300
NID: 995
924.600 464.000
NID: 996
250.000 594.400
NID: 997
705.455 776.545
NID: 998
413.300 36.100
NID: 999
787.000 186.100
NID: 1000
367.800 524.700
NID: 1001
755.000 311.900
NID: 1002
919.500 342.900
NID: 1003
68.091 445.364
NID: 1004
195.700 370.600
NID: 1005
345.500 605.500
NID: 1006
377.273 339.909
NID: 1007
499.667 39.333
NID: 1008
839.600 652.300
NID: 1009
153.300 828.600
NID: 1010
466.800 844.400
NID: 1011
735.500 693.800
NID: 1012
910.200 692.100
NID: 1013
754.500 413.400
NID: 1014
624.091 770.636
NID: 1015
354.500 193.200
NID: 1016
684.700 456.000
NID: 1017
505.500 342.600
NID: 1018
746.700 553.900
NID: 1019
405.200 243.900
NID: 1020
156.455 608.455
NID: 1021
812.636 248.545
NID: 1022
291.273 126.273
NID: 1023
98.800 309.600
NID: 1024
230.000 455.455
NID: 1025
595.636 911.000
NID: 1026
259.091 215.091
NID: 1027
667.800 106.400
NID: 1028
112.364 700.727
NID: 1029
675.700 216.600
NID: 1030
395.364 120.909
NID: 1031
551.091 600.636
NID: 1032
131.091 406.818
NID: 1033
544.500 960.750
NID: 1034
285.091 692.364
NID: 1035
769.200 118.600
NID: 1036
316.727 902.091
NID: 1037
38.700 543.100
NID: 1038
756.818 900.727
NID: 1039
384.700 686.400
NID: 1040
641.818 603.818
NID: 1041
831.100 772.100
NID: 1042
309.545 282.273
NID: 1043
889.727 527.091
NID: 1044
475.000 925.400
NID: 1045
212.333 640.333
NID: 1046
24.750 448.000
NID: 1047
388.000 813.909
NID: 1048
633.273 503.091
NID: 1049
841.300 405.000
NID: 1050
610.636 370.091
NID: 1051
413.182 419.455
NID: 1052
963.000 630.200
NID: 1053
708.167 846.667
NID: 1054
780.000 824.667
NID: 1055
178.200 222.400
NID: 1056
320.545 476.364
NID: 1057
352.000 60.833
NID: 1058
427.333 593.667
NID: 1059
423.571 760.143
NID: 1060
517.818 765.909
NID: 1061
972.545 452.545
NID: 1062
551.400 718.400
NID: 1063
400.800 908.400
NID: 1064
806.667 583.333
NID: 1065
236.667 369.000
NID: 1066
485.100 177.000
NID: 1067
464.750 984.250
NID: 1068
233.250 546.750
NID: 1069
528.818 672.273
NID: 1070
608.429 97.143
NID: 1071
405.750 955.750
NID: 1072
493.000 553.250
NID: 1073
452.000 306.250
NID: 1074
516.100 465.900
NID: 1075
326.000 387.000
NID: 1076
530.250 144.750
NID: 1077
120.375 526.500
NID: 1078
467.000 78.333
NID: 1079
450.400 508.200
NID: 1080
580.667 420.333
NID: 1081
754.000 603.000
NID: 1082
194.625 134.875
NID: 1083
293.182 804.000
NID: 1084
173.000 495.000
NID: 1085
879.667 596.667
NID: 1086
462.333 355.667
NID: 1087
85.000 749.000
NID: 1088
708.667 519.667
NID: 1089
212.250 686.750
NID: 1090
566.667 318.667
NID: 1091
97.333 245.333
NID: 1092
577.333 847.333
NID: 1093
250.750 862.500
NID: 1094
937.333 583.667
NID: 1095
315.000 568.333
NID: 1096
188.800 773.200
NID: 1097
21.333 395.000
NID: 1098
885.333 210.667
1227
0 995
0 995
0 1043
0 1043
0 1061
7 300
7 1025
7 1025
7 1044
7 1060
7 1092
19 364
19 1004
19 1004
19 1023
19 1032
26 34
26 1039
26 1047
26 1047
26 1083
34 1034
34 1034
34 1083
40 849
40 996
40 1024
40 1056
40 1056
40 1056
40 1068
43 613
43 1034
43 1039
43 1039
51 203
51 1042
51 1042
51 1065
57 151
57 478
57 601
57 1009
57 1036
61 1004
61 1004
61 1004
61 1024
75 714
75 1001
75 1001
75 1001
79 485
79 1031
79 1031
79 1040
79 1040
79 1040
87 642
87 1012
87 1012
87 1041
99 557
99 848
99 1002
99 1002
112 154
112 812
112 993
112 993
112 1017
112 1073
114 212
114 991
114 1025
114 1025
118 811
118 1027
118 1027
118 1027
118 1027
118 1070
140 890
140 1034
140 1034
140 1083
140 1083
151 1009
151 1009
151 1093
154 993
154 1017
154 1090
171 1038
171 1038
171 1038
171 1041
171 1041
171 1054
187 815
187 1017
187 1050
187 1074
187 1080
203 675
203 1004
203 1026
203 1042
203 1042
203 1065
212 949
212 1025
212 1033
214 486
214 997
214 1011
214 1011
214 1011
221 766
221 1000
221 1051
221 1051
221 1056
221 1079
225 574
225 843
225 1043
225 1049
227 729
227 1033
227 1044
227 1067
229 695
229 1028
229 1096
241 248
241 557
241 1002
241 1002
241 1021
241 1021
248 1002
248 1021
248 1021
255 711
255 1019
255 1030
255 1066
255 1066
265 486
265 785
265 1014
265 1040
265 1069
295 312
295 1020
295 1020
295 1037
295 1077
298 520
298 999
298 999
298 1029
298 1029
299 312
299 992
299 1037
299 1037
299 1037
300 1025
300 1025
300 1033
300 1044
301 827
301 993
301 993
301 1050
301 1050
301 1050
301 1090
312 461
312 992
312 1020
312 1037
329 574
329 995
329 1043
329 1043
329 1049
329 1049
354 407
354 1003
354 1037
354 1037
354 1037
354 1046
355 1060
355 1062
355 1069
364 1004
364 1032
364 1032
370 471
370 1006
370 1051
370 1051
370 1086
390 997
390 1038
390 1053
390 1054
398 851
398 1013
398 1018
407 1003
407 1003
407 1037
407 1077
412 510
412 1048
412 1074
412 1074
412 1074
461 992
461 992
461 1020
464 1050
464 1050
464 1090
471 1017
471 1051
471 1051
471 1074
471 1086
475 749
475 999
475 1027
475 1027
475 1029
478 1036
478 1036
478 1093
485 1031
485 1040
485 1040
485 1048
485 1048
486 994
486 997
486 1011
486 1014
502 1031
502 1031
502 1058
502 1069
510 1048
510 1048
510 1074
510 1080
520 999
520 999
520 1001
520 1029
527 1017
527 1074
527 1074
540 1004
540 1004
540 1023
540 1055
540 1055
557 1002
557 1002
557 1021
557 1098
574 1043
574 1043
574 1049
574 1049
579 996
579 996
579 996
579 1005
579 1034
579 1034
579 1034
601 1009
601 1036
601 1036
601 1036
601 1067
604 843
604 1018
604 1049
613 906
613 1034
613 1039
613 1039
615 1001
615 1001
615 1050
642 1012
642 1038
642 1038
642 1041
642 1041
675 1026
675 1026
675 1026
675 1055
675 1055
680 993
680 993
680 1029
680 1029
680 1070
681 1013
681 1013
681 1016
681 1016
695 1028
695 1028
695 1089
695 1096
705 1015
705 1015
705 1022
705 1030
705 1030
711 1015
711 1015
711 1019
711 1030
711 1030
714 827
714 1001
714 1001
714 1029
714 1029
714 1029
729 949
729 1067
749 960
749 999
749 1027
749 1035
749 1035
750 1048
750 1048
750 1048
750 1072
750 1074
766 1051
766 1051
766 1056
785 1014
785 1014
785 1062
785 1069
785 1069
798 1018
798 1018
798 1040
798 1040
801 1008
801 1008
801 1011
801 1081
811 989
811 1027
811 1027
811 1035
811 1070
812 993
812 1019
812 1019
812 1066
812 1073
815 1017
815 1017
815 1050
815 1050
815 1090
818 1031
818 1031
818 1072
821 1015
821 1022
821 1022
821 1042
827 956
827 993
827 1029
827 1050
843 1018
843 1043
843 1043
843 1064
845 932
845 1012
845 1012
845 1052
845 1085
847 996
847 1005
847 1005
847 1005
847 1095
848 1002
848 1002
849 996
849 1056
849 1095
851 1013
851 1016
851 1018
851 1018
851 1088
855 924
855 998
855 998
855 998
867 1006
867 1019
867 1042
887 1044
887 1063
887 1067
887 1071
890 1034
890 1034
890 1083
890 1096
906 1034
906 1034
906 1034
906 1039
924 998
924 998
924 1007
924 1030
932 1052
932 1052
932 1094
940 1023
940 1023
940 1055
940 1091
944 995
944 995
944 1002
944 1049
944 1049
944 1061
949 1033
949 1067
953 1051
953 1051
953 1074
953 1074
953 1074
954 992
954 992
954 992
954 1037
954 1037
954 1087
956 993
956 1029
956 1029
960 1027
960 1027
960 1035
984 1003
984 1023
984 1023
984 1032
984 1097
989 998
989 998
989 1007
989 1007
989 1007
989 1007
989 1035
989 1035
989 1066
989 1070
989 1070
989 1070
989 1070
989 1070
989 1070
989 1070
989 1070
989 1076
989 1076
989 1076
989 1076
989 1078
990 1036
990 1036
990 1036
990 1036
990 1036
990 1036
990 1047
990 1047
990 1047
990 1047
990 1047
990 1063
990 1063
990 1063
990 1063
990 1063
990 1083
990 1083
990 1083
990 1083
990 1083
991 1014
991 1014
991 1014
991 1025
991 1025
991 1025
991 1025
991 1025
991 1025
991 1025
991 1025
991 1025
991 1038
991 1038
991 1038
991 1038
991 1038
991 1038
991 1053
991 1053
991 1053
991 1053
991 1053
991 1092
991 1092
992 1020
992 1028
992 1028
992 1028
992 1028
992 1028
992 1028
992 1087
993 1029
993 1029
993 1029
993 1066
993 1066
993 1066
993 1066
993 1066
993 1070
993 1076
993 1076
993 1090
993 1090
993 1090
994 1011
994 1011
994 1011
994 1011
994 1011
994 1011
994 1011
994 1018
994 1040
994 1040
994 1040
994 1040
994 1040
994 1040
994 1040
995 1043
995 1043
995 1043
995 1049
995 1061
995 1061
995 1061
995 1061
995 1061
995 1061
995 1061
995 1061
996 1005
996 1020
996 1020
996 1020
996 1020
996 1034
996 1045
996 1045
996 1068
996 1068
996 1068
996 1068
996 1068
996 1095
996 1095
997 1011
997 1011
997 1011
997 1011
997 1011
997 1014
997 1014
997 1014
997 1014
997 1014
997 1014
997 1014
997 1014
997 1041
997 1053
997 1053
997 1053
997 1054
997 1054
997 1054
998 1007
998 1007
998 1030
998 1030
998 1030
998 1057
998 1057
998 1057
998 1057
998 1057
998 1057
998 1082
999 1001
999 1021
999 1021
999 1021
999 1021
999 1021
999 1021
999 1021
999 1021
999 1029
999 1035
999 1035
999 1035
999 1035
999 1098
999 1098
999 1098
1000 1005
1000 1005
1000 1005
1000 1005
1000 1056
1000 1056
1000 1056
1000 1056
1000 1056
1000 1056
1000 1056
1000 1058
1000 1058
1000 1058
1000 1058
1000 1079
1000 1079
1000 1095
1000 1095
1000 1095
1001 1002
1001 1013
1001 1013
1001 1013
1001 1013
1001 1021
1001 1021
1001 1021
1001 1021
1001 1021
1001 1029
1001 1049
1001 1049
1001 1049
1001 1050
1001 1050
1002 1021
1002 1049
1002 1049
1002 1049
1002 1049
1002 1049
1002 1061
1002 1061
1002 1061
1002 1061
1002 1061
1002 1098
1003 1032
1003 1032
1003 1032
1003 1032
1003 1046
1003 1046
1003 1046
1003 1046
1003 1046
1003 1046
1003 1077
1003 1077
1003 1077
1003 1077
1003 1097
1003 1097
1003 1097
1004 1024
1004 1024
1004 1024
1004 1024
1004 1024
1004 1032
1004 1032
1004 1032
1004 1032
1004 1055
1004 1065
1004 1065
1004 1065
1005 1034
1005 1034
1005 1039
1005 1039
1005 1039
1005 1058
1005 1058
1005 1058
1005 1058
1005 1095
1005 1095
1006 1019
1006 1019
1006 1042
1006 1042
1006 1042
1006 1051
1006 1051
1006 1051
1006 1051
1006 1051
1006 1073
1006 1073
1006 1075
1006 1075
1006 1075
1006 1075
1006 1075
1006 1075
1006 1086
1006 1086
1007 1078
1008 1011
1008 1012
1008 1012
1008 1012
1008 1012
1008 1012
1008 1012
1008 1041
1008 1041
1008 1041
1008 1064
1008 1081
1008 1085
1008 1085
1008 1085
1008 1085
1009 1087
1009 1087
1009 1087
1009 1087
1009 1093
1009 1096
1009 1096
1009 1096
1009 1096
1010 1044
1010 1044
1010 1044
1010 1044
1010 1047
1010 1047
1010 1047
1010 1059
1010 1059
1010 1059
1010 1059
1010 1059
1010 1060
1010 1060
1010 1060
1010 1060
1010 1060
1010 1060
1010 1063
1010 1063
1010 1063
1011 1041
1011 1041
1011 1081
1011 1081
1012 1041
1012 1041
1012 1041
1012 1041
1012 1052
1012 1052
1012 1052
1012 1052
1012 1052
1012 1085
1012 1085
1013 1016
1013 1016
1013 1016
1013 1018
1013 1049
1013 1049
1013 1049
1013 1049
1013 1050
1013 1050
1014 1053
1014 1053
1014 1060
1014 1060
1014 1060
1014 1060
1014 1062
1014 1062
1014 1062
1014 1092
1015 1019
1015 1019
1015 1019
1015 1019
1015 1022
1015 1022
1015 1030
1015 1030
1015 1030
1015 1030
1015 1042
1015 1042
1015 1042
1015 1042
1015 1042
1016 1048
1016 1048
1016 1048
1016 1048
1016 1048
1016 1048
1016 1050
1016 1050
1016 1088
1017 1073
1017 1073
1017 1073
1017 1073
1017 1074
1017 1086
1017 1086
1017 1086
1017 1086
1017 1090
1017 1090
1017 1090
1017 1090
1018 1040
1018 1040
1018 1049
1018 1064
1018 1064
1018 1064
1018 1081
1018 1081
1018 1081
1018 1081
1018 1088
1018 1088
1018 1088
1018 1088
1019 1042
1019 1042
1019 1042
1019 1066
1019 1066
1019 1066
1019 1073
1019 1073
1020 1028
1020 1028
1020 1028
1020 1028
1020 1045
1020 1045
1020 1068
1020 1077
1020 1077
1020 1077
1020 1077
1020 1077
1020 1089
1021 1098
1021 1098
1021 1098
1022 1026
1022 1026
1022 1026
1022 1026
1022 1026
1022 1030
1022 1030
1022 1030
1022 1055
1022 1057
1022 1057
1022 1057
1022 1082
1022 1082
1022 1082
1022 1082
1022 1082
1023 1032
1023 1032
1023 1032
1023 1032
1023 1032
1023 1055
1023 1091
1023 1091
1023 1091
1023 1097
1024 1032
1024 1056
1024 1056
1024 1056
1024 1056
1024 1065
1024 1068
1024 1068
1024 1068
1024 1068
1024 1075
1024 1075
1024 1084
1024 1084
1024 1084
1024 1084
1025 1033
1025 1033
1025 1033
1025 1033
1025 1092
1025 1092
1025 1092
1026 1042
1026 1042
1026 1042
1026 1042
1026 1042
1026 1055
1026 1055
1027 1029
1027 1029
1027 1035
1027 1070
1027 1070
1027 1070
1028 1087
1028 1087
1028 1087
1028 1087
1028 1087
1028 1087
1028 1089
1028 1089
1028 1096
1029 1070
1030 1057
1030 1057
1030 1057
1030 1057
1030 1066
1030 1066
1030 1066
1030 1078
1030 1078
1031 1040
1031 1040
1031 1040
1031 1048
1031 1058
1031 1069
1031 1069
1031 1069
1031 1069
1031 1069
1031 1069
1031 1072
1031 1072
1031 1072
1031 1072
1032 1077
1032 1084
1032 1084
1033 1044
1033 1044
1034 1039
1034 1039
1034 1045
1034 1083
1034 1089
1034 1089
1034 1089
1034 1089
1034 1096
1035 1098
1035 1098
1036 1063
1036 1063
1036 1063
1036 1067
1036 1071
1036 1071
1036 1071
1036 1083
1036 1083
1036 1093
1036 1093
1036 1093
1037 1046
1037 1077
1037 1077
1037 1077
1037 1077
1037 1077
1037 1077
1037 1097
1038 1041
1038 1041
1038 1053
1038 1053
1038 1053
1038 1054
1038 1054
1039 1047
1039 1058
1039 1058
1039 1058
1039 1059
1039 1059
1039 1059
1039 1059
1039 1060
1039 1060
1039 1069
1039 1069
1040 1048
1040 1048
1040 1069
1040 1069
1040 1088
1040 1088
1041 1054
1041 1054
1041 1054
1042 1065
1042 1065
1042 1075
1042 1075
1042 1075
1042 1075
1043 1061
1043 1064
1043 1085
1043 1085
1043 1085
1043 1085
1043 1094
1043 1094
1043 1094
1044 1060
1044 1063
1044 1067
1044 1067
1044 1067
1045 1089
1045 1089
1046 1097
1046 1097
1046 1097
1047 1059
1047 1059
1047 1059
1047 1059
1047 1059
1047 1063
1047 1063
1047 1083
1047 1083
1047 1083
1048 1050
1048 1074
1048 1080
1048 1080
1048 1088
1048 1088
1050 1080
1050 1080
1050 1080
1050 1090
1050 1090
1051 1056
1051 1056
1051 1074
1051 1074
1051 1075
1051 1075
1051 1075
1051 1079
1051 1079
1052 1061
1052 1061
1052 1094
1052 1094
1055 1082
1055 1082
1055 1082
1055 1082
1055 1082
1055 1082
1055 1082
1055 1091
1055 1091
1055 1091
1055 1091
1056 1075
1056 1075
1056 1075
1056 1075
1056 1095
1057 1082
1057 1082
1058 1069
1058 1069
1058 1072
1058 1072
1058 1072
1058 1079
1058 1079
1060 1062
1060 1062
1060 1062
1060 1069
1060 1069
1060 1092
1060 1092
1061 1094
1061 1094
1061 1098
1062 1069
1062 1069
1062 1069
1062 1069
1063 1071
1063 1071
1064 1081
1064 1081
1064 1085
1065 1075
1066 1076
1066 1076
1066 1076
1066 1078
1066 1078
1067 1071
1067 1071
1067 1071
1068 1077
1068 1084
1070 1076
1072 1074
1072 1079
1072 1079
1073 1086
1074 1079
1074 1079
1074 1079
1074 1080
1074 1080
1077 1084
1077 1084
1077 1084
1077 1084
1082 1091
1082 1091
1083 1093
1083 1093
1083 1093
1083 1093
1083 1096
1083 1096
1085 1094
1085 1094
1087 1096
1089 1096
1093 1096
