49 97
33 18
30 29
13 13
24 30
13 17
17 28
35 28
13 36
36 29
13 24
16 30
22 12
21 19
20 19
28 33
35 20
15 35
27 23
17 14
31 34
36 14
26 32
31 13
34 24
15 31
32 21
20 14
21 32
33 31
28 36
14 14
30 19
13 18
21 26
31 29
19 15
17 13
36 24
36 20
33 14
35 19
25 34
14 16
21 17
27 29
17 25
17 23
31 27
23 17
16 33
15 24
31 20
17 34
28 21
32 35
27 33
25 35
23 34
14 29
22 24
26 27
34 18
34 12
32 24
25 32
19 34
36 27
28 17
21 15
20 17
33 23
18 29
30 28
35 30
16 23
34 35
36 25
26 17
22 13
31 12
15 13
23 27
29 25
21 35
12 26
34 23
28 22
27 15
25 19
15 36
20 12
18 36
30 13
27 36
26 21
36 23
25 12
