49 195
24 20
33 24
20 25
34 31
34 26
12 32
13 32
12 19
23 32
35 31
28 20
19 28
36 21
28 31
29 29
35 34
15 33
14 28
20 24
30 28
27 30
15 34
22 36
19 20
33 33
16 24
16 14
33 23
13 22
25 28
17 25
22 12
29 24
35 33
27 15
12 30
14 17
16 17
28 13
23 18
21 33
24 18
24 24
32 14
17 31
16 25
24 19
23 13
19 17
30 25
30 16
15 36
31 18
13 24
20 18
28 24
27 34
17 35
34 15
24 34
25 23
35 22
20 28
16 13
34 12
22 31
32 34
24 15
26 19
19 24
25 32
24 13
20 16
25 25
12 14
22 21
15 22
30 24
19 26
17 30
17 23
25 19
27 36
31 29
22 19
25 17
31 26
32 29
13 26
24 23
36 35
33 14
32 21
28 21
19 35
34 24
20 33
12 16
13 31
26 15
14 30
31 16
29 16
25 14
23 23
27 28
33 19
23 19
32 28
20 26
29 36
32 19
12 31
12 33
28 16
26 21
23 33
14 27
22 29
12 22
20 13
18 17
13 16
15 18
34 23
29 32
34 18
16 12
20 36
36 33
15 25
24 25
18 29
17 16
25 27
15 28
18 30
29 34
29 13
23 35
31 19
12 26
26 33
26 26
21 28
29 31
26 16
29 30
16 35
26 20
32 25
24 32
26 29
17 33
27 23
34 33
22 30
17 12
33 21
19 34
14 24
17 14
15 26
34 35
35 16
29 25
17 13
36 24
30 15
13 18
17 18
24 12
21 12
20 30
18 33
21 24
23 27
12 25
30 30
23 26
25 22
21 30
23 31
17 26
28 14
34 27
17 27
29 12
32 31
34 16
36 22
32 22
23 12
21 34
19 30
