49 139
34 25
36 25
16 19
18 24
14 20
17 29
30 17
31 26
30 20
17 15
14 31
32 30
34 31
31 29
28 35
33 12
34 23
17 13
27 34
23 26
29 25
32 22
26 19
12 17
16 31
18 18
26 20
31 34
29 35
30 19
18 14
26 36
32 34
16 30
14 16
21 17
20 36
13 33
34 21
33 30
14 32
19 14
26 23
15 23
25 21
35 29
18 15
26 33
23 36
13 20
35 35
22 16
14 29
32 16
28 20
33 18
21 14
13 24
12 18
12 23
31 21
28 27
13 14
34 34
28 12
20 35
33 33
28 25
18 35
23 23
16 15
35 23
30 29
24 20
36 31
16 24
28 17
13 26
21 24
28 18
20 19
15 31
34 19
15 32
18 13
30 34
30 31
24 17
15 15
23 28
28 34
34 24
19 23
36 34
15 34
23 16
13 12
13 27
20 25
27 26
12 13
19 24
26 35
12 16
33 35
18 25
12 29
26 30
31 31
24 31
30 16
13 17
13 29
20 13
18 28
27 32
35 31
23 30
35 22
23 24
34 28
34 26
15 25
34 30
28 28
12 31
13 30
29 21
23 17
20 34
23 25
20 14
24 19
16 27
22 36
27 31
22 35
36 23
19 25
