49 125
26 18
20 19
16 22
27 25
32 23
28 27
32 27
17 29
13 21
14 25
23 36
17 36
20 32
13 16
31 16
19 31
20 16
36 14
34 26
16 27
23 22
12 28
26 32
26 19
18 19
36 21
22 32
13 22
34 29
18 26
15 20
27 15
19 34
35 12
12 34
16 29
36 27
25 36
23 15
33 14
27 30
29 18
22 28
36 35
31 18
28 22
33 29
18 30
36 24
23 26
33 19
36 28
14 14
31 27
29 23
16 14
16 24
33 21
23 14
32 33
14 29
32 21
20 33
17 21
31 15
30 12
21 16
32 34
16 30
20 13
29 33
24 23
32 15
26 12
22 20
33 17
22 16
25 24
13 17
17 35
26 33
36 17
31 24
29 35
28 19
17 34
29 26
27 17
15 14
14 35
23 29
16 25
13 25
34 17
30 15
30 19
12 20
18 32
12 12
29 29
35 33
24 15
15 15
28 25
32 30
23 23
16 31
35 15
13 33
34 21
18 31
31 36
18 12
20 18
12 29
23 13
36 33
16 16
28 34
17 17
24 32
30 16
28 21
19 21
13 24
