104 45 34
104 45 34
104 45 35
104 45 36
104 45 37
104 45 37
104 45 38
104 45 39
104 45 40
104 45 41
104 45 42
104 45 43
104 45 44
104 45 45
104 45 46
180 170 34
28 183 34
79 101 34
195 15 34
23 102 34
23 102 34
80 141 34
150 145 34
59 69 34
53 35 34
20 108 34
20 116 34
20 124 34
20 132 34
20 140 34
20 148 34
20 156 34
52 44 34
52 52 34
52 60 34
52 68 34
52 100 34
60 76 34
60 84 34
60 92 34
60 100 34
68 44 34
76 44 34
76 108 34
76 116 34
76 124 34
76 132 34
84 44 34
84 148 34
92 44 34
92 148 34
100 44 34
108 20 34
108 28 34
108 36 34
108 148 34
116 12 34
116 148 34
124 148 34
132 12 34
148 156 34
148 164 34
148 172 34
156 12 34
156 172 34
164 12 34
172 12 34
172 172 34
20 108 34
20 116 34
20 116 35
20 116 36
20 116 37
20 116 37
20 116 38
20 116 39
20 116 40
20 116 41
20 116 42
20 116 43
20 116 44
20 116 45
20 116 46
20 116 47
20 116 48
20 116 49
20 116 50
20 116 51
20 116 52
20 116 53
20 116 54
20 116 56
20 116 57
20 116 58
20 116 60
20 116 61
20 116 62
20 116 64
20 116 65
20 116 66
20 116 68
20 116 69
20 116 71
20 116 73
20 116 74
20 116 76
20 116 77
20 116 79
20 116 81
20 116 83
20 116 85
20 116 86
20 116 88
20 116 90
20 116 92
20 116 94
20 116 97
20 116 99
20 116 101
20 124 34
20 124 35
20 124 36
20 124 37
20 124 37
20 124 38
20 124 39
20 124 40
20 124 41
20 124 42
20 124 43
20 124 44
20 124 45
20 124 46
20 124 47
20 124 48
20 124 49
20 124 50
20 124 51
20 124 52
20 124 53
20 124 54
20 124 56
20 124 57
20 124 58
20 124 60
20 124 61
20 124 62
20 124 64
20 124 65
20 124 66
20 124 68
20 124 69
20 124 71
20 124 73
20 124 74
20 124 76
20 124 77
20 124 79
20 124 81
20 124 83
20 124 85
20 124 86
20 124 88
20 124 90
20 124 92
20 124 94
20 124 97
20 124 99
20 124 101
20 124 103
20 124 105
20 124 108
20 124 110
20 124 113
20 124 115
20 124 118
20 124 120
20 124 123
20 124 126
20 132 34
20 132 35
20 132 36
20 132 37
20 132 37
20 132 38
20 132 39
20 132 40
20 132 41
20 132 42
20 132 43
20 132 44
20 132 45
20 132 46
20 132 47
20 132 48
20 132 49
20 132 50
20 132 51
20 132 52
20 132 53
20 132 54
20 132 56
20 132 57
20 132 58
20 132 60
20 132 61
20 132 62
20 132 64
20 132 65
20 132 66
20 132 68
20 132 69
20 132 71
20 132 73
20 132 74
20 132 76
20 132 77
20 132 79
20 132 81
20 132 83
20 132 85
20 132 86
20 132 88
20 132 90
20 132 92
20 140 34
20 140 35
20 140 36
20 140 37
20 140 37
20 140 38
20 140 39
20 140 40
20 140 41
20 140 42
20 140 43
20 140 44
20 140 45
20 140 46
20 140 47
20 140 48
20 140 49
20 140 50
20 140 51
20 140 52
20 140 53
20 140 54
20 148 34
20 156 34
20 156 35
20 156 36
20 156 37
20 156 37
20 156 38
20 156 39
20 156 40
20 164 34
20 164 34
20 164 35
20 164 36
20 164 37
20 164 37
20 164 38
20 164 39
20 164 40
20 164 41
20 164 42
20 164 43
20 164 44
20 164 45
20 164 46
20 164 47
20 164 48
20 164 49
20 164 50
20 164 51
20 164 52
20 164 53
20 164 54
20 164 56
20 164 57
20 164 58
20 164 60
20 164 61
20 164 62
20 164 64
20 164 65
20 164 66
20 164 68
20 164 69
20 164 71
20 164 73
20 164 74
20 164 76
20 164 77
20 164 79
20 164 81
20 164 83
20 164 85
20 164 86
20 172 34
20 172 34
20 172 35
20 172 36
20 172 37
20 172 37
20 172 38
20 172 39
20 172 40
20 172 41
20 172 42
20 172 43
20 172 44
20 172 45
20 172 46
20 172 47
20 172 48
20 172 49
20 172 50
20 172 51
20 172 52
20 172 53
20 180 34
28 100 34
28 100 34
28 100 35
108 148 34
60 92 34
60 92 35
60 148 34
108 28 34
108 28 35
108 28 36
108 28 37
108 28 37
108 28 38
108 28 39
108 28 40
108 28 41
108 28 42
108 28 43
108 28 44
108 28 45
108 28 46
108 28 47
108 28 48
108 28 49
108 28 50
108 28 51
108 28 52
108 28 53
108 28 54
108 28 56
108 28 57
108 28 58
108 28 60
108 28 61
108 28 62
108 28 64
108 28 65
108 28 66
108 28 68
108 28 69
108 28 71
108 28 73
108 28 74
108 28 76
108 28 77
108 28 79
108 28 81
108 28 83
108 28 85
108 28 86
108 28 88
108 28 90
108 28 92
108 28 94
108 28 97
116 12 34
116 12 35
116 12 36
116 12 37
116 12 37
116 12 38
116 12 39
116 12 40
116 12 41
116 12 42
116 12 43
116 12 44
116 12 45
84 44 34
84 44 35
84 44 36
84 44 37
84 44 37
84 44 38
84 44 39
84 44 40
84 44 41
84 44 42
84 44 43
84 44 44
84 44 45
84 44 46
84 44 47
84 44 48
84 44 49
84 44 50
84 44 51
84 44 52
84 44 53
84 44 54
84 44 56
84 44 57
84 44 58
84 44 60
84 44 61
84 44 62
84 44 64
52 148 34
52 148 34
52 148 35
52 148 36
52 148 37
52 148 37
52 148 38
76 116 34
76 116 35
76 116 36
76 116 37
76 116 37
76 116 38
76 116 39
76 116 40
76 116 41
116 148 34
116 148 35
116 148 36
116 148 37
116 148 37
116 148 38
116 148 39
116 148 40
116 148 41
116 148 42
116 148 43
116 148 44
116 148 45
116 148 46
116 148 47
116 148 48
116 148 49
116 148 50
116 148 51
116 148 52
116 148 53
116 148 54
116 148 56
116 148 57
116 148 58
116 148 60
116 148 61
116 148 62
116 148 64
116 148 65
116 148 66
116 148 68
116 148 69
116 148 71
116 148 73
116 148 74
116 148 76
132 12 34
132 12 35
132 12 36
132 12 37
132 12 37
132 12 38
132 12 39
132 12 40
132 12 41
132 12 42
132 12 43
132 12 44
132 12 45
132 12 46
132 12 47
132 12 48
132 12 49
132 12 50
132 12 51
132 12 52
132 12 53
132 12 54
132 12 56
132 12 57
132 12 58
164 12 34
36 156 34
36 156 34
36 156 35
148 164 34
148 164 35
148 164 36
148 164 37
148 164 37
148 164 38
148 164 39
148 164 40
148 164 41
148 164 42
148 164 43
148 164 44
148 164 45
148 164 46
148 164 47
148 164 48
148 164 49
148 164 50
148 164 51
148 164 52
148 164 53
148 164 54
148 164 56
148 172 34
148 172 35
148 172 36
148 172 37
148 172 37
148 172 38
148 172 39
148 172 40
148 172 41
148 172 42
148 172 43
148 172 44
148 172 45
148 172 46
148 172 47
148 172 48
148 172 49
148 172 50
148 172 51
148 172 52
148 172 53
148 172 54
148 172 56
148 172 57
148 172 58
148 172 60
148 172 61
148 172 62
148 172 64
148 172 65
148 172 66
148 172 68
148 172 69
148 172 71
148 172 73
148 172 74
148 172 76
148 172 77
148 172 79
148 172 81
148 172 83
148 172 85
148 172 86
148 172 88
148 172 90
148 172 92
148 172 94
148 172 97
148 172 99
148 172 101
148 172 103
52 100 34
52 100 35
92 36 34
92 36 34
92 36 35
92 36 36
92 36 37
92 36 37
92 36 38
92 36 39
92 36 40
156 12 34
156 12 35
156 12 36
156 12 37
156 12 37
156 12 38
156 12 39
156 12 40
156 12 41
156 12 42
156 12 43
156 12 44
156 12 45
156 12 46
156 12 47
156 12 48
156 12 49
156 12 50
156 12 51
156 12 52
156 12 53
156 12 54
156 12 56
156 12 57
156 12 58
156 12 60
156 12 61
156 12 62
156 12 64
156 12 65
156 12 66
156 12 68
156 12 69
156 12 71
156 12 73
156 12 74
156 12 76
172 12 34
156 172 34
156 172 35
156 172 36
156 172 37
156 172 37
156 172 38
156 172 39
156 172 40
156 172 41
156 172 42
156 172 43
156 172 44
156 172 45
156 172 46
156 172 47
156 172 48
156 172 49
156 172 50
156 172 51
156 172 52
156 172 53
156 172 54
156 172 56
156 172 57
156 172 58
156 172 60
156 172 61
156 172 62
156 172 64
156 172 65
156 172 66
156 172 68
156 172 69
156 172 71
156 172 73
156 172 74
156 172 76
156 172 77
156 172 79
124 20 34
124 20 34
124 20 35
124 20 36
124 20 37
124 20 37
124 20 38
124 20 39
124 20 40
124 20 41
44 156 34
44 156 34
44 156 35
44 156 36
44 156 37
44 156 37
44 156 38
44 156 39
44 156 40
44 156 41
44 156 42
44 156 43
132 28 34
164 20 34
164 20 34
92 52 34
92 52 34
92 52 35
92 52 36
92 52 37
92 52 37
92 52 38
92 52 39
92 52 40
92 52 41
92 52 42
92 52 43
92 52 44
92 52 45
92 52 46
92 52 47
92 52 48
92 52 49
92 52 50
92 52 51
92 52 52
92 52 53
92 52 54
92 52 56
92 52 57
164 164 34
164 164 34
164 164 35
164 164 36
164 164 37
164 164 37
164 164 38
164 164 39
164 164 40
164 164 41
164 164 42
164 164 43
164 164 44
164 164 45
164 164 46
52 52 34
52 52 35
52 52 36
52 52 37
52 52 37
52 52 38
52 52 39
52 52 40
52 52 41
52 52 42
52 52 43
148 20 34
148 20 34
148 20 35
148 20 36
148 20 37
148 20 37
148 20 38
148 20 39
148 20 40
148 20 41
148 20 42
148 20 43
148 20 44
148 20 45
148 20 46
148 20 47
148 20 48
148 20 49
148 20 50
148 20 51
148 20 52
148 20 53
148 20 54
148 20 56
148 20 57
148 20 58
148 20 60
148 20 61
148 20 62
148 20 64
148 20 65
148 20 66
148 20 68
148 20 69
148 20 71
148 20 73
148 20 74
148 20 76
148 20 77
148 20 79
148 20 81
148 20 83
148 20 85
148 20 86
148 20 88
148 20 90
148 20 92
76 132 34
76 132 35
68 44 34
68 44 35
68 44 36
68 44 37
68 44 37
68 44 38
68 44 39
68 44 40
68 44 41
68 44 42
68 44 43
68 44 44
68 44 45
68 44 46
68 44 47
68 44 48
68 44 49
68 44 50
68 44 51
68 44 52
68 44 53
116 36 34
116 36 34
116 36 35
116 36 36
52 44 34
52 44 35
52 44 36
52 44 37
52 44 37
52 44 38
52 44 39
52 44 40
52 44 41
52 44 42
52 44 43
52 44 44
52 44 45
156 28 34
132 148 34
132 148 34
132 148 35
132 148 36
132 148 37
132 148 37
132 148 38
132 148 39
132 148 40
132 148 41
132 148 42
132 148 43
132 148 44
132 148 45
132 148 46
132 148 47
132 148 48
132 148 49
132 148 50
132 148 51
132 148 52
132 148 53
132 148 54
132 148 56
132 148 57
132 148 58
132 148 60
132 148 61
132 148 62
132 148 64
132 148 65
132 148 66
132 148 68
132 148 69
132 148 71
132 148 73
132 148 74
132 148 76
132 148 77
132 148 79
132 148 81
132 148 83
132 148 85
132 148 86
132 148 88
132 148 90
132 148 92
132 148 94
132 148 97
132 148 99
132 148 101
132 148 103
132 148 105
132 148 108
132 148 110
132 148 113
132 148 115
132 148 118
132 148 120
172 156 34
172 156 34
172 156 35
172 156 36
172 156 37
172 156 37
172 156 38
172 156 39
172 156 40
172 156 41
172 156 42
172 156 43
172 156 44
172 156 45
172 156 46
172 156 47
172 156 48
172 156 49
172 156 50
172 156 51
172 156 52
172 156 53
172 156 54
172 156 56
172 156 57
172 156 58
172 156 60
172 156 61
132 28 34
132 28 35
132 28 36
132 28 37
140 28 34
140 28 34
140 28 35
140 28 36
140 28 37
140 28 37
140 28 38
140 28 39
140 28 40
140 28 41
140 28 42
140 28 43
140 28 44
140 28 45
140 28 46
140 28 47
28 172 34
28 172 34
28 172 35
28 172 36
28 172 37
28 172 37
28 172 38
28 172 39
28 172 40
28 172 41
28 172 42
28 172 43
28 172 44
28 172 45
60 36 34
60 36 34
60 36 35
68 100 34
68 100 34
68 100 35
68 100 36
68 100 37
140 156 34
164 148 34
164 148 34
164 148 35
164 148 36
164 148 37
164 148 37
164 148 38
164 148 39
164 148 40
164 148 41
164 148 42
164 148 43
164 148 44
148 36 34
76 36 34
76 36 34
76 36 35
76 36 36
76 36 37
76 36 37
76 36 38
76 36 39
180 148 34
180 148 34
180 148 35
180 148 36
180 148 37
180 148 37
180 148 38
180 148 39
180 148 40
124 156 34
124 156 34
124 156 35
124 156 36
124 156 37
124 156 37
124 156 38
124 156 39
124 156 40
124 156 41
124 156 42
124 156 43
124 156 44
124 156 45
124 156 46
124 156 47
124 156 48
124 156 49
124 156 50
124 156 51
124 156 52
124 156 53
124 156 54
124 156 56
124 156 57
124 156 58
124 156 60
124 156 61
124 156 62
124 156 64
124 156 65
124 156 66
124 156 68
124 156 69
124 156 71
124 156 73
124 156 74
124 156 76
124 156 77
124 156 79
124 156 81
124 156 83
124 156 85
36 180 34
36 180 34
60 60 34
60 60 34
60 60 35
60 60 36
60 84 34
60 84 35
140 140 34
124 140 34
124 140 34
124 140 35
124 140 36
124 140 37
124 140 37
124 140 38
124 140 39
124 140 40
124 140 41
124 140 42
124 140 43
124 140 44
124 140 45
124 140 46
124 140 47
124 140 48
124 140 49
124 140 50
124 140 51
124 140 52
124 140 53
124 140 54
124 140 56
124 140 57
124 140 58
124 140 60
124 140 61
124 140 62
124 140 64
124 140 65
124 140 66
124 140 68
124 140 69
124 140 71
124 140 73
124 140 74
124 140 76
124 140 77
124 140 79
124 140 81
124 140 83
124 140 85
124 140 86
124 140 88
124 140 90
124 140 92
124 140 94
124 140 97
124 140 99
124 140 101
124 140 103
124 140 105
124 140 108
156 156 34
156 156 34
156 156 35
156 156 36
76 148 34
100 148 34
172 172 34
188 12 34
116 164 34
140 156 34
140 156 35
140 156 36
140 156 37
140 156 37
140 156 38
140 156 39
140 156 40
140 156 41
140 156 42
140 156 43
140 156 44
140 156 45
140 156 46
140 156 47
140 156 48
140 156 49
140 156 50
140 156 51
140 156 52
140 156 53
140 156 54
140 156 56
140 156 57
140 156 58
140 156 60
140 156 61
140 156 62
140 156 64
140 156 65
140 156 66
140 156 68
68 148 34
140 36 34
180 12 34
76 140 34
76 108 34
140 140 34
108 132 34
108 132 34
108 132 35
108 132 36
108 132 37
108 132 37
108 132 38
108 132 39
108 132 40
108 132 41
108 132 42
132 132 34
132 132 34
132 132 35
132 132 36
132 132 37
132 132 37
132 132 38
132 132 39
132 132 40
132 132 41
132 132 42
132 132 43
132 132 44
132 132 45
132 132 46
132 132 47
132 132 48
132 132 49
132 132 50
132 132 51
132 132 52
132 132 53
132 132 54
132 132 56
132 132 57
132 132 58
132 132 60
132 132 61
132 132 62
132 132 64
132 132 65
132 132 66
132 132 68
132 132 69
132 132 71
132 132 73
132 132 74
132 132 76
132 132 77
132 132 79
132 132 81
132 132 83
132 132 85
132 132 86
132 132 88
132 132 90
132 132 92
132 132 94
132 132 97
132 132 99
132 132 101
132 132 103
148 28 34
148 28 34
148 28 35
148 28 36
148 28 37
148 28 37
148 28 38
148 28 39
148 28 40
156 20 34
156 20 34
156 20 35
156 20 36
156 20 37
156 20 37
156 20 38
156 20 39
156 20 40
164 12 35
164 12 36
164 12 37
124 124 34
116 124 34
140 140 35
140 140 36
140 140 37
140 140 37
140 140 38
140 140 39
140 140 40
140 140 41
140 140 42
140 140 43
140 140 44
140 140 45
140 140 46
140 140 47
140 140 48
140 140 49
140 140 50
140 140 51
140 140 52
140 140 53
164 172 34
164 172 34
164 172 35
164 172 36
164 172 37
164 172 37
164 172 38
156 36 34
44 100 34
140 124 34
124 124 34
132 36 34
164 28 34
148 140 34
148 140 34
148 140 35
140 124 34
124 36 34
132 124 34
132 124 34
132 124 35
132 124 36
132 124 37
132 124 37
132 124 38
132 124 39
132 124 40
132 124 41
132 124 42
132 124 43
132 124 44
132 124 45
132 124 46
132 124 47
132 124 48
132 124 49
132 124 50
132 124 51
132 124 52
132 124 53
132 124 54
132 124 56
108 140 34
108 140 34
108 140 35
108 140 36
108 140 37
108 140 37
36 148 34
36 148 34
36 148 35
36 148 36
36 148 37
36 148 37
36 148 38
36 148 39
36 148 40
36 148 41
36 148 42
36 148 43
36 148 44
36 148 45
36 100 34
60 156 34
60 156 34
116 132 34
116 132 34
116 132 35
116 132 36
124 116 34
124 116 34
148 156 34
148 156 35
52 164 34
140 116 34
140 116 34
140 116 35
140 116 36
140 116 37
140 116 37
140 116 38
36 100 34
36 100 35
156 164 34
156 164 34
156 164 35
156 164 36
156 164 37
156 164 37
156 164 38
156 164 39
156 164 40
156 164 41
156 164 42
156 164 43
156 164 44
156 164 45
156 164 46
52 164 34
132 116 34
132 116 34
132 116 35
132 116 36
132 116 37
132 116 37
132 116 38
132 116 39
132 116 40
132 116 41
52 156 34
52 156 34
52 156 35
52 156 36
52 156 37
52 156 37
52 156 38
108 36 34
108 36 35
108 36 36
108 36 37
108 36 37
108 36 38
108 36 39
108 36 40
108 36 41
108 36 42
108 36 43
108 36 44
108 36 45
108 36 46
108 36 47
108 36 48
108 36 49
108 36 50
108 36 51
60 164 34
172 164 34
172 164 34
172 164 35
172 164 36
172 164 37
172 164 37
172 164 38
172 164 39
172 164 40
148 132 34
148 132 34
148 132 35
148 132 36
148 132 37
148 132 37
148 132 38
148 132 39
148 132 40
148 132 41
148 132 42
148 132 43
148 132 44
148 132 45
148 132 46
148 132 47
148 132 48
148 132 49
148 132 50
148 132 51
148 132 52
60 44 34
60 44 34
60 44 35
60 44 36
60 44 37
60 44 37
60 44 38
60 44 39
60 44 40
60 44 41
60 44 42
60 44 43
60 44 44
60 44 45
60 44 46
60 44 47
60 44 48
60 44 49
60 44 50
60 44 51
60 44 52
60 44 53
60 44 54
60 44 56
60 44 57
60 44 58
60 44 60
60 44 61
60 44 62
60 44 64
116 164 34
108 164 34
44 60 34
44 60 34
44 60 35
132 164 34
132 164 34
132 164 35
132 164 36
132 164 37
132 164 37
132 164 38
132 164 39
132 164 40
132 164 41
132 164 42
132 164 43
132 164 44
132 164 45
132 164 46
132 164 47
132 164 48
132 164 49
132 164 50
132 164 51
132 164 52
132 164 53
132 164 54
132 164 56
132 164 57
132 164 58
132 164 60
132 164 61
132 164 62
132 164 64
132 164 65
132 164 66
132 164 68
132 164 69
132 164 71
132 164 73
132 164 74
132 164 76
132 164 77
132 164 79
132 164 81
132 164 83
132 164 85
132 164 86
132 164 88
132 164 90
132 164 92
132 164 94
132 164 97
132 164 99
132 164 101
132 164 103
132 164 105
132 164 108
132 164 110
132 164 113
132 180 34
124 180 34
124 180 34
140 180 34
140 180 34
140 180 35
140 180 36
140 180 37
140 180 37
140 180 38
44 68 34
44 68 34
44 68 35
44 68 36
44 68 37
116 172 34
116 164 35
108 156 34
172 180 34
44 36 34
116 180 34
116 180 34
116 180 35
116 180 36
36 172 34
36 172 34
36 172 35
36 172 36
36 172 37
36 172 37
36 172 38
36 172 39
36 172 40
36 172 41
36 172 42
36 172 43
60 164 34
60 164 35
60 164 36
60 164 37
60 164 37
60 164 38
60 164 39
60 164 40
60 164 41
164 180 34
44 36 34
44 180 34
44 180 34
44 180 35
44 180 36
44 180 37
44 180 37
44 180 38
44 44 34
60 100 34
60 100 35
60 100 36
60 100 37
60 100 37
60 100 38
60 100 39
60 100 40
52 60 34
164 180 34
164 156 34
164 156 34
164 156 35
164 156 36
164 156 37
164 156 37
164 156 38
164 156 39
164 156 40
164 156 41
164 156 42
164 156 43
164 156 44
164 156 45
164 156 46
164 156 47
164 156 48
164 156 49
164 156 50
164 156 51
164 156 52
164 156 53
164 156 54
44 52 34
44 52 34
44 52 35
44 52 36
44 52 37
44 52 37
164 180 35
68 92 34
68 92 34
68 92 35
68 92 36
68 92 37
68 92 37
68 92 38
68 92 39
68 92 40
68 92 41
68 92 42
68 92 43
68 92 44
68 92 45
68 92 46
68 92 47
68 92 48
68 92 49
52 92 34
68 76 34
164 180 36
164 180 37
76 92 34
76 92 34
76 92 35
76 92 36
76 92 37
76 92 37
76 92 38
76 92 39
76 92 40
76 92 41
76 92 42
76 92 43
76 92 44
76 92 45
76 92 46
76 92 47
76 92 48
76 92 49
76 92 50
76 92 51
76 92 52
76 92 53
76 92 54
76 92 56
68 84 34
68 84 34
68 84 35
68 84 36
68 84 37
68 84 37
68 84 38
68 84 39
68 84 40
68 84 41
68 84 42
68 84 43
68 84 44
68 84 45
68 84 46
68 84 47
68 84 48
68 84 49
68 84 50
68 84 51
68 84 52
68 84 53
68 84 54
68 84 56
68 84 57
68 84 58
68 84 60
180 164 34
156 148 34
44 44 34
44 44 35
44 44 36
44 44 37
44 44 37
44 44 38
44 44 39
180 164 34
116 44 34
156 180 34
156 180 34
156 180 35
156 180 36
156 180 37
156 180 37
156 180 38
156 180 39
156 180 40
156 180 41
156 180 42
156 180 43
156 180 44
156 180 45
156 180 46
156 180 47
156 180 48
156 180 49
156 180 50
156 180 51
156 180 52
156 180 53
156 180 54
156 180 56
156 180 57
156 180 58
156 180 60
156 180 61
156 180 62
156 180 64
156 180 65
156 180 66
156 180 68
156 180 69
156 180 71
156 180 73
156 180 74
156 180 76
156 180 77
156 180 79
156 180 81
156 180 83
156 180 85
156 180 86
156 180 88
156 180 90
156 180 92
156 180 94
156 180 97
156 180 99
156 180 101
156 180 103
156 180 105
132 188 34
52 164 35
52 164 36
52 164 37
52 164 37
52 164 38
52 164 39
52 164 40
52 164 41
52 164 42
52 164 43
52 164 44
52 164 45
52 164 46
52 164 47
52 164 48
148 188 34
76 124 34
76 124 35
76 124 36
76 124 37
76 124 37
76 124 38
76 124 39
76 124 40
76 124 41
76 124 42
76 124 43
76 124 44
76 124 45
76 124 46
76 124 47
76 124 48
116 44 34
116 44 35
116 44 36
148 188 34
84 132 34
84 108 34
148 188 35
140 188 34
84 124 34
84 124 34
84 124 35
84 124 36
84 124 37
84 124 37
84 124 38
84 124 39
84 124 40
84 124 41
84 124 42
84 124 43
84 124 44
84 124 45
84 116 34
148 188 36
148 188 37
148 188 37
148 188 38
148 188 39
148 188 40
148 188 41
148 188 42
148 188 43
148 188 44
148 188 45
68 36 34
164 188 34
164 188 34
164 188 35
164 188 36
164 188 37
164 188 37
164 188 38
164 188 39
164 188 40
164 188 41
164 188 42
164 188 43
156 196 34
172 196 34
172 196 34
172 196 35
172 196 36
172 196 37
172 196 37
172 196 38
172 196 39
172 196 40
172 196 41
172 196 42
172 196 43
172 196 44
172 196 45
172 196 46
172 196 47
172 196 48
172 196 49
172 196 50
172 196 51
172 196 52
172 196 53
172 196 54
172 196 56
172 196 57
172 196 58
172 196 60
172 196 61
84 116 34
84 116 35
84 116 36
84 116 37
84 116 37
84 116 38
84 116 39
84 116 40
84 116 41
156 196 34
92 108 34
92 108 34
92 108 35
92 108 36
92 108 37
92 108 37
92 108 38
92 108 39
92 108 40
92 108 41
92 108 42
92 108 43
92 132 34
92 132 34
92 132 35
92 132 36
92 132 37
92 132 37
92 132 38
92 132 39
68 108 34
68 132 34
68 132 34
68 132 35
68 132 36
68 132 37
68 132 37
68 132 38
68 132 39
68 132 40
68 132 41
68 132 42
68 132 43
68 132 44
68 132 45
68 132 46
68 132 47
68 132 48
68 132 49
68 132 50
68 132 51
68 132 52
68 132 53
68 132 54
68 132 56
68 132 57
180 156 34
68 36 34
68 36 35
68 36 36
68 36 37
180 156 34
84 36 34
84 36 34
180 156 35
172 148 34
180 156 36
180 156 37
84 36 35
84 36 36
180 156 37
180 156 38
44 172 34
180 156 39
180 156 40
188 164 34
188 156 34
188 148 34
188 148 34
188 148 35
188 148 36
188 148 37
188 148 37
188 148 38
44 172 34
188 156 34
24 102 34
25 102 34
26 102 34
27 102 34
28 102 34
28 176 34
28 177 34
28 178 34
28 179 34
28 180 34
28 181 34
28 182 34
29 102 34
29 176 34
30 102 34
30 176 34
31 102 34
31 176 34
32 102 34
32 176 34
33 102 34
33 176 34
34 102 34
34 176 34
35 102 34
35 176 34
36 102 34
36 176 34
37 102 34
37 176 34
38 102 34
38 176 34
39 102 34
39 176 34
40 96 34
40 97 34
40 98 34
40 99 34
40 100 34
40 101 34
40 102 34
40 176 34
41 96 34
41 176 34
42 96 34
42 176 34
43 96 34
43 176 34
44 96 34
44 176 34
45 96 34
45 176 34
46 96 34
46 176 34
47 39 34
47 40 34
47 41 34
47 42 34
47 43 34
47 44 34
47 45 34
47 46 34
47 47 34
47 48 34
47 49 34
47 50 34
47 51 34
47 52 34
47 53 34
47 54 34
47 55 34
47 56 34
47 96 34
47 168 34
47 169 34
47 170 34
47 171 34
47 172 34
47 173 34
47 174 34
47 175 34
47 176 34
48 35 34
48 36 34
48 37 34
48 38 34
48 39 34
48 56 34
48 57 34
48 58 34
48 59 34
48 60 34
48 61 34
48 62 34
48 63 34
48 64 34
48 65 34
48 66 34
48 67 34
48 68 34
48 69 34
48 88 34
48 89 34
48 90 34
48 91 34
48 92 34
48 93 34
48 94 34
48 95 34
48 96 34
48 168 34
49 35 34
49 69 34
49 88 34
49 168 34
50 35 34
50 69 34
50 88 34
50 168 34
51 35 34
51 69 34
51 88 34
51 168 34
52 35 34
52 69 34
52 88 34
52 168 34
53 36 34
53 37 34
53 38 34
53 39 34
53 69 34
53 88 34
53 168 34
54 39 34
54 69 34
54 88 34
54 168 34
55 39 34
55 69 34
55 88 34
55 168 34
56 39 34
56 69 34
56 70 34
56 71 34
56 72 34
56 73 34
56 74 34
56 75 34
56 76 34
56 77 34
56 78 34
56 79 34
56 80 34
56 81 34
56 82 34
56 83 34
56 84 34
56 85 34
56 86 34
56 87 34
56 88 34
56 144 34
56 145 34
56 146 34
56 147 34
56 148 34
56 149 34
56 150 34
56 151 34
56 152 34
56 153 34
56 154 34
56 155 34
56 156 34
56 157 34
56 158 34
56 159 34
56 160 34
56 161 34
56 162 34
56 163 34
56 164 34
56 165 34
56 166 34
56 167 34
56 168 34
57 39 34
57 69 34
57 144 34
58 39 34
58 69 34
58 144 34
59 39 34
59 70 34
59 71 34
59 72 34
59 73 34
59 74 34
59 75 34
59 76 34
59 77 34
59 78 34
59 79 34
59 144 34
60 39 34
60 79 34
60 144 34
61 39 34
61 79 34
61 144 34
62 39 34
62 79 34
62 144 34
63 39 34
63 79 34
63 80 34
63 81 34
63 82 34
63 83 34
63 84 34
63 85 34
63 86 34
63 87 34
63 88 34
63 89 34
63 90 34
63 91 34
63 92 34
63 93 34
63 94 34
63 95 34
63 96 34
63 144 34
64 39 34
64 96 34
64 144 34
65 39 34
65 96 34
65 144 34
66 39 34
66 96 34
66 144 34
67 39 34
67 96 34
67 144 34
68 39 34
68 96 34
68 144 34
69 39 34
69 96 34
69 144 34
70 39 34
70 96 34
70 144 34
71 39 34
71 96 34
71 144 34
72 39 34
72 96 34
72 97 34
72 98 34
72 99 34
72 100 34
72 101 34
72 141 34
72 142 34
72 143 34
72 144 34
73 39 34
73 101 34
73 141 34
74 39 34
74 101 34
74 141 34
75 39 34
75 101 34
75 141 34
76 39 34
76 101 34
76 141 34
77 39 34
77 101 34
77 141 34
78 39 34
78 101 34
78 141 34
79 39 34
79 102 34
79 103 34
79 104 34
79 141 34
80 39 34
80 104 34
80 105 34
80 106 34
80 107 34
80 108 34
80 109 34
80 110 34
80 111 34
80 112 34
80 113 34
80 114 34
80 115 34
80 116 34
80 117 34
80 118 34
80 119 34
80 120 34
80 121 34
80 122 34
80 123 34
80 124 34
80 125 34
80 126 34
80 127 34
80 128 34
80 129 34
80 130 34
80 131 34
80 132 34
80 133 34
80 134 34
80 135 34
80 136 34
80 137 34
80 138 34
80 139 34
80 140 34
80 142 34
80 143 34
80 144 34
80 145 34
80 146 34
80 147 34
80 148 34
80 149 34
80 150 34
80 151 34
81 39 34
81 151 34
82 39 34
82 151 34
83 39 34
83 151 34
84 39 34
84 151 34
85 39 34
85 151 34
86 39 34
86 151 34
87 39 34
87 151 34
88 39 34
88 40 34
88 41 34
88 42 34
88 43 34
88 44 34
88 45 34
88 151 34
89 45 34
89 151 34
90 45 34
90 151 34
91 45 34
91 151 34
92 45 34
92 151 34
93 45 34
93 151 34
94 45 34
94 151 34
95 45 34
95 151 34
96 45 34
96 151 34
97 45 34
97 151 34
98 45 34
98 151 34
99 45 34
99 151 34
100 45 34
100 151 34
101 45 34
101 151 34
102 45 34
102 151 34
103 45 34
103 151 34
104 151 34
104 152 34
104 153 34
104 154 34
104 155 34
104 156 34
104 157 34
104 158 34
104 159 34
104 160 34
104 161 34
104 162 34
104 163 34
104 164 34
104 165 34
104 166 34
104 167 34
105 45 34
105 167 34
106 45 34
106 167 34
107 45 34
107 167 34
108 45 34
108 167 34
109 45 34
109 167 34
110 45 34
110 167 34
111 45 34
111 167 34
112 39 34
112 40 34
112 41 34
112 42 34
112 43 34
112 44 34
112 45 34
112 167 34
112 168 34
112 169 34
112 170 34
112 171 34
112 172 34
112 173 34
112 174 34
112 175 34
113 39 34
113 175 34
114 39 34
114 175 34
115 39 34
115 175 34
116 39 34
116 175 34
117 39 34
117 175 34
118 39 34
118 175 34
119 39 34
119 175 34
119 176 34
120 32 34
120 33 34
120 34 34
120 35 34
120 36 34
120 37 34
120 38 34
120 39 34
120 176 34
121 32 34
121 176 34
122 32 34
122 176 34
123 32 34
123 176 34
124 32 34
124 176 34
125 32 34
125 176 34
126 32 34
126 176 34
127 32 34
127 176 34
128 32 34
128 176 34
128 177 34
128 178 34
128 179 34
128 180 34
128 181 34
128 182 34
128 183 34
128 184 34
129 32 34
129 184 34
130 32 34
130 184 34
131 32 34
131 184 34
132 32 34
132 184 34
133 32 34
133 184 34
134 32 34
134 184 34
135 32 34
135 184 34
136 32 34
136 184 34
137 32 34
137 184 34
138 32 34
138 184 34
139 32 34
139 184 34
140 32 34
140 184 34
141 32 34
141 184 34
142 32 34
142 184 34
143 32 34
143 184 34
144 32 34
144 184 34
145 32 34
145 184 34
146 32 34
146 184 34
147 32 34
147 184 34
148 32 34
148 184 34
149 32 34
149 184 34
150 32 34
150 146 34
150 147 34
150 148 34
150 149 34
150 150 34
150 151 34
150 184 34
151 32 34
151 151 34
151 184 34
152 24 34
152 25 34
152 26 34
152 27 34
152 28 34
152 29 34
152 30 34
152 31 34
152 32 34
152 151 34
152 184 34
153 24 34
153 151 34
153 184 34
154 24 34
154 151 34
154 184 34
155 24 34
155 151 34
155 184 34
156 24 34
156 151 34
156 184 34
157 24 34
157 151 34
157 184 34
158 24 34
158 151 34
158 184 34
159 24 34
159 151 34
159 184 34
160 24 34
160 151 34
160 183 34
160 184 34
161 24 34
161 151 34
161 183 34
162 24 34
162 151 34
162 183 34
163 24 34
163 151 34
163 183 34
164 24 34
164 151 34
164 183 34
165 24 34
165 151 34
165 183 34
166 24 34
166 151 34
166 183 34
167 15 34
167 16 34
167 17 34
167 18 34
167 19 34
167 20 34
167 21 34
167 22 34
167 23 34
167 24 34
167 151 34
167 183 34
168 15 34
168 151 34
168 176 34
168 177 34
168 178 34
168 179 34
168 180 34
168 181 34
168 182 34
168 183 34
169 15 34
169 151 34
169 176 34
170 15 34
170 151 34
170 176 34
171 15 34
171 151 34
171 176 34
172 15 34
172 151 34
172 176 34
173 15 34
173 151 34
173 176 34
174 15 34
174 151 34
174 176 34
175 15 34
175 151 34
175 175 34
175 176 34
176 15 34
176 151 34
176 170 34
176 171 34
176 172 34
176 173 34
176 174 34
176 175 34
177 15 34
177 151 34
177 170 34
178 15 34
178 151 34
178 170 34
179 15 34
179 151 34
179 170 34
180 15 34
180 151 34
180 168 34
180 169 34
181 15 34
181 151 34
181 168 34
182 15 34
182 151 34
182 168 34
183 15 34
183 151 34
183 167 34
183 168 34
184 15 34
184 151 34
184 152 34
184 153 34
184 154 34
184 155 34
184 156 34
184 157 34
184 158 34
184 159 34
184 160 34
184 161 34
184 162 34
184 163 34
184 164 34
184 165 34
184 166 34
184 167 34
185 15 34
186 15 34
187 15 34
188 15 34
189 15 34
190 15 34
191 15 34
192 15 34
193 15 34
194 15 34
24 102 34
25 102 34
26 102 34
27 102 34
28 102 34
28 176 34
28 177 34
29 102 34
29 176 34
30 102 34
30 176 34
31 102 34
31 176 34
32 102 34
32 176 34
33 102 34
33 176 34
34 102 34
34 176 34
35 102 34
35 176 34
36 102 34
36 176 34
37 102 34
37 176 34
38 102 34
38 176 34
39 102 34
39 176 34
40 101 34
40 102 34
40 176 34
41 176 34
42 176 34
43 176 34
44 176 34
45 176 34
46 176 34
47 39 34
47 40 34
47 41 34
47 42 34
47 43 34
47 44 34
47 45 34
47 46 34
47 47 34
47 48 34
47 49 34
47 50 34
47 51 34
47 52 34
47 53 34
47 54 34
47 55 34
47 56 34
47 168 34
47 169 34
47 170 34
47 171 34
47 172 34
47 173 34
47 174 34
47 175 34
47 176 34
48 36 34
48 37 34
48 38 34
48 39 34
48 56 34
48 57 34
48 58 34
48 59 34
48 60 34
48 61 34
48 62 34
48 63 34
48 64 34
48 65 34
48 69 34
48 168 34
49 168 34
50 168 34
51 168 34
52 168 34
53 36 34
53 37 34
53 38 34
53 39 34
53 168 34
54 39 34
54 168 34
55 39 34
55 168 34
56 39 34
56 144 34
56 145 34
56 146 34
56 147 34
56 148 34
56 149 34
56 150 34
56 151 34
56 152 34
56 153 34
56 154 34
56 155 34
56 156 34
56 157 34
56 158 34
56 159 34
56 160 34
56 161 34
56 162 34
56 163 34
56 164 34
56 165 34
56 166 34
56 167 34
56 168 34
57 39 34
57 144 34
58 39 34
58 144 34
59 39 34
59 78 34
59 79 34
59 144 34
60 39 34
60 79 34
60 144 34
61 39 34
61 79 34
61 144 34
62 39 34
62 79 34
62 144 34
63 39 34
63 79 34
63 80 34
63 81 34
63 82 34
63 83 34
63 84 34
63 85 34
63 86 34
63 87 34
63 88 34
63 89 34
63 90 34
63 91 34
63 92 34
63 93 34
63 94 34
63 95 34
63 96 34
64 39 34
64 96 34
65 39 34
65 96 34
66 39 34
66 96 34
67 39 34
67 96 34
68 39 34
68 96 34
69 39 34
69 96 34
70 39 34
70 96 34
71 39 34
71 96 34
72 39 34
72 96 34
72 97 34
72 98 34
72 99 34
72 100 34
72 101 34
73 39 34
73 101 34
74 39 34
74 101 34
75 39 34
76 39 34
77 39 34
78 39 34
79 39 34
80 39 34
80 111 34
80 112 34
80 113 34
80 114 34
80 115 34
80 116 34
80 117 34
80 118 34
80 119 34
80 120 34
80 121 34
80 122 34
80 123 34
80 124 34
80 125 34
80 126 34
80 127 34
80 128 34
80 129 34
80 150 34
80 151 34
81 39 34
81 151 34
82 39 34
82 151 34
83 39 34
83 151 34
84 39 34
84 151 34
85 39 34
85 151 34
86 39 34
86 151 34
87 39 34
87 151 34
88 39 34
88 40 34
88 41 34
88 42 34
88 43 34
88 44 34
88 45 34
88 151 34
89 45 34
89 151 34
90 45 34
90 151 34
91 45 34
91 151 34
92 45 34
92 151 34
93 45 34
93 151 34
94 45 34
94 151 34
95 45 34
96 45 34
97 45 34
98 45 34
99 45 34
100 45 34
101 45 34
102 45 34
103 45 34
104 165 34
104 166 34
104 167 34
105 45 34
105 167 34
106 45 34
107 45 34
108 45 34
109 45 34
110 45 34
111 45 34
112 39 34
112 40 34
112 41 34
112 42 34
112 43 34
112 44 34
112 45 34
112 175 34
113 39 34
113 175 34
114 39 34
115 39 34
116 39 34
117 39 34
118 39 34
120 32 34
120 33 34
120 34 34
120 35 34
121 32 34
122 32 34
123 32 34
124 32 34
136 32 34
137 32 34
138 32 34
139 32 34
140 32 34
140 184 34
141 32 34
141 184 34
142 32 34
142 184 34
143 32 34
143 184 34
144 32 34
144 184 34
145 32 34
145 184 34
146 32 34
146 184 34
147 32 34
147 184 34
148 32 34
148 184 34
149 32 34
149 184 34
150 184 34
151 184 34
152 24 34
152 25 34
152 26 34
152 27 34
152 28 34
152 29 34
152 30 34
152 184 34
153 24 34
153 184 34
154 24 34
154 184 34
155 24 34
155 184 34
156 24 34
156 184 34
157 24 34
157 151 34
157 184 34
158 24 34
158 151 34
158 184 34
159 24 34
159 151 34
159 184 34
160 24 34
160 151 34
160 183 34
160 184 34
161 151 34
161 183 34
162 151 34
162 183 34
163 151 34
163 183 34
164 151 34
164 183 34
165 151 34
165 183 34
166 24 34
166 151 34
166 183 34
167 15 34
167 16 34
167 19 34
167 20 34
167 21 34
167 22 34
167 23 34
167 24 34
167 151 34
167 183 34
168 15 34
168 151 34
168 176 34
168 180 34
168 181 34
168 182 34
168 183 34
169 151 34
170 151 34
171 15 34
171 151 34
172 15 34
172 151 34
173 15 34
173 151 34
174 15 34
174 151 34
175 15 34
175 151 34
176 15 34
176 151 34
177 15 34
177 151 34
178 15 34
178 151 34
179 151 34
180 151 34
181 151 34
182 151 34
183 151 34
184 151 34
184 152 34
184 153 34
184 154 34
184 155 34
184 156 34
184 157 34
184 158 34
184 159 34
184 160 34
184 161 34
25 102 35
26 102 35
27 102 35
28 102 35
28 176 35
29 102 35
29 176 35
30 102 35
30 176 35
31 102 35
31 176 35
32 102 35
32 176 35
33 102 35
33 176 35
34 102 35
34 176 35
35 102 35
35 176 35
36 102 35
36 176 35
37 102 35
37 176 35
38 102 35
38 176 35
39 176 35
40 176 35
41 176 35
42 176 35
43 176 35
44 176 35
45 176 35
46 176 35
47 39 35
47 40 35
47 41 35
47 42 35
47 43 35
47 44 35
47 45 35
47 46 35
47 47 35
47 48 35
47 49 35
47 50 35
47 51 35
47 52 35
47 53 35
47 54 35
47 55 35
47 56 35
47 168 35
47 169 35
47 170 35
47 171 35
47 172 35
47 173 35
47 174 35
47 175 35
47 176 35
48 38 35
48 39 35
48 56 35
48 57 35
48 58 35
48 59 35
48 168 35
49 168 35
50 168 35
51 168 35
52 168 35
53 37 35
53 38 35
53 39 35
53 168 35
54 39 35
54 168 35
55 39 35
55 168 35
56 39 35
56 144 35
56 145 35
56 146 35
56 147 35
56 148 35
56 149 35
56 150 35
56 156 35
56 157 35
56 158 35
56 159 35
56 160 35
56 161 35
56 162 35
56 163 35
56 164 35
56 165 35
56 166 35
56 167 35
56 168 35
57 39 35
57 144 35
58 39 35
58 144 35
59 39 35
59 144 35
60 39 35
61 39 35
62 39 35
62 79 35
63 39 35
63 79 35
63 80 35
63 81 35
63 82 35
63 83 35
63 84 35
63 85 35
63 86 35
63 87 35
63 88 35
63 89 35
63 90 35
63 91 35
63 92 35
63 93 35
63 94 35
63 95 35
63 96 35
64 39 35
64 96 35
65 39 35
65 96 35
66 39 35
66 96 35
67 39 35
67 96 35
68 39 35
68 96 35
69 39 35
69 96 35
70 39 35
70 96 35
71 39 35
71 96 35
72 39 35
72 96 35
72 97 35
72 98 35
72 99 35
72 100 35
72 101 35
73 39 35
74 39 35
75 39 35
76 39 35
77 39 35
78 39 35
79 39 35
80 39 35
80 114 35
80 115 35
80 116 35
80 117 35
80 118 35
80 119 35
80 120 35
80 121 35
80 122 35
80 123 35
80 124 35
80 125 35
80 126 35
80 127 35
80 128 35
80 151 35
81 39 35
81 151 35
82 39 35
82 151 35
83 39 35
83 151 35
84 39 35
84 151 35
85 39 35
85 151 35
86 39 35
86 151 35
87 39 35
88 39 35
88 40 35
88 41 35
88 42 35
88 43 35
88 44 35
88 45 35
89 45 35
90 45 35
91 45 35
92 45 35
93 45 35
94 45 35
95 45 35
96 45 35
97 45 35
98 45 35
99 45 35
100 45 35
101 45 35
102 45 35
103 45 35
105 45 35
106 45 35
107 45 35
108 45 35
109 45 35
110 45 35
111 45 35
112 39 35
112 40 35
112 41 35
112 42 35
112 43 35
112 44 35
112 45 35
113 39 35
114 39 35
115 39 35
120 32 35
120 33 35
121 32 35
140 32 35
141 32 35
141 184 35
142 32 35
142 184 35
143 32 35
143 184 35
144 32 35
144 184 35
145 32 35
145 184 35
146 32 35
146 184 35
147 32 35
147 184 35
148 184 35
149 184 35
150 184 35
151 184 35
152 24 35
152 25 35
152 26 35
152 27 35
152 28 35
152 184 35
153 24 35
153 184 35
154 24 35
154 184 35
155 24 35
155 184 35
156 24 35
156 184 35
157 184 35
158 184 35
159 151 35
159 184 35
160 151 35
160 183 35
160 184 35
161 151 35
161 183 35
162 151 35
162 183 35
163 151 35
163 183 35
164 151 35
164 183 35
165 151 35
165 183 35
166 151 35
166 183 35
167 151 35
167 183 35
168 151 35
168 183 35
169 151 35
170 151 35
171 151 35
172 151 35
173 151 35
174 151 35
175 151 35
176 151 35
177 151 35
178 151 35
179 151 35
180 151 35
181 151 35
182 151 35
183 151 35
184 151 35
184 152 35
184 153 35
184 154 35
184 155 35
184 156 35
184 157 35
184 158 35
27 102 36
28 102 36
29 102 36
30 102 36
31 102 36
32 102 36
33 102 36
34 102 36
35 102 36
36 102 36
36 176 36
37 102 36
37 176 36
38 176 36
39 176 36
40 176 36
41 176 36
42 176 36
43 176 36
44 176 36
45 176 36
46 176 36
47 40 36
47 41 36
47 42 36
47 43 36
47 44 36
47 45 36
47 46 36
47 47 36
47 48 36
47 49 36
47 50 36
47 51 36
47 52 36
47 53 36
47 54 36
47 55 36
47 56 36
47 168 36
47 169 36
47 170 36
47 171 36
47 172 36
47 173 36
47 174 36
47 175 36
47 176 36
48 56 36
48 57 36
48 168 36
49 168 36
50 168 36
51 168 36
52 168 36
53 38 36
53 39 36
53 168 36
54 39 36
54 168 36
55 39 36
55 168 36
56 39 36
56 144 36
56 145 36
56 146 36
56 158 36
56 159 36
56 160 36
56 161 36
56 162 36
56 163 36
56 164 36
56 165 36
56 166 36
56 167 36
56 168 36
57 39 36
57 144 36
58 39 36
58 144 36
59 39 36
60 39 36
61 39 36
62 39 36
63 39 36
63 79 36
63 80 36
63 81 36
63 82 36
63 83 36
63 84 36
63 85 36
63 86 36
63 87 36
63 88 36
63 89 36
63 90 36
63 91 36
63 92 36
63 93 36
63 94 36
63 95 36
63 96 36
64 39 36
64 96 36
65 39 36
65 96 36
66 39 36
66 96 36
67 39 36
67 96 36
68 39 36
68 96 36
69 39 36
69 96 36
70 39 36
70 96 36
71 39 36
71 96 36
72 39 36
72 96 36
72 97 36
73 39 36
74 39 36
75 39 36
76 39 36
77 39 36
78 39 36
79 39 36
80 39 36
80 115 36
80 116 36
80 117 36
80 118 36
80 119 36
80 120 36
80 121 36
80 122 36
80 123 36
80 124 36
80 125 36
80 126 36
80 127 36
81 39 36
82 39 36
83 39 36
84 39 36
85 39 36
86 39 36
87 39 36
88 39 36
88 40 36
88 41 36
88 42 36
88 43 36
88 44 36
88 45 36
89 45 36
90 45 36
91 45 36
92 45 36
93 45 36
94 45 36
95 45 36
96 45 36
97 45 36
98 45 36
99 45 36
100 45 36
101 45 36
102 45 36
103 45 36
105 45 36
106 45 36
107 45 36
108 45 36
109 45 36
110 45 36
111 45 36
112 39 36
112 40 36
112 41 36
112 42 36
112 43 36
112 44 36
112 45 36
113 39 36
142 184 36
143 32 36
143 184 36
144 32 36
144 184 36
145 184 36
146 184 36
147 184 36
148 184 36
149 184 36
150 184 36
151 184 36
152 24 36
152 25 36
152 26 36
152 27 36
152 184 36
153 24 36
153 184 36
154 24 36
154 184 36
155 24 36
155 184 36
156 184 36
157 184 36
158 184 36
159 184 36
160 151 36
160 183 36
160 184 36
161 151 36
161 183 36
162 151 36
162 183 36
163 151 36
163 183 36
164 151 36
164 183 36
165 151 36
165 183 36
166 151 36
166 183 36
167 151 36
168 151 36
169 151 36
170 151 36
171 151 36
172 151 36
173 151 36
174 151 36
175 151 36
176 151 36
177 151 36
178 151 36
179 151 36
180 151 36
181 151 36
182 151 36
183 151 36
184 151 36
184 152 36
184 153 36
184 154 36
184 155 36
184 156 36
184 157 36
28 102 37
29 102 37
30 102 37
31 102 37
32 102 37
33 102 37
34 102 37
35 102 37
36 102 37
38 176 37
39 176 37
40 176 37
41 176 37
42 176 37
43 176 37
44 176 37
45 176 37
46 176 37
47 41 37
47 42 37
47 43 37
47 44 37
47 45 37
47 46 37
47 47 37
47 48 37
47 49 37
47 50 37
47 51 37
47 52 37
47 53 37
47 54 37
47 168 37
47 169 37
47 170 37
47 171 37
47 172 37
47 173 37
47 174 37
47 175 37
47 176 37
48 168 37
49 168 37
50 168 37
51 168 37
52 168 37
53 39 37
53 168 37
54 39 37
54 168 37
55 39 37
55 168 37
56 39 37
56 144 37
56 160 37
56 161 37
56 162 37
56 163 37
56 164 37
56 165 37
56 166 37
56 167 37
56 168 37
57 39 37
58 39 37
59 39 37
60 39 37
61 39 37
62 39 37
63 39 37
63 81 37
63 82 37
63 83 37
63 84 37
63 85 37
63 86 37
63 87 37
63 88 37
63 89 37
63 90 37
63 91 37
63 92 37
63 93 37
63 94 37
63 95 37
63 96 37
64 39 37
64 96 37
65 39 37
65 96 37
66 39 37
66 96 37
67 39 37
67 96 37
68 39 37
68 96 37
69 39 37
69 96 37
70 39 37
70 96 37
71 39 37
71 96 37
72 39 37
72 96 37
73 39 37
74 39 37
75 39 37
76 39 37
77 39 37
78 39 37
79 39 37
80 39 37
80 116 37
80 117 37
80 118 37
80 119 37
80 120 37
80 121 37
80 122 37
80 123 37
80 124 37
80 125 37
80 126 37
81 39 37
82 39 37
83 39 37
84 39 37
85 39 37
86 39 37
87 39 37
88 39 37
88 40 37
88 41 37
88 42 37
88 43 37
88 44 37
88 45 37
89 45 37
90 45 37
91 45 37
92 45 37
93 45 37
94 45 37
95 45 37
96 45 37
97 45 37
98 45 37
99 45 37
100 45 37
101 45 37
102 45 37
103 45 37
105 45 37
106 45 37
107 45 37
108 45 37
109 45 37
110 45 37
111 45 37
112 39 37
112 40 37
112 41 37
112 42 37
112 43 37
112 44 37
112 45 37
143 184 37
144 184 37
145 184 37
146 184 37
147 184 37
148 184 37
149 184 37
150 184 37
151 184 37
152 24 37
152 25 37
152 26 37
152 184 37
153 24 37
153 184 37
154 24 37
154 184 37
155 184 37
156 184 37
157 184 37
158 184 37
159 184 37
160 151 37
160 183 37
160 184 37
161 151 37
161 183 37
162 151 37
162 183 37
163 151 37
163 183 37
164 151 37
164 183 37
165 151 37
165 183 37
166 151 37
167 151 37
168 151 37
169 151 37
170 151 37
171 151 37
172 151 37
173 151 37
174 151 37
175 151 37
176 151 37
177 151 37
178 151 37
179 151 37
180 151 37
181 151 37
182 151 37
183 151 37
184 151 37
184 152 37
184 153 37
184 154 37
184 155 37
184 156 37
30 102 37
31 102 37
32 102 37
33 102 37
34 102 37
35 102 37
39 176 37
40 176 37
41 176 37
42 176 37
43 176 37
44 176 37
45 176 37
46 176 37
47 43 37
47 44 37
47 45 37
47 46 37
47 47 37
47 48 37
47 49 37
47 50 37
47 51 37
47 52 37
47 168 37
47 169 37
47 170 37
47 171 37
47 172 37
47 173 37
47 174 37
47 175 37
47 176 37
48 168 37
49 168 37
50 168 37
51 168 37
52 168 37
53 168 37
54 39 37
54 168 37
55 39 37
55 168 37
56 39 37
56 161 37
56 162 37
56 163 37
56 164 37
56 165 37
56 166 37
56 167 37
56 168 37
57 39 37
58 39 37
59 39 37
60 39 37
61 39 37
62 39 37
63 39 37
63 82 37
63 83 37
63 84 37
63 85 37
63 86 37
63 87 37
63 88 37
63 89 37
63 90 37
63 91 37
63 92 37
63 93 37
63 94 37
63 95 37
63 96 37
64 39 37
64 96 37
65 39 37
65 96 37
66 39 37
66 96 37
67 39 37
67 96 37
68 39 37
68 96 37
69 39 37
69 96 37
70 39 37
70 96 37
71 39 37
71 96 37
72 39 37
72 96 37
73 39 37
74 39 37
75 39 37
76 39 37
77 39 37
78 39 37
79 39 37
80 39 37
80 116 37
80 117 37
80 118 37
80 119 37
80 120 37
80 121 37
80 122 37
80 123 37
80 124 37
80 125 37
81 39 37
82 39 37
83 39 37
84 39 37
85 39 37
86 39 37
87 39 37
88 39 37
88 40 37
88 41 37
88 42 37
88 43 37
88 44 37
88 45 37
89 45 37
90 45 37
91 45 37
92 45 37
93 45 37
94 45 37
95 45 37
96 45 37
97 45 37
98 45 37
99 45 37
100 45 37
101 45 37
102 45 37
103 45 37
105 45 37
106 45 37
107 45 37
108 45 37
109 45 37
110 45 37
111 45 37
112 44 37
112 45 37
143 184 37
144 184 37
145 184 37
146 184 37
147 184 37
148 184 37
149 184 37
150 184 37
151 184 37
152 24 37
152 25 37
152 184 37
153 24 37
153 184 37
154 184 37
155 184 37
156 184 37
157 184 37
158 184 37
159 184 37
160 183 37
160 184 37
161 151 37
161 183 37
162 151 37
162 183 37
163 151 37
163 183 37
164 151 37
164 183 37
165 151 37
166 151 37
167 151 37
168 151 37
169 151 37
170 151 37
171 151 37
172 151 37
173 151 37
174 151 37
175 151 37
176 151 37
177 151 37
178 151 37
179 151 37
180 151 37
181 151 37
182 151 37
183 151 37
184 151 37
184 152 37
184 153 37
184 154 37
184 155 37
31 102 38
32 102 38
33 102 38
40 176 38
41 176 38
42 176 38
43 176 38
44 176 38
45 176 38
46 176 38
47 44 38
47 45 38
47 46 38
47 47 38
47 48 38
47 49 38
47 50 38
47 168 38
47 169 38
47 170 38
47 171 38
47 172 38
47 173 38
47 174 38
47 175 38
47 176 38
48 168 38
49 168 38
50 168 38
51 168 38
52 168 38
53 168 38
54 168 38
55 39 38
55 168 38
56 39 38
56 162 38
56 163 38
56 164 38
56 165 38
56 166 38
56 167 38
56 168 38
57 39 38
58 39 38
59 39 38
60 39 38
61 39 38
62 39 38
63 39 38
63 83 38
63 84 38
63 85 38
63 86 38
63 87 38
63 88 38
63 89 38
63 90 38
63 91 38
63 92 38
63 93 38
63 94 38
64 39 38
65 39 38
65 96 38
66 39 38
66 96 38
67 39 38
67 96 38
68 39 38
68 96 38
69 39 38
69 96 38
70 39 38
71 39 38
72 39 38
73 39 38
74 39 38
75 39 38
76 39 38
77 39 38
78 39 38
79 39 38
80 39 38
80 117 38
80 118 38
80 119 38
80 120 38
80 121 38
80 122 38
80 123 38
80 124 38
80 125 38
81 39 38
82 39 38
83 39 38
84 39 38
85 39 38
86 39 38
87 39 38
88 39 38
88 40 38
88 41 38
88 42 38
88 43 38
88 44 38
88 45 38
89 45 38
90 45 38
91 45 38
92 45 38
93 45 38
94 45 38
95 45 38
96 45 38
97 45 38
98 45 38
99 45 38
100 45 38
101 45 38
102 45 38
103 45 38
105 45 38
106 45 38
107 45 38
108 45 38
109 45 38
110 45 38
111 45 38
112 44 38
112 45 38
143 184 38
144 184 38
145 184 38
146 184 38
147 184 38
148 184 38
149 184 38
150 184 38
151 184 38
152 24 38
152 25 38
152 184 38
153 24 38
153 184 38
154 184 38
155 184 38
156 184 38
157 184 38
158 184 38
159 184 38
160 183 38
160 184 38
161 151 38
161 183 38
162 151 38
162 183 38
163 151 38
163 183 38
164 151 38
164 183 38
165 151 38
166 151 38
167 151 38
168 151 38
169 151 38
170 151 38
171 151 38
172 151 38
173 151 38
174 151 38
175 151 38
176 151 38
177 151 38
178 151 38
179 151 38
180 151 38
181 151 38
182 151 38
183 151 38
184 151 38
184 152 38
184 153 38
184 154 38
41 176 39
42 176 39
43 176 39
44 176 39
45 176 39
46 176 39
47 168 39
47 169 39
47 170 39
47 171 39
47 172 39
47 173 39
47 174 39
47 175 39
47 176 39
48 168 39
49 168 39
50 168 39
51 168 39
52 168 39
53 168 39
54 168 39
55 168 39
56 163 39
56 164 39
56 165 39
56 166 39
56 167 39
56 168 39
57 39 39
58 39 39
59 39 39
60 39 39
61 39 39
62 39 39
63 39 39
63 84 39
63 85 39
63 86 39
63 87 39
63 88 39
63 89 39
63 90 39
63 91 39
63 92 39
64 39 39
65 39 39
66 39 39
67 39 39
68 39 39
69 39 39
70 39 39
71 39 39
72 39 39
73 39 39
74 39 39
75 39 39
76 39 39
77 39 39
78 39 39
79 39 39
80 39 39
80 117 39
80 118 39
80 119 39
80 120 39
80 121 39
80 122 39
80 123 39
80 124 39
81 39 39
82 39 39
83 39 39
84 39 39
85 39 39
86 39 39
87 39 39
88 39 39
88 40 39
88 41 39
88 42 39
88 43 39
88 44 39
88 45 39
89 45 39
90 45 39
91 45 39
92 45 39
93 45 39
94 45 39
95 45 39
96 45 39
97 45 39
98 45 39
99 45 39
100 45 39
101 45 39
102 45 39
103 45 39
105 45 39
106 45 39
107 45 39
108 45 39
109 45 39
110 45 39
111 45 39
112 45 39
144 184 39
145 184 39
146 184 39
147 184 39
148 184 39
149 184 39
150 184 39
151 184 39
152 24 39
152 184 39
153 184 39
154 184 39
155 184 39
156 184 39
157 184 39
158 184 39
159 184 39
160 183 39
160 184 39
161 183 39
162 151 39
162 183 39
163 151 39
163 183 39
164 151 39
164 183 39
165 151 39
166 151 39
167 151 39
168 151 39
169 151 39
170 151 39
171 151 39
172 151 39
173 151 39
174 151 39
175 151 39
176 151 39
177 151 39
178 151 39
179 151 39
180 151 39
181 151 39
182 151 39
183 151 39
184 151 39
184 152 39
184 153 39
42 176 40
43 176 40
44 176 40
45 176 40
46 176 40
47 168 40
47 169 40
47 170 40
47 171 40
47 172 40
47 173 40
47 174 40
47 175 40
47 176 40
48 168 40
49 168 40
50 168 40
51 168 40
52 168 40
53 168 40
54 168 40
55 168 40
56 164 40
56 165 40
56 166 40
56 167 40
56 168 40
58 39 40
59 39 40
60 39 40
63 85 40
63 86 40
63 87 40
63 88 40
63 89 40
63 90 40
63 91 40
69 39 40
70 39 40
71 39 40
72 39 40
73 39 40
74 39 40
75 39 40
76 39 40
77 39 40
78 39 40
79 39 40
80 39 40
80 118 40
80 119 40
80 120 40
80 121 40
80 122 40
80 123 40
80 124 40
81 39 40
82 39 40
83 39 40
84 39 40
85 39 40
86 39 40
87 39 40
88 39 40
88 40 40
88 41 40
88 42 40
88 43 40
88 44 40
88 45 40
89 45 40
90 45 40
91 45 40
92 45 40
93 45 40
94 45 40
95 45 40
96 45 40
97 45 40
98 45 40
99 45 40
100 45 40
101 45 40
102 45 40
103 45 40
105 45 40
106 45 40
107 45 40
108 45 40
109 45 40
110 45 40
111 45 40
144 184 40
145 184 40
146 184 40
147 184 40
148 184 40
149 184 40
150 184 40
151 184 40
152 24 40
152 184 40
153 184 40
154 184 40
155 184 40
156 184 40
157 184 40
158 184 40
159 184 40
160 183 40
160 184 40
161 183 40
162 151 40
162 183 40
163 151 40
163 183 40
164 151 40
165 151 40
166 151 40
167 151 40
168 151 40
169 151 40
170 151 40
171 151 40
172 151 40
173 151 40
174 151 40
175 151 40
176 151 40
177 151 40
178 151 40
179 151 40
180 151 40
181 151 40
182 151 40
183 151 40
43 176 41
44 176 41
45 176 41
46 176 41
47 168 41
47 169 41
47 170 41
47 171 41
47 172 41
47 173 41
47 174 41
47 175 41
47 176 41
48 168 41
49 168 41
50 168 41
51 168 41
52 168 41
53 168 41
54 168 41
55 168 41
56 165 41
56 166 41
56 167 41
56 168 41
63 86 41
63 87 41
63 88 41
63 89 41
63 90 41
70 39 41
71 39 41
72 39 41
73 39 41
74 39 41
75 39 41
76 39 41
77 39 41
78 39 41
79 39 41
80 39 41
80 118 41
80 119 41
80 120 41
80 121 41
80 122 41
80 123 41
81 39 41
82 39 41
83 39 41
84 39 41
85 39 41
86 39 41
87 39 41
88 39 41
88 40 41
88 41 41
88 42 41
88 43 41
88 44 41
88 45 41
89 45 41
90 45 41
91 45 41
92 45 41
93 45 41
94 45 41
95 45 41
96 45 41
97 45 41
98 45 41
99 45 41
100 45 41
101 45 41
102 45 41
103 45 41
105 45 41
106 45 41
107 45 41
108 45 41
109 45 41
110 45 41
144 184 41
145 184 41
146 184 41
147 184 41
148 184 41
149 184 41
150 184 41
151 184 41
152 24 41
152 184 41
153 184 41
154 184 41
155 184 41
156 184 41
157 184 41
158 184 41
159 184 41
160 183 41
160 184 41
161 183 41
162 151 41
162 183 41
163 151 41
163 183 41
164 151 41
165 151 41
166 151 41
167 151 41
168 151 41
169 151 41
170 151 41
171 151 41
172 151 41
173 151 41
174 151 41
175 151 41
176 151 41
177 151 41
178 151 41
179 151 41
180 151 41
181 151 41
182 151 41
43 176 42
44 176 42
45 176 42
46 176 42
47 168 42
47 169 42
47 170 42
47 171 42
47 172 42
47 173 42
47 174 42
47 175 42
47 176 42
48 168 42
49 168 42
50 168 42
51 168 42
52 168 42
53 168 42
54 168 42
55 168 42
56 165 42
56 166 42
56 167 42
56 168 42
63 88 42
72 39 42
73 39 42
74 39 42
75 39 42
76 39 42
77 39 42
78 39 42
79 39 42
80 39 42
80 119 42
80 120 42
80 121 42
80 122 42
80 123 42
81 39 42
82 39 42
83 39 42
84 39 42
85 39 42
86 39 42
87 39 42
88 39 42
88 40 42
88 41 42
88 42 42
88 43 42
88 44 42
88 45 42
89 45 42
90 45 42
91 45 42
92 45 42
93 45 42
94 45 42
95 45 42
96 45 42
97 45 42
98 45 42
99 45 42
100 45 42
101 45 42
102 45 42
103 45 42
105 45 42
106 45 42
107 45 42
108 45 42
109 45 42
144 184 42
145 184 42
146 184 42
147 184 42
148 184 42
149 184 42
150 184 42
151 184 42
152 184 42
153 184 42
154 184 42
155 184 42
156 184 42
157 184 42
158 184 42
159 184 42
160 183 42
160 184 42
161 183 42
162 151 42
162 183 42
163 151 42
163 183 42
164 151 42
165 151 42
166 151 42
167 151 42
168 151 42
169 151 42
170 151 42
171 151 42
172 151 42
173 151 42
174 151 42
175 151 42
176 151 42
177 151 42
178 151 42
179 151 42
180 151 42
181 151 42
44 176 43
45 176 43
46 176 43
47 168 43
47 169 43
47 170 43
47 171 43
47 172 43
47 173 43
47 174 43
47 175 43
47 176 43
48 168 43
49 168 43
50 168 43
51 168 43
52 168 43
53 168 43
54 168 43
55 168 43
56 166 43
56 167 43
56 168 43
75 39 43
76 39 43
77 39 43
78 39 43
79 39 43
80 39 43
80 120 43
80 121 43
80 122 43
81 39 43
82 39 43
83 39 43
84 39 43
85 39 43
86 39 43
87 39 43
88 39 43
88 40 43
88 41 43
88 42 43
88 43 43
88 44 43
88 45 43
89 45 43
90 45 43
91 45 43
92 45 43
93 45 43
94 45 43
95 45 43
96 45 43
97 45 43
98 45 43
99 45 43
100 45 43
101 45 43
102 45 43
103 45 43
105 45 43
106 45 43
107 45 43
108 45 43
144 184 43
145 184 43
146 184 43
147 184 43
148 184 43
149 184 43
150 184 43
151 184 43
152 184 43
153 184 43
154 184 43
155 184 43
156 184 43
157 184 43
158 184 43
159 184 43
160 183 43
160 184 43
161 183 43
162 183 43
163 151 43
164 151 43
165 151 43
166 151 43
167 151 43
168 151 43
169 151 43
170 151 43
171 151 43
172 151 43
173 151 43
174 151 43
175 151 43
176 151 43
177 151 43
178 151 43
179 151 43
180 151 43
181 151 43
45 176 44
46 176 44
47 168 44
47 169 44
47 170 44
47 171 44
47 172 44
47 173 44
47 174 44
47 175 44
47 176 44
48 168 44
49 168 44
50 168 44
51 168 44
52 168 44
53 168 44
54 168 44
55 168 44
56 166 44
56 167 44
56 168 44
80 120 44
80 121 44
81 39 44
82 39 44
83 39 44
84 39 44
85 39 44
86 39 44
87 39 44
88 39 44
88 40 44
88 41 44
88 42 44
88 43 44
88 44 44
88 45 44
89 45 44
90 45 44
91 45 44
92 45 44
93 45 44
94 45 44
95 45 44
96 45 44
97 45 44
98 45 44
99 45 44
100 45 44
101 45 44
102 45 44
103 45 44
105 45 44
106 45 44
107 45 44
108 45 44
145 184 44
146 184 44
147 184 44
148 184 44
149 184 44
150 184 44
151 184 44
152 184 44
153 184 44
154 184 44
155 184 44
156 184 44
157 184 44
158 184 44
159 184 44
160 183 44
160 184 44
161 183 44
162 183 44
163 151 44
164 151 44
165 151 44
166 151 44
167 151 44
168 151 44
169 151 44
170 151 44
171 151 44
172 151 44
173 151 44
174 151 44
175 151 44
176 151 44
177 151 44
178 151 44
179 151 44
180 151 44
45 176 45
46 176 45
47 168 45
47 169 45
47 170 45
47 171 45
47 172 45
47 173 45
47 174 45
47 175 45
47 176 45
48 168 45
49 168 45
50 168 45
51 168 45
52 168 45
53 168 45
54 168 45
55 168 45
56 167 45
56 168 45
83 39 45
84 39 45
85 39 45
86 39 45
87 39 45
88 39 45
88 40 45
88 41 45
88 42 45
88 43 45
88 44 45
88 45 45
89 45 45
90 45 45
91 45 45
92 45 45
93 45 45
94 45 45
95 45 45
96 45 45
97 45 45
98 45 45
99 45 45
100 45 45
101 45 45
102 45 45
103 45 45
105 45 45
106 45 45
107 45 45
145 184 45
146 184 45
147 184 45
148 184 45
149 184 45
150 184 45
151 184 45
152 184 45
153 184 45
154 184 45
155 184 45
156 184 45
157 184 45
158 184 45
159 184 45
160 183 45
160 184 45
161 183 45
162 183 45
163 151 45
164 151 45
165 151 45
166 151 45
167 151 45
168 151 45
169 151 45
170 151 45
171 151 45
172 151 45
173 151 45
174 151 45
175 151 45
176 151 45
177 151 45
178 151 45
179 151 45
46 176 46
47 168 46
47 169 46
47 170 46
47 171 46
47 172 46
47 173 46
47 174 46
47 175 46
47 176 46
48 168 46
49 168 46
50 168 46
51 168 46
52 168 46
53 168 46
54 168 46
55 168 46
56 168 46
84 39 46
85 39 46
86 39 46
87 39 46
88 39 46
88 40 46
88 41 46
88 42 46
88 43 46
88 44 46
88 45 46
89 45 46
90 45 46
91 45 46
92 45 46
93 45 46
94 45 46
95 45 46
96 45 46
97 45 46
98 45 46
99 45 46
100 45 46
101 45 46
102 45 46
103 45 46
105 45 46
106 45 46
145 184 46
146 184 46
147 184 46
148 184 46
149 184 46
150 184 46
151 184 46
152 184 46
153 184 46
154 184 46
155 184 46
156 184 46
157 184 46
158 184 46
159 184 46
160 183 46
160 184 46
161 183 46
162 183 46
163 151 46
164 151 46
165 151 46
166 151 46
167 151 46
168 151 46
169 151 46
170 151 46
171 151 46
172 151 46
173 151 46
174 151 46
175 151 46
176 151 46
177 151 46
178 151 46
179 151 46
46 176 47
47 168 47
47 169 47
47 170 47
47 171 47
47 172 47
47 173 47
47 174 47
47 175 47
47 176 47
48 168 47
49 168 47
50 168 47
51 168 47
52 168 47
53 168 47
54 168 47
55 168 47
56 168 47
86 39 47
87 39 47
88 39 47
88 40 47
88 41 47
88 42 47
88 43 47
88 44 47
88 45 47
89 45 47
90 45 47
91 45 47
92 45 47
93 45 47
94 45 47
95 45 47
96 45 47
97 45 47
98 45 47
145 184 47
146 184 47
147 184 47
148 184 47
149 184 47
150 184 47
151 184 47
152 184 47
153 184 47
154 184 47
155 184 47
156 184 47
157 184 47
158 184 47
159 184 47
160 183 47
160 184 47
161 183 47
162 183 47
164 151 47
165 151 47
166 151 47
167 151 47
168 151 47
169 151 47
170 151 47
171 151 47
172 151 47
173 151 47
174 151 47
175 151 47
176 151 47
177 151 47
178 151 47
47 168 48
47 169 48
47 170 48
47 171 48
47 172 48
47 173 48
47 174 48
47 175 48
47 176 48
48 168 48
49 168 48
50 168 48
51 168 48
52 168 48
53 168 48
54 168 48
55 168 48
87 39 48
88 39 48
88 40 48
88 41 48
88 42 48
88 43 48
88 44 48
88 45 48
89 45 48
90 45 48
91 45 48
92 45 48
93 45 48
94 45 48
95 45 48
96 45 48
97 45 48
145 184 48
146 184 48
147 184 48
148 184 48
149 184 48
150 184 48
151 184 48
152 184 48
153 184 48
154 184 48
155 184 48
156 184 48
157 184 48
158 184 48
159 184 48
160 183 48
160 184 48
161 183 48
164 151 48
165 151 48
166 151 48
167 151 48
168 151 48
169 151 48
170 151 48
171 151 48
172 151 48
173 151 48
174 151 48
175 151 48
176 151 48
177 151 48
178 151 48
47 168 49
47 169 49
47 170 49
47 171 49
47 172 49
47 173 49
47 174 49
47 175 49
48 168 49
49 168 49
50 168 49
51 168 49
52 168 49
53 168 49
54 168 49
88 40 49
88 41 49
88 42 49
88 43 49
88 44 49
88 45 49
89 45 49
90 45 49
91 45 49
92 45 49
93 45 49
94 45 49
95 45 49
96 45 49
146 184 49
147 184 49
148 184 49
149 184 49
150 184 49
151 184 49
152 184 49
153 184 49
154 184 49
155 184 49
156 184 49
157 184 49
158 184 49
159 184 49
160 183 49
160 184 49
161 183 49
164 151 49
165 151 49
166 151 49
167 151 49
168 151 49
169 151 49
170 151 49
171 151 49
172 151 49
173 151 49
174 151 49
175 151 49
176 151 49
177 151 49
47 168 50
47 169 50
47 170 50
47 171 50
47 172 50
47 173 50
47 174 50
47 175 50
48 168 50
49 168 50
50 168 50
51 168 50
52 168 50
53 168 50
88 40 50
88 41 50
88 42 50
88 43 50
88 44 50
88 45 50
89 45 50
90 45 50
91 45 50
92 45 50
93 45 50
94 45 50
95 45 50
96 45 50
146 184 50
147 184 50
148 184 50
149 184 50
150 184 50
151 184 50
152 184 50
153 184 50
154 184 50
155 184 50
156 184 50
157 184 50
158 184 50
159 184 50
160 183 50
160 184 50
161 183 50
164 151 50
165 151 50
166 151 50
167 151 50
168 151 50
169 151 50
170 151 50
171 151 50
172 151 50
173 151 50
174 151 50
175 151 50
176 151 50
177 151 50
47 168 51
47 169 51
47 170 51
47 171 51
47 172 51
47 173 51
47 174 51
48 168 51
49 168 51
50 168 51
51 168 51
52 168 51
53 168 51
88 40 51
88 41 51
88 42 51
88 43 51
88 44 51
88 45 51
89 45 51
90 45 51
91 45 51
92 45 51
93 45 51
94 45 51
95 45 51
146 184 51
147 184 51
148 184 51
149 184 51
150 184 51
151 184 51
152 184 51
153 184 51
154 184 51
155 184 51
156 184 51
157 184 51
158 184 51
159 184 51
160 183 51
160 184 51
161 183 51
164 151 51
165 151 51
166 151 51
167 151 51
168 151 51
169 151 51
170 151 51
171 151 51
172 151 51
173 151 51
174 151 51
175 151 51
176 151 51
177 151 51
47 168 52
47 169 52
47 170 52
47 171 52
47 172 52
47 173 52
47 174 52
48 168 52
49 168 52
50 168 52
51 168 52
52 168 52
88 40 52
88 41 52
88 42 52
88 43 52
88 44 52
88 45 52
89 45 52
90 45 52
91 45 52
92 45 52
93 45 52
94 45 52
95 45 52
146 184 52
147 184 52
148 184 52
149 184 52
150 184 52
151 184 52
152 184 52
153 184 52
154 184 52
155 184 52
156 184 52
157 184 52
158 184 52
159 184 52
160 183 52
160 184 52
161 183 52
165 151 52
166 151 52
167 151 52
168 151 52
169 151 52
170 151 52
171 151 52
172 151 52
173 151 52
174 151 52
175 151 52
176 151 52
47 168 53
47 169 53
47 170 53
47 171 53
47 172 53
47 173 53
48 168 53
49 168 53
50 168 53
51 168 53
52 168 53
88 40 53
88 41 53
88 42 53
88 43 53
88 44 53
88 45 53
89 45 53
90 45 53
91 45 53
92 45 53
93 45 53
94 45 53
95 45 53
146 184 53
147 184 53
148 184 53
149 184 53
150 184 53
151 184 53
152 184 53
153 184 53
154 184 53
155 184 53
156 184 53
157 184 53
158 184 53
159 184 53
160 183 53
160 184 53
161 183 53
165 151 53
166 151 53
167 151 53
168 151 53
169 151 53
170 151 53
171 151 53
172 151 53
173 151 53
174 151 53
175 151 53
176 151 53
47 168 54
47 169 54
47 170 54
47 171 54
47 172 54
47 173 54
48 168 54
49 168 54
50 168 54
51 168 54
88 41 54
88 42 54
88 43 54
88 44 54
88 45 54
89 45 54
90 45 54
91 45 54
92 45 54
93 45 54
94 45 54
146 184 54
147 184 54
148 184 54
149 184 54
150 184 54
151 184 54
152 184 54
153 184 54
154 184 54
155 184 54
156 184 54
157 184 54
158 184 54
159 184 54
160 183 54
160 184 54
165 151 54
166 151 54
167 151 54
168 151 54
169 151 54
170 151 54
171 151 54
172 151 54
173 151 54
174 151 54
175 151 54
47 168 56
47 169 56
47 170 56
47 171 56
47 172 56
48 168 56
49 168 56
50 168 56
51 168 56
88 41 56
88 42 56
88 43 56
88 44 56
88 45 56
89 45 56
90 45 56
91 45 56
92 45 56
93 45 56
94 45 56
146 184 56
147 184 56
148 184 56
149 184 56
150 184 56
151 184 56
152 184 56
153 184 56
154 184 56
155 184 56
156 184 56
157 184 56
158 184 56
159 184 56
160 183 56
160 184 56
165 151 56
166 151 56
167 151 56
168 151 56
169 151 56
170 151 56
171 151 56
172 151 56
173 151 56
174 151 56
175 151 56
47 168 57
47 169 57
47 170 57
47 171 57
47 172 57
48 168 57
49 168 57
50 168 57
88 41 57
88 42 57
88 43 57
88 44 57
88 45 57
89 45 57
90 45 57
91 45 57
92 45 57
93 45 57
94 45 57
147 184 57
148 184 57
149 184 57
150 184 57
151 184 57
152 184 57
153 184 57
154 184 57
155 184 57
156 184 57
157 184 57
158 184 57
159 184 57
160 183 57
160 184 57
165 151 57
166 151 57
167 151 57
168 151 57
169 151 57
170 151 57
171 151 57
172 151 57
173 151 57
174 151 57
175 151 57
47 168 58
47 169 58
47 170 58
47 171 58
48 168 58
49 168 58
50 168 58
88 41 58
88 42 58
88 43 58
88 44 58
88 45 58
89 45 58
90 45 58
91 45 58
92 45 58
93 45 58
147 184 58
148 184 58
149 184 58
150 184 58
151 184 58
152 184 58
153 184 58
154 184 58
155 184 58
156 184 58
157 184 58
158 184 58
159 184 58
160 183 58
160 184 58
166 151 58
167 151 58
168 151 58
169 151 58
170 151 58
171 151 58
172 151 58
173 151 58
174 151 58
47 168 60
47 169 60
47 170 60
47 171 60
48 168 60
49 168 60
88 42 60
88 43 60
88 44 60
88 45 60
89 45 60
90 45 60
91 45 60
92 45 60
93 45 60
147 184 60
148 184 60
149 184 60
150 184 60
151 184 60
152 184 60
153 184 60
154 184 60
155 184 60
156 184 60
157 184 60
158 184 60
159 184 60
160 183 60
160 184 60
166 151 60
167 151 60
168 151 60
169 151 60
170 151 60
171 151 60
172 151 60
173 151 60
174 151 60
47 168 61
47 169 61
47 170 61
48 168 61
49 168 61
88 42 61
88 43 61
88 44 61
88 45 61
89 45 61
90 45 61
91 45 61
92 45 61
93 45 61
147 184 61
148 184 61
149 184 61
150 184 61
151 184 61
152 184 61
153 184 61
154 184 61
155 184 61
156 184 61
157 184 61
158 184 61
159 184 61
160 183 61
160 184 61
166 151 61
167 151 61
168 151 61
169 151 61
170 151 61
171 151 61
172 151 61
173 151 61
174 151 61
47 168 62
47 169 62
48 168 62
88 42 62
88 43 62
88 44 62
88 45 62
89 45 62
90 45 62
91 45 62
92 45 62
147 184 62
148 184 62
149 184 62
150 184 62
151 184 62
152 184 62
153 184 62
154 184 62
155 184 62
156 184 62
157 184 62
158 184 62
159 184 62
160 183 62
160 184 62
166 151 62
167 151 62
168 151 62
169 151 62
170 151 62
171 151 62
172 151 62
173 151 62
174 151 62
47 168 64
88 42 64
88 43 64
88 44 64
88 45 64
89 45 64
90 45 64
91 45 64
92 45 64
147 184 64
148 184 64
149 184 64
150 184 64
151 184 64
152 184 64
153 184 64
154 184 64
155 184 64
156 184 64
157 184 64
158 184 64
159 184 64
160 183 64
160 184 64
166 151 64
167 151 64
168 151 64
169 151 64
170 151 64
171 151 64
172 151 64
173 151 64
88 43 65
88 44 65
88 45 65
89 45 65
90 45 65
91 45 65
92 45 65
148 184 65
149 184 65
150 184 65
151 184 65
152 184 65
153 184 65
154 184 65
155 184 65
156 184 65
157 184 65
158 184 65
159 184 65
167 151 65
168 151 65
169 151 65
170 151 65
171 151 65
172 151 65
173 151 65
88 43 66
88 44 66
88 45 66
89 45 66
90 45 66
91 45 66
148 184 66
149 184 66
150 184 66
151 184 66
152 184 66
153 184 66
154 184 66
155 184 66
156 184 66
157 184 66
158 184 66
159 184 66
167 151 66
168 151 66
169 151 66
170 151 66
171 151 66
172 151 66
173 151 66
88 43 68
88 44 68
88 45 68
89 45 68
90 45 68
91 45 68
148 184 68
149 184 68
150 184 68
151 184 68
152 184 68
153 184 68
154 184 68
155 184 68
156 184 68
157 184 68
158 184 68
159 184 68
167 151 68
168 151 68
169 151 68
170 151 68
171 151 68
172 151 68
88 43 69
88 44 69
88 45 69
89 45 69
90 45 69
91 45 69
148 184 69
149 184 69
150 184 69
151 184 69
152 184 69
153 184 69
154 184 69
155 184 69
156 184 69
157 184 69
158 184 69
159 184 69
168 151 69
169 151 69
170 151 69
171 151 69
172 151 69
88 44 71
88 45 71
89 45 71
90 45 71
148 184 71
149 184 71
150 184 71
151 184 71
152 184 71
153 184 71
154 184 71
155 184 71
156 184 71
157 184 71
158 184 71
159 184 71
168 151 71
169 151 71
170 151 71
171 151 71
172 151 71
88 44 73
88 45 73
89 45 73
90 45 73
149 184 73
150 184 73
151 184 73
152 184 73
153 184 73
154 184 73
155 184 73
156 184 73
157 184 73
158 184 73
159 184 73
168 151 73
169 151 73
170 151 73
171 151 73
88 45 74
89 45 74
149 184 74
150 184 74
151 184 74
152 184 74
153 184 74
154 184 74
155 184 74
156 184 74
157 184 74
158 184 74
159 184 74
169 151 74
170 151 74
171 151 74
88 45 76
149 184 76
150 184 76
151 184 76
152 184 76
153 184 76
154 184 76
155 184 76
156 184 76
157 184 76
158 184 76
170 151 76
149 184 77
150 184 77
151 184 77
152 184 77
153 184 77
154 184 77
155 184 77
156 184 77
157 184 77
158 184 77
150 184 79
151 184 79
152 184 79
153 184 79
154 184 79
155 184 79
156 184 79
157 184 79
158 184 79
150 184 81
151 184 81
152 184 81
153 184 81
154 184 81
155 184 81
156 184 81
157 184 81
158 184 81
150 184 83
151 184 83
152 184 83
153 184 83
154 184 83
155 184 83
156 184 83
157 184 83
158 184 83
150 184 85
151 184 85
152 184 85
153 184 85
154 184 85
155 184 85
156 184 85
157 184 85
151 184 86
152 184 86
153 184 86
154 184 86
155 184 86
156 184 86
157 184 86
151 184 88
152 184 88
153 184 88
154 184 88
155 184 88
156 184 88
157 184 88
151 184 90
152 184 90
153 184 90
154 184 90
155 184 90
156 184 90
157 184 90
151 184 92
152 184 92
153 184 92
154 184 92
155 184 92
156 184 92
152 184 94
153 184 94
154 184 94
155 184 94
156 184 94
152 184 97
153 184 97
154 184 97
155 184 97
156 184 97
153 184 99
154 184 99
155 184 99
153 184 101
154 184 101
155 184 101
