1 1 0 1 
1 1 2 3 
1 1 0 2 
1 1 1 2 
1 1 1 3 
1 1 4 5 
1 1 7 8 
1 1 6 8 
1 1 5 6 
1 1 4 6 
1 1 4 8 
1 1 4 7 
1 1 0 5 
1 1 2 5 
1 1 1 5 
1 1 1 6 
1 1 1 8 
1 1 3 8 
1 1 3 4 
1 1 3 7 
1 1 9 10 
1 1 12 13 
1 1 11 13 
1 1 9 11 
1 1 10 11 
1 1 10 13 
1 1 10 12 
1 1 14 15 
1 1 17 18 
1 1 16 17 
1 1 16 18 
1 1 14 17 
1 1 15 17 
1 1 9 14 
1 1 11 14 
1 1 11 15 
1 1 13 15 
1 1 10 15 
1 1 10 17 
1 1 10 16 
1 1 12 16 
1 1 12 18 
1 1 0 9 
1 1 0 14 
1 1 2 14 
1 1 2 11 
1 1 5 11 
1 1 6 11 
1 1 1 11 
1 1 1 13 
1 1 8 13 
1 1 8 15 
1 1 8 17 
1 1 4 17 
1 1 4 10 
1 1 4 16 
1 1 4 18 
1 1 3 18 
1 1 7 18 
1 1 7 12 
1 1 19 20 
1 1 22 23 
1 1 21 23 
1 1 20 21 
1 1 20 23 
1 1 20 22 
1 1 19 22 
1 1 24 25 
1 1 27 28 
1 1 26 28 
1 1 24 26 
1 1 24 28 
1 1 24 27 
1 1 25 27 
1 1 21 26 
1 1 23 26 
1 1 23 28 
1 1 23 24 
1 1 20 24 
1 1 20 27 
1 1 19 27 
1 1 19 25 
1 1 22 25 
1 1 29 30 
1 1 32 33 
1 1 31 32 
1 1 30 31 
1 1 30 32 
1 1 29 32 
1 1 29 33 
1 1 34 35 
1 1 37 38 
1 1 36 38 
1 1 36 37 
1 1 34 38 
1 1 35 38 
1 1 35 37 
1 1 35 36 
1 1 31 34 
1 1 30 34 
1 1 32 34 
1 1 32 38 
1 1 33 38 
1 1 33 37 
1 1 33 36 
1 1 33 35 
1 1 21 31 
1 1 26 31 
1 1 28 31 
1 1 28 30 
1 1 28 34 
1 1 28 32 
1 1 28 38 
1 1 28 37 
1 1 23 37 
1 1 24 37 
1 1 20 37 
1 1 27 37 
1 1 19 37 
1 1 19 36 
1 1 25 36 
1 1 22 36 
1 1 22 35 
1 1 22 33 
1 1 22 29 
1 1 9 21 
1 1 9 26 
1 1 0 26 
1 1 0 31 
1 1 0 30 
1 1 14 30 
1 1 2 30 
1 1 5 30 
1 1 6 30 
1 1 11 30 
1 1 11 34 
1 1 1 34 
1 1 1 32 
1 1 1 38 
1 1 13 38 
1 1 13 28 
1 1 13 23 
1 1 13 24 
1 1 13 20 
1 1 13 27 
1 1 13 37 
1 1 13 19 
1 1 13 25 
1 1 15 25 
1 1 15 36 
1 1 8 36 
1 1 17 36 
1 1 10 36 
1 1 10 35 
1 1 10 33 
1 1 16 33 
1 1 4 33 
1 1 4 22 
1 1 3 22 
1 1 18 22 
1 1 12 22 
1 1 12 29 
1 1 7 29 
5 5 21 1 38 36 35 9 32 28 17 10 
5 5 21 1 38 36 35 26 34 23 8 16 
5 6 21 1 38 36 35 31 11 24 15 33 7 
6 6 31 11 24 15 33 7 0 30 20 25 4 29 
6 6 31 11 24 15 33 7 14 6 27 13 3 12 
6 6 31 11 24 15 33 7 2 5 37 19 18 22 
5 5 9 32 28 17 10 26 34 23 8 16 
5 6 9 32 28 17 10 0 30 20 25 4 29 
5 6 9 32 28 17 10 14 6 27 13 3 12 
5 6 9 32 28 17 10 2 5 37 19 18 22 
6 5 9 32 28 17 10 15 31 11 24 33 7 
6 5 9 32 28 17 10 33 31 11 24 15 7 
6 5 9 32 28 17 10 7 31 11 24 15 33 
1 1 33 28 
1 1 33 17 
1 1 33 10 
1 1 33 10 
5 6 21 1 38 36 35 9 32 28 17 10 33 
6 5 9 32 28 17 10 33 26 34 23 8 16 
6 5 9 32 28 17 10 33 31 11 24 15 7 
5 6 31 11 24 15 7 0 30 20 25 4 29 
5 6 31 11 24 15 7 14 6 27 13 3 12 
5 6 31 11 24 15 7 2 5 37 19 18 22 
5 5 21 1 38 36 35 26 34 23 8 16 
5 6 26 34 23 8 16 0 30 20 25 4 29 
5 6 26 34 23 8 16 14 6 27 13 3 12 
5 6 26 34 23 8 16 2 5 37 19 18 22 
6 4 26 34 23 8 16 24 31 11 15 7 
6 4 26 34 23 8 16 15 31 11 24 7 
6 4 26 34 23 8 16 7 31 11 24 15 
1 1 15 23 
1 1 15 8 
5 6 21 1 38 36 35 9 32 28 17 10 33 
6 6 9 32 28 17 10 33 26 34 15 23 8 16 
4 0 6 5 4 6 5 3 2 1 1 3 5 5 5 2 2 1 6 6 4 0 6 2 3 4 2 5 1 4 4 3 1 1 2 0 0 6 0
