[INFO] Max distance:  38
[INFO] Field Initialization done at 0.0083 s
[INFO] Bot Initialization done at 0.0084 s
[INFO] Application Initialization done at 0.0084 s
[INFO] Takahashi-kun is Ready!
[INFO] Started finding path by SA
[INFO] generated initial solution
[INFO] Initial score:   2466834.91
[INFO] DFS DONE
[INFO] start pos: 286, end pos: 290
290 270 269 249 250 230 210 190 191 192 212 232 233 253 273 293 313 314 334 354 353 352 332 312 311 310 330 331 351 350 370 390 389 369 349 348 347 327 326 346 366 365 385 384 383 363 343 344 345 325 305 306 286 
[INFO] reconstruct done
[INFO] calculation done
[INFO] DFS DONE
[INFO] start pos: 289, end pos: 293
293 313 312 311 331 351 350 370 390 391 371 372 373 374 394 395 396 376 375 355 354 353 352 332 333 334 335 315 316 296 295 294 274 273 272 271 291 290 289 
[INFO] reconstruct done
[INFO] calculation done
[INFO] DFS DONE
[INFO] start pos: 15, end pos: 39
39 38 18 17 16 15 
[INFO] reconstruct done
[INFO] calculation done
[INFO] DFS DONE
[INFO] start pos: 27, end pos: 25
25 24 23 3 4 5 6 26 27 
[INFO] reconstruct done
[INFO] calculation done
[INFO] DFS DONE
[INFO] start pos: 227, end pos: 251
251 250 270 290 291 311 312 292 293 294 314 334 333 353 373 393 394 395 396 376 377 378 398 399 379 359 339 319 299 298 297 277 278 279 259 258 257 256 236 216 217 218 219 199 198 197 196 195 215 235 255 254 234 214 213 233 232 212 192 193 173 172 152 153 154 174 175 155 135 136 116 117 118 138 158 159 139 119 99 98 78 79 59 58 57 77 76 96 95 75 55 54 53 73 74 94 93 92 112 113 133 132 131 111 91 90 89 69 68 48 49 50 30 29 9 8 7 27 26 25 45 65 64 44 43 42 22 2 1 21 20 40 60 80 81 101 121 120 140 141 142 122 102 82 83 84 104 103 123 143 163 183 203 204 224 225 205 206 186 187 167 168 148 147 146 126 106 105 85 86 87 88 108 109 110 130 129 149 150 170 190 210 209 189 188 208 207 227 
[INFO] reconstruct done
[INFO] calculation done
[INFO] DFS DONE
[INFO] start pos: 18, end pos: 39
39 19 18 
[INFO] reconstruct done
[INFO] calculation done
[INFO] DFS DONE
[INFO] start pos: 122, end pos: 62
62 63 64 84 83 103 123 143 144 164 184 183 203 204 224 244 245 265 264 284 304 324 325 345 344 343 323 322 321 301 302 303 283 282 262 242 222 221 241 240 220 200 180 181 182 162 142 122 
[INFO] reconstruct done
[INFO] calculation done
[INFO] DFS DONE
[INFO] start pos: 155, end pos: 255
255 235 215 216 236 256 276 277 297 317 318 298 299 319 339 359 358 338 337 357 377 378 398 397 396 395 375 355 354 334 335 315 295 275 274 254 253 252 272 273 293 313 312 332 352 372 392 391 371 351 350 349 369 370 390 389 388 368 367 347 348 328 329 330 310 309 289 288 268 269 270 290 291 271 251 250 230 229 228 248 247 267 287 286 285 265 264 263 283 282 302 322 321 341 361 360 340 320 300 301 281 280 260 261 241 221 220 200 180 160 140 120 100 101 81 82 83 103 104 124 144 143 123 122 142 162 163 183 203 202 222 223 224 225 245 246 226 227 207 187 188 168 148 149 150 151 131 111 110 130 129 128 108 88 89 90 91 92 93 113 112 132 133 134 114 94 95 115 116 136 156 157 158 178 198 199 219 239 259 279 278 258 257 237 238 218 217 197 177 176 175 195 194 174 173 153 154 155 
[INFO] reconstruct done
[INFO] calculation done
[INFO] DFS DONE
[INFO] start pos: 227, end pos: 248
248 247 227 
[INFO] reconstruct done
[INFO] calculation done
[INFO] DFS DONE
[INFO] start pos: 196, end pos: 176
176 175 174 154 134 133 132 131 130 129 109 110 111 91 90 70 69 68 88 108 128 127 107 106 86 87 67 66 46 47 27 7 6 5 25 45 44 43 42 41 40 60 80 100 101 121 120 140 160 180 181 161 141 142 122 102 82 83 84 64 65 85 105 125 145 165 166 146 147 167 168 148 149 169 170 171 151 152 153 173 193 192 191 190 210 209 189 188 208 228 229 230 250 249 248 247 246 245 244 243 242 262 261 260 280 300 320 340 360 380 381 382 362 361 341 342 343 323 324 325 345 365 385 386 387 367 368 388 389 369 370 350 330 310 311 291 271 272 273 293 292 312 313 314 315 295 296 297 317 337 336 335 355 356 357 377 376 396 397 398 378 379 359 358 338 339 319 318 298 299 279 259 239 238 237 217 216 196 
[INFO] reconstruct done
[INFO] calculation done
[INFO] DFS DONE
[INFO] start pos: 211, end pos: 208
208 209 229 249 269 268 248 247 227 226 246 266 267 287 288 289 290 291 311 310 330 331 332 352 353 373 372 392 393 394 374 375 355 354 334 314 315 335 336 356 376 396 397 398 378 377 357 358 359 339 319 299 279 278 277 276 256 257 258 259 239 219 218 217 216 236 235 234 233 253 273 272 252 251 250 230 231 211 
[INFO] reconstruct done
[INFO] calculation done
[INFO] DFS DONE
[INFO] start pos: 273, end pos: 269
269 289 309 329 349 348 368 369 389 388 387 386 366 367 347 327 328 308 288 268 267 287 286 285 305 304 303 283 284 264 244 245 265 266 246 247 248 228 208 207 187 188 168 167 166 165 185 205 225 224 204 184 164 144 143 142 162 163 183 182 202 222 223 243 263 262 282 302 301 281 261 241 240 220 200 201 181 161 141 121 122 123 124 104 84 64 63 62 82 83 103 102 101 100 80 81 61 41 21 1 2 3 4 24 25 5 6 26 46 66 67 87 88 108 128 148 149 150 130 129 109 110 90 70 71 51 52 32 12 13 33 53 54 34 14 15 35 55 75 74 94 95 96 76 77 57 58 38 18 19 39 59 79 78 98 97 117 137 157 158 178 177 176 156 155 154 134 133 132 131 151 171 170 169 189 190 210 230 229 249 250 270 290 310 311 312 332 352 353 333 334 354 374 394 395 375 355 356 376 396 397 398 399 379 378 358 357 337 338 318 298 297 296 316 315 314 294 274 273 
[INFO] reconstruct done
[INFO] calculation done
[INFO] DFS DONE
[INFO] start pos: 150, end pos: 189
189 188 208 209 210 230 229 228 227 247 246 266 265 245 244 264 284 304 324 344 343 363 362 342 322 321 320 340 360 380 381 382 383 384 385 386 366 367 387 388 389 369 370 371 391 392 372 373 353 354 374 394 395 375 355 356 336 316 296 276 256 236 235 234 233 213 212 232 252 251 231 211 191 171 172 192 193 173 174 154 134 114 113 93 94 74 75 55 35 34 14 13 12 11 31 30 50 51 71 70 69 49 29 28 8 7 27 26 46 66 65 64 84 104 124 123 103 83 82 81 101 121 120 140 160 180 181 201 202 222 223 224 225 205 206 186 166 146 145 125 105 85 86 87 107 106 126 127 128 148 168 169 170 150 
[INFO] reconstruct done
[INFO] calculation done
[INFO] DFS DONE
[INFO] start pos: 309, end pos: 306
306 307 287 288 289 309 
[INFO] reconstruct done
[INFO] calculation done
[INFO] DFS DONE
[INFO] start pos: 263, end pos: 303
303 304 324 344 343 323 322 302 282 283 263 
[INFO] reconstruct done
[INFO] calculation done
[INFO] DFS DONE
[INFO] start pos: 37, end pos: 33
33 53 73 93 94 114 115 116 117 137 157 158 159 139 119 118 98 78 58 59 39 38 37 
[INFO] reconstruct done
[INFO] calculation done
[INFO] DFS DONE
[INFO] start pos: 61, end pos: 81
81 61 
[INFO] reconstruct done
[INFO] calculation done
[INFO] DFS DONE
[INFO] start pos: 306, end pos: 304
304 305 285 286 306 
[INFO] reconstruct done
[INFO] calculation done
[INFO] DFS DONE
[INFO] start pos: 343, end pos: 282
282 262 263 243 242 222 221 220 200 201 202 182 162 163 164 184 204 224 225 205 185 165 145 125 105 106 107 108 128 148 147 167 187 207 208 188 189 169 149 150 170 171 172 173 174 154 153 152 132 133 134 114 113 112 111 131 130 110 90 89 88 87 86 66 46 26 27 47 48 49 69 70 50 30 31 11 12 13 14 15 16 17 18 38 37 36 56 55 54 53 33 32 52 72 71 91 92 93 73 74 75 95 115 116 96 97 77 57 58 78 79 99 119 118 138 158 159 179 199 219 239 238 258 259 279 299 319 339 338 337 317 297 277 276 296 316 336 335 355 354 374 394 393 373 353 333 332 352 372 371 351 331 311 312 313 293 294 295 275 274 273 253 233 213 193 192 212 211 231 251 250 270 269 289 288 287 267 247 246 245 244 264 284 283 303 304 324 344 345 365 385 384 383 382 362 361 341 342 322 323 343 
[INFO] reconstruct done
[INFO] calculation done
[INFO] DFS DONE
[INFO] start pos: 109, end pos: 127
127 107 106 86 85 105 125 145 165 185 186 187 207 227 228 229 230 250 270 269 268 248 247 267 266 286 287 307 306 305 285 265 245 244 224 204 203 183 182 162 163 164 144 124 123 103 104 84 83 63 62 82 102 122 121 120 100 80 60 40 20 21 22 42 43 44 64 65 66 46 26 27 47 48 68 69 70 90 110 109 
[INFO] reconstruct done
[INFO] calculation done
[INFO] DFS DONE
[INFO] start pos: 7, end pos: 12
12 32 31 30 10 9 8 7 
[INFO] reconstruct done
[INFO] calculation done
[INFO] DFS DONE
[INFO] start pos: 291, end pos: 293
293 313 333 332 331 311 291 
[INFO] reconstruct done
[INFO] calculation done
[INFO] DFS DONE
[INFO] start pos: 161, end pos: 261
261 281 282 283 284 285 305 325 326 306 307 308 288 268 248 247 267 287 286 266 265 264 263 262 242 222 221 241 240 260 280 300 320 321 341 361 362 342 343 344 345 365 364 363 383 384 385 386 366 346 347 367 387 388 368 369 389 390 391 392 372 373 393 394 374 375 355 335 336 337 357 356 376 396 397 377 378 398 399 379 359 358 338 339 319 318 298 297 296 316 315 295 275 274 273 253 254 234 235 215 214 213 193 194 195 196 197 177 176 175 174 154 134 133 153 173 172 152 132 112 113 114 115 95 94 74 54 55 56 36 35 34 14 13 12 11 10 30 29 28 8 7 27 26 6 5 25 45 65 66 67 68 69 70 71 51 52 72 92 91 111 131 151 171 170 190 210 230 250 270 290 291 271 251 231 232 252 272 292 293 294 314 334 354 353 352 351 350 349 329 309 289 269 249 229 228 227 226 225 224 204 203 202 201 181 161 
[INFO] reconstruct done
[INFO] calculation done
[INFO] DFS DONE
[INFO] start pos: 377, end pos: 318
318 298 299 279 278 258 238 237 236 216 217 218 219 199 198 178 177 157 137 136 156 176 196 195 194 193 192 172 171 170 169 168 148 147 146 166 165 185 186 206 205 225 245 244 224 204 184 164 144 124 123 103 104 84 83 82 102 122 121 120 140 160 180 181 161 162 182 202 201 200 220 221 241 242 262 263 264 284 283 282 302 303 323 322 321 320 340 360 380 381 361 341 342 362 382 383 363 364 384 385 386 366 346 345 325 324 304 305 306 307 287 267 247 246 226 227 228 248 249 250 230 210 211 231 232 212 213 233 253 273 293 294 274 254 255 256 276 277 297 296 316 336 335 315 314 334 333 353 352 351 371 372 392 393 394 395 375 374 354 355 356 376 377 
[INFO] reconstruct done
[INFO] calculation done
[INFO] DFS DONE
[INFO] start pos: 328, end pos: 329
329 328 
[INFO] reconstruct done
[INFO] calculation done
[INFO] DFS DONE
[INFO] start pos: 340, end pos: 320
320 340 
[INFO] reconstruct done
[INFO] calculation done
[INFO] DFS DONE
[INFO] start pos: 391, end pos: 389
389 388 368 369 349 350 351 331 330 329 328 348 347 346 345 325 326 306 307 287 288 268 267 266 286 285 305 304 284 283 263 262 282 281 261 260 240 241 242 222 223 224 204 184 183 182 181 161 141 142 143 123 103 83 63 43 42 22 23 3 4 5 25 26 46 66 86 85 105 125 145 146 147 148 149 129 128 127 126 106 107 108 88 89 90 110 130 131 132 133 153 152 172 192 193 173 174 194 214 213 233 234 235 215 195 196 216 236 256 276 296 297 298 318 338 358 378 379 399 398 397 377 357 337 317 316 336 356 355 354 374 375 395 394 393 373 372 371 391 
[INFO] reconstruct done
[INFO] calculation done
[INFO] DFS DONE
[INFO] start pos: 148, end pos: 131
131 132 112 111 110 90 70 69 68 88 108 107 127 147 167 187 188 208 228 227 226 206 186 185 165 166 146 126 106 105 85 86 87 67 66 65 64 63 43 42 62 61 81 80 60 40 41 21 20 0 1 2 3 23 24 44 45 46 26 27 7 8 9 29 30 10 11 12 13 33 32 31 51 71 72 73 53 54 55 35 36 16 17 18 19 39 38 58 57 56 76 77 97 96 116 115 95 94 114 134 135 155 154 174 173 153 152 151 150 170 190 191 171 172 192 212 211 210 230 231 251 271 272 273 253 252 232 233 234 235 215 195 175 176 156 136 137 157 158 178 179 199 219 218 217 237 238 258 278 279 299 319 339 338 318 317 316 336 337 357 358 359 379 378 377 397 396 376 356 355 375 374 354 353 373 393 392 391 390 389 388 368 348 347 367 387 386 366 365 385 384 364 363 362 361 360 340 341 321 320 300 301 281 282 283 284 304 303 323 322 342 343 344 345 325 305 306 326 327 328 308 309 310 330 331 351 371 372 352 332 312 292 291 290 289 269 268 267 266 286 285 265 245 246 247 248 249 229 209 189 169 149 129 128 148 
[INFO] reconstruct done
[INFO] calculation done
[INFO] DFS DONE
[INFO] start pos: 302, end pos: 202
202 203 183 182 181 180 160 140 120 100 80 60 61 62 63 43 42 22 2 3 4 5 25 24 44 45 46 47 27 28 48 49 29 30 31 51 50 70 90 110 130 131 151 150 170 171 191 190 189 188 208 209 229 230 210 211 231 232 233 213 193 173 174 194 195 196 197 198 218 217 237 236 256 257 258 238 239 259 279 278 298 318 319 339 359 379 399 398 378 377 357 337 336 356 376 375 395 394 393 392 391 390 370 371 372 373 374 354 355 335 315 316 317 297 296 276 275 295 294 314 334 333 313 312 292 293 273 274 254 253 252 251 250 249 269 289 290 310 309 329 330 350 349 348 347 367 366 386 385 365 345 346 326 327 328 308 288 268 267 287 307 306 286 266 246 247 248 228 227 207 187 186 185 205 225 245 265 285 305 325 324 323 322 302 
[INFO] reconstruct done
[INFO] calculation done
[INFO] DFS DONE
[INFO] start pos: 78, end pos: 58
58 59 79 78 
[INFO] reconstruct done
[INFO] calculation done
[INFO] DFS DONE
[INFO] start pos: 299, end pos: 339
339 319 299 
[INFO] reconstruct done
[INFO] calculation done
[INFO] DFS DONE
[INFO] start pos: 225, end pos: 287
287 288 308 307 327 328 348 368 369 389 388 387 386 385 384 364 344 343 363 362 382 381 380 360 340 341 342 322 323 303 304 284 285 265 245 244 224 225 
[INFO] reconstruct done
[INFO] calculation done
[INFO] DFS DONE
[INFO] start pos: 91, end pos: 93
93 94 74 75 55 35 15 16 17 18 38 37 57 58 59 79 99 98 97 77 76 96 116 115 135 136 156 155 175 176 196 195 215 214 213 193 192 212 211 191 190 170 169 149 150 151 152 132 112 92 91 
[INFO] reconstruct done
[INFO] calculation done
[INFO] DFS DONE
[INFO] start pos: 356, end pos: 351
351 331 330 350 370 371 391 392 372 352 353 354 355 375 376 396 397 377 378 379 359 339 319 318 317 337 336 356 
[INFO] reconstruct done
[INFO] calculation done
[INFO] DFS DONE
[INFO] start pos: 39, end pos: 99
99 79 78 58 38 39 
[INFO] reconstruct done
[INFO] calculation done
[INFO] DFS DONE
[INFO] start pos: 356, end pos: 351
351 331 332 312 311 291 290 270 269 289 309 329 349 369 389 388 368 348 347 367 366 386 385 384 364 363 343 323 324 344 345 346 326 327 307 306 286 287 288 268 267 266 265 285 305 304 284 264 244 245 225 226 206 205 185 165 145 146 126 127 128 129 149 150 170 169 189 190 191 192 212 213 233 253 252 251 271 272 292 293 313 333 353 373 374 394 395 375 355 335 315 316 317 297 298 318 319 339 338 337 336 356 
[INFO] reconstruct done
[INFO] calculation done
[INFO] DFS DONE
[INFO] start pos: 298, end pos: 218
218 217 237 238 239 219 199 198 197 177 176 196 216 236 256 257 258 259 279 278 277 297 298 
[INFO] reconstruct done
[INFO] calculation done
[INFO] DFS DONE
[INFO] start pos: 358, end pos: 338
338 337 336 335 315 295 296 297 277 276 275 255 235 236 216 217 237 238 239 259 258 278 298 299 319 339 359 358 
[INFO] reconstruct done
[INFO] calculation done
[INFO] DFS DONE
[INFO] start pos: 212, end pos: 152
152 132 131 151 171 172 173 193 192 212 
[INFO] reconstruct done
[INFO] calculation done
[INFO] DFS DONE
[INFO] start pos: 289, end pos: 293
293 313 333 334 335 336 316 315 314 294 295 275 276 256 257 277 278 298 297 317 337 357 358 338 339 359 379 399 398 378 377 376 356 355 375 395 394 393 373 353 352 372 371 351 331 332 312 311 310 290 289 
[INFO] reconstruct done
[INFO] calculation done
[INFO] DFS DONE
[INFO] start pos: 49, end pos: 52
52 32 31 11 10 30 50 49 
[INFO] reconstruct done
[INFO] calculation done
[INFO] DFS DONE
[INFO] start pos: 319, end pos: 398
398 397 377 376 396 395 375 374 373 393 392 372 371 351 331 311 312 332 333 313 314 294 274 275 255 254 253 233 213 212 232 231 230 229 228 208 209 210 211 191 190 170 171 172 173 153 152 151 150 149 169 168 167 166 146 145 125 105 85 65 45 46 47 27 7 8 9 29 28 48 49 69 70 71 51 50 30 10 11 31 32 52 72 92 91 111 112 132 133 134 154 174 194 195 196 216 217 218 238 239 259 258 257 277 297 298 318 319 
[INFO] reconstruct done
[INFO] calculation done
[INFO] DFS DONE
[INFO] start pos: 256, end pos: 216
216 236 235 234 233 213 193 194 174 173 153 154 155 156 136 135 115 95 96 116 117 97 98 99 79 78 77 76 75 74 94 114 134 133 113 112 132 152 151 171 170 169 168 188 187 167 166 165 185 186 206 226 246 245 265 285 284 264 244 224 223 222 221 220 240 260 280 300 320 340 360 361 362 382 383 384 364 344 343 342 341 321 322 302 282 262 261 241 242 243 263 283 303 304 324 325 305 306 286 287 307 327 347 367 387 388 389 390 391 371 370 369 349 348 328 329 330 310 309 289 288 268 267 247 227 207 208 209 189 190 210 211 191 192 212 232 252 253 273 293 294 274 254 255 256 
[INFO] reconstruct done
[INFO] calculation done
[INFO] DFS DONE
[INFO] start pos: 27, end pos: 24
24 23 3 2 1 21 20 40 60 80 81 61 62 63 83 103 123 143 163 164 184 183 182 162 161 181 201 202 222 223 203 204 224 225 226 246 245 244 243 242 262 263 283 282 281 301 302 322 323 324 344 343 363 364 384 385 365 345 346 326 327 328 329 349 369 370 350 351 331 332 312 313 293 292 272 252 251 250 249 269 289 288 268 248 228 229 230 210 209 208 207 206 205 185 186 187 188 189 190 191 192 212 213 233 253 273 274 275 276 256 257 258 238 239 219 218 217 197 177 157 158 159 139 119 118 98 97 96 95 115 135 134 133 113 93 73 72 52 32 33 13 12 11 10 9 8 28 27 
[INFO] reconstruct done
[INFO] calculation done
[INFO] DFS DONE
[INFO] start pos: 61, end pos: 141
141 140 160 180 200 220 221 222 202 201 181 182 162 142 122 102 101 81 82 62 61 
[INFO] reconstruct done
[INFO] calculation done
[INFO] DFS DONE
[INFO] start pos: 152, end pos: 151
151 131 111 110 130 150 170 171 172 152 
[INFO] reconstruct done
[INFO] calculation done
[INFO] DFS DONE
[INFO] start pos: 366, end pos: 369
369 389 390 391 392 393 394 374 373 353 352 332 312 311 331 330 329 309 289 288 287 267 268 269 270 250 249 229 228 248 247 227 226 246 245 225 205 185 186 206 207 208 188 189 190 210 211 191 192 193 173 174 194 214 213 233 253 273 272 271 291 292 293 294 295 315 316 336 337 357 358 359 339 338 318 298 278 258 259 239 238 237 257 277 276 256 236 235 215 195 196 197 198 178 179 159 158 157 156 155 154 153 133 134 114 115 116 136 137 138 139 119 99 79 78 58 57 56 55 35 36 37 17 16 15 14 34 33 53 73 74 94 93 113 112 111 131 151 152 172 171 170 150 149 148 168 167 147 127 126 125 105 106 107 108 128 129 109 110 90 91 71 70 69 89 88 68 67 66 65 45 44 43 23 3 2 22 42 62 61 81 82 102 122 142 141 161 162 182 183 184 204 224 244 264 265 266 286 285 305 306 307 327 328 348 347 346 345 344 324 304 284 283 282 302 303 323 343 363 364 365 366 
[INFO] reconstruct done
[INFO] calculation done
[INFO] DFS DONE
[INFO] start pos: 112, end pos: 110
110 109 129 128 148 147 127 126 125 105 106 86 87 88 68 69 70 90 91 111 112 
[INFO] reconstruct done
[INFO] calculation done
[INFO] DFS DONE
[INFO] start pos: 16, end pos: 18
18 17 16 
[INFO] reconstruct done
[INFO] calculation done
[INFO] DFS DONE
[INFO] start pos: 327, end pos: 330
330 331 351 371 372 352 332 333 353 354 355 356 336 316 315 295 275 276 296 297 317 318 319 299 279 278 277 257 237 238 239 219 218 198 178 158 157 137 117 118 119 99 79 78 77 57 58 38 39 19 18 17 37 36 16 15 14 34 35 55 54 53 33 32 31 30 10 9 8 28 48 68 88 108 107 127 147 148 128 129 130 131 151 171 170 150 149 169 189 188 208 207 206 205 185 165 145 125 105 106 86 85 65 64 44 43 23 22 2 1 0 20 21 41 61 62 82 81 101 121 141 140 160 161 181 201 200 220 221 222 202 203 223 224 244 243 263 264 284 304 305 306 286 287 267 268 288 308 307 327 
[INFO] reconstruct done
[INFO] calculation done
[INFO] DFS DONE
[INFO] start pos: 47, end pos: 51
51 71 70 90 91 111 110 109 129 149 169 168 148 128 108 88 89 69 68 67 87 86 85 105 125 126 127 147 146 166 186 187 207 227 228 248 247 267 266 265 264 263 283 282 262 242 243 223 222 221 241 240 260 261 281 280 300 320 340 360 361 362 342 341 321 322 302 303 323 343 344 324 304 284 285 305 306 326 346 366 367 368 348 349 329 330 350 370 369 389 390 391 392 393 373 353 352 372 371 351 331 311 291 292 272 271 270 250 230 229 209 189 190 170 150 151 131 132 152 172 171 191 211 231 251 252 253 273 293 294 314 315 335 355 354 374 375 376 377 397 398 399 379 378 358 359 339 319 318 298 297 277 278 258 259 239 219 199 179 159 158 178 177 157 156 155 175 176 196 197 217 218 238 237 257 256 276 296 295 275 255 254 234 233 213 193 194 174 173 153 133 134 114 115 95 94 93 92 72 73 74 75 76 56 36 16 15 35 34 33 13 12 11 31 30 50 49 48 47 
[INFO] reconstruct done
[INFO] calculation done
[INFO] DFS DONE
[INFO] start pos: 116, end pos: 74
74 94 114 134 133 113 112 132 152 172 192 193 173 153 154 174 175 176 196 195 215 235 234 214 213 212 211 210 209 229 249 250 270 290 289 269 268 248 247 227 226 246 245 244 243 223 222 202 203 183 163 143 123 103 83 82 81 101 121 122 142 141 161 162 182 181 201 221 220 200 180 160 140 120 100 80 60 40 20 21 41 42 22 23 3 4 24 25 26 46 45 65 85 105 125 126 146 145 165 166 186 187 207 208 188 189 169 149 148 168 167 147 127 128 108 88 87 86 66 67 47 48 28 8 9 29 30 10 11 12 13 14 15 16 17 18 38 37 36 35 55 56 76 96 95 115 116 
[INFO] reconstruct done
[INFO] calculation done
[INFO] DFS DONE
[INFO] start pos: 62, end pos: 3
3 4 5 25 45 44 24 23 43 42 22 2 1 0 20 21 41 40 60 80 81 61 62 
[INFO] reconstruct done
[INFO] calculation done
[INFO] DFS DONE
[INFO] start pos: 162, end pos: 122
122 121 120 140 160 180 200 201 202 182 162 
[INFO] reconstruct done
[INFO] calculation done
[INFO] DFS DONE
[INFO] start pos: 56, end pos: 97
97 96 76 75 55 35 15 14 13 12 11 31 51 52 32 33 53 73 74 94 114 113 133 134 154 155 156 157 158 138 139 119 99 98 78 58 59 39 38 18 17 16 36 37 57 56 
[INFO] reconstruct done
[INFO] calculation done
[INFO] DFS DONE
[INFO] start pos: 379, end pos: 399
399 398 397 396 376 375 355 356 357 377 378 358 359 379 
[INFO] reconstruct done
[INFO] calculation done
[INFO] DFS DONE
[INFO] start pos: 108, end pos: 187
187 167 147 148 128 108 
[INFO] reconstruct done
[INFO] calculation done
[INFO] DFS DONE
[INFO] start pos: 380, end pos: 280
280 260 240 241 221 222 242 262 282 281 301 321 341 340 360 380 
[INFO] reconstruct done
[INFO] calculation done
[INFO] DFS DONE
[INFO] start pos: 24, end pos: 23
23 43 44 24 
[INFO] reconstruct done
[INFO] calculation done
[INFO] DFS DONE
[INFO] start pos: 133, end pos: 153
153 133 
[INFO] reconstruct done
[INFO] calculation done
[INFO] DFS DONE
[INFO] start pos: 35, end pos: 33
33 34 14 13 12 32 52 53 73 74 75 76 96 95 94 93 113 133 153 154 174 175 176 177 197 217 237 238 239 219 199 179 159 158 138 137 117 97 77 57 58 78 98 99 79 59 39 38 37 17 16 15 35 
[INFO] reconstruct done
[INFO] calculation done
[INFO] DFS DONE
[INFO] start pos: 231, end pos: 228
228 208 207 227 226 225 205 185 165 166 167 168 169 170 150 130 129 109 108 88 87 86 85 65 45 44 64 84 83 63 62 42 43 23 24 25 26 6 7 8 28 48 47 46 66 67 68 69 49 50 30 29 9 10 11 12 13 14 15 16 36 37 17 18 38 58 59 79 78 98 97 117 137 136 135 155 156 157 177 197 217 237 236 235 255 275 276 277 257 258 238 239 259 279 278 298 299 319 318 317 297 296 295 315 335 334 314 294 293 292 312 311 331 351 371 372 352 353 373 393 392 391 390 389 369 349 329 330 310 309 308 307 327 326 306 305 304 284 264 265 266 267 247 248 268 269 249 229 230 231 
[INFO] reconstruct done
[INFO] calculation done
[INFO] DFS DONE
[INFO] start pos: 235, end pos: 275
275 274 273 272 271 251 250 230 210 211 231 232 252 253 254 234 214 215 216 196 197 217 218 198 178 179 199 219 239 259 279 299 298 278 277 257 256 236 235 
[INFO] reconstruct done
[INFO] calculation done
[INFO] DFS DONE
[INFO] start pos: 316, end pos: 216
216 217 197 198 178 177 176 175 195 215 235 255 254 274 275 276 277 257 258 238 218 219 199 179 159 158 157 156 155 154 153 152 132 133 113 112 111 110 109 89 90 91 71 70 50 49 29 30 10 9 8 28 48 47 27 7 6 26 46 45 65 85 105 106 126 125 145 165 185 205 206 186 166 167 187 188 189 190 210 230 229 209 208 207 227 226 246 247 248 268 288 308 309 329 328 348 347 346 366 365 345 325 324 344 343 323 322 302 303 283 263 243 244 245 225 224 204 203 202 222 221 241 261 260 280 281 301 300 320 340 341 342 362 363 364 384 385 386 387 367 368 369 349 350 330 310 290 291 292 312 332 331 351 371 370 390 391 392 393 394 395 375 374 373 372 352 353 354 334 335 355 356 376 396 397 398 399 379 359 339 338 337 317 316 
[INFO] reconstruct done
[INFO] calculation done
[INFO] DFS DONE
[INFO] start pos: 233, end pos: 271
271 270 269 268 248 247 246 226 227 228 208 188 187 207 206 205 185 186 166 165 145 125 105 85 65 66 86 106 126 127 147 167 168 148 149 129 130 110 109 89 69 70 90 91 71 72 73 74 75 76 77 97 96 95 94 93 113 112 111 131 132 152 153 133 134 114 115 116 136 135 155 154 174 175 195 196 197 177 157 137 117 118 119 139 138 158 178 198 199 219 239 238 218 217 216 215 214 213 212 211 231 230 229 249 250 251 252 253 254 274 294 314 313 333 332 312 292 291 290 289 309 329 328 308 288 287 267 266 286 306 326 346 366 365 385 386 387 367 347 348 349 350 330 310 311 331 351 352 372 371 370 390 391 392 393 394 395 375 374 354 334 335 336 337 338 318 317 316 296 276 275 255 235 234 233 
[INFO] reconstruct done
[INFO] calculation done
[INFO] DFS DONE
[INFO] start pos: 7, end pos: 9
9 29 30 10 11 31 51 50 49 69 89 90 70 71 72 73 93 94 74 54 53 33 13 14 15 16 17 37 36 56 57 77 78 79 99 119 139 138 118 117 116 115 135 136 156 157 177 176 175 195 196 197 198 218 219 239 259 258 238 237 257 277 297 317 337 338 339 359 379 399 398 378 358 357 356 336 335 355 354 374 373 393 392 391 371 372 352 353 333 334 314 313 312 292 272 252 253 254 255 275 274 273 293 294 295 315 316 296 276 256 236 235 234 214 213 233 232 212 192 193 194 174 154 153 173 172 152 151 171 191 211 231 230 229 228 227 226 225 224 244 243 223 203 183 163 164 144 143 123 122 121 101 100 80 81 82 62 61 60 40 20 0 1 21 22 42 43 44 45 65 66 67 47 48 28 8 7 
[INFO] reconstruct done
[INFO] calculation done
[INFO] DFS DONE
[INFO] start pos: 89, end pos: 90
90 89 
[INFO] reconstruct done
[INFO] calculation done
[INFO] DFS DONE
[INFO] start pos: 33, end pos: 32
32 12 13 14 15 16 17 37 36 56 55 35 34 33 
[INFO] reconstruct done
[INFO] calculation done
[INFO] DFS DONE
[INFO] start pos: 34, end pos: 30
30 50 49 48 47 46 66 67 87 88 89 109 129 149 169 168 148 147 146 126 125 145 165 166 167 187 188 189 209 210 230 231 232 233 213 193 192 212 211 191 190 170 171 151 152 172 173 174 194 214 215 235 236 256 276 277 278 279 299 319 339 338 358 359 379 399 398 397 396 376 375 374 394 393 373 372 371 391 390 370 350 330 331 311 310 309 329 328 308 307 306 326 346 366 367 368 369 389 388 387 386 385 365 345 344 324 304 303 283 284 264 244 243 223 224 204 184 164 144 124 104 84 64 63 43 23 24 25 5 6 7 27 28 29 9 10 11 12 32 31 51 71 91 92 72 73 53 33 34 
[INFO] reconstruct done
[INFO] calculation done
[INFO] DFS DONE
[INFO] start pos: 59, end pos: 79
79 59 
[INFO] reconstruct done
[INFO] calculation done
[INFO] DFS DONE
[INFO] start pos: 134, end pos: 110
110 109 129 149 150 130 131 151 171 172 173 174 175 195 215 214 194 193 213 233 253 254 234 235 255 256 257 277 297 296 316 336 356 376 377 378 398 399 379 359 358 338 339 319 318 298 278 258 238 239 219 218 217 197 196 176 156 157 177 178 158 159 139 138 137 117 118 98 78 77 57 56 36 35 55 75 95 94 74 54 34 14 13 12 11 31 30 10 9 8 7 27 28 48 47 67 87 107 108 88 89 69 49 50 51 71 91 111 112 132 152 153 133 134 
[INFO] reconstruct done
[INFO] calculation done
[INFO] DFS DONE
[INFO] start pos: 364, end pos: 365
365 364 
[INFO] reconstruct done
[INFO] calculation done
[INFO] DFS DONE
[INFO] start pos: 389, end pos: 385
385 386 366 365 345 344 364 363 383 382 362 361 341 321 320 300 301 281 261 260 240 220 200 201 181 182 162 161 141 142 143 123 124 104 84 64 63 43 42 22 23 3 4 5 6 7 27 28 48 49 29 30 50 51 31 32 52 53 54 55 56 57 58 78 79 99 98 97 77 76 96 95 75 74 73 72 71 70 69 89 88 87 107 108 128 148 149 150 151 152 172 171 170 169 168 167 187 207 227 247 248 228 229 209 189 190 191 192 212 211 210 230 250 251 252 232 233 234 235 215 195 175 176 196 197 217 237 236 256 276 275 255 254 274 273 293 313 314 315 316 317 297 298 318 338 339 359 379 378 358 357 356 336 335 355 354 353 352 332 312 292 272 271 270 269 268 267 266 246 226 206 186 185 205 225 224 244 245 265 285 284 283 282 302 303 304 324 325 326 327 307 287 288 289 290 291 311 310 309 329 328 348 349 350 330 331 351 371 391 390 389 
[INFO] reconstruct done
[INFO] calculation done
[INFO] DFS DONE
[INFO] start pos: 64, end pos: 47
47 27 28 8 9 10 11 12 32 31 30 50 49 48 68 69 70 90 110 111 91 92 112 132 131 130 129 128 108 109 89 88 87 86 66 65 64 
[INFO] reconstruct done
[INFO] calculation done
[INFO] DFS DONE
[INFO] start pos: 28, end pos: 27
27 26 6 5 25 45 44 64 84 83 103 102 82 62 61 41 40 60 80 81 101 100 120 140 160 161 141 142 122 123 124 144 164 184 183 182 181 201 221 241 240 260 280 300 301 321 322 302 303 283 284 304 324 325 305 306 286 285 265 264 244 245 246 226 227 247 267 287 307 308 309 289 290 310 311 312 292 291 271 270 269 249 229 209 189 190 191 192 172 173 174 175 195 194 193 213 233 232 252 253 273 293 313 314 334 333 332 352 353 354 374 394 395 375 376 396 397 377 357 356 336 335 315 316 317 337 338 339 319 299 298 297 277 276 256 257 237 236 216 196 176 156 155 154 153 152 151 150 170 169 149 129 109 108 107 127 126 125 105 85 65 66 46 47 48 28 
[INFO] reconstruct done
[INFO] calculation done
[INFO] DFS DONE
[INFO] start pos: 282, end pos: 182
182 162 142 141 140 120 100 80 60 40 41 61 62 42 43 23 24 25 26 46 45 65 85 105 125 126 127 107 106 86 87 67 68 69 89 109 110 90 70 50 49 29 9 10 30 31 32 52 53 73 74 94 114 115 116 96 95 75 55 54 34 35 36 56 76 77 57 58 59 79 78 98 97 117 118 138 137 157 177 197 196 216 215 214 213 193 173 172 192 212 232 252 251 231 230 250 249 248 247 267 266 265 285 305 325 326 327 347 348 349 369 370 390 389 388 368 367 366 346 345 365 385 384 383 382 381 380 360 361 362 342 343 323 322 321 301 302 303 283 282 
[INFO] reconstruct done
[INFO] calculation done
[INFO] DFS DONE
[INFO] start pos: 88, end pos: 92
92 72 52 51 31 11 12 13 14 15 35 36 56 57 58 59 79 99 119 139 138 118 98 97 77 76 75 74 54 34 33 53 73 93 113 114 134 135 115 95 96 116 117 137 157 158 178 198 218 217 197 177 176 175 174 173 153 133 132 112 111 91 71 70 90 89 88 
[INFO] reconstruct done
[INFO] calculation done
[INFO] DFS DONE
[INFO] start pos: 196, end pos: 116
116 136 137 138 158 159 179 199 219 218 198 178 177 157 156 155 135 134 133 113 93 73 72 52 32 31 30 29 28 27 26 6 5 25 45 65 85 105 125 145 165 185 186 187 167 166 146 126 106 86 87 88 68 48 49 50 70 69 89 109 108 128 127 147 148 168 169 189 190 210 230 229 228 248 249 269 268 288 308 309 289 290 310 330 350 351 371 372 352 353 333 334 314 294 293 273 253 254 274 275 276 277 278 279 259 258 238 237 236 256 255 235 234 233 213 193 192 212 211 191 171 151 131 111 110 90 91 92 112 132 152 153 154 174 194 214 215 216 217 197 196 
[INFO] reconstruct done
[INFO] calculation done
[INFO] DFS DONE
[INFO] start pos: 354, end pos: 351
351 331 332 352 372 373 353 354 
[INFO] reconstruct done
[INFO] calculation done
[INFO] DFS DONE
[INFO] start pos: 310, end pos: 309
309 308 288 268 267 287 307 306 326 325 345 365 385 384 383 363 343 323 303 304 284 264 244 245 246 226 206 207 187 188 168 169 149 150 170 171 151 152 132 131 130 129 109 110 111 91 71 72 92 93 94 74 54 55 35 36 56 76 77 78 58 59 79 99 119 139 159 158 178 198 199 219 239 259 279 299 298 297 296 295 294 293 273 274 275 276 256 257 277 278 258 238 218 217 216 215 195 196 197 177 157 156 176 175 155 135 136 116 96 95 115 114 113 133 134 154 153 173 193 194 214 213 233 253 252 251 231 230 250 249 269 270 271 272 292 312 313 333 334 335 355 356 357 377 397 396 395 375 374 354 353 352 351 350 349 348 347 327 328 329 330 331 311 310 
[INFO] reconstruct done
[INFO] calculation done
[INFO] DFS DONE
[INFO] start pos: 8, end pos: 13
13 12 32 52 53 73 74 54 34 14 15 16 17 18 38 58 78 98 99 119 118 117 116 136 156 176 196 216 217 237 236 235 255 275 274 254 234 214 194 195 175 174 154 153 173 193 213 212 232 233 253 273 272 271 291 292 293 294 314 313 333 334 335 355 375 395 394 393 373 374 354 353 352 351 350 370 371 372 392 391 390 389 369 368 348 349 329 309 289 288 287 307 306 286 266 265 245 225 224 244 243 242 241 261 262 263 283 284 304 305 325 324 323 303 302 282 281 280 260 240 220 221 201 200 180 181 161 162 182 183 163 164 144 143 142 122 123 103 83 82 81 61 62 42 43 63 64 65 45 25 26 27 7 8 
[INFO] reconstruct done
[INFO] calculation done
[INFO] DFS DONE
[INFO] start pos: 147, end pos: 207
207 206 226 246 266 267 268 288 308 309 329 328 348 349 369 368 388 389 390 391 371 372 392 393 373 374 354 334 335 355 356 376 377 357 358 338 339 319 318 298 278 277 257 237 217 197 198 178 179 159 139 138 118 117 116 96 97 98 78 79 59 58 38 37 17 16 36 35 34 54 53 33 13 12 11 31 32 52 51 71 70 90 89 109 108 128 127 147 
[INFO] reconstruct done
[INFO] calculation done
[INFO] DFS DONE
[INFO] start pos: 118, end pos: 38
38 18 17 16 15 14 13 12 11 10 30 31 51 52 72 73 53 33 34 54 55 56 57 58 59 79 99 119 139 159 179 178 177 157 158 138 137 117 97 96 76 77 78 98 118 
[INFO] reconstruct done
[INFO] calculation done
[INFO] DFS DONE
[INFO] start pos: 173, end pos: 253
253 254 234 214 213 233 232 252 272 273 293 313 314 294 295 315 335 334 354 353 373 372 392 391 390 370 350 351 331 332 312 311 310 309 329 328 348 349 369 368 388 387 367 366 365 364 344 324 304 284 264 244 243 223 222 221 241 242 262 263 283 282 302 301 300 280 260 240 220 200 180 181 161 141 121 120 100 101 102 122 142 143 123 124 144 164 163 162 182 183 184 204 224 225 245 246 247 248 249 229 228 208 188 189 190 191 171 151 150 149 129 109 108 88 87 107 127 126 106 86 85 65 64 63 62 61 41 40 20 0 1 21 22 42 43 44 24 4 5 25 26 27 28 29 30 50 51 71 72 73 74 75 55 35 34 14 15 16 36 37 17 18 19 39 38 58 78 79 99 119 118 138 139 159 179 199 219 218 198 178 158 157 177 197 217 216 196 195 194 193 173 
[INFO] reconstruct done
[INFO] calculation done
[INFO] DFS DONE
[INFO] start pos: 41, end pos: 61
61 41 
[INFO] reconstruct done
[INFO] calculation done
[INFO] DFS DONE
[INFO] start pos: 292, end pos: 294
294 314 334 333 353 354 355 356 336 337 317 318 319 299 279 259 239 219 199 179 159 158 157 156 136 116 117 97 96 76 56 57 37 17 16 15 14 34 33 53 52 32 31 11 10 30 29 28 8 7 27 47 67 87 107 127 147 146 145 125 126 106 105 85 86 66 65 64 84 104 103 83 63 62 61 60 80 100 101 121 120 140 160 161 141 142 122 123 143 144 164 184 204 224 223 203 183 182 202 222 221 201 200 220 240 241 242 243 244 264 284 285 265 266 246 245 225 205 185 186 187 188 168 169 170 150 149 148 128 129 130 110 90 70 71 91 92 93 73 74 75 95 115 114 134 133 153 173 193 213 214 234 254 274 273 253 233 232 212 211 191 190 210 209 208 207 227 247 267 268 288 287 307 308 309 310 330 331 311 291 290 289 269 270 271 272 292 
[INFO] reconstruct done
[INFO] calculation done
[INFO] DFS DONE
[INFO] start pos: 350, end pos: 345
345 346 366 386 385 365 364 344 343 323 303 304 284 264 263 283 282 281 261 262 242 222 202 201 181 161 141 121 122 102 82 81 61 41 42 43 63 83 103 123 124 144 164 163 183 203 223 243 244 224 225 205 185 165 145 125 105 106 107 108 128 148 168 169 149 150 170 171 191 211 210 209 208 188 187 186 206 207 227 226 246 266 265 285 305 306 307 287 267 268 248 249 269 270 290 291 292 293 273 253 254 234 235 236 216 196 176 156 136 137 157 177 178 198 199 219 218 217 237 238 258 257 277 297 317 316 315 335 355 354 353 333 332 312 311 331 330 329 309 289 288 308 328 327 347 348 349 350 
[INFO] reconstruct done
[INFO] calculation done
[INFO] DFS DONE
[INFO] start pos: 383, end pos: 360
360 380 381 382 362 363 343 344 345 325 324 304 303 302 322 321 301 300 280 281 261 260 240 241 221 222 223 224 225 245 244 264 284 285 305 306 326 346 366 386 385 384 383 
[INFO] reconstruct done
[INFO] calculation done
[INFO] DFS DONE
[INFO] start pos: 92, end pos: 94
94 95 115 135 134 133 113 93 92 
[INFO] reconstruct done
[INFO] calculation done
[INFO] DFS DONE
[INFO] start pos: 38, end pos: 37
37 17 16 15 14 13 12 32 52 72 73 93 92 91 71 51 31 11 10 30 50 49 29 28 8 7 27 47 48 68 67 66 46 45 25 5 4 3 2 22 23 43 42 62 61 60 80 81 82 102 103 123 122 142 141 140 160 180 200 201 181 161 162 182 183 184 164 163 143 144 124 104 84 83 63 64 65 85 105 125 126 146 147 127 107 106 86 87 88 108 109 89 90 110 130 131 132 112 113 133 153 173 174 154 155 175 195 215 216 196 176 156 136 135 134 114 94 74 54 34 35 55 56 76 96 97 117 118 98 99 79 78 77 57 58 38 
[INFO] reconstruct done
[INFO] calculation done
[INFO] DFS DONE
[INFO] start pos: 398, end pos: 394
394 374 373 353 354 334 314 315 295 296 297 317 316 336 335 355 356 357 377 376 396 397 398 
[INFO] reconstruct done
[INFO] calculation done
[INFO] DFS DONE
[INFO] start pos: 382, end pos: 380
380 360 340 341 342 362 382 
[INFO] reconstruct done
[INFO] calculation done
[INFO] DFS DONE
[INFO] start pos: 176, end pos: 96
96 97 77 76 75 95 94 74 54 53 73 72 71 91 90 89 88 68 69 70 50 49 29 28 27 26 25 45 65 85 105 106 107 127 126 146 147 148 128 108 109 110 130 150 170 171 191 211 212 192 172 173 193 213 233 232 231 251 250 249 248 228 227 207 206 226 225 224 223 243 242 241 221 222 202 182 181 201 200 220 240 260 280 300 301 281 261 262 282 302 322 321 320 340 360 380 381 361 362 363 364 384 385 386 366 367 387 388 368 348 349 329 330 350 351 352 332 312 311 291 292 293 294 274 254 255 235 234 214 215 216 217 197 198 178 177 176 
[INFO] reconstruct done
[INFO] calculation done
[INFO] DFS DONE
[INFO] start pos: 163, end pos: 263
263 264 265 245 225 226 227 228 208 209 229 249 248 268 269 289 290 291 292 272 252 232 233 253 273 293 294 274 275 295 296 276 256 255 235 215 216 196 197 217 237 257 258 278 298 299 279 259 239 238 218 198 199 179 159 158 178 177 176 175 195 194 174 173 172 171 170 150 149 148 128 127 107 108 88 87 67 47 27 28 8 7 6 5 4 24 44 45 65 64 84 83 103 102 82 81 80 100 120 121 122 123 143 142 141 140 160 180 200 201 181 182 183 184 164 163 
[INFO] reconstruct done
[INFO] calculation done
[INFO] DFS DONE
[INFO] start pos: 395, end pos: 392
392 391 390 370 350 349 369 389 388 387 367 368 348 328 329 330 331 351 371 372 352 353 354 374 375 355 335 336 316 317 337 357 358 359 379 378 377 397 396 395 
[INFO] reconstruct done
[INFO] calculation done
[INFO] DFS DONE
[INFO] start pos: 268, end pos: 246
246 266 265 285 284 304 303 302 322 323 324 325 345 344 364 365 385 386 387 388 368 367 366 346 347 348 349 369 389 390 391 371 370 350 330 331 311 312 332 333 334 335 355 356 336 337 338 318 317 297 298 299 279 278 258 238 218 198 178 158 159 139 119 99 79 59 58 78 98 97 96 76 75 55 35 15 14 13 12 11 10 9 29 28 27 26 46 66 65 85 105 106 126 127 147 148 128 129 149 169 189 188 208 209 210 190 191 192 193 213 214 215 195 194 174 154 155 135 136 116 117 137 157 156 176 177 197 217 216 236 256 276 275 274 254 255 235 234 233 232 231 251 271 270 269 249 248 247 267 268 
[INFO] reconstruct done
[INFO] calculation done
[INFO] DFS DONE
[INFO] start pos: 2, end pos: 5
5 4 3 23 43 44 45 46 47 67 68 88 87 86 66 65 64 84 83 82 81 80 60 61 41 21 1 2 
[INFO] reconstruct done
[INFO] calculation done
[INFO] DFS DONE
[INFO] start pos: 22, end pos: 2
2 3 23 43 42 22 
[INFO] reconstruct done
[INFO] calculation done
[INFO] DFS DONE
[INFO] start pos: 76, end pos: 73
73 93 92 72 71 91 111 112 113 114 94 95 115 135 155 156 176 175 195 196 216 215 235 255 254 234 233 253 273 274 275 295 296 297 298 318 317 316 336 337 357 356 355 335 334 333 332 352 351 350 370 371 391 392 372 373 393 394 374 375 376 396 397 398 378 358 338 339 319 299 279 259 239 219 199 198 218 217 197 177 157 137 117 116 96 76 
[INFO] reconstruct done
[INFO] calculation done
[INFO] DFS DONE
[INFO] start pos: 225, end pos: 245
245 225 
[INFO] reconstruct done
[INFO] calculation done
[INFO] DFS DONE
[INFO] start pos: 209, end pos: 190
190 210 230 229 209 
[INFO] reconstruct done
[INFO] calculation done
[INFO] DFS DONE
[INFO] start pos: 307, end pos: 304
304 303 302 301 281 280 260 240 241 242 262 263 283 284 285 286 266 265 245 225 226 227 228 248 247 267 287 288 268 269 249 229 230 231 251 271 291 290 310 330 331 351 371 372 392 391 390 370 369 389 388 387 386 385 365 364 344 345 346 347 327 307 
[INFO] reconstruct done
[INFO] calculation done
[INFO] DFS DONE
[INFO] start pos: 265, end pos: 287
287 286 266 265 
[INFO] reconstruct done
[INFO] calculation done
[INFO] DFS DONE
[INFO] start pos: 152, end pos: 150
150 170 169 189 209 208 207 187 186 166 165 185 205 225 224 223 222 202 182 162 163 183 203 204 184 164 144 124 104 84 64 44 24 23 3 2 1 21 22 42 62 61 81 101 102 103 123 143 142 122 121 141 140 160 180 200 201 221 241 261 260 280 281 282 262 263 264 284 304 305 306 286 287 307 327 326 346 366 386 387 388 368 367 347 348 328 308 288 289 290 291 292 293 273 272 271 270 250 251 252 253 233 234 235 255 254 274 294 295 315 314 313 312 311 310 330 331 351 371 370 350 349 369 389 390 391 392 393 394 374 373 372 352 353 354 334 335 336 337 357 377 378 379 359 358 338 339 319 318 317 297 298 299 279 259 258 238 218 198 178 177 197 217 237 236 216 196 176 156 157 158 138 139 119 118 117 97 77 57 58 59 39 38 18 17 37 36 56 55 35 34 54 74 73 93 94 95 75 76 96 116 115 135 134 154 153 152 
[INFO] reconstruct done
[INFO] calculation done
[INFO] DFS DONE
[INFO] start pos: 376, end pos: 358
358 359 339 319 318 317 316 296 295 315 335 334 314 313 312 332 333 353 352 372 373 374 375 376 
[INFO] reconstruct done
[INFO] calculation done
[INFO] DFS DONE
[INFO] start pos: 354, end pos: 350
350 330 331 332 352 372 371 370 390 391 392 393 373 374 354 
[INFO] reconstruct done
[INFO] calculation done
[INFO] DFS DONE
[INFO] start pos: 49, end pos: 54
54 53 52 72 92 93 73 74 94 114 115 95 75 76 96 116 117 97 77 57 37 38 39 59 58 78 98 99 119 118 138 158 178 198 218 238 258 257 277 278 279 299 298 297 317 316 315 335 336 356 355 354 374 373 353 352 372 371 351 331 311 312 292 293 273 274 275 295 296 276 256 236 237 217 216 196 195 215 214 213 233 234 254 253 252 232 212 211 210 190 191 192 172 152 151 131 130 129 128 127 107 108 109 110 90 89 69 49 
[INFO] reconstruct done
[INFO] calculation done
[INFO] DFS DONE
[INFO] start pos: 325, end pos: 330
330 310 290 291 311 312 332 352 351 350 370 369 368 348 347 327 326 325 
[INFO] reconstruct done
[INFO] calculation done
[INFO] DFS DONE
[INFO] start pos: 323, end pos: 327
327 326 325 305 304 303 323 
[INFO] reconstruct done
[INFO] calculation done
[INFO] DFS DONE
[INFO] start pos: 201, end pos: 221
221 201 
[INFO] reconstruct done
[INFO] calculation done
[INFO] DFS DONE
[INFO] start pos: 286, end pos: 287
287 267 247 248 228 229 209 208 207 206 205 225 226 246 245 265 285 286 
[INFO] reconstruct done
[INFO] calculation done
[INFO] DFS DONE
[INFO] start pos: 49, end pos: 52
52 51 71 70 50 49 
[INFO] reconstruct done
[INFO] calculation done
[INFO] DFS DONE
[INFO] start pos: 1, end pos: 41
41 42 22 23 43 63 64 84 83 103 102 122 142 143 163 164 184 183 203 204 224 244 264 265 285 305 304 324 344 343 323 322 342 341 321 320 300 280 281 301 302 303 283 263 262 242 241 221 220 200 180 160 161 141 121 120 100 101 81 82 62 61 60 40 20 0 1 
[INFO] reconstruct done
[INFO] calculation done
[INFO] DFS DONE
[INFO] start pos: 225, end pos: 245
245 246 266 267 268 248 247 227 228 229 209 208 188 168 148 149 169 170 171 151 131 130 129 109 108 88 87 107 127 126 106 105 125 145 165 166 146 147 167 187 186 185 205 225 
[INFO] reconstruct done
[INFO] calculation done
[INFO] DFS DONE
[INFO] start pos: 120, end pos: 20
20 40 41 21 22 2 3 23 43 44 24 4 5 25 45 65 64 84 104 103 83 63 62 82 102 122 121 120 
[INFO] reconstruct done
[INFO] calculation done
[INFO] DFS DONE
[INFO] start pos: 114, end pos: 113
113 133 153 152 132 112 111 131 151 171 172 173 193 192 191 190 210 209 229 228 208 207 227 247 248 268 269 270 250 230 231 251 252 272 273 274 294 314 315 316 336 356 376 377 357 337 317 318 319 339 338 358 378 398 397 396 395 375 355 335 334 333 353 352 351 371 370 369 349 329 330 310 309 308 307 327 328 348 347 346 345 365 364 363 383 382 381 361 360 340 320 300 280 281 301 321 341 342 322 323 303 283 284 264 265 245 246 226 206 205 185 165 166 186 187 188 189 169 170 150 130 110 109 129 128 148 168 167 147 127 107 87 88 68 69 49 29 28 8 9 10 11 31 51 71 72 52 32 12 13 14 34 54 55 35 36 16 17 37 57 56 76 75 74 94 114 
[INFO] reconstruct done
[INFO] calculation done
[INFO] DFS DONE
[INFO] start pos: 53, end pos: 54
54 34 35 36 37 38 58 59 79 78 77 57 56 55 75 76 96 116 115 95 94 114 134 135 136 156 157 137 138 139 159 158 178 198 197 217 237 257 256 276 277 297 317 318 298 299 319 339 359 379 399 398 397 377 378 358 338 337 357 356 376 375 395 394 374 373 372 352 351 350 370 390 389 388 368 348 328 329 330 331 332 312 311 291 271 270 250 251 231 232 212 211 191 171 170 150 149 169 168 167 187 188 208 207 227 247 248 249 269 268 288 289 309 308 307 306 286 266 265 285 305 325 326 346 366 365 385 384 383 363 364 344 343 342 362 382 381 361 360 340 320 300 301 302 282 281 280 260 240 241 221 201 200 180 160 161 162 182 202 222 223 224 204 203 183 184 164 163 143 142 141 121 101 102 122 123 103 83 63 43 42 62 82 81 80 60 61 41 21 20 0 1 2 3 4 24 25 26 6 7 8 9 10 30 29 49 50 70 90 91 111 112 113 93 73 53 
[INFO] reconstruct done
[INFO] calculation done
[INFO] DFS DONE
[INFO] start pos: 238, end pos: 178
178 179 199 219 239 259 279 278 277 257 237 238 
[INFO] reconstruct done
[INFO] calculation done
[INFO] DFS DONE
[INFO] start pos: 395, end pos: 390
390 389 388 368 367 387 386 385 365 345 344 364 363 383 382 381 361 362 342 322 323 324 304 284 264 263 262 242 222 223 224 244 245 246 226 227 247 248 228 208 188 189 209 229 230 250 270 271 291 290 289 309 308 288 287 307 327 326 346 347 348 328 329 330 331 351 350 370 371 372 392 393 373 353 333 313 314 334 354 374 394 395 
[INFO] reconstruct done
[INFO] calculation done
[INFO] DFS DONE
[INFO] start pos: 102, end pos: 62
62 82 83 103 102 
[INFO] reconstruct done
[INFO] calculation done
[INFO] Best score is updated!   2466834.91 ->   2446749.37
[INFO] DFS DONE
[INFO] start pos: 122, end pos: 82
82 102 103 83 63 64 65 66 46 26 6 7 27 28 8 9 29 49 48 47 67 68 88 89 90 110 109 108 107 127 128 148 168 188 208 228 227 226 246 266 286 287 288 268 269 289 290 310 330 329 349 369 368 388 387 386 385 384 364 365 366 367 347 346 326 325 345 344 324 323 322 321 301 300 280 281 261 260 240 241 242 222 221 220 200 201 181 161 141 140 120 100 101 121 122 
[INFO] reconstruct done
[INFO] calculation done
[INFO] DFS DONE
[INFO] start pos: 5, end pos: 10
10 30 50 51 31 32 52 53 33 13 14 34 35 55 56 76 77 97 117 137 136 135 155 156 176 196 216 215 235 236 256 276 275 295 296 316 317 297 298 299 319 339 359 358 357 377 376 356 336 335 334 354 374 373 393 392 372 371 351 350 370 369 368 388 387 386 366 367 347 327 307 308 288 268 269 289 290 310 311 312 313 293 273 274 254 253 252 232 231 251 271 270 250 230 229 249 248 228 227 226 246 247 267 266 286 306 305 285 284 264 265 245 225 205 185 165 145 125 105 85 65 66 86 106 107 127 126 146 166 186 187 188 189 190 191 192 193 194 174 173 172 152 151 150 170 169 168 167 147 148 128 129 130 110 90 89 88 68 48 28 29 9 8 7 27 26 6 5 
[INFO] reconstruct done
[INFO] calculation done
[INFO] DFS DONE
[INFO] start pos: 345, end pos: 344
344 345 
[INFO] reconstruct done
[INFO] calculation done
[INFO] DFS DONE
[INFO] start pos: 226, end pos: 126
126 127 147 146 145 125 105 85 65 64 44 45 25 24 4 3 2 1 0 20 21 41 42 22 23 43 63 83 82 81 61 60 80 100 120 140 141 161 162 182 183 163 164 184 204 224 244 245 246 226 
[INFO] reconstruct done
[INFO] calculation done
[INFO] DFS DONE
[INFO] start pos: 109, end pos: 147
147 146 166 167 187 207 206 205 185 165 145 125 105 106 126 127 128 148 168 169 170 171 151 152 153 133 134 135 115 116 136 137 138 118 119 99 79 59 39 19 18 17 37 36 16 15 14 13 12 32 33 53 54 34 35 55 56 76 75 95 94 114 113 93 92 72 71 91 90 110 111 112 132 131 130 129 109 
[INFO] reconstruct done
[INFO] calculation done
[INFO] DFS DONE
[INFO] start pos: 79, end pos: 119
119 99 79 
[INFO] reconstruct done
[INFO] calculation done
[INFO] DFS DONE
[INFO] start pos: 383, end pos: 382
382 362 363 383 
[INFO] reconstruct done
[INFO] calculation done
[INFO] DFS DONE
[INFO] start pos: 21, end pos: 101
101 121 120 100 80 81 61 62 42 41 21 
[INFO] reconstruct done
[INFO] calculation done
[INFO] DFS DONE
[INFO] start pos: 394, end pos: 391
391 390 389 388 368 348 328 327 307 306 305 325 324 344 364 363 343 323 303 302 282 262 261 260 240 220 200 180 160 161 141 140 120 100 101 102 122 123 143 142 162 163 183 203 204 224 225 226 227 228 229 209 208 207 187 188 168 167 147 146 145 125 105 106 126 127 107 108 128 129 109 89 90 91 111 131 130 150 151 152 132 133 134 114 113 112 92 72 71 70 69 49 50 30 10 11 12 13 14 34 54 53 73 93 94 74 75 55 56 76 77 57 37 17 18 19 39 38 58 78 79 99 98 97 96 116 136 135 155 154 174 194 193 173 172 192 212 213 233 232 252 251 250 249 248 268 269 270 290 310 311 312 292 272 273 253 254 255 235 215 195 175 176 196 197 198 178 179 199 219 239 259 279 278 298 318 338 337 357 358 359 379 399 398 378 377 397 396 395 375 376 356 336 316 296 295 294 314 334 354 353 352 351 371 372 392 393 373 374 394 
[INFO] reconstruct done
[INFO] calculation done
[INFO] DFS DONE
[INFO] start pos: 121, end pos: 221
221 222 202 182 162 142 122 102 103 104 124 144 164 184 204 203 223 243 242 262 282 283 263 264 265 285 305 325 324 323 343 344 345 346 366 386 387 367 368 369 370 371 372 392 393 373 353 352 332 333 313 314 315 316 317 337 338 339 319 299 279 259 258 278 298 297 296 295 275 255 235 234 214 213 193 192 191 171 172 152 151 131 130 110 90 91 111 112 132 133 153 173 174 154 155 175 195 215 216 236 256 276 277 257 237 217 218 198 178 179 159 158 138 137 136 135 134 114 113 93 94 95 115 116 117 118 119 99 79 59 39 38 58 57 37 17 16 36 35 34 33 13 12 11 31 32 52 53 73 72 71 70 69 68 48 47 46 26 6 5 25 24 44 45 65 64 84 83 63 62 42 43 23 22 21 1 0 20 40 41 61 81 101 100 120 121 
[INFO] reconstruct done
[INFO] calculation done
[INFO] DFS DONE
[INFO] start pos: 138, end pos: 118
118 98 78 79 99 119 139 138 
[INFO] reconstruct done
[INFO] calculation done
[INFO] DFS DONE
[INFO] start pos: 369, end pos: 373
373 393 394 395 396 397 398 378 377 357 358 338 337 317 297 277 257 256 255 235 234 254 274 273 293 313 314 294 295 315 335 334 333 332 312 311 310 309 329 330 331 351 352 372 371 391 390 389 369 
[INFO] reconstruct done
[INFO] calculation done
[INFO] DFS DONE
[INFO] start pos: 231, end pos: 208
208 207 187 167 147 127 128 148 168 169 189 209 210 190 191 192 172 152 132 133 153 173 193 213 212 232 233 253 254 274 294 295 296 276 275 255 235 236 216 196 197 198 199 179 178 177 157 137 136 116 115 114 113 93 92 91 90 110 130 129 109 108 107 106 105 125 126 146 166 165 185 205 225 245 244 243 263 264 265 285 284 304 305 325 345 365 366 346 326 327 307 308 328 348 349 350 351 352 353 354 374 373 372 392 393 394 395 396 376 375 355 356 357 377 378 358 359 339 319 299 298 297 317 337 336 316 315 335 334 333 332 331 330 329 309 310 311 291 290 289 269 270 250 230 231 
[INFO] reconstruct done
[INFO] calculation done
[INFO] DFS DONE
[INFO] start pos: 42, end pos: 5
5 4 24 25 26 6 7 8 9 29 28 48 47 46 66 86 106 107 127 147 148 168 188 208 207 187 167 166 165 145 125 105 85 65 45 44 43 42 
[INFO] reconstruct done
[INFO] calculation done
[INFO] DFS DONE
[INFO] start pos: 352, end pos: 351
351 371 370 350 330 310 309 329 328 327 347 346 366 386 387 367 368 348 349 369 389 390 391 392 372 352 
[INFO] reconstruct done
[INFO] calculation done
[INFO] DFS DONE
[INFO] start pos: 43, end pos: 103
103 83 63 64 84 104 124 144 164 184 204 224 225 226 246 266 267 247 248 249 250 230 210 211 191 190 170 150 149 148 147 167 166 186 185 165 145 125 105 85 86 106 126 127 128 108 88 68 67 47 46 66 65 45 44 43 
[INFO] reconstruct done
[INFO] calculation done
[INFO] DFS DONE
[INFO] start pos: 38, end pos: 37
37 57 77 76 75 74 54 34 33 13 12 32 31 30 29 9 8 28 48 49 69 89 109 110 130 131 151 171 170 169 168 167 147 146 166 186 185 205 206 207 227 226 225 245 246 247 267 287 307 308 328 327 347 367 387 388 368 369 370 390 391 392 393 394 395 396 397 398 399 379 359 358 338 337 336 335 355 354 353 333 334 314 313 312 332 331 311 291 271 251 252 272 273 253 233 213 214 194 195 175 176 177 178 158 157 137 117 97 98 78 58 59 39 38 
[INFO] reconstruct done
[INFO] calculation done
[INFO] DFS DONE
[INFO] start pos: 59, end pos: 159
159 179 199 219 239 259 279 278 277 297 317 337 336 356 376 396 395 394 393 373 374 354 334 335 315 316 296 295 275 276 256 255 254 253 233 232 231 211 212 192 191 190 189 209 208 228 229 230 250 270 290 289 288 268 269 249 248 247 246 226 206 207 187 186 185 205 225 224 244 264 263 283 303 302 322 321 301 300 280 281 282 262 261 241 221 220 200 201 181 161 162 142 122 121 141 140 120 100 101 102 82 62 42 43 44 45 25 26 46 47 67 66 86 87 88 68 48 28 27 7 8 9 10 11 31 30 50 51 71 91 90 89 109 110 111 112 92 93 73 74 94 114 115 135 134 133 132 131 130 129 128 127 126 106 105 125 145 165 166 167 168 169 149 150 170 171 172 152 153 173 174 154 155 156 136 116 96 97 77 76 56 36 35 55 54 34 14 15 16 17 37 57 58 59 
[INFO] reconstruct done
[INFO] calculation done
[INFO] DFS DONE
[INFO] start pos: 25, end pos: 23
23 22 2 1 0 20 21 41 40 60 61 81 80 100 101 102 82 62 63 43 44 64 65 85 105 106 126 146 145 165 166 167 187 188 189 190 191 192 172 152 151 150 170 169 149 148 147 127 128 129 130 131 132 133 134 114 113 112 111 110 109 108 88 89 69 68 48 49 29 30 31 11 10 9 8 7 6 5 4 24 25 
[INFO] reconstruct done
[INFO] calculation done
[INFO] DFS DONE
[INFO] start pos: 89, end pos: 94
94 93 113 112 111 110 130 131 151 150 149 129 128 108 109 89 
[INFO] reconstruct done
[INFO] calculation done
[INFO] DFS DONE
[INFO] start pos: 320, end pos: 280
280 260 261 241 240 220 221 222 242 262 282 302 322 321 301 300 320 
[INFO] reconstruct done
[INFO] calculation done
[INFO] DFS DONE
[INFO] start pos: 264, end pos: 204
204 184 183 182 202 201 181 180 200 220 221 241 261 260 280 281 282 262 242 222 223 224 225 226 206 207 208 188 168 169 149 148 147 167 166 146 145 125 126 106 86 87 107 108 128 129 109 89 88 68 48 28 27 47 46 45 44 64 84 104 103 83 63 62 82 81 61 60 40 41 42 22 21 1 2 3 23 24 4 5 6 7 8 9 29 49 50 51 31 32 33 34 14 15 16 17 18 38 37 36 35 55 75 74 73 53 52 72 92 112 113 93 94 95 115 135 134 133 132 131 111 91 71 70 90 110 130 150 170 171 172 192 193 173 153 154 155 156 176 177 197 196 195 194 214 213 233 234 254 274 273 253 252 251 250 249 248 268 288 289 309 308 328 327 326 325 324 344 345 346 366 365 364 363 383 382 362 361 360 340 320 321 322 302 303 304 284 264 
[INFO] reconstruct done
[INFO] calculation done
[INFO] DFS DONE
[INFO] start pos: 167, end pos: 187
187 188 189 209 208 228 227 226 246 245 225 224 244 264 265 285 284 304 303 302 301 321 320 300 280 281 282 262 261 260 240 220 221 241 242 243 223 203 183 182 202 201 181 180 160 161 141 121 120 100 80 60 40 41 61 62 82 83 63 64 65 66 86 85 105 125 145 165 185 186 166 167 
[INFO] reconstruct done
[INFO] calculation done
[INFO] DFS DONE
[INFO] start pos: 192, end pos: 149
149 150 151 131 111 110 90 89 69 68 48 28 27 7 8 9 29 30 10 11 31 51 71 91 92 72 52 53 33 34 54 55 75 74 73 93 113 112 132 152 172 173 153 133 134 135 155 156 176 196 197 217 237 236 235 234 233 232 252 251 271 272 292 293 273 253 254 274 294 314 313 312 311 310 309 329 330 331 351 371 391 390 370 369 389 388 387 386 366 365 364 363 343 342 322 323 303 283 282 281 261 260 240 220 200 201 221 241 242 222 202 182 181 180 160 161 141 142 162 163 164 184 183 203 223 243 244 245 246 247 248 249 229 230 210 211 191 192 
[INFO] reconstruct done
[INFO] calculation done
[INFO] DFS DONE
[INFO] start pos: 243, end pos: 303
303 302 322 321 341 340 320 300 301 281 282 262 242 241 240 220 200 180 181 182 162 163 183 203 204 224 223 243 
[INFO] reconstruct done
[INFO] calculation done
[INFO] DFS DONE
[INFO] start pos: 126, end pos: 87
87 86 66 67 47 46 26 27 7 8 28 29 30 31 11 12 32 52 51 50 49 69 70 90 91 92 112 132 152 151 171 172 192 212 211 210 209 189 169 149 148 168 188 187 207 227 228 248 247 246 245 225 226 206 205 185 165 166 146 126 
[INFO] reconstruct done
[INFO] calculation done
[INFO] DFS DONE
[INFO] start pos: 56, end pos: 77
77 57 37 17 18 38 39 59 58 78 79 99 119 139 159 158 138 137 136 135 134 154 155 175 176 177 178 179 199 198 197 217 216 196 195 194 193 173 172 171 191 190 210 209 229 249 269 270 250 251 271 272 273 253 254 234 235 236 256 257 258 259 279 299 298 318 338 339 359 358 357 337 336 335 315 295 275 274 294 293 292 312 332 333 334 354 374 373 372 392 391 371 370 390 389 388 387 367 368 369 349 350 351 331 311 291 290 310 330 329 309 308 328 327 326 306 305 285 265 245 246 247 248 228 208 207 187 167 147 127 128 108 109 129 130 110 90 89 69 70 71 91 92 72 73 93 113 114 115 95 75 55 35 36 56 
[INFO] reconstruct done
[INFO] calculation done
[INFO] DFS DONE
[INFO] start pos: 258, end pos: 158
158 178 177 157 137 117 116 115 95 94 114 113 93 92 72 52 32 12 11 31 30 29 9 8 7 6 26 46 45 44 43 23 22 21 41 40 60 61 81 80 100 120 121 101 102 122 142 162 161 160 180 200 201 202 203 183 163 143 144 164 184 204 224 225 226 246 245 265 266 267 247 248 228 208 209 210 190 170 169 189 188 168 148 149 129 109 110 111 112 132 152 172 171 191 192 212 211 231 251 271 291 290 310 309 308 307 327 347 348 349 350 330 331 311 312 313 314 294 293 292 272 273 253 254 255 256 276 277 297 298 278 258 
[INFO] reconstruct done
[INFO] calculation done
[INFO] DFS DONE
[INFO] start pos: 299, end pos: 379
379 378 398 397 377 376 356 357 358 338 318 317 316 296 297 298 299 
[INFO] reconstruct done
[INFO] calculation done
[INFO] DFS DONE
[INFO] start pos: 48, end pos: 52
52 53 73 93 92 91 90 110 109 89 69 49 50 30 29 28 48 
[INFO] reconstruct done
[INFO] calculation done
[INFO] DFS DONE
[INFO] start pos: 43, end pos: 123
123 122 142 162 161 160 140 120 121 101 81 80 60 61 62 82 102 103 104 84 83 63 64 44 24 23 3 2 22 42 43 
[INFO] reconstruct done
[INFO] calculation done
[INFO] Best score is updated!   2446749.37 ->   2421800.95
[INFO] DFS DONE
[INFO] start pos: 282, end pos: 202
202 203 204 184 164 163 143 123 103 104 84 64 65 85 86 87 88 68 48 28 8 9 10 11 31 32 33 13 14 34 35 36 56 55 75 95 115 114 134 154 174 194 214 234 254 274 294 314 313 293 292 291 271 270 290 310 330 329 328 327 307 306 286 287 267 247 248 249 250 230 229 209 208 188 189 190 170 171 151 150 130 131 132 112 113 93 94 74 54 53 52 51 71 72 92 91 90 70 69 89 109 108 128 148 149 169 168 167 187 207 206 226 246 245 265 285 284 304 303 302 282 
[INFO] reconstruct done
[INFO] calculation done
[INFO] DFS DONE
[INFO] start pos: 35, end pos: 33
33 53 73 72 92 112 132 131 111 110 109 129 149 169 168 148 128 108 88 68 48 28 29 9 8 7 6 5 25 45 65 85 105 106 107 127 147 146 145 165 185 186 166 167 187 188 208 207 227 226 225 245 244 224 204 203 223 243 263 283 282 262 242 222 221 241 240 260 261 281 301 302 303 304 284 264 265 266 246 247 267 268 288 289 290 270 269 249 248 228 229 209 210 211 231 251 271 291 292 272 252 253 254 274 294 314 334 333 313 312 332 352 353 354 355 375 395 396 376 377 357 356 336 335 315 316 296 295 275 276 277 257 258 278 298 318 338 358 359 339 319 299 279 259 239 219 199 179 159 139 138 137 136 116 117 97 98 78 77 57 58 38 18 17 16 15 35 
[INFO] reconstruct done
[INFO] calculation done
[INFO] DFS DONE
[INFO] start pos: 47, end pos: 50
50 49 48 28 27 7 6 26 25 45 65 85 105 125 145 165 185 186 187 167 168 169 170 171 191 211 212 192 172 152 153 133 134 154 174 175 195 196 216 236 256 255 275 274 273 272 292 293 313 314 315 335 336 337 317 316 296 276 277 278 258 238 239 219 199 198 178 158 138 137 136 135 115 95 94 93 113 112 132 131 151 150 149 129 130 110 109 108 128 148 147 146 126 127 107 87 86 66 46 47 
[INFO] reconstruct done
[INFO] calculation done
[INFO] DFS DONE
[INFO] start pos: 343, end pos: 342
342 362 382 381 380 360 361 341 321 320 300 301 281 261 241 240 220 221 222 223 203 202 182 162 142 122 121 141 140 120 100 101 102 103 104 84 83 82 62 61 81 80 60 40 41 42 43 44 45 46 47 67 87 86 85 105 106 126 127 107 108 109 110 90 89 88 68 48 49 29 28 8 9 10 30 50 51 52 32 12 13 33 53 54 74 94 114 113 112 111 131 151 171 172 173 174 154 155 175 176 177 178 158 157 137 138 139 159 179 199 198 218 238 237 257 256 255 254 253 233 213 193 192 191 190 170 150 130 129 149 148 147 146 145 165 166 167 187 186 206 205 225 226 227 228 208 209 229 230 210 211 231 251 271 270 269 289 290 310 330 331 351 352 372 373 374 375 395 394 393 392 391 390 389 388 368 367 366 386 385 384 383 363 343 
[INFO] reconstruct done
[INFO] calculation done
[INFO] DFS DONE
[INFO] start pos: 122, end pos: 62
62 82 81 101 102 103 123 124 144 143 163 164 184 183 203 202 201 181 182 162 142 122 
[INFO] reconstruct done
[INFO] calculation done
[INFO] DFS DONE
[INFO] start pos: 347, end pos: 346
346 347 
[INFO] reconstruct done
[INFO] calculation done
[INFO] DFS DONE
[INFO] start pos: 63, end pos: 102
102 101 100 80 60 40 20 21 41 42 22 23 24 4 5 6 7 8 9 10 30 29 28 48 68 69 89 88 108 107 127 147 146 166 165 145 125 105 106 86 87 67 47 46 66 65 45 44 43 63 
[INFO] reconstruct done
[INFO] calculation done
[INFO] DFS DONE
[INFO] start pos: 173, end pos: 273
273 253 254 274 275 276 277 257 237 217 197 196 195 175 155 154 174 173 
[INFO] reconstruct done
[INFO] calculation done
[INFO] DFS DONE
[INFO] start pos: 231, end pos: 228
228 208 209 210 190 191 171 151 131 130 110 111 112 113 114 94 74 75 55 54 53 33 13 14 34 35 15 16 36 56 57 37 17 18 19 39 59 58 78 77 97 117 137 136 116 115 135 134 133 132 152 153 173 174 175 155 156 157 177 176 196 216 236 235 215 214 213 233 253 252 232 231 
[INFO] reconstruct done
[INFO] calculation done
[INFO] DFS DONE
[INFO] start pos: 141, end pos: 241
241 240 220 200 180 181 161 141 
[INFO] reconstruct done
[INFO] calculation done
[INFO] DFS DONE
[INFO] start pos: 333, end pos: 336
336 356 376 396 395 394 393 373 374 354 334 314 294 295 275 274 254 255 235 236 216 196 176 175 155 135 115 116 117 137 157 177 178 179 159 158 138 118 98 97 96 95 94 93 113 133 153 173 174 194 195 215 214 234 233 213 193 192 191 190 189 209 210 211 231 251 271 272 292 291 290 270 269 268 288 287 267 266 246 245 265 264 263 262 282 281 261 260 280 300 301 321 320 340 360 380 381 382 383 363 362 361 341 342 343 344 345 346 347 327 328 329 309 310 330 331 332 333 
[INFO] reconstruct done
[INFO] calculation done
[INFO] DFS DONE
[INFO] start pos: 157, end pos: 257
257 256 276 277 278 279 299 298 318 317 316 296 295 315 314 294 274 254 255 235 234 233 213 193 192 191 211 231 230 210 190 189 188 187 207 227 228 248 249 269 268 267 266 265 264 244 243 263 262 282 302 301 321 341 342 362 361 381 380 360 340 320 300 280 260 261 241 242 222 221 201 181 182 202 203 183 163 164 144 143 142 141 161 160 140 120 121 122 102 103 83 82 81 80 60 61 41 40 20 21 22 42 62 63 43 44 45 25 24 23 3 4 5 6 26 46 47 67 66 65 85 86 87 88 68 69 70 71 91 111 112 113 133 153 173 174 194 195 175 176 196 216 217 237 238 218 219 199 198 178 177 157 
[INFO] reconstruct done
[INFO] calculation done
[INFO] DFS DONE
[INFO] start pos: 182, end pos: 142
142 122 123 124 144 164 163 162 182 
[INFO] reconstruct done
[INFO] calculation done
[INFO] DFS DONE
[INFO] start pos: 53, end pos: 54
54 53 
[INFO] reconstruct done
[INFO] calculation done
[INFO] DFS DONE
[INFO] start pos: 214, end pos: 134
134 154 153 133 132 112 111 91 92 93 94 74 73 72 52 53 54 34 35 55 75 76 56 57 77 78 79 99 119 118 138 137 136 156 176 177 197 198 218 217 237 257 256 236 235 255 275 276 277 278 298 297 296 316 315 314 334 354 355 375 376 396 395 394 393 392 391 390 370 369 389 388 387 367 366 386 385 384 383 382 362 363 364 365 345 344 324 325 326 346 347 327 307 287 286 285 284 304 303 302 301 300 280 281 282 283 263 264 244 224 225 245 246 226 227 228 208 207 187 167 147 148 149 150 151 152 172 171 191 211 231 230 250 251 252 232 233 253 254 234 214 
[INFO] reconstruct done
[INFO] calculation done
[INFO] DFS DONE
[INFO] start pos: 115, end pos: 215
215 235 255 256 257 237 238 239 219 218 217 197 198 178 179 159 158 138 118 119 99 98 97 96 116 115 
[INFO] reconstruct done
[INFO] calculation done
[INFO] DFS DONE
[INFO] start pos: 148, end pos: 130
130 129 128 127 147 146 166 165 185 205 206 226 246 266 286 287 307 306 305 325 326 327 347 367 387 386 366 365 364 363 343 323 303 304 284 283 263 243 244 224 204 184 164 144 143 142 122 123 103 83 63 64 44 43 23 22 42 62 61 41 21 1 2 3 4 24 25 5 6 7 27 47 67 68 69 70 50 49 29 30 10 11 31 51 52 53 73 72 71 91 92 93 94 114 113 112 111 131 132 152 172 173 193 192 212 211 191 190 189 209 208 188 187 167 168 148 
[INFO] reconstruct done
[INFO] calculation done
[INFO] DFS DONE
[INFO] start pos: 340, end pos: 260
260 280 300 301 302 282 281 261 241 242 222 223 224 204 184 183 203 202 201 181 180 160 140 141 142 143 123 124 104 103 83 82 62 63 43 23 24 4 5 6 7 27 28 48 68 67 87 88 89 69 70 50 30 31 32 52 53 73 74 94 114 115 135 134 133 153 154 174 175 155 156 176 177 157 137 138 139 159 158 178 179 199 198 218 217 237 236 216 215 214 213 233 234 254 274 273 253 252 272 292 291 271 270 290 289 288 268 267 266 246 245 244 243 263 264 284 283 303 304 324 323 322 321 320 340 
[INFO] reconstruct done
[INFO] calculation done
[INFO] DFS DONE
[INFO] start pos: 213, end pos: 273
273 272 252 253 233 213 
[INFO] reconstruct done
[INFO] calculation done
malloc(): unsorted double linked list corrupted
