41 113
14 21
29 10
25 24
20 13
21 13
10 27
23 18
20 14
28 14
11 10
24 15
24 11
13 14
24 16
13 30
28 26
30 18
30 10
19 21
23 24
21 28
16 29
15 28
20 21
29 17
30 15
25 21
29 13
30 24
19 17
14 19
19 20
18 10
30 23
15 26
10 22
15 15
17 29
30 28
25 29
25 25
17 14
11 29
23 22
17 20
24 26
27 16
13 27
30 17
18 17
29 22
24 19
19 27
18 16
27 30
28 30
18 30
22 25
20 23
13 20
12 14
29 29
30 26
20 30
11 20
27 28
28 24
27 11
12 24
11 28
20 28
24 25
25 26
19 30
27 20
10 19
14 22
16 23
15 30
18 13
20 15
11 16
19 22
16 20
11 13
25 22
15 14
22 12
24 24
12 26
17 11
25 17
17 16
14 23
16 12
24 30
17 26
16 24
22 21
26 21
21 27
19 15
22 20
26 10
28 17
29 18
23 20
13 21
14 18
23 15
23 13
20 17
12 20
