41 140
22 19
23 28
24 11
16 11
29 21
14 17
17 21
23 12
20 15
27 29
10 14
22 26
19 11
18 23
24 22
12 19
10 29
18 20
18 15
21 22
25 16
20 13
28 25
15 25
30 17
12 20
25 19
13 21
20 26
13 12
15 30
16 18
26 28
20 25
17 30
27 22
16 26
13 29
14 14
16 15
10 11
18 26
15 14
23 20
17 26
12 10
19 15
24 16
26 14
23 16
14 21
15 26
12 12
28 23
22 13
11 20
12 28
14 24
27 20
24 26
29 28
28 13
22 29
27 25
28 30
26 11
12 18
20 18
11 12
17 24
12 16
12 26
24 15
15 10
20 19
10 23
29 23
28 20
12 11
26 22
22 24
25 28
28 12
19 28
28 10
11 27
19 19
25 15
16 14
22 16
19 23
22 20
10 12
23 15
12 21
22 18
16 20
13 10
27 11
30 16
20 16
15 20
28 22
12 22
24 12
22 21
13 14
15 27
13 30
26 12
25 27
20 28
29 26
27 13
10 30
18 22
27 27
15 16
14 19
23 23
14 25
11 19
24 30
10 21
24 23
15 28
26 25
17 11
23 30
19 17
17 23
19 20
12 15
20 17
25 12
29 12
24 27
14 29
19 29
21 11
