42
5 12 9 16 12 13 8 9 
8 10 12 10 12 9 8 9 
8 14 8 20 13 20 13 14 
8 16 9 17 17 9 16 8 
8 21 8 23 12 23 12 21 
9 12 16 12 16 11 9 11 
9 15 9 16 12 16 12 15 
10 10 9 11 14 16 15 15 
10 19 12 21 13 20 11 18 
10 23 11 24 12 23 11 22 
11 17 8 20 12 24 15 21 
14 7 13 8 16 11 17 10 
14 13 14 16 18 16 18 13 
15 18 15 21 21 21 21 18 
15 22 16 23 19 20 18 19 
15 23 12 23 12 24 15 24 
16 15 18 13 16 11 14 13 
16 17 13 14 12 15 15 18 
16 25 17 24 16 23 15 24 
17 17 17 19 18 19 18 17 
17 25 21 21 19 19 15 23 
18 12 21 9 20 8 17 11 
18 20 19 20 19 19 18 19 
19 17 21 15 20 14 18 16 
19 21 18 22 20 24 21 23 
20 12 20 8 18 8 18 12 
20 19 20 24 23 24 23 19 
20 25 20 24 17 24 17 25 
21 11 21 10 17 10 17 11 
21 17 21 15 20 15 20 17 
22 17 23 17 23 8 22 8 
22 18 23 19 24 18 23 17 
22 19 23 18 22 17 21 18 
24 11 21 11 21 12 24 12 
24 17 23 17 23 18 24 18 
24 23 24 21 21 21 21 23 
27 14 24 11 21 14 24 17 
9 19 10 19 10 17 9 17 
15 14 15 15 16 15 16 14 
18 23 20 25 24 21 22 19 
19 18 20 19 21 18 20 17 
16 22 16 23 18 23 18 22 
