28
2 15 11 24 18 17 9 8 
2 20 8 20 8 15 2 15 
6 16 9 19 12 16 9 13 
6 17 10 21 12 19 8 15 
6 19 9 19 9 17 6 17 
8 10 13 15 14 14 9 9 
8 23 9 24 11 22 10 21 
8 24 9 24 9 23 8 23 
12 9 12 8 9 8 9 9 
12 20 17 15 14 12 9 17 
12 26 15 23 12 20 9 23 
13 22 11 22 11 24 13 24 
14 10 14 12 15 12 15 10 
14 11 15 10 13 8 12 9 
14 15 13 15 13 17 14 17 
14 18 18 18 18 17 14 17 
16 9 16 10 17 10 17 9 
17 14 17 15 18 15 18 14 
17 19 20 22 21 21 18 18 
17 20 17 19 12 19 12 20 
18 11 18 10 17 10 17 11 
20 21 20 22 21 22 21 21 
22 14 22 23 23 23 23 14 
23 10 22 9 17 14 18 15 
23 18 17 12 14 15 20 21 
12 15 14 17 17 14 15 12 
16 21 17 20 14 17 13 18 
21 15 22 14 18 10 17 11 
