58
7 14 9 16 10 15 8 13 
8 11 9 11 9 10 8 10 
8 15 10 15 10 13 8 13 
8 20 9 21 13 17 12 16 
8 21 8 22 9 22 9 21 
9 9 9 8 8 8 8 9 
9 14 9 16 12 16 12 14 
9 17 9 16 8 16 8 17 
9 23 10 23 10 22 9 22 
10 7 9 8 10 9 11 8 
10 10 9 9 8 10 9 11 
10 21 9 22 10 23 11 22 
11 9 11 11 16 11 16 9 
11 12 9 10 8 11 10 13 
11 13 8 16 9 17 12 14 
11 17 11 20 13 20 13 17 
11 18 9 16 8 17 10 19 
11 21 11 22 12 22 12 21 
11 23 12 22 11 21 10 22 
12 10 11 11 14 14 15 13 
13 13 15 13 15 8 13 8 
13 18 12 19 13 20 14 19 
13 21 16 24 21 19 18 16 
13 22 12 22 12 23 13 23 
14 15 16 17 17 16 15 14 
14 16 12 16 12 19 14 19 
14 21 13 20 12 21 13 22 
15 10 16 11 17 10 16 9 
15 15 15 14 14 14 14 15 
15 17 16 16 15 15 14 16 
15 18 15 20 22 20 22 18 
15 21 18 24 20 22 17 19 
16 21 16 24 18 24 18 21 
17 14 16 14 16 16 17 16 
17 18 15 20 16 21 18 19 
18 15 18 16 19 16 19 15 
18 17 23 22 24 21 19 16 
19 10 17 10 17 13 19 13 
19 12 17 14 18 15 20 13 
19 19 21 19 21 16 19 16 
20 11 21 10 20 9 19 10 
20 12 19 13 22 16 23 15 
20 15 21 16 23 14 22 13 
20 16 24 12 23 11 19 15 
21 8 21 10 24 10 24 8 
21 21 21 22 23 22 23 21 
22 12 20 12 20 13 22 13 
22 22 23 21 22 20 21 21 
23 9 20 9 20 11 23 11 
24 16 22 16 22 17 24 17 
25 9 24 8 23 9 24 10 
25 17 24 16 22 18 23 19 
25 21 25 17 24 17 24 21 
9 12 11 12 11 11 9 11 
14 20 13 20 13 21 14 21 
15 16 15 17 16 17 16 16 
17 17 18 17 18 16 17 16 
20 14 20 15 23 15 23 14 
