37
8 14 8 15 10 15 10 14 
8 22 10 24 12 22 10 20 
9 14 8 15 9 16 10 15 
9 15 11 17 12 16 10 14 
9 19 11 19 11 17 9 17 
9 22 8 22 8 24 9 24 
10 11 19 20 21 18 12 9 
10 18 9 17 8 18 9 19 
10 21 12 21 12 20 10 20 
11 16 12 17 19 10 18 9 
12 14 11 14 11 16 12 16 
12 24 12 22 10 22 10 24 
13 7 9 11 12 14 16 10 
13 18 13 15 10 15 10 18 
13 19 15 21 17 19 15 17 
14 10 16 10 16 9 14 9 
14 19 14 24 16 24 16 19 
14 22 12 20 10 22 12 24 
15 15 15 17 17 17 17 15 
17 18 21 18 21 17 17 17 
17 20 19 20 19 19 17 19 
18 10 19 10 19 9 18 9 
18 20 22 24 23 23 19 19 
19 18 17 20 21 24 23 22 
20 10 20 12 23 12 23 10 
21 7 19 9 20 10 22 8 
21 19 22 19 22 18 21 18 
21 23 23 23 23 22 21 22 
22 9 13 18 14 19 23 10 
22 12 20 10 15 15 17 17 
22 16 21 17 22 18 23 17 
24 7 21 7 21 15 24 15 
24 23 23 23 23 24 24 24 
25 21 22 18 21 19 24 22 
9 20 10 21 13 18 12 17 
15 13 17 15 20 12 18 10 
20 8 20 9 22 9 22 8 
