56
7 16 9 18 13 14 11 12 
7 20 13 20 13 16 7 16 
8 10 10 12 11 11 9 9 
9 12 10 12 10 9 9 9 
9 13 10 14 11 13 10 12 
9 17 11 17 11 13 9 13 
9 19 14 24 16 22 11 17 
9 24 10 24 10 21 9 21 
10 22 12 24 17 19 15 17 
10 23 11 24 13 22 12 21 
11 8 11 11 13 11 13 8 
11 10 10 9 8 11 9 12 
11 18 12 19 14 17 13 16 
11 21 12 21 12 19 11 19 
12 10 12 12 18 12 18 10 
12 14 9 17 11 19 14 16 
12 15 12 14 10 14 10 15 
12 22 12 24 13 24 13 22 
13 13 13 14 16 14 16 13 
14 7 13 8 19 14 20 13 
14 8 12 10 13 11 15 9 
14 9 14 16 15 16 15 9 
14 12 13 11 12 12 13 13 
14 18 14 17 11 17 11 18 
14 21 16 21 16 19 14 19 
14 23 14 24 19 24 19 23 
15 18 14 19 15 20 16 19 
15 22 16 21 15 20 14 21 
16 15 15 16 16 17 17 16 
16 16 15 16 15 17 16 17 
17 11 18 12 19 11 18 10 
17 14 17 16 19 16 19 14 
17 21 19 23 21 21 19 19 
18 13 20 13 20 12 18 12 
18 16 20 14 18 12 16 14 
18 19 19 19 19 17 18 17 
18 21 18 19 17 19 17 21 
18 23 19 22 18 21 17 22 
19 9 22 12 23 11 20 8 
19 10 24 10 24 9 19 9 
19 18 20 17 19 16 18 17 
19 21 21 21 21 19 19 19 
20 7 14 7 14 8 20 8 
20 11 23 11 23 8 20 8 
21 12 24 9 23 8 20 11 
21 14 20 14 20 17 21 17 
22 14 22 16 24 16 24 14 
22 18 23 17 22 16 21 17 
24 11 23 11 23 13 24 13 
25 15 24 14 23 15 24 16 
25 17 25 15 23 15 23 17 
9 22 8 23 9 24 10 23 
14 5 11 8 16 13 19 10 
18 22 19 22 19 21 18 21 
21 13 22 14 23 13 22 12 
22 13 22 12 21 12 21 13 
