30
8 13 8 17 10 17 10 13 
9 18 10 19 11 18 10 17 
9 20 11 22 12 21 10 19 
10 8 9 8 9 9 10 9 
10 11 8 13 11 16 13 14 
10 16 14 12 13 11 9 15 
10 18 11 18 11 17 10 17 
12 16 11 17 13 19 14 18 
13 9 10 9 10 11 13 11 
13 12 13 14 14 14 14 12 
14 22 14 18 11 18 11 22 
15 7 13 9 17 13 19 11 
15 18 17 18 17 15 15 15 
15 20 15 22 18 22 18 20 
15 23 15 22 14 22 14 23 
16 14 15 13 14 14 15 15 
16 20 18 22 23 17 21 15 
16 23 15 22 14 23 15 24 
16 24 16 23 15 23 15 24 
17 7 15 7 15 13 17 13 
17 22 19 20 17 18 15 20 
18 8 18 11 19 11 19 8 
18 18 19 18 19 13 18 13 
21 11 18 8 16 10 19 13 
22 14 22 10 16 10 16 14 
24 16 12 16 12 21 24 21 
5 14 8 17 13 12 10 9 
9 17 10 18 11 17 10 16 
9 19 10 19 10 18 9 18 
13 23 14 22 10 18 9 19 
