22
7 16 10 19 14 15 11 12 
8 8 8 9 9 9 9 8 
8 21 8 22 10 22 10 21 
11 18 23 18 23 16 11 16 
12 19 20 19 20 11 12 11 
12 24 14 22 12 20 10 22 
13 12 11 14 18 21 20 19 
13 14 13 12 11 12 11 14 
13 17 17 17 17 14 13 14 
13 20 12 19 10 21 11 22 
13 23 13 20 12 20 12 23 
16 21 16 10 15 10 15 21 
17 7 9 15 15 21 23 13 
17 23 21 23 21 17 17 17 
18 22 19 22 19 21 18 21 
19 12 23 16 24 15 20 11 
19 15 19 12 14 12 14 15 
19 19 21 17 19 15 17 17 
20 24 21 23 19 21 18 22 
22 20 24 18 16 10 14 12 
24 23 24 18 23 18 23 23 
8 23 8 24 12 24 12 23 
