31
7 19 9 21 11 19 9 17 
8 13 10 13 10 12 8 12 
9 8 9 10 11 10 11 8 
9 13 10 12 9 11 8 12 
9 19 9 21 11 21 11 19 
10 16 9 16 9 17 10 17 
10 24 11 23 9 21 8 22 
11 12 20 21 24 17 15 8 
11 13 18 20 20 18 13 11 
11 17 9 19 11 21 13 19 
11 24 11 23 10 23 10 24 
12 11 12 19 13 19 13 11 
14 24 15 24 15 8 14 8 
14 25 15 24 13 22 12 23 
17 12 11 12 11 13 17 13 
17 14 23 14 23 13 17 13 
17 18 17 21 20 21 20 18 
18 7 9 16 10 17 19 8 
19 23 20 22 18 20 17 21 
20 16 23 13 20 10 17 13 
23 12 23 9 21 9 21 12 
23 17 24 17 24 14 23 14 
6 11 8 13 11 10 9 8 
8 11 10 13 11 12 9 10 
10 18 11 18 11 17 10 17 
11 22 10 23 11 24 12 23 
11 25 14 25 14 24 11 24 
13 21 11 21 11 22 13 22 
16 13 11 18 12 19 17 14 
19 17 19 23 23 23 23 17 
8 10 8 11 9 11 9 10 
