21
7 11 13 17 16 14 10 8 
8 24 9 24 9 20 8 20 
9 14 10 15 13 12 12 11 
10 11 12 11 12 8 10 8 
10 18 8 20 11 23 13 21 
10 21 13 21 13 18 10 18 
11 11 13 13 15 11 13 9 
11 12 11 13 13 13 13 12 
11 21 13 23 21 15 19 13 
12 17 9 20 10 21 13 18 
14 14 16 14 16 8 14 8 
14 23 14 21 13 21 13 23 
16 17 22 23 24 21 18 15 
16 18 21 13 16 8 11 13 
18 11 21 14 22 13 19 10 
18 14 18 15 21 15 21 14 
18 23 15 20 14 21 17 24 
20 6 18 8 22 12 24 10 
21 10 19 10 19 13 21 13 
22 10 22 12 24 12 24 10 
7 15 10 15 10 11 7 11 
