63
5 17 10 22 13 19 8 14 
5 18 8 18 8 17 5 17 
6 20 8 22 10 20 8 18 
6 23 9 23 9 20 6 20 
7 18 9 20 10 19 8 17 
7 24 10 21 9 20 6 23 
8 21 8 22 10 22 10 21 
9 11 9 12 11 12 11 11 
9 13 11 15 13 13 11 11 
9 16 10 17 11 16 10 15 
10 16 11 16 11 15 10 15 
10 18 15 18 15 17 10 17 
11 25 12 24 10 22 9 23 
12 12 15 12 15 11 12 11 
12 19 13 19 13 16 12 16 
12 20 12 19 10 19 10 20 
12 22 14 22 14 20 12 20 
12 25 12 24 11 24 11 25 
13 7 9 11 14 16 18 12 
13 9 13 10 18 10 18 9 
13 14 12 15 13 16 14 15 
14 12 15 13 16 12 15 11 
14 14 14 13 13 13 13 14 
14 27 18 23 16 21 12 25 
15 14 16 13 15 12 14 13 
15 15 15 14 14 14 14 15 
15 19 19 19 19 18 15 18 
15 21 13 21 13 23 15 23 
15 24 18 24 18 23 15 23 
15 27 15 24 14 24 14 27 
16 16 17 17 22 12 21 11 
16 18 18 20 19 19 17 17 
16 20 15 19 14 20 15 21 
16 22 15 21 14 22 15 23 
17 14 17 17 22 17 22 14 
17 23 18 24 21 21 20 20 
18 13 18 12 16 12 16 13 
18 21 18 20 16 20 16 21 
18 22 21 22 21 21 18 21 
19 16 20 15 18 13 17 14 
19 20 16 17 15 18 18 21 
20 7 18 9 20 11 22 9 
20 16 20 18 23 18 23 16 
20 19 19 19 19 20 20 20 
21 8 20 8 20 11 21 11 
21 16 19 18 20 19 22 17 
21 23 22 24 24 22 23 21 
21 24 22 24 22 23 21 23 
22 25 23 24 22 23 21 24 
23 20 24 20 24 18 23 18 
23 22 24 22 24 21 23 21 
23 25 23 24 22 24 22 25 
24 12 20 8 18 10 22 14 
24 19 23 18 22 19 23 20 
25 22 24 21 23 22 24 23 
25 23 25 22 24 22 24 23 
26 18 22 14 20 16 24 20 
15 16 16 16 16 15 15 15 
18 27 21 24 18 21 15 24 
21 27 21 24 18 24 18 27 
22 13 24 13 24 12 22 12 
18 30 21 27 18 24 15 27 
15 30 18 30 18 27 15 27 
