62
7 15 12 20 13 19 8 14 
8 10 13 10 13 9 8 9 
8 15 8 20 10 20 10 15 
8 18 9 19 14 14 13 13 
8 21 8 22 10 22 10 21 
9 13 9 14 10 14 10 13 
9 16 10 15 9 14 8 15 
9 21 10 20 9 19 8 20 
9 23 10 22 9 21 8 22 
10 7 9 8 12 11 13 10 
11 12 10 13 11 14 12 13 
11 18 14 18 14 14 11 14 
11 21 11 22 13 22 13 21 
12 12 12 13 13 13 13 12 
12 19 10 21 11 22 13 20 
12 22 13 21 12 20 11 21 
13 11 15 13 16 12 14 10 
13 16 16 19 19 16 16 13 
13 17 12 17 12 19 13 19 
14 9 14 10 15 10 15 9 
14 11 14 10 13 10 13 11 
14 12 16 12 16 11 14 11 
14 23 14 24 16 24 16 23 
15 12 16 11 15 10 14 11 
15 14 16 14 16 13 15 13 
15 15 13 17 14 18 16 16 
15 16 15 19 16 19 16 16 
15 24 16 23 15 22 14 23 
16 8 15 9 17 11 18 10 
16 22 17 22 17 21 16 21 
17 8 17 11 20 11 20 8 
17 13 16 14 19 17 20 16 
17 18 17 19 18 19 18 18 
17 20 16 19 15 20 16 21 
17 24 18 24 18 23 17 23 
17 25 18 24 17 23 16 24 
18 7 17 8 20 11 21 10 
18 11 17 12 22 17 23 16 
18 13 18 12 17 12 17 13 
18 22 23 22 23 19 18 19 
19 20 17 22 18 23 20 21 
20 12 20 16 23 16 23 12 
20 18 20 21 21 21 21 18 
20 20 18 22 19 23 21 21 
22 10 22 8 21 8 21 10 
22 19 23 18 22 17 21 18 
22 23 23 24 24 23 23 22 
23 23 23 24 24 24 24 23 
24 15 24 14 16 14 16 15 
24 18 24 16 23 16 23 18 
25 9 24 8 22 10 23 11 
25 14 23 12 22 13 24 15 
28 14 22 8 18 12 24 18 
6 19 8 21 11 18 9 16 
11 11 9 13 10 14 12 12 
14 20 16 22 17 21 15 19 
15 21 15 20 14 20 14 21 
16 20 17 20 17 19 16 19 
16 25 17 25 17 24 16 24 
19 19 20 18 19 17 18 18 
28 9 25 9 25 14 28 14 
6 16 6 19 9 19 9 16 
