30
6 10 8 12 10 10 8 8 
6 14 9 14 9 10 6 10 
8 22 11 22 11 16 8 16 
9 17 20 17 20 14 9 14 
9 20 11 22 15 18 13 16 
10 9 9 10 10 11 11 10 
10 14 8 12 6 14 8 16 
11 9 10 9 10 10 11 10 
11 19 15 15 13 13 9 17 
11 25 14 22 11 19 8 22 
12 22 18 16 15 13 9 19 
12 25 12 22 11 22 11 25 
13 14 11 16 13 18 15 16 
13 15 13 16 15 16 15 15 
13 19 16 22 17 21 14 18 
14 19 14 18 13 18 13 19 
15 11 15 13 18 13 18 11 
15 21 17 21 17 18 15 18 
16 19 14 19 14 22 16 22 
19 13 19 22 23 22 23 13 
19 18 21 20 22 19 20 17 
19 24 24 19 22 17 17 22 
20 8 8 8 8 12 20 12 
20 18 22 18 22 17 20 17 
20 21 17 18 16 19 19 22 
21 13 20 12 19 13 20 14 
22 9 22 11 24 11 24 9 
17 24 19 24 19 22 17 22 
18 14 19 13 16 10 15 11 
20 15 24 11 22 9 18 13 
