25
6 11 12 17 15 14 9 8 
6 20 9 20 9 11 6 11 
8 11 10 13 11 12 9 10 
8 19 9 20 11 18 10 17 
10 10 10 8 9 8 9 10 
11 10 10 10 10 12 11 12 
11 11 10 10 9 11 10 12 
12 13 10 13 10 17 12 17 
12 23 13 23 13 17 12 17 
15 11 20 16 23 13 18 8 
15 12 13 14 16 17 18 15 
16 14 15 14 15 17 16 17 
16 16 15 17 21 23 22 22 
16 21 18 21 18 17 16 17 
16 26 23 19 20 16 13 23 
18 24 18 23 13 23 13 24 
19 12 19 11 15 11 15 12 
21 25 24 22 16 14 13 17 
22 15 22 8 18 8 18 15 
22 23 24 23 24 22 22 22 
22 25 22 23 21 23 21 25 
24 17 22 15 16 21 18 23 
15 20 12 23 13 24 16 21 
20 19 18 21 22 25 24 23 
23 16 20 16 20 19 23 19 
