21
9 21 12 21 12 20 9 20 
9 23 9 21 8 21 8 23 
10 9 9 10 13 14 14 13 
10 12 10 13 14 13 14 12 
11 9 14 12 15 11 12 8 
11 22 12 21 10 19 9 20 
12 23 14 23 14 21 12 21 
13 18 15 20 20 15 18 13 
14 14 17 17 21 13 18 10 
14 18 14 14 13 14 13 18 
14 22 16 20 14 18 12 20 
14 25 16 23 14 21 12 23 
15 10 15 11 18 11 18 10 
15 17 15 20 16 20 16 17 
16 25 16 23 14 23 14 25 
20 13 20 11 18 11 18 13 
21 15 21 18 22 18 22 15 
21 17 18 14 15 17 18 20 
21 22 22 21 17 16 16 17 
24 17 22 15 14 23 16 25 
24 18 22 18 22 21 24 21 
