56
5 18 11 24 15 20 9 14 
5 21 9 21 9 18 5 18 
6 18 8 20 10 18 8 16 
7 12 8 13 9 12 8 11 
7 14 9 14 9 12 7 12 
8 19 17 19 17 16 8 16 
9 24 11 24 11 23 9 23 
10 11 11 12 13 10 12 9 
10 14 10 18 15 18 15 14 
10 21 13 21 13 20 10 20 
11 20 9 18 8 19 10 21 
12 8 11 8 11 9 12 9 
12 14 14 12 11 9 9 11 
12 16 13 15 12 14 11 15 
12 22 10 20 9 21 11 23 
12 27 16 23 13 20 9 24 
13 12 11 12 11 15 13 15 
13 17 16 17 16 15 13 15 
13 22 13 23 16 23 16 22 
14 11 13 12 15 14 16 13 
14 13 16 13 16 12 14 12 
14 16 16 18 22 12 20 10 
14 22 17 19 16 18 13 21 
15 16 16 17 17 16 16 15 
16 11 19 14 21 12 18 9 
16 20 16 18 15 18 15 20 
16 27 23 20 20 17 13 24 
17 27 17 23 16 23 16 27 
18 10 20 10 20 9 18 9 
18 20 20 22 22 20 20 18 
18 22 18 24 20 24 20 22 
18 26 14 22 13 23 17 27 
19 20 19 14 18 14 18 20 
19 25 20 24 19 23 18 24 
20 12 21 12 21 10 20 10 
21 7 18 10 20 12 23 9 
21 17 22 17 22 12 21 12 
21 18 21 17 20 17 20 18 
22 9 21 10 22 11 23 10 
22 10 23 10 23 9 22 9 
22 14 20 12 18 14 20 16 
22 19 22 20 23 20 23 19 
22 23 22 20 19 20 19 23 
23 16 24 16 24 12 23 12 
24 21 24 20 23 20 23 21 
25 21 24 20 23 21 24 22 
25 22 25 21 24 21 24 22 
13 26 18 26 18 24 13 24 
14 6 12 8 16 12 18 10 
14 17 15 16 11 12 10 13 
16 6 14 6 14 11 16 11 
17 21 16 22 17 23 18 22 
18 21 19 20 16 17 15 18 
24 23 25 22 24 21 23 22 
17 20 17 21 18 21 18 20 
23 23 24 23 24 22 23 22 
