63
7 9 9 11 10 10 8 8 
7 12 9 14 11 12 9 10 
7 17 8 17 8 12 7 12 
7 18 8 19 9 18 8 17 
7 19 8 19 8 18 7 18 
7 20 10 23 11 22 8 19 
8 10 9 10 9 8 8 8 
8 20 9 19 8 18 7 19 
8 22 9 23 16 16 15 15 
9 13 9 14 12 14 12 13 
9 20 9 19 8 19 8 20 
10 11 10 10 9 10 9 11 
10 12 9 11 8 12 9 13 
10 15 10 16 13 16 13 15 
10 20 10 23 13 23 13 20 
11 9 12 10 13 9 12 8 
11 11 10 11 10 12 11 12 
11 14 10 15 12 17 13 16 
11 15 10 16 15 21 16 20 
12 9 12 10 13 10 13 9 
12 11 18 17 19 16 13 10 
12 12 13 11 12 10 11 11 
12 21 14 21 14 17 12 17 
12 23 13 24 15 22 14 21 
13 12 13 11 12 11 12 12 
13 14 18 14 18 12 13 12 
14 22 15 22 15 21 14 21 
14 23 13 23 13 24 14 24 
15 13 13 15 17 19 19 17 
15 17 15 20 16 20 16 17 
15 18 16 17 15 16 14 17 
15 23 14 22 13 23 14 24 
16 12 18 10 17 9 15 11 
16 15 16 16 19 16 19 15 
17 12 19 10 17 8 15 10 
17 17 17 19 18 19 18 17 
17 22 20 19 18 17 15 20 
17 23 17 22 15 22 15 23 
18 9 18 10 19 10 19 9 
18 11 18 10 15 10 15 11 
19 11 20 12 21 11 20 10 
19 13 20 13 20 12 19 12 
19 22 20 22 20 19 19 19 
20 7 19 8 20 9 21 8 
20 11 20 10 19 10 19 11 
20 21 22 19 20 17 18 19 
21 13 20 14 23 17 24 16 
21 14 21 13 20 13 20 14 
21 16 24 16 24 14 21 14 
21 17 21 16 20 16 20 17 
21 20 23 20 23 17 21 17 
22 11 21 10 20 11 21 12 
22 12 22 11 21 11 21 12 
22 13 21 12 20 13 21 14 
22 22 24 20 21 17 19 19 
23 21 24 21 24 20 23 20 
23 22 23 21 22 21 22 22 
24 8 21 8 21 10 24 10 
25 20 24 19 23 20 24 21 
26 12 24 10 22 12 24 14 
26 13 26 12 22 12 22 13 
7 22 8 22 8 20 7 20 
17 13 18 14 19 13 18 12 
