45
4 16 10 22 18 14 12 8 
4 18 9 18 9 16 4 16 
7 21 8 22 10 20 9 19 
7 22 8 22 8 21 7 21 
10 10 12 10 12 8 10 8 
10 14 9 15 10 16 11 15 
10 17 10 20 11 20 11 17 
11 6 9 8 16 15 18 13 
11 9 11 15 16 15 16 9 
11 14 16 19 19 16 14 11 
11 16 10 15 9 16 10 17 
12 19 10 17 9 18 11 20 
12 21 12 22 15 22 15 21 
12 24 12 22 10 22 10 24 
13 11 13 20 14 20 14 11 
13 14 18 19 22 15 17 10 
13 15 18 20 20 18 15 13 
13 23 15 21 14 20 12 22 
14 10 17 10 17 8 14 8 
14 23 15 22 13 20 12 21 
15 14 18 14 18 13 15 13 
16 16 19 16 19 15 16 15 
16 18 16 19 18 19 18 18 
16 22 15 22 15 23 16 23 
17 17 18 18 20 16 19 15 
19 12 21 12 21 11 19 11 
19 18 20 18 20 16 19 16 
19 20 19 24 21 24 21 20 
20 5 17 8 21 12 24 9 
20 10 19 9 18 10 19 11 
20 14 20 15 22 15 22 14 
20 19 19 20 20 21 21 20 
21 15 22 14 21 13 20 14 
21 19 23 19 23 18 21 18 
24 5 20 5 20 9 24 9 
24 13 24 12 21 12 21 13 
28 9 24 5 20 9 24 13 
9 14 9 15 10 15 10 14 
10 26 12 24 10 22 8 24 
11 11 12 12 13 11 12 10 
11 23 13 23 13 20 11 20 
12 18 9 18 9 19 12 19 
19 10 20 10 20 9 19 9 
8 26 10 26 10 24 8 24 
6 24 8 26 10 24 8 22 
