34
8 15 9 16 11 14 10 13 
8 21 8 22 14 22 14 21 
9 10 9 12 10 12 10 10 
9 14 9 12 8 12 8 14 
9 15 11 13 10 12 8 14 
9 18 10 19 13 16 12 15 
10 14 11 14 11 13 10 13 
10 15 10 14 9 14 9 15 
10 16 10 19 13 19 13 16 
13 10 14 11 15 10 14 9 
13 11 13 13 14 13 14 11 
13 14 14 13 10 9 9 10 
14 12 13 11 12 12 13 13 
14 19 18 19 18 13 14 13 
15 22 19 22 19 20 15 20 
16 19 19 22 22 19 19 16 
16 21 15 20 14 21 15 22 
16 22 17 23 23 17 22 16 
17 15 16 16 21 21 22 20 
19 11 16 11 16 16 19 16 
19 17 22 17 22 16 19 16 
20 15 17 15 17 23 20 23 
20 19 19 20 21 22 22 21 
21 20 21 21 22 21 22 20 
22 9 18 13 20 15 24 11 
22 18 23 18 23 17 22 17 
8 16 9 16 9 15 8 15 
9 17 10 16 9 15 8 16 
14 23 15 23 15 22 14 22 
15 21 14 22 15 23 16 22 
16 10 18 12 19 11 17 9 
18 9 18 12 22 12 22 9 
19 18 19 17 9 17 9 18 
12 25 14 23 10 19 8 21 
