26
4 19 8 23 12 19 8 15 
8 11 8 15 12 15 12 11 
9 10 8 11 12 15 13 14 
9 18 13 18 13 14 9 14 
9 24 9 23 8 23 8 24 
10 10 17 10 17 8 10 8 
11 21 11 23 16 23 16 21 
11 26 16 21 14 19 9 24 
12 6 10 8 15 13 17 11 
12 20 14 20 14 19 12 19 
13 22 16 19 12 15 9 18 
15 10 14 11 22 19 23 18 
16 15 12 11 9 14 13 18 
16 16 16 19 22 19 22 16 
16 22 21 17 19 15 14 20 
17 25 21 21 16 16 12 20 
19 8 17 10 19 12 21 10 
19 10 21 10 21 9 19 9 
19 11 19 10 17 10 17 11 
19 17 21 17 21 15 19 15 
19 18 24 13 23 12 18 17 
20 11 20 12 23 12 23 11 
22 10 21 9 19 11 20 12 
22 14 21 15 22 16 23 15 
18 18 19 18 19 17 18 17 
21 14 22 14 22 10 21 10 
