43
7 12 8 13 11 10 10 9 
8 18 9 19 10 18 9 17 
8 24 10 24 10 22 8 22 
9 15 9 17 13 17 13 15 
9 21 13 21 13 19 9 19 
9 23 10 24 11 23 10 22 
10 16 10 18 11 18 11 16 
11 9 10 9 10 10 11 10 
11 13 9 15 10 16 12 14 
11 19 13 21 15 19 13 17 
12 8 12 9 15 9 15 8 
12 21 11 22 12 23 13 22 
13 13 14 12 11 9 10 10 
13 23 13 22 12 22 12 23 
14 7 12 9 13 10 15 8 
14 22 13 21 12 22 13 23 
15 16 15 19 17 19 17 16 
16 13 21 13 21 9 16 9 
16 15 15 16 16 17 17 16 
16 24 18 24 18 22 16 22 
17 7 16 8 21 13 22 12 
17 11 17 7 14 7 14 11 
17 20 17 23 20 23 20 20 
17 21 16 22 17 23 18 22 
17 25 18 24 17 23 16 24 
18 11 16 9 14 11 16 13 
18 14 17 14 17 15 18 15 
18 18 20 20 24 16 22 14 
18 23 19 24 20 23 19 22 
19 14 22 14 22 12 19 12 
19 15 18 14 17 15 18 16 
19 16 19 15 18 15 18 16 
19 21 19 22 21 22 21 21 
20 15 19 14 18 15 19 16 
20 22 21 21 20 20 19 21 
22 17 24 17 24 16 22 16 
23 24 24 23 22 21 21 22 
24 8 23 8 23 14 24 14 
28 13 23 8 19 12 24 17 
7 11 7 12 14 12 14 11 
7 23 8 24 9 23 8 22 
13 25 17 25 17 23 13 23 
14 14 13 15 17 19 18 18 
