33
7 13 16 22 21 17 12 8 
8 10 8 11 11 11 11 10 
8 12 8 18 9 18 9 12 
8 19 9 20 10 19 9 18 
10 9 8 11 9 12 11 10 
10 16 15 16 15 9 10 9 
10 20 9 20 9 21 10 21 
13 21 14 22 21 15 20 14 
14 18 18 22 21 19 17 15 
14 21 14 22 16 22 16 21 
16 10 18 10 18 9 16 9 
16 14 20 14 20 13 16 13 
16 15 15 16 17 18 18 17 
16 18 17 18 17 15 16 15 
17 24 18 24 18 22 17 22 
18 12 16 10 14 12 16 14 
19 18 16 21 17 22 20 19 
20 17 20 19 21 19 21 17 
20 23 23 23 23 21 20 21 
20 27 23 24 20 21 17 24 
21 14 20 14 20 15 21 15 
22 22 23 23 24 22 23 21 
24 13 20 9 16 13 20 17 
24 20 24 19 21 19 21 20 
25 18 21 14 20 15 24 19 
7 19 9 21 10 20 8 18 
7 24 8 24 8 19 7 19 
9 26 12 23 10 21 7 24 
12 26 12 23 9 23 9 26 
14 17 18 17 18 12 14 12 
14 28 18 24 16 22 12 26 
19 22 22 22 22 18 19 18 
11 27 12 26 9 23 8 24 
