57
3 15 9 21 14 16 8 10 
3 18 8 18 8 15 3 15 
5 18 8 21 11 18 8 15 
7 17 8 18 10 16 9 15 
8 8 8 10 9 10 9 8 
8 11 10 13 11 12 9 10 
8 12 9 13 12 10 11 9 
8 22 9 22 9 21 8 21 
9 16 10 16 10 15 9 15 
9 19 9 18 8 18 8 19 
9 23 19 23 19 22 9 22 
10 10 9 10 9 13 10 13 
10 22 9 21 8 22 9 23 
11 10 11 12 12 12 12 10 
11 14 10 13 9 14 10 15 
11 15 14 15 14 14 11 14 
11 22 12 21 9 18 8 19 
11 26 13 24 11 22 9 24 
12 19 12 21 17 21 17 19 
13 9 13 8 11 8 11 9 
13 10 15 10 15 9 13 9 
13 11 12 12 14 14 15 13 
13 12 15 10 13 8 11 10 
13 13 15 13 15 12 13 12 
13 18 14 18 14 16 13 16 
14 27 17 24 12 19 9 22 
15 11 17 13 18 12 16 10 
15 15 20 20 22 18 17 13 
15 16 15 17 19 17 19 16 
16 11 16 10 15 10 15 11 
16 13 17 12 16 11 15 12 
16 14 16 13 15 13 15 14 
16 15 15 14 14 15 15 16 
16 20 17 19 15 17 14 18 
17 8 17 12 18 12 18 8 
17 15 18 15 18 13 17 13 
17 22 19 24 23 20 21 18 
18 20 20 20 20 15 18 15 
19 8 19 9 23 9 23 8 
19 14 20 15 22 13 21 12 
20 5 17 8 20 11 23 8 
20 12 21 12 21 11 20 11 
20 18 18 20 21 23 23 21 
20 21 23 21 23 20 20 20 
20 23 19 23 19 24 20 24 
21 7 19 9 21 11 23 9 
21 15 22 15 22 13 21 13 
21 17 21 18 22 18 22 17 
22 12 21 11 20 12 21 13 
24 22 24 21 23 21 23 22 
24 23 21 23 21 24 24 24 
25 22 24 21 23 22 24 23 
1 16 3 18 11 10 9 8 
14 17 19 22 20 21 15 16 
17 14 18 15 19 14 18 13 
19 13 17 15 19 17 21 15 
12 17 13 18 14 17 13 16 
