74
10 17 11 18 14 15 13 14 
10 18 11 18 11 17 10 17 
11 11 11 14 13 14 13 11 
11 20 12 21 13 20 12 19 
11 24 14 27 21 20 18 17 
11 26 11 29 12 29 12 26 
12 17 12 19 14 19 14 17 
12 30 16 26 15 25 11 29 
13 15 14 15 14 14 13 14 
13 16 13 20 16 20 16 16 
13 24 13 20 11 20 11 24 
13 30 12 30 12 31 13 31 
13 32 14 32 14 31 13 31 
14 18 16 20 18 18 16 16 
14 28 18 28 18 27 14 27 
14 29 13 28 12 29 13 30 
15 18 15 25 18 25 18 18 
15 30 24 30 24 29 15 29 
16 10 15 11 18 14 19 13 
16 17 19 20 21 18 18 15 
16 22 16 26 20 26 20 22 
16 30 15 29 13 31 14 32 
17 14 17 15 18 15 18 14 
17 20 15 18 14 19 16 21 
17 21 17 20 16 20 16 21 
17 23 21 23 21 21 17 21 
18 21 21 24 22 23 19 20 
18 22 17 21 16 22 17 23 
18 31 19 32 24 27 23 26 
19 14 21 14 21 13 19 13 
19 17 20 18 22 16 21 15 
19 19 19 20 21 20 21 19 
19 28 22 25 21 24 18 27 
19 31 19 28 18 28 18 31 
20 13 19 14 20 15 21 14 
20 20 21 19 20 18 19 19 
20 30 22 28 20 26 18 28 
20 32 21 31 20 30 19 31 
21 28 21 31 22 31 22 28 
22 18 23 19 27 15 26 14 
22 19 23 19 23 18 22 18 
22 22 21 21 20 22 21 23 
22 24 22 23 21 23 21 24 
24 12 24 15 27 15 27 12 
24 22 26 24 27 23 25 21 
24 24 26 24 26 23 24 23 
24 25 24 24 22 24 22 25 
25 16 23 18 28 23 30 21 
25 19 31 19 31 16 25 16 
25 24 26 23 25 22 24 23 
25 28 29 32 31 30 27 26 
26 11 26 14 32 14 32 11 
26 26 27 26 27 24 26 24 
28 11 27 12 31 16 32 15 
28 15 27 15 27 23 28 23 
29 17 31 19 33 17 31 15 
29 22 33 22 33 17 29 17 
29 29 25 29 25 32 29 32 
31 25 32 25 32 19 31 19 
31 27 31 25 24 25 24 27 
36 15 32 11 28 15 32 19 
10 12 13 15 14 14 11 11 
13 29 14 29 14 28 13 28 
15 23 16 22 11 17 10 18 
19 15 18 15 18 17 19 17 
20 31 19 31 19 32 20 32 
23 14 24 15 27 12 26 11 
23 15 23 14 21 14 21 15 
23 21 25 21 25 19 23 19 
28 24 26 26 29 29 31 27 
33 23 28 23 28 24 33 24 
36 14 32 14 32 15 36 15 
18 16 19 15 18 14 17 15 
27 17 25 19 31 25 33 23 
