48
9 21 15 27 22 20 16 14 
9 25 11 27 19 19 17 17 
9 29 14 29 14 25 9 25 
11 12 11 27 12 27 12 12 
12 11 11 12 16 17 17 16 
13 20 13 22 15 22 15 20 
14 22 19 27 21 25 16 20 
15 23 13 23 13 27 15 27 
15 31 18 31 18 27 15 27 
16 16 16 17 17 17 17 16 
16 27 14 25 12 27 14 29 
17 24 16 25 18 27 19 26 
18 15 18 19 19 19 19 15 
19 16 21 14 20 13 18 15 
19 23 20 23 20 19 19 19 
19 25 19 26 21 26 21 25 
20 8 16 12 19 15 23 11 
20 25 21 26 27 20 26 19 
20 29 18 31 19 32 21 30 
20 36 24 32 19 27 15 31 
21 12 16 12 16 14 21 14 
21 19 24 19 24 15 21 15 
22 13 22 20 27 20 27 13 
22 27 19 27 19 32 22 32 
23 12 22 11 21 12 22 13 
23 14 24 14 24 12 23 12 
23 26 22 27 27 32 28 31 
23 30 23 26 21 26 21 30 
24 25 26 25 26 19 24 19 
26 20 29 17 24 12 21 15 
27 28 24 28 24 32 27 32 
29 14 29 17 32 17 32 14 
29 24 29 17 17 17 17 24 
29 31 28 32 29 33 30 32 
29 32 29 31 28 31 28 32 
30 20 30 31 31 31 31 20 
30 21 24 15 20 19 26 25 
30 25 29 24 26 27 27 28 
31 15 31 16 33 16 33 15 
31 32 30 31 29 32 30 33 
31 33 31 32 30 32 30 33 
32 11 31 11 31 13 32 13 
32 12 31 13 32 14 33 13 
32 15 31 16 32 17 33 16 
32 16 33 15 32 14 31 15 
13 33 15 31 11 27 9 29 
14 36 20 36 20 29 14 29 
12 33 13 33 13 27 12 27 
