60
4 23 11 30 23 18 16 11 
11 16 11 21 17 21 17 16 
11 29 11 30 16 30 16 29 
11 32 13 32 13 31 11 31 
13 16 15 18 16 17 14 15 
13 20 16 20 16 17 13 17 
13 25 15 27 19 23 17 21 
14 18 15 18 15 15 14 15 
14 22 13 22 13 25 14 25 
14 33 18 33 18 25 14 25 
14 35 21 28 18 25 11 32 
15 19 23 19 23 18 15 18 
15 30 13 32 14 33 16 31 
16 16 18 14 17 13 15 15 
16 22 23 22 23 20 16 20 
17 17 16 16 14 18 15 19 
17 31 17 30 16 30 16 31 
18 15 21 15 21 14 18 14 
19 24 29 24 29 23 19 23 
19 27 16 30 17 31 20 28 
19 32 22 32 22 27 19 27 
20 11 19 12 21 14 22 13 
20 16 23 19 24 18 21 15 
21 25 20 25 20 28 21 28 
21 26 20 25 16 29 17 30 
21 34 32 23 30 21 19 32 
22 21 23 20 18 15 17 16 
23 28 25 28 25 22 23 22 
23 34 23 28 21 28 21 34 
24 11 24 14 25 14 25 11 
24 23 25 22 24 21 23 22 
24 24 26 22 23 19 21 21 
25 18 26 19 33 12 32 11 
25 19 25 18 24 18 24 19 
25 21 26 21 26 19 25 19 
25 25 26 26 29 23 28 22 
25 30 28 30 28 28 25 28 
26 13 24 11 23 12 25 14 
27 11 24 14 25 15 28 12 
27 12 28 12 28 11 27 11 
27 22 29 24 30 23 28 21 
27 26 27 22 26 22 26 26 
27 27 26 27 26 33 27 33 
28 19 33 19 33 12 28 12 
28 25 32 29 33 28 29 24 
30 22 30 21 28 21 28 22 
30 26 32 26 32 23 30 23 
32 15 32 14 25 14 25 15 
34 23 25 14 14 25 23 34 
10 20 11 21 14 18 13 17 
12 27 15 27 15 19 12 19 
13 21 14 22 16 20 15 19 
21 31 22 32 27 27 26 26 
22 14 30 22 33 19 25 11 
22 15 21 15 21 21 22 21 
23 24 26 27 27 26 24 23 
31 16 32 15 28 11 27 12 
14 23 22 15 21 14 13 22 
31 13 26 13 26 16 31 16 
26 20 32 14 31 13 25 19 
