106
9 16 16 23 20 19 13 12 
9 17 11 17 11 16 9 16 
10 18 14 22 15 21 11 17 
10 19 11 20 13 18 12 17 
10 22 14 22 14 19 10 19 
10 23 12 25 14 23 12 21 
10 25 12 25 12 23 10 23 
10 28 12 30 13 29 11 27 
11 15 20 15 20 13 11 13 
11 31 12 31 12 30 11 30 
11 32 12 33 13 32 12 31 
12 20 12 17 11 17 11 20 
12 24 13 25 15 23 14 22 
12 26 13 26 13 25 12 25 
13 27 15 29 17 27 15 25 
13 31 14 32 16 30 15 29 
13 33 14 33 14 32 13 32 
14 12 14 17 23 17 23 12 
14 16 16 18 21 13 19 11 
14 25 15 25 15 23 14 23 
14 29 13 29 13 31 14 31 
15 14 15 16 19 16 19 14 
15 20 12 20 12 21 15 21 
15 27 15 29 17 29 17 27 
16 28 21 28 21 25 16 25 
17 10 16 11 19 14 20 13 
17 18 15 20 18 23 20 21 
17 21 20 21 20 19 17 19 
17 26 19 24 18 23 16 25 
18 10 17 10 17 18 18 18 
18 15 19 16 20 15 19 14 
18 24 18 30 19 30 19 24 
18 31 19 30 14 25 13 26 
19 31 19 33 21 33 21 31 
20 17 22 19 23 18 21 16 
20 18 14 12 11 15 17 21 
20 20 21 21 23 19 22 18 
20 26 22 28 23 27 21 25 
20 28 18 30 19 31 21 29 
20 32 21 33 22 32 21 31 
21 14 21 16 22 16 22 14 
21 22 23 22 23 21 21 21 
21 23 20 23 20 24 21 24 
21 30 23 30 23 29 21 29 
22 15 24 13 23 12 21 14 
22 23 21 22 20 23 21 24 
22 25 21 24 14 31 15 32 
22 29 23 28 22 27 21 28 
22 31 23 30 22 29 21 30 
23 25 22 25 22 27 23 27 
23 26 24 27 26 25 25 24 
23 31 23 33 25 33 25 31 
24 17 25 17 25 15 24 15 
24 18 24 17 23 17 23 18 
24 19 26 19 26 18 24 18 
24 21 25 21 25 20 24 20 
24 22 25 21 24 20 23 21 
24 26 26 28 28 26 26 24 
24 28 24 27 23 27 23 28 
25 12 25 14 29 14 29 12 
25 18 24 19 25 20 26 19 
25 19 26 18 25 17 24 18 
25 25 26 25 26 24 25 24 
25 29 23 31 25 33 27 31 
25 32 26 33 28 31 27 30 
26 16 26 17 27 17 27 16 
26 29 26 28 25 28 25 29 
26 32 29 32 29 29 26 29 
27 12 25 14 27 16 29 14 
27 18 28 17 27 16 26 17 
27 19 27 26 28 26 28 19 
28 18 28 17 27 17 27 18 
28 27 31 30 32 29 29 26 
28 30 27 30 27 31 28 31 
29 16 33 16 33 14 29 14 
29 28 29 27 28 27 28 28 
30 12 26 16 27 17 31 13 
30 17 31 18 33 16 32 15 
30 26 29 27 30 28 31 27 
30 27 31 27 31 26 30 26 
30 30 31 29 30 28 29 29 
30 33 32 31 31 30 29 32 
31 12 30 12 30 13 31 13 
31 25 32 24 27 19 26 20 
31 33 31 30 30 30 30 33 
32 17 32 15 30 15 30 17 
32 27 31 27 31 29 32 29 
10 12 10 18 13 18 13 12 
12 32 13 31 12 30 11 31 
17 30 17 31 18 31 18 30 
18 32 19 33 20 32 19 31 
18 33 21 30 17 26 14 29 
19 21 20 20 18 18 17 19 
21 20 23 22 24 21 22 19 
27 29 28 30 29 29 28 28 
30 11 29 12 30 13 31 12 
32 25 31 26 32 27 33 26 
11 33 12 33 12 32 11 32 
12 34 13 33 12 32 11 33 
13 34 13 33 12 33 12 34 
15 33 18 33 18 32 15 32 
16 34 18 32 17 31 15 33 
18 22 20 24 21 23 19 21 
31 24 31 25 32 25 32 24 
16 22 16 23 18 23 18 22 
17 23 18 22 17 21 16 22 
