105
10 21 11 22 15 18 14 17 
10 29 11 30 12 29 11 28 
11 15 12 15 12 14 11 14 
11 23 13 23 13 22 11 22 
11 24 12 25 14 23 13 22 
11 32 12 33 13 32 12 31 
12 16 13 15 12 14 11 15 
12 22 13 23 17 19 16 18 
12 27 17 27 17 25 12 25 
12 30 13 30 13 29 12 29 
12 32 13 33 15 31 14 30 
13 16 13 15 12 15 12 16 
13 26 14 26 14 23 13 23 
13 27 15 29 16 28 14 26 
13 28 15 30 17 28 15 26 
13 31 12 31 12 32 13 32 
14 11 14 14 17 14 17 11 
14 29 15 29 15 26 14 26 
14 31 15 31 15 30 14 30 
14 32 13 32 13 33 14 33 
15 12 15 17 25 17 25 12 
15 13 17 15 19 13 17 11 
15 19 16 19 16 18 15 18 
16 13 15 12 12 15 13 16 
16 23 19 23 19 22 16 22 
17 18 16 19 19 22 20 21 
17 21 19 23 20 22 18 20 
17 24 20 27 22 25 19 22 
18 15 21 18 23 16 20 13 
18 18 18 15 17 15 17 18 
18 19 18 20 22 20 22 19 
18 27 20 29 22 27 20 25 
18 28 18 27 17 27 17 28 
18 29 20 31 22 29 20 27 
18 31 20 33 22 31 20 29 
19 11 19 13 20 13 20 11 
19 16 21 16 21 15 19 15 
19 17 17 15 16 16 18 18 
19 18 23 22 25 20 21 16 
19 21 20 21 20 18 19 18 
19 24 22 24 22 23 19 23 
19 25 19 27 20 27 20 25 
19 31 19 33 20 33 20 31 
20 28 18 28 18 29 20 29 
20 30 21 31 22 30 21 29 
21 21 21 22 23 22 23 21 
21 27 21 29 22 29 22 27 
21 30 21 31 22 31 22 30 
21 35 23 33 21 31 19 33 
22 11 22 14 27 14 27 11 
22 22 23 21 22 20 21 21 
22 26 27 26 27 25 22 25 
22 28 23 29 27 25 26 24 
23 13 22 14 25 17 26 16 
23 17 25 19 31 13 29 11 
23 25 26 22 25 21 22 24 
23 26 25 28 27 26 25 24 
23 31 22 31 22 33 23 33 
24 9 22 11 31 20 33 18 
24 23 23 22 22 23 23 24 
24 28 24 29 25 29 25 28 
24 30 23 31 24 32 25 31 
24 31 25 31 25 30 24 30 
25 16 26 17 28 15 27 14 
25 22 23 22 23 24 25 24 
26 18 26 17 25 17 25 18 
26 19 33 19 33 18 26 18 
26 20 26 19 25 19 25 20 
26 29 25 28 24 29 25 30 
26 33 27 32 25 30 24 31 
27 18 26 19 29 22 30 21 
27 31 27 32 29 32 29 31 
28 22 28 20 26 20 26 22 
28 26 25 29 27 31 30 28 
28 29 26 29 26 33 28 33 
29 21 30 21 30 11 29 11 
29 23 29 25 31 25 31 23 
29 26 29 25 28 25 28 26 
29 28 28 27 27 28 28 29 
30 22 29 21 28 22 29 23 
30 24 29 23 28 24 29 25 
30 26 30 28 31 28 31 26 
31 16 31 20 32 20 32 16 
31 22 33 22 33 21 31 21 
31 24 29 26 31 28 33 26 
32 11 31 11 31 13 32 13 
32 21 31 22 32 23 33 22 
32 22 33 21 32 20 31 21 
32 24 33 23 32 22 31 23 
32 29 32 28 31 28 31 29 
32 30 33 29 32 28 31 29 
33 24 33 23 32 23 32 24 
33 30 33 29 32 29 32 30 
34 26 32 24 31 25 33 27 
34 27 34 26 33 26 33 27 
35 28 34 27 32 29 33 30 
11 26 12 27 13 26 12 25 
11 33 12 33 12 32 11 32 
14 24 17 27 19 25 16 22 
16 21 17 21 17 19 16 19 
19 29 20 28 19 27 18 28 
20 26 21 27 22 26 21 25 
27 27 28 27 28 26 27 26 
28 31 29 32 32 29 31 28 
10 32 11 33 12 32 11 31 
