113
10 17 11 18 13 16 12 15 
10 20 12 22 13 21 11 19 
10 23 14 23 14 20 10 20 
10 25 11 26 14 23 13 22 
11 17 13 19 16 16 14 14 
11 21 13 21 13 19 11 19 
11 27 11 30 13 30 13 27 
11 32 12 33 13 32 12 31 
12 26 13 27 16 24 15 23 
12 28 20 28 20 26 12 26 
12 32 12 31 11 31 11 32 
13 11 13 14 14 14 14 11 
13 12 16 15 17 14 14 11 
13 17 16 17 16 16 13 16 
13 18 13 17 11 17 11 18 
13 33 13 32 12 32 12 33 
14 17 13 18 14 19 15 18 
14 29 13 30 16 33 17 32 
15 21 16 21 16 20 15 20 
15 22 15 21 13 21 13 22 
15 25 15 23 14 23 14 25 
15 27 15 31 17 31 17 27 
16 11 13 14 14 15 17 12 
16 13 17 13 17 12 16 12 
16 14 13 17 16 20 19 17 
16 23 17 22 16 21 15 22 
16 26 17 27 21 23 20 22 
16 27 18 29 22 25 20 23 
16 28 15 27 11 31 12 32 
16 29 16 30 18 30 18 29 
16 32 14 32 14 33 16 33 
17 15 17 14 16 14 16 15 
17 18 19 20 20 19 18 17 
17 19 17 22 20 22 20 19 
17 29 16 30 17 31 18 30 
17 30 18 31 19 30 18 29 
18 12 18 17 19 17 19 12 
18 15 20 17 22 15 20 13 
18 32 18 31 17 31 17 32 
18 33 19 33 19 32 18 32 
18 34 19 33 18 32 17 33 
19 23 19 21 16 21 16 23 
19 25 20 25 20 23 19 23 
19 27 20 28 21 27 20 26 
19 29 21 29 21 27 19 27 
19 31 20 31 20 30 19 30 
20 14 25 14 25 13 20 13 
20 15 23 18 27 14 24 11 
20 33 21 32 20 31 19 32 
21 11 21 12 24 12 24 11 
21 19 21 20 22 20 22 19 
21 22 23 24 24 23 22 21 
21 31 23 31 23 30 21 30 
22 17 22 15 20 15 20 17 
22 18 21 19 22 20 23 19 
22 22 22 21 21 21 21 22 
22 30 23 31 25 29 24 28 
22 31 23 30 22 29 21 30 
23 17 22 17 22 18 23 18 
23 20 24 19 23 18 22 19 
23 21 22 20 21 21 22 22 
23 22 23 24 28 24 28 22 
23 23 25 25 27 23 25 21 
24 18 23 18 23 19 24 19 
24 21 24 20 23 20 23 21 
24 27 26 27 26 23 24 23 
24 35 27 32 25 30 22 33 
25 17 24 16 23 17 24 18 
26 12 24 12 24 16 26 16 
26 18 27 18 27 16 26 16 
26 19 32 25 33 24 27 18 
26 20 26 19 25 19 25 20 
26 28 28 28 28 27 26 27 
26 32 26 28 24 28 24 32 
27 19 26 18 25 19 26 20 
27 20 27 23 31 23 31 20 
27 22 25 20 24 21 26 23 
27 28 28 27 27 26 26 27 
27 29 28 30 29 29 28 28 
27 30 27 29 25 29 25 30 
27 33 29 31 28 30 26 32 
28 23 29 24 32 21 31 20 
28 26 29 27 32 24 31 23 
28 32 28 30 27 30 27 32 
29 13 29 16 31 16 31 13 
29 14 27 12 25 14 27 16 
29 21 29 24 32 24 32 21 
29 23 30 22 29 21 28 22 
29 26 29 24 28 24 28 26 
30 10 29 11 31 13 32 12 
30 12 30 17 32 17 32 12 
30 15 29 16 30 17 31 16 
30 26 30 29 31 29 31 26 
30 28 31 29 33 27 32 26 
30 31 30 29 29 29 29 31 
31 31 32 31 32 29 31 29 
31 32 31 31 30 31 30 32 
32 18 27 18 27 19 32 19 
33 25 33 24 32 24 32 25 
36 20 29 13 26 16 33 23 
36 23 36 20 33 20 33 23 
38 25 36 23 30 29 32 31 
38 27 38 25 33 25 33 27 
11 29 14 32 15 31 12 28 
17 11 16 12 17 13 18 12 
17 34 18 34 18 33 17 33 
20 32 21 32 21 31 20 31 
21 35 24 35 24 32 21 32 
26 33 27 33 27 32 26 32 
29 10 29 11 30 11 30 10 
31 19 32 18 26 12 25 13 
20 34 21 35 24 32 23 31 
22 34 22 33 20 33 20 34 
