94
6 27 12 33 17 28 11 22 
6 28 11 28 11 27 6 27 
8 27 11 30 19 22 16 19 
10 24 11 25 12 24 11 23 
10 26 11 27 12 26 11 25 
11 13 11 18 12 18 12 13 
11 20 12 20 12 19 11 19 
11 24 11 25 12 25 12 24 
12 17 14 19 15 18 13 16 
12 21 13 20 12 19 11 20 
12 23 15 23 15 21 12 21 
12 30 14 30 14 26 12 26 
13 19 12 18 11 19 12 20 
13 24 13 25 15 25 15 24 
13 28 13 29 17 29 17 28 
13 31 14 30 13 29 12 30 
13 33 13 31 12 31 12 33 
14 16 14 18 15 18 15 16 
14 20 14 19 13 19 13 20 
14 24 15 25 16 24 15 23 
15 14 18 17 20 15 17 12 
15 20 20 20 20 18 15 18 
16 8 11 13 14 16 19 11 
16 22 16 24 18 24 18 22 
16 30 17 29 14 26 13 27 
16 32 17 33 21 29 20 28 
16 36 19 33 16 30 13 33 
17 14 15 16 20 21 22 19 
17 15 14 18 17 21 20 18 
17 17 20 20 22 18 19 15 
17 23 18 24 19 23 18 22 
17 26 18 27 20 25 19 24 
18 15 17 15 17 17 18 17 
19 14 26 14 26 11 19 11 
19 21 20 22 21 21 20 20 
19 28 19 33 20 33 20 28 
20 23 20 25 26 25 26 23 
20 29 22 27 21 26 19 28 
20 35 28 27 26 25 18 33 
21 14 22 15 24 13 23 12 
21 20 21 21 22 21 22 20 
21 22 21 21 20 21 20 22 
21 28 26 28 26 26 21 26 
22 25 23 24 21 22 20 23 
23 15 22 15 22 18 23 18 
23 25 25 27 26 26 24 24 
24 17 22 15 21 16 23 18 
24 18 23 18 23 21 24 21 
24 22 24 24 27 24 27 22 
24 30 27 33 29 31 26 28 
24 32 24 30 16 30 16 32 
24 33 25 33 25 32 24 32 
24 35 24 33 20 33 20 35 
25 20 24 21 26 23 27 22 
25 31 25 27 22 27 22 31 
26 15 26 19 28 19 28 15 
26 20 25 19 23 21 24 22 
26 29 33 29 33 28 26 28 
27 11 23 15 29 21 33 17 
27 17 27 13 24 13 24 17 
27 23 28 24 30 22 29 21 
27 25 28 25 28 24 27 24 
27 27 27 31 28 31 28 27 
27 32 27 33 31 33 31 32 
28 18 32 14 31 13 27 17 
28 23 27 24 28 25 29 24 
29 14 26 11 25 12 28 15 
29 18 26 15 25 16 28 19 
29 25 29 26 30 26 30 25 
29 30 29 31 30 31 30 30 
29 32 30 31 29 30 28 31 
30 18 31 17 27 13 26 14 
30 21 29 21 29 22 30 22 
31 14 31 17 32 17 32 14 
31 22 31 25 33 25 33 22 
31 27 32 26 31 25 30 26 
31 29 30 30 32 32 33 31 
32 19 30 21 31 22 33 20 
32 29 33 28 30 25 29 26 
32 33 33 32 32 31 31 32 
33 19 33 17 32 17 32 19 
33 33 33 32 32 32 32 33 
10 25 10 26 11 26 11 25 
13 30 17 26 15 24 11 28 
15 12 15 14 17 14 17 12 
18 31 20 33 22 31 20 29 
27 20 29 22 30 21 28 19 
28 20 32 20 32 19 28 19 
28 26 29 25 28 24 27 25 
29 33 33 29 31 27 27 31 
30 14 29 14 29 18 30 18 
32 34 33 33 32 32 31 33 
17 31 18 31 18 29 17 29 
31 34 32 34 32 33 31 33 
