56
10 17 17 24 21 20 14 13 
10 18 26 18 26 17 10 17 
12 20 18 14 17 13 11 19 
12 21 12 20 11 20 11 21 
12 26 13 27 14 26 13 25 
12 27 13 27 13 26 12 26 
12 28 16 32 17 31 13 27 
12 33 17 33 17 31 12 31 
13 28 17 28 17 27 13 27 
13 30 13 28 12 28 12 30 
14 25 14 26 19 26 19 25 
14 27 13 26 12 27 13 28 
15 24 19 28 30 17 26 13 
15 26 17 28 19 26 17 24 
15 36 20 31 17 28 12 33 
16 22 16 32 18 32 18 22 
16 33 26 23 23 20 13 30 
17 19 21 23 24 20 20 16 
17 21 18 22 25 15 24 14 
18 19 24 19 24 14 18 14 
18 21 18 19 17 19 17 21 
18 26 12 20 11 21 17 27 
18 33 23 33 23 32 18 32 
20 24 19 25 26 32 27 31 
20 28 19 28 19 31 20 31 
20 30 23 33 32 24 29 21 
21 24 20 25 25 30 26 29 
21 25 21 24 20 24 20 25 
21 29 26 29 26 25 21 25 
23 15 21 15 21 20 23 20 
23 22 26 25 28 23 25 20 
24 22 24 20 23 20 23 22 
24 30 24 33 25 33 25 30 
25 23 26 23 26 20 25 20 
26 31 25 30 23 32 24 33 
27 21 26 20 24 22 25 23 
27 28 27 30 33 30 33 28 
27 32 27 31 26 31 26 32 
27 33 33 33 33 32 27 32 
28 21 28 23 29 23 29 21 
28 27 26 25 25 26 27 28 
29 30 30 31 33 28 32 27 
31 22 24 22 24 24 31 24 
31 27 32 27 32 24 31 24 
32 16 33 16 33 13 32 13 
32 23 31 22 30 23 31 24 
33 23 33 19 32 19 32 23 
34 32 25 23 24 24 33 33 
35 17 31 13 29 15 33 19 
11 22 14 25 15 24 12 21 
14 24 15 24 15 13 14 13 
16 28 19 31 20 30 17 27 
26 34 27 33 26 32 25 33 
27 34 27 33 26 33 26 34 
28 33 27 32 26 33 27 34 
35 11 30 11 30 17 35 17 
