77
10 14 11 15 12 14 11 13 
10 16 12 16 12 14 10 14 
11 12 11 13 17 13 17 12 
11 17 12 16 11 15 10 16 
11 18 15 22 19 18 15 14 
11 21 13 21 13 18 11 18 
12 22 14 24 15 23 13 21 
12 23 15 23 15 22 12 22 
12 32 12 33 13 33 13 32 
13 29 16 32 18 30 15 27 
14 26 14 31 16 31 16 26 
15 11 15 14 18 14 18 11 
15 19 18 22 21 19 18 16 
15 30 16 31 22 25 21 24 
16 16 16 22 18 22 18 16 
16 23 15 23 15 25 16 25 
17 17 17 19 21 19 21 17 
18 20 21 17 20 16 17 19 
18 26 13 31 14 32 19 27 
18 27 15 27 15 30 18 30 
19 10 18 11 27 20 28 19 
19 14 19 15 27 15 27 14 
19 22 19 25 22 25 22 22 
19 23 18 22 15 25 16 26 
20 3 11 12 19 20 28 11 
20 13 20 16 28 16 28 13 
20 15 23 18 27 14 24 11 
21 23 18 20 16 22 19 25 
21 30 27 30 27 29 21 29 
22 10 18 14 19 15 23 11 
22 11 22 18 23 18 23 11 
22 20 22 18 19 18 19 20 
22 31 27 26 26 25 21 30 
22 32 22 31 16 31 16 32 
23 19 23 20 25 20 25 19 
23 21 22 22 24 24 25 23 
23 26 26 26 26 25 23 25 
23 31 21 29 20 30 22 32 
24 18 25 19 28 16 27 15 
24 20 29 25 30 24 25 19 
24 28 24 31 29 31 29 28 
25 22 29 26 31 24 27 20 
25 24 25 23 24 23 24 24 
25 27 26 26 24 24 23 25 
26 29 23 26 21 28 24 31 
26 30 27 29 25 27 24 28 
27 22 27 20 25 20 25 22 
27 25 27 26 29 26 29 25 
28 17 28 19 29 19 29 17 
28 24 25 24 25 27 28 27 
29 11 29 12 31 12 31 11 
29 13 30 14 32 12 31 11 
29 16 30 16 30 14 29 14 
30 13 29 12 28 13 29 14 
30 19 28 17 25 20 27 22 
30 21 30 19 29 19 29 21 
30 22 30 24 31 24 31 22 
30 27 29 26 28 27 29 28 
30 29 30 32 32 32 32 29 
31 13 32 13 32 12 31 12 
31 21 33 21 33 16 31 16 
31 28 30 29 31 30 32 29 
33 12 32 11 31 12 32 13 
34 20 30 16 29 17 33 21 
11 22 12 23 20 15 19 14 
12 29 14 31 15 30 13 28 
12 31 13 31 13 29 12 29 
13 25 14 26 15 25 14 24 
15 15 16 16 18 14 17 13 
15 17 15 15 11 15 11 17 
22 21 24 23 25 22 23 20 
23 17 22 18 23 19 24 18 
28 31 30 29 29 28 27 30 
30 20 29 21 30 22 31 21 
30 26 29 26 29 27 30 27 
11 32 12 33 13 32 12 31 
28 26 29 27 30 26 29 25 
