134
9 14 11 16 14 13 12 11 
9 23 12 23 12 14 9 14 
10 17 15 22 16 21 11 16 
10 20 11 20 11 17 10 17 
10 22 12 24 13 23 11 21 
10 26 11 27 12 26 11 25 
10 28 12 30 13 29 11 27 
11 11 11 13 12 13 12 11 
11 15 11 16 16 16 16 15 
11 19 15 23 17 21 13 17 
11 22 15 22 15 21 11 21 
11 31 11 32 12 32 12 31 
12 12 11 13 12 14 13 13 
12 21 15 18 14 17 11 20 
12 28 12 26 10 26 10 28 
13 20 14 20 14 17 13 17 
13 22 12 21 11 22 12 23 
13 24 13 23 12 23 12 24 
13 25 15 27 17 25 15 23 
13 27 13 25 11 25 11 27 
13 28 12 28 12 29 13 29 
13 30 14 29 13 28 12 29 
13 31 12 30 11 31 12 32 
13 32 14 31 13 30 12 31 
14 11 14 13 15 13 15 11 
14 23 13 24 14 25 15 24 
14 24 15 24 15 23 14 23 
14 28 17 28 17 25 14 25 
14 30 13 30 13 31 14 31 
15 17 17 19 18 18 16 16 
15 26 18 26 18 24 15 24 
16 12 18 14 19 13 17 11 
16 19 17 19 17 16 16 16 
16 20 16 21 17 21 17 20 
16 30 17 31 19 29 18 28 
16 31 16 33 17 33 17 31 
17 12 23 12 23 11 17 11 
17 29 18 29 18 28 17 28 
18 15 17 14 16 15 17 16 
18 16 15 13 11 17 14 20 
18 17 18 18 19 18 19 17 
18 19 18 21 19 21 19 19 
18 23 22 27 23 26 19 22 
18 32 19 32 19 29 18 29 
19 16 18 17 19 18 20 17 
19 20 20 21 23 18 22 17 
20 9 17 12 20 15 23 12 
20 22 20 21 19 21 19 22 
20 26 21 27 22 26 21 25 
20 31 20 33 21 33 21 31 
20 32 21 33 22 32 21 31 
21 14 20 14 20 15 21 15 
21 17 22 17 22 15 21 15 
21 18 21 17 20 17 20 18 
21 19 22 18 21 17 20 18 
21 26 21 27 22 27 22 26 
21 32 20 31 19 32 20 33 
21 38 26 33 21 28 16 33 
22 12 21 13 23 15 24 14 
22 19 22 18 21 18 21 19 
22 20 21 19 19 21 20 22 
22 22 22 23 25 23 25 22 
22 25 22 23 21 23 21 25 
22 29 22 31 23 31 23 29 
23 14 23 15 24 15 24 14 
23 16 24 15 23 14 22 15 
23 17 24 18 26 16 25 15 
23 19 22 19 22 20 23 20 
23 21 25 23 26 22 24 20 
23 24 25 26 27 24 25 22 
23 25 23 26 25 26 25 25 
24 16 23 16 23 17 24 17 
24 21 24 20 23 20 23 21 
24 24 22 22 21 23 23 25 
24 28 26 30 29 27 27 25 
25 11 24 12 27 15 28 14 
25 12 25 11 24 11 24 12 
25 17 27 17 27 15 25 15 
25 18 25 17 24 17 24 18 
25 28 22 31 23 32 26 29 
25 32 25 31 23 31 23 32 
25 38 25 33 21 33 21 38 
26 14 26 16 28 16 28 14 
26 19 25 18 23 20 24 21 
26 20 26 22 27 22 27 20 
26 24 24 24 24 27 26 27 
26 32 31 32 31 30 26 30 
26 34 27 33 26 32 25 33 
26 39 32 33 31 32 25 38 
26 40 33 33 25 25 18 32 
27 12 28 12 28 11 27 11 
27 28 28 29 29 28 28 27 
27 34 27 33 26 33 26 34 
28 10 27 11 28 12 29 11 
28 19 32 19 32 16 28 16 
28 22 29 23 30 22 29 21 
28 23 28 27 29 27 29 23 
28 30 31 33 33 31 30 28 
29 18 31 20 32 19 30 17 
29 25 30 26 33 23 32 22 
30 13 31 14 32 13 31 12 
30 14 30 17 31 17 31 14 
30 20 30 22 31 22 31 20 
30 23 31 22 28 19 27 20 
30 25 33 22 31 20 28 23 
31 13 30 14 32 16 33 15 
31 19 28 16 27 17 30 20 
31 26 30 27 31 28 32 27 
32 12 31 12 31 13 32 13 
32 21 32 22 33 22 33 21 
32 26 31 26 31 27 32 27 
32 32 31 32 31 33 32 33 
33 25 33 23 30 23 30 25 
33 27 32 27 32 31 33 31 
34 18 32 16 31 17 33 19 
34 26 33 25 32 26 33 27 
15 29 14 30 15 31 16 30 
15 30 16 31 18 29 17 28 
16 14 17 14 17 12 16 12 
16 29 15 29 15 30 16 30 
16 32 17 33 18 32 17 31 
17 15 18 15 18 14 17 14 
17 18 16 19 17 20 18 19 
17 23 18 23 18 21 17 21 
19 15 18 15 18 16 19 16 
19 25 21 23 20 22 18 24 
19 27 20 26 19 25 18 26 
19 28 21 28 21 27 19 27 
20 16 21 15 20 14 19 15 
22 28 24 28 24 27 22 27 
25 10 24 11 25 12 26 11 
25 21 29 21 29 18 25 18 
27 26 25 26 25 28 27 28 
29 14 30 13 28 11 27 12 
