40
11 22 14 25 16 23 13 20 
13 26 13 28 23 28 23 26 
14 11 14 12 17 12 17 11 
14 15 16 17 19 14 17 12 
14 18 14 25 15 25 15 18 
14 27 19 32 23 28 18 23 
15 21 18 18 14 14 11 17 
15 33 17 31 15 29 13 31 
16 18 16 23 18 23 18 18 
17 16 23 16 23 12 17 12 
18 15 18 14 14 14 14 15 
19 22 19 19 11 19 11 22 
19 23 23 19 18 14 14 18 
20 15 27 22 30 19 23 12 
20 21 16 17 15 18 19 22 
20 22 27 22 27 21 20 21 
20 23 20 22 19 22 19 23 
21 25 15 25 15 29 21 29 
22 15 20 15 20 19 22 19 
22 23 23 23 23 19 22 19 
22 36 25 33 21 29 18 32 
23 14 22 15 23 16 24 15 
23 24 29 24 29 23 23 23 
25 23 27 25 29 23 27 21 
25 24 23 26 26 29 28 27 
26 30 28 28 23 23 21 25 
28 25 28 26 31 26 31 25 
30 27 31 26 29 24 28 25 
30 28 30 27 28 27 28 28 
31 13 31 24 32 24 32 13 
32 30 32 29 26 29 26 30 
33 14 32 13 22 23 23 24 
12 27 13 28 14 27 13 26 
14 29 14 33 15 33 15 29 
17 32 23 26 20 23 14 29 
18 31 17 31 17 32 18 32 
20 36 22 36 22 23 20 23 
28 30 30 32 32 30 30 28 
12 25 12 27 14 27 14 25 
13 30 14 29 13 28 12 29 
