65
9 28 11 30 14 27 12 25 
9 31 12 31 12 28 9 28 
10 26 12 28 21 19 19 17 
10 32 13 29 12 28 9 31 
12 14 13 14 13 12 12 12 
12 17 12 20 15 20 15 17 
12 24 12 25 13 25 13 24 
13 20 15 22 23 14 21 12 
13 27 13 29 14 29 14 27 
14 12 14 14 21 14 21 12 
14 16 11 19 12 20 15 17 
16 9 14 11 19 16 21 14 
16 13 16 27 17 27 17 13 
16 22 13 25 20 32 23 29 
16 35 18 33 14 29 12 31 
17 24 15 22 13 24 15 26 
17 32 20 32 20 27 17 27 
17 35 17 32 16 32 16 35 
18 28 27 19 26 18 17 27 
19 24 23 20 19 16 15 20 
20 31 23 28 19 24 16 27 
21 15 21 19 27 19 27 15 
21 24 21 19 19 19 19 24 
21 28 21 29 23 29 23 28 
22 16 19 16 19 17 22 17 
22 23 22 25 26 25 26 23 
23 11 22 12 26 16 27 15 
23 17 29 17 29 14 23 14 
23 22 27 22 27 20 23 20 
23 24 22 23 21 24 22 25 
23 26 21 28 23 30 25 28 
23 31 25 29 23 27 21 29 
24 21 23 22 25 24 26 23 
24 29 24 33 25 33 25 29 
25 14 22 17 27 22 30 19 
25 25 29 29 32 26 28 22 
26 12 25 11 21 15 22 16 
26 26 26 28 29 28 29 26 
27 11 27 13 33 13 33 11 
27 23 28 23 28 22 27 22 
27 24 29 26 30 25 28 23 
28 25 30 25 30 23 28 23 
28 29 31 32 32 31 29 28 
28 33 29 33 29 29 28 29 
29 37 33 33 29 29 25 33 
30 8 27 11 30 14 33 11 
30 26 32 26 32 25 30 25 
30 34 31 33 30 32 29 33 
31 34 31 33 30 33 30 34 
32 21 30 23 31 24 33 22 
32 30 23 30 23 31 32 31 
32 33 31 32 30 33 31 34 
33 17 29 17 29 22 33 22 
33 31 32 31 32 33 33 33 
34 26 32 24 30 26 32 28 
34 27 34 26 32 26 32 27 
3 24 12 33 21 24 12 15 
10 25 10 26 12 26 12 25 
13 16 14 16 14 14 13 14 
17 30 18 31 21 28 20 27 
21 26 23 26 23 24 21 24 
24 26 25 25 19 19 18 20 
24 27 24 26 23 26 23 27 
31 21 31 24 32 24 32 21 
8 23 10 25 15 20 13 18 
