72
8 21 15 28 19 24 12 17 
10 17 15 22 17 20 12 15 
10 24 12 24 12 17 10 17 
11 25 14 28 15 27 12 24 
12 13 12 15 16 15 16 13 
12 25 12 27 15 27 15 25 
14 23 13 23 13 28 14 28 
15 19 17 19 17 14 15 14 
15 30 18 27 16 25 13 28 
15 32 19 32 19 30 15 30 
16 22 18 24 21 21 19 19 
16 23 16 25 20 25 20 23 
16 27 15 27 15 28 16 28 
17 12 16 13 17 14 18 13 
17 25 19 27 20 26 18 24 
17 27 16 28 21 33 22 32 
17 28 16 28 16 31 17 31 
18 17 19 17 19 14 18 14 
18 21 18 24 19 24 19 21 
19 16 17 14 16 15 18 17 
19 20 19 19 17 19 17 20 
20 17 19 18 24 23 25 22 
20 18 20 17 19 17 19 18 
20 21 21 22 24 19 23 18 
20 22 21 22 21 21 20 21 
20 31 24 31 24 26 20 26 
21 11 21 13 22 13 22 11 
21 27 22 27 22 22 21 22 
21 28 24 31 25 30 22 27 
21 35 25 31 21 27 17 31 
22 20 28 14 26 12 20 18 
22 30 25 30 25 27 22 27 
23 11 23 13 30 13 30 11 
23 15 23 13 22 13 22 15 
23 31 26 28 25 27 22 30 
24 13 22 15 25 18 27 16 
24 16 24 19 27 19 27 16 
24 21 24 23 26 23 26 21 
24 22 27 19 26 18 23 21 
24 27 25 26 21 22 20 23 
24 35 28 31 24 27 20 31 
25 14 25 18 26 18 26 14 
25 35 25 31 24 31 24 35 
26 20 28 20 28 18 26 18 
26 29 27 29 27 28 26 28 
27 9 23 13 28 18 32 14 
27 32 29 32 29 29 27 29 
28 21 31 21 31 20 28 20 
28 30 29 29 28 28 27 29 
29 26 31 24 28 21 26 23 
29 28 30 28 30 26 29 26 
30 15 32 15 32 14 30 14 
30 27 29 26 28 27 29 28 
30 30 30 33 32 33 32 30 
31 12 29 12 29 19 31 19 
31 14 32 13 31 12 30 13 
31 16 32 15 31 14 30 15 
31 27 30 28 32 30 33 29 
31 29 33 29 33 27 31 27 
33 24 33 21 31 21 31 24 
34 32 32 30 31 31 33 33 
13 35 21 35 21 33 13 33 
14 31 15 32 16 31 15 30 
16 24 15 25 16 26 17 25 
16 36 22 30 19 27 13 33 
18 31 19 32 20 31 19 30 
19 22 20 21 19 20 18 21 
19 28 21 28 21 27 19 27 
20 16 23 13 21 11 18 14 
26 36 31 31 30 30 25 35 
10 32 13 35 17 31 14 28 
14 36 16 36 16 31 14 31 
