74
9 18 11 20 13 18 11 16 
9 20 11 20 11 18 9 18 
9 25 11 27 17 21 15 19 
10 21 12 23 13 22 11 20 
10 28 11 29 12 28 11 27 
11 25 14 28 18 24 15 21 
11 32 12 32 12 30 11 30 
12 15 15 18 17 16 14 13 
12 22 13 22 13 18 12 18 
12 29 11 30 13 32 14 31 
13 27 19 27 19 26 13 26 
13 28 12 28 12 29 13 29 
14 15 11 18 14 21 17 18 
14 19 14 21 15 21 15 19 
14 25 12 23 11 24 13 26 
15 11 12 14 15 17 18 14 
15 14 18 14 18 11 15 11 
15 16 11 16 11 17 15 17 
15 22 17 22 17 21 15 21 
15 29 13 29 13 32 15 32 
17 12 19 14 20 13 18 11 
17 17 15 17 15 18 17 18 
18 18 18 24 20 24 20 18 
18 21 15 18 14 19 17 22 
18 26 19 27 20 26 19 25 
18 30 20 30 20 28 18 28 
19 15 18 16 20 18 21 17 
19 18 15 22 18 25 22 21 
19 29 20 28 19 27 18 28 
19 31 20 30 19 29 18 30 
20 12 20 13 21 13 21 12 
20 14 19 14 19 15 20 15 
20 20 25 15 23 13 18 18 
20 31 30 31 30 30 20 30 
21 16 22 15 21 14 20 15 
21 18 21 24 23 24 23 18 
21 26 21 24 20 24 20 26 
21 28 20 27 15 32 16 33 
22 17 22 21 31 21 31 17 
22 19 23 18 22 17 21 18 
22 25 22 27 23 27 23 25 
22 26 23 27 24 26 23 25 
23 11 23 13 25 13 25 11 
23 15 25 13 23 11 21 13 
23 21 22 22 26 26 27 25 
23 26 22 25 21 26 22 27 
23 33 26 33 26 32 23 32 
24 14 23 14 23 15 24 15 
24 23 26 23 26 20 24 20 
24 25 24 26 26 26 26 25 
25 14 25 15 30 15 30 14 
25 24 25 27 33 27 33 24 
25 26 26 25 25 24 24 25 
25 36 30 31 25 26 20 31 
26 19 29 22 33 18 30 15 
29 29 30 30 31 29 30 28 
31 22 29 22 29 29 31 29 
31 32 33 32 33 31 31 31 
32 21 25 14 24 15 31 22 
39 21 32 14 26 20 33 27 
39 23 30 14 24 20 33 29 
9 24 9 25 11 25 11 24 
13 11 12 12 17 17 18 16 
14 14 12 14 12 15 14 15 
14 24 14 25 18 25 18 24 
14 30 15 29 14 28 13 29 
16 18 17 19 18 18 17 17 
18 17 21 17 21 16 18 16 
18 22 20 24 22 22 20 20 
18 31 18 30 14 30 14 31 
19 13 20 14 21 13 20 12 
28 30 29 29 26 26 25 27 
32 23 39 23 39 21 32 21 
22 31 23 32 32 23 31 22 
