38
10 17 13 20 15 18 12 15 
10 18 12 18 12 17 10 17 
10 31 11 32 28 15 27 14 
11 11 11 13 16 13 16 11 
11 17 10 18 11 19 12 18 
11 31 18 31 18 19 11 19 
13 9 11 11 15 15 17 13 
13 18 15 18 15 15 13 15 
13 22 29 22 29 20 13 20 
13 29 11 31 12 32 14 30 
13 33 17 33 17 29 13 29 
14 23 14 30 19 30 19 23 
16 15 17 15 17 13 16 13 
17 18 13 22 14 23 18 19 
17 28 24 28 24 21 17 21 
18 12 21 15 22 14 19 11 
18 21 22 25 26 21 22 17 
20 29 26 29 26 27 20 27 
21 18 21 15 17 15 17 18 
22 15 27 15 27 14 22 14 
22 22 16 28 17 29 23 23 
24 31 26 29 22 25 20 27 
24 32 24 31 18 31 18 32 
25 13 17 21 19 23 27 15 
26 19 26 21 32 21 32 19 
26 31 29 28 16 15 13 18 
27 20 29 22 32 19 30 17 
27 36 33 30 26 23 20 29 
28 13 28 15 33 15 33 13 
28 17 28 23 30 23 30 17 
29 24 30 23 29 22 28 23 
29 30 33 30 33 28 29 28 
32 24 32 22 29 22 29 24 
32 27 29 24 26 27 29 30 
10 32 11 32 11 31 10 31 
12 20 24 32 29 27 17 15 
16 29 18 31 19 30 17 28 
24 13 22 15 26 19 28 17 
