58
9 17 14 22 18 18 13 13 
11 16 15 16 15 14 11 14 
11 25 13 27 16 24 14 22 
11 28 13 28 13 27 11 27 
12 15 12 22 14 22 14 15 
13 12 15 14 16 13 14 11 
13 18 16 18 16 13 13 13 
13 30 12 30 12 33 13 33 
14 17 12 15 11 16 13 18 
15 19 15 24 16 24 16 19 
15 36 27 24 24 21 12 33 
16 15 15 14 14 15 15 16 
16 26 17 26 17 24 16 24 
16 28 19 31 29 21 26 18 
17 9 15 11 17 13 19 11 
17 22 14 22 14 23 17 23 
18 20 21 20 21 18 18 18 
18 31 19 31 19 29 18 29 
19 12 24 12 24 11 19 11 
19 23 15 19 12 22 16 26 
19 24 17 22 15 24 17 26 
19 33 20 32 19 31 18 32 
20 21 21 22 22 21 21 20 
20 35 24 31 17 24 13 28 
20 37 24 33 17 26 13 30 
21 10 19 12 23 16 25 14 
21 17 26 22 32 16 27 11 
21 27 26 27 26 22 21 22 
22 20 27 15 24 12 19 17 
22 25 30 17 24 11 16 19 
22 31 24 31 24 25 22 25 
22 33 22 31 19 31 19 33 
23 14 23 16 25 16 25 14 
23 17 23 20 30 20 30 17 
23 21 23 20 22 20 22 21 
23 26 25 28 26 27 24 25 
23 32 23 26 20 26 20 32 
24 30 29 25 26 22 21 27 
24 32 23 32 23 33 24 33 
24 34 25 33 24 32 23 33 
25 18 23 16 21 18 23 20 
25 25 25 28 29 28 29 25 
25 34 25 33 24 33 24 34 
26 11 26 15 27 15 27 11 
26 16 25 16 25 18 26 18 
26 20 23 17 17 23 20 26 
27 23 19 23 19 24 27 24 
28 17 26 15 25 16 27 18 
28 29 30 31 31 30 29 28 
29 12 24 12 24 21 29 21 
29 30 31 30 31 29 29 29 
30 21 30 31 32 31 32 21 
35 26 30 21 28 23 33 28 
10 27 11 28 15 24 14 23 
15 33 19 29 16 26 12 30 
18 35 20 35 20 32 18 32 
19 30 23 26 22 25 18 29 
19 36 19 33 15 33 15 36 
