26
10 14 17 21 20 18 13 11 
10 25 13 28 19 22 16 19 
14 13 14 16 20 16 20 13 
15 22 13 24 14 25 16 23 
15 26 19 26 19 22 15 22 
17 19 16 19 16 21 17 21 
18 21 17 21 17 25 18 25 
19 16 21 14 20 13 18 15 
19 21 21 21 21 20 19 20 
20 17 19 18 21 20 22 19 
22 15 22 19 28 19 28 15 
22 18 20 16 17 19 19 21 
23 14 22 15 27 20 28 19 
24 19 18 25 19 26 25 20 
25 26 25 29 28 29 28 26 
27 24 25 26 28 29 30 27 
27 28 27 24 13 24 13 28 
27 33 27 31 13 31 13 33 
29 27 28 26 25 29 26 30 
29 32 30 32 30 27 29 27 
31 24 33 24 33 22 31 22 
10 16 10 25 14 25 14 16 
11 16 16 21 19 18 14 13 
19 17 19 18 20 18 20 17 
20 40 27 33 20 26 13 33 
19 40 20 40 20 26 19 26 
