43 144
27 12
29 20
25 26
28 15
24 14
29 26
11 13
13 15
28 29
11 28
11 15
13 29
10 29
31 23
24 15
24 12
21 30
27 24
28 31
25 30
31 12
14 17
25 12
13 16
27 21
16 20
23 24
25 18
24 17
32 19
16 23
21 29
20 15
29 28
21 18
14 31
14 20
15 11
26 32
32 22
12 14
14 11
30 32
25 17
11 24
20 12
23 23
29 16
16 28
20 20
32 32
32 21
11 17
29 30
21 10
26 12
24 11
12 11
23 10
15 31
30 11
10 13
26 15
19 17
22 31
12 16
24 29
32 10
14 10
11 26
17 14
24 18
21 14
29 32
10 21
17 31
31 14
19 11
29 29
21 25
21 13
24 16
30 30
29 10
11 22
30 13
28 24
28 21
32 25
21 17
12 24
29 25
23 16
11 16
17 26
14 28
22 30
23 32
18 15
28 14
15 25
10 19
26 30
23 25
23 31
17 13
25 11
17 25
23 21
26 21
29 17
21 24
30 25
32 28
14 29
10 12
18 28
28 27
20 29
12 22
17 16
13 23
18 26
19 20
19 14
16 30
31 27
14 23
16 19
12 19
10 18
11 14
28 19
14 26
15 28
13 18
32 14
17 15
18 11
11 10
31 24
22 23
27 19
13 31
