43 136
18 31
11 28
29 29
18 30
27 21
31 22
16 29
18 11
10 30
23 30
17 19
25 22
19 16
12 29
19 23
11 27
18 13
31 12
27 22
12 26
13 13
30 16
15 20
11 12
26 24
22 10
27 13
18 17
29 10
10 20
23 10
13 15
20 24
30 15
24 32
17 26
28 24
15 19
23 22
27 24
27 18
18 24
31 10
10 19
15 17
31 16
14 24
31 14
15 13
26 25
13 19
19 31
25 30
23 19
32 12
30 13
17 16
32 24
11 30
19 24
22 14
21 31
12 31
23 11
32 30
15 31
18 28
24 23
28 20
31 28
25 13
16 24
11 17
18 20
22 18
14 23
13 16
13 28
25 32
28 23
26 28
26 27
23 32
11 11
25 15
21 11
22 19
19 20
13 30
25 11
15 32
27 26
27 29
29 19
32 25
20 20
22 21
14 10
26 20
32 26
12 21
25 24
30 25
15 26
19 18
31 30
25 21
14 29
31 19
18 21
26 13
19 21
11 20
10 29
29 11
20 11
20 12
32 18
16 14
14 28
20 25
17 21
13 27
27 16
19 11
17 29
12 18
28 10
24 11
20 17
20 10
12 24
30 18
10 12
32 21
28 29
