31 2
0000000200001000002200000001000
0000100201000100002100001200001
0100001000022200000100200000100
0210010010010012000000000000002
0000000000000010001022210010010
1001210121020000000000000200020
0000000001000200000200200000000
0100000000100001100000002000200
0002000010000000002200000001020
0200002200000100000200000000010
0002010000202000000000120000010
0001001001000020000000000200101
0000100000000000000002000002001
0200100002000002002000200000001
0010000000010000020000000011000
0000002102002000000000002101000
0000100000000000000200010000000
2000200000001010000100000020011
0000201000000200000000010020200
2000000000020000000000020001000
0002020001121010001001002000000
2020000000020000002000200010020
0200002000011000000010020022000
0002000000020000000120000000000
0010002000000200000002100022120
0100200000000000000100200001000
0001000000000002000001001000010
0001001000202000000001000000122
0000010000000000011000000000000
0000002002012000202000000000000
1000001100000000000011200010000
