31 2
1000000100000000000000000000022
0000001000001100010000000210000
0000000020000100010001000000000
0000020100000020200000000001200
0120020101021000000000000200100
0000101000001000200001000000002
0000000000000002000002000000012
0200000200000000000200000000010
2000000000020000100000020000121
1200020000001000002202002101000
0100000000000000120000010220000
0000000000200000001212002200020
2000100000000002020000000110001
0220100020000001000000002000010
2220002000100000000000000000012
2100200000012001200020000000100
0000000000021002201000100000000
0000000000020212000002000010200
0021000000000110000000000011100
1000000000000000000010002000001
2000000000100000111020000000000
2011000000001001002000020000002
0000000001000020001000000000100
1100000000200000000000200200200
0000000000000002001000220000000
0210011000001100000201001000000
0000001102000000000000000000100
1001011000000012000002000021200
1100000000020000002000010000000
0100002000000020021000220020000
0110000000000002010002002002002
