31 2
1000000020000002020000200100000
0100200020002220000000001002000
0000000020020100001000000010000
1000000000000002000000000102002
0000000000221011001000020000000
1000200102000101000020001000000
2000000000020001010100000001000
0010021000000100200120001021020
0000200000100000000020020000010
0000000010020000000000000000021
0020000020020000000000000000000
0000000000000010002001000002000
0000000200000112010000000001020
0000002000000000000001200000020
2000020100101020200000010020100
0000020020000000100200001200200
0200000000000020000020000201000
0000000000000000000112000000010
0020200020002000000000020010000
0200012100000000001020200200000
1012010000000001110000000000100
0200001000100000000000020010001
2010000001001100000002000010000
0001000000020000020020000020000
0001000200012000010020000000000
0222000101000200000101000000000
0100102000000000000000000000020
0000000010000000010101000112001
0001000000020201000000010110100
0020000000010000101010000001122
0002020000200001220000000022000
