31 2
0010000000000120000100000000002
0001000001000000020000000010110
0000000001000000100000001000012
0020000000100222200220000000100
0000000100200000001000010101001
0001000200010100000000200000000
0010200100100200000012000010000
0200000100000000020000000200200
0000000110220002101001100212000
0011001000000000000100012000000
0000000102020021000000000000000
0000020002010200001002000200000
2002200000000102000100000000000
0000002000100000020000000000000
0200000000000000002010000002000
0000000000020000200010120000000
0001010020100012010200221000000
0000020000200020000000010000000
0201000002200000022100000000000
0000000010100000000000100200020
0000010121000010200100000000000
2100000012000000000220000000000
1000001000200000010020200010000
0000002000010000212000020021110
0000001210001101000000000200000
0002001200100002002000001000020
0100010100000000000002202000000
0000000000010200010000002000010
0020000200002000220002000000000
0100100000020002000000000010000
0000000202000100000100220001010
