31 2
0020000000000022000000200000000
0100000002000000001000101002010
0000202110100000120000000000020
0000022000000020000020000100100
0210100002000100020001000201000
0000200000100010001000000010100
0000000200000001000001000100010
0022000200000000000000000200002
0200000000000000200002100000000
0201001010000001000100110000020
0000100100000002000200000000201
0000002120010110100000010000000
0200210000000200000201000000001
0100120002010000000000000020100
0000000000001000000020010100002
0101000020000000000002000000200
0000001000000000000000010000001
0000000001000200020200000000100
0001020200002000002001000000000
0000220000000200200000000001000
0200000002000000000010000000001
2211000020000001020200200202100
0000120210000200202000000000001
0000000200000011100000000000000
0000000000012000200200021021020
0100001000002110000100010100000
0010201220000000100000002000120
0020001000002000000000010200201
2000000020100001120000002100000
0000012000110000020210000000000
0020000000200000000000020100000
