31 2
2000000000100000100210000000000
2000000021000021002000000000000
0000000101000020100200021001000
0000000020000000000200000000000
0021222000000000200020000201000
0000000000000020000202000100000
0000020000010100200000000200000
0000200001010010220102000000220
0000000000010001000220001001020
0121010000100002000200000020001
1000000000000000010200020000000
0000000000000110020000010100000
2000000101200120000002010001011
1000000000202100000000010001000
0000200000000200000010012200000
0010000200000100020000000000010
0000001000100200000120001010100
0102001001000002010012100200000
0100110001000000000000020202000
0201000000000000100201000100000
1020021100220002000200000001200
0122020002200000000100000010000
0010000000200002001000002100020
0002000000000001000101000101000
0000000001100000000020100022011
0000000000020000100000002001000
0000000000000200000100000000000
0000010000000000000020002000200
0001000000000120000010020000220
0000001200002000000021000000002
0020000021000000020000000000000
