31 2
0000100000200000200000000000000
0000000001000020020100100102000
0010100000000000002000010010200
0000010000002000201000000201000
2000100100020200000000110020000
0001100000020020000000000000000
0000000000000101121100000000000
0000000001000000000000002000100
0010200000000100000010001000200
0000002000000000200101010000002
0200000200022001100000010001000
0222201000000200200000001020000
2202001110000000000020000000000
0020001202000000010000011200000
0020012000220020000020000100000
0000002001000020002000000000000
0020200000100100000000020002020
2000000101000010000000000200012
0200200000010000000200000000002
0000200010110001000000000002020
0010000022100000000000000000000
0000000000021000000200100010010
0000000001001000020000000200001
0001000010010022000200000000020
0002100200021110002000002002000
0200000000000101000100010000100
0001000000000102010010002011100
0000210021000010002000000000000
0000010120001000000000001000200
2210000222000000002000000000102
0000000011020000220100010000000
