31 2
2002000220000202012000002000000
0000001010200120000020000000001
1020000002000000020200020000001
2000002000100010201010002000000
1100000000010000000121001000202
0000002010011100000000000200000
0011020200000000101001000000001
0200000000202010000020100000200
0100111000000000000000100010000
0000000100000000220100000020000
0200000022000000020000000000001
0000000100000200000100000000000
0000100200200000000000000000010
0020010000100102020100001020021
0000000020020010112000200000012
0021000010100010200000000010020
0000000000002000100000000000002
0000000020220100000000020020000
0002000000000000000201000020020
0000000000000000000020022001001
0000000000000102000000101000002
0000101020200000010000000000000
0000010002101000110000020100000
0000000002201000101200000000000
0000100000000001020000101001011
0100110000021000000002001210000
0000001020000002020000200012100
1000001000002000000000000002000
1000000002000100000000000000002
0200100000000000000000022200002
0000000002102000020000010000200
