31 2
0200000000002001010001000210000
0020000201200001000100020002022
0000000000110101000000100000200
0000100000010020000002000021100
0000000001220022000000000001000
0000012010000002000021000000000
0200201010000000002000000000000
2000000000120000000001110100000
0002010000000000200002000000002
0100000000001001100000000000020
0120200010000000001100000000000
2000000001002000000100000011020
2000020110000200000000000100000
0100000000010001000100000000200
0200001001220000001010001020001
0000000000020200200100010000000
0021200000020000200001000102000
2011010000000000020100001000001
0000021002010020002010000000002
0102000000100100012020100000100
0002000100000001000020000002000
0021000000000220000000100000100
0020000100000010200000000002020
2010020000000002000010000000000
0000000002000000000000001000000
0021000000110200021200000002200
0000000000010002020200202000000
0000000000002200120010021010100
2000000000000100200200000002020
2000000000000000000200000010000
0010101100000000002200000000000
