31 2
1102100200001001001000002000002
0200000020202000100000000002000
0001000002002010000001001200000
0000100000200022100102000001200
2000010000000000012000000000010
0020000020010000020002000001001
0000000000000000000000000021000
0002110001011000100000000000000
0000201000000020001100000000000
2200010000000221000000010122200
0100000000000000000002020000000
2002010002000002000000000120002
0000000010000000020020000000000
0001022000010200000002000000100
0100200020020000000000000000200
0000000100220000000111002000100
1020000220010202000000000000200
0010000000000000012000002000000
2102000020102000000000000000000
1020202100001002200000001000100
0001000020000000020000002010000
0000001101002100020001020010000
0010100102000002000100000011010
0000001000100002000020100200000
0000110000000020000010000000000
0000002020001000001000101200010
0100000000020000000011000002020
1100010000201020200000021010000
0002010001200000000010000001000
0000000020000000020000000000000
0101020000000000002000000000000
