31 2
2000010201001000000100200210001
1012000200000000000120000000000
2000000100002010011001010000101
0200000000100000000100000000010
0000012000000200001000002000000
0000200000000002022010000200000
0001000000000000100000200000000
0000100000200020000010000000020
0000000000000000000010100000200
2000000000000200012000020000001
0000100020000000200002000020001
1102010001000201000000002120000
0100000022010020000212021100202
0001200000000000020220200000010
1000001000020020000000002000100
0001000122021000110100100001000
2021100000200020000000000000000
0000000020002000020000000021000
0000000000000101022000100000100
0100000000000002000000000000002
0000000000000000100000000000100
0000101000100020000000002020100
2000001000001202000000200000000
0000000011002200202001100100220
0002000011010020000220010020000
0000000201000002000020000000000
0001011010002001000100002000100
0000200000000002001000002000202
0010000100200000100000002002200
0000000101000010000000200000020
0000100000000100000000010000000
