31 2
0010001000002020101000011100000
0001000002000000000000000201200
0000000000022000010000200200002
0002000002010000000120000000020
0000000000000000000000020000000
0000100000002002000220200000000
0000000222000000012001200000000
0012020020000100201000000002000
0000110001100000000000020000001
1000020101102001000000200000000
0200200001001210000000000001000
1000000020002020002000020020100
0001100010011001011000100001200
0000000010210020101001000000010
1120000010000000000000000000011
0001000012000110222100000000000
0000200000000000000000001002022
0000000001200000201100000002000
0200000021002000010002000000000
2000010020001000010000000222100
0000000200000002000000000000002
0000000000210000000000002002102
0002100000000000002010000000000
0002110000000001000000002100000
0020000100000020002000200000200
0000000000000020000000000100000
0100210002200000100201000000020
0001201002111100000000102200000
0000100220001000000000102000020
0001200010000000000001000000000
0000010220000010000000000000001
