31 2
0000000000001000120000200000000
0202000010100002000120000001010
0000000000000200000000000000001
0000100020010001000000000002002
0000000000000002120110000000001
0100000010100200100020000210100
0000000000000100000000100001000
0000000000000000022000020000000
2100000000200000000000000001200
0000000201012020200012000000000
1000000220000000000110002022100
1000200010100020002000000000000
0000020002200022000000010000202
1100000000100000000000000000000
0002000200200000000000110000100
0000010000000022100200000200000
1001000100001000100000002000000
1200002202000200200022000000000
0000000002000000121000010020212
0000000000001100210000000000000
0202000000001002002000000000000
0200200201000021100000000000100
2110010100001001200000010000000
0001012000000000000001020001011
0200020022000100100000002010000
0000000010001000002110000000200
0200000000101200020000000000000
1000000001100000000000000000002
0012200000000022200121000110020
1010020000000002000000000000020
0210101002100000002010000200000
