31 2
0000001021000020200020000000100
0000000000000110220000001000000
0002000002000000200220000000200
0020000000000020000000000200020
0020100200012000000002200010000
0000002010020202200110000000200
0200010200000000000000200000000
0200002100020000001000100000000
0000010000011000100000000000000
0000001000200020002101010000000
2002000000000000000100000000020
0000002000000000201000000000101
1000000002000001000000102000010
2000000011020000020000011000000
2000100022000002000100000012000
0000000000001020000100000120000
0020101120020000000000021100000
1001210100000000000000120000000
0100220000000000000000100200000
0010201001000000002000000200100
0120000020000000000010000001002
0200001110120000002000001000102
0000000020010000200001000000000
0000200000000120000000000000112
0000000101000012020000000000002
0120010000100000100010000200000
0020010000000000002000000010200
0000020100000002020200000110001
0000100021120000000121020100000
0000020000000000012000100100000
0010002000020201000020100100102
