31 2
0010010100200000002000000000012
0100000100100001000000000000000
2000020001001010000200010020000
0000020010020000000010000202000
1220000000000001000000000200001
0100200000000000000000000002020
0000200020000000022100000010100
0000000200000120000200022012001
0000000000020000000100001000000
0000200002000000000202100200000
0100102000000000000000010000200
0002000100000000000000020100000
0001002000000101010002202001120
0020100000201101002000000000200
0000000000000000002010202000000
0200000102000000002000200200000
0020000010000121000220000000010
0000000000000020100220001002000
0002000200200000002000100000010
1100021001000000000011000100200
0010100000000200000001010000000
0000202000021120000000010100000
0200011000020210000000010200110
0100002012000010000000200000000
0000000002020020000001200002000
0012000000000000010200000200020
0001200000002000000100000100000
0100000000000100010000000000010
0000100000000001100000000001000
2011002001002010000020202000000
0010000001000200011100000001220
