31 2
0000010020201001200000200020000
0020021002000002021000001100000
0001020001000000002000000000000
0001000200020022000000000020010
0010201120000100002010022000000
0220002001200022022000012000000
0000002000100202200001000000000
0002001000000012000100000010000
0000000000000200000001100000000
0000002010000000010002000000000
0011002000000000000100000002000
1000000110100000100000000001000
2121000000000000010000010000001
0001000000010000000020000000000
2000001200000001202000000000000
0000200010000000000101100100000
0000200021000002010000001000120
1000201102001000100100010002011
0000010002010000000002000000012
1002000000000000020000000000000
0000212200000000220002020200000
0000000000000200000000000000000
1002000100000000220000001020000
0100000100020020000000000020100
0200000002010002000010000000000
0000010200200000102000020100001
0000021011000000022200000010000
0000000000012100000101002000200
0000000101000000000000001000000
0020000000000000020000010001011
1010000000122200001200000002200
