31 2
0001000010020000000000210000000
0012120110020000000000000002000
0000120010000001121100202000011
1220000000002001000002000010020
0001100000000000000021100001000
0020000202000000010010000002000
0120010000001001000202000001100
0000100002010000000110210000000
0000021010000000000000000000000
0020000100000000000000002000000
0000020100000000000010002000000
0002000020000210000110000010000
0000000000220200000010020000022
0012200001200112100000000020000
2020000020020000200020221000000
0000000000200000000002000001000
2000000022100200000000000002000
0000101000020000001100000000000
0002000000001000000000012100000
0020000000000000000000000220000
0002000200200000200000002100012
0000100020000001000000010001000
0221020011020000000010011010020
0000000010000000000000012010000
0000110012021000002000000200110
0200000020000000001010000220000
1100011000002000000100000000000
0000000000000000100100020010000
0000000200000000000200210002000
0202010000020000020100020010020
0000000000001020110000000000002
