31 2
2000000000000200000100000000002
0000102201000001120000200020000
0010001002000020000100001000000
0000000001020000000020102100000
0020000000000000000000000002201
0000100200010200000010000021200
1000000000000000200000002001000
0200100000110002202000200000000
0000000010002000000000000000200
0002000001000010000001200000002
0000010010000212000000010000000
0000000220000002022200002000000
1001000000000000000000020000000
1200100012011000000110020002010
0000100002000000000000000000000
0020000200000200000000010000000
0000020000000000010000222100010
1010200002001000010000001002101
0001200200001000002000000001002
0100000010010020000001200100020
0000002110001200200020000000000
0010000100001102020002120000000
0001202000000000010000210100010
0200000100200000200001100000120
1020100001000020000022000120000
1101001002000000220000000000021
1000000200000100010000000000000
0000200012002100100000100200000
0020100011000002000000220000000
0000000010002000000000000000000
2000000010200100000000000000010
