31 2
0000020000000000201010011000221
0000002210000200000002100020001
2001100000002000000000000000000
0000000000000001201200000000201
2101200000000020000020000020020
0200001000100200002200010000000
0000001000000202201001100002002
0000000000100020000000220000000
0100100200000020200000000000200
1110001001000020000000000000000
0011000100200001020000001000010
0021010000000200000000101100001
0000020000010200001001200000001
0100002100000010000001000000000
0000202001012001000002012210001
1000100200002020000000200000000
1000000020200010000001201002000
0000000100010000002000000201201
0000000000000002010000000001100
1000200200002002200001000000000
0000000020000000100000002000000
1202000000002010001200000000000
0000010000000000000200001000002
0000011000000000000000200000000
0000000000000022020000001000210
0000010000000000000002000200022
0000000102010000000200010100022
2000000000000200000100000020000
0000000000100020012100101001000
0000010001021000202200000020000
0001110100000000200000000000000
