31 2
0000000001002100021000000000200
0000000000200000020010002020000
0200002000020002000012001000000
1000000220100100000000100001010
0000000200000000000010002000000
0010000200010000000000122000000
0000010000002000000010000000000
0010200000001001000010000000220
1000000000221000000010120000012
0000001100000012000000000001000
0020000000020000000010022010000
1002002000100000100201000200001
0000220001000000000000000000000
0100000000010001000000000010000
0000000000000002000000000200000
1000200001201000201000000010000
0001000100000200002100000100020
0201000000000000101100002210001
0100200100220000000001010010002
0010020000220011000010000000200
0100200000000000200000002000002
0100120000000020000000001121000
0000010000000022000000001012200
0000011022000002002020000000000
0102200020101000200220010100001
0201000010200000000000020212010
0001020021001000000000002000000
0010220020000000000000000120000
0100000000010000100000000000000
2000021000200010000200020000010
0000000002001000000020000002020
