47 130
21 26
29 21
22 15
14 16
34 22
26 33
13 20
18 17
14 12
29 35
15 25
17 31
19 29
29 26
12 28
19 14
34 34
21 19
31 12
21 30
23 18
25 18
29 33
32 24
12 15
16 18
31 11
25 32
26 32
23 14
32 27
18 25
28 27
30 32
21 32
34 13
15 23
11 26
12 32
20 12
18 20
21 34
27 14
34 29
16 24
19 17
12 16
12 26
24 32
35 21
29 23
32 30
33 30
19 16
25 27
29 22
34 14
26 12
22 27
33 28
13 34
14 19
20 28
14 18
28 15
11 20
25 12
25 16
34 20
18 14
21 33
17 20
13 24
32 22
21 16
29 28
14 32
22 25
29 20
13 30
34 27
27 23
25 22
12 17
24 30
34 26
31 26
35 22
25 20
11 14
24 29
20 26
27 31
33 34
34 12
26 28
32 14
14 35
27 20
24 31
21 11
16 12
23 35
29 25
35 28
19 22
26 16
27 33
20 34
18 16
25 26
14 23
17 16
16 31
35 24
31 33
32 13
30 20
30 13
24 15
34 33
14 13
23 21
13 25
31 25
35 31
29 17
26 20
14 26
35 23
