47 126
32 25
28 22
28 14
33 17
13 11
28 28
26 18
30 19
23 12
35 21
19 30
17 31
12 15
21 14
30 13
14 26
14 15
35 30
33 20
26 21
12 22
25 11
16 34
25 17
31 21
25 30
25 35
28 27
20 20
23 31
30 20
11 15
25 21
19 20
24 28
17 19
20 18
25 31
19 18
22 17
15 21
23 15
30 30
26 19
33 33
35 13
21 31
18 21
29 34
11 27
28 16
22 13
26 12
29 11
24 12
26 33
33 34
13 19
20 26
30 15
13 22
18 20
12 25
15 33
14 29
11 22
34 27
34 17
19 25
17 11
16 33
14 17
23 13
15 31
29 22
31 19
17 34
19 27
16 19
19 13
20 11
13 28
12 16
26 14
23 32
20 13
11 23
26 15
14 21
16 17
16 24
26 20
18 35
11 28
32 23
22 16
20 27
15 12
23 35
21 11
35 22
33 13
16 13
15 30
12 13
20 16
16 18
32 29
27 34
21 33
25 12
28 34
23 28
30 22
30 27
27 25
22 18
29 23
26 34
33 19
16 20
18 28
22 19
28 35
14 34
25 28
