47 95
18 29
32 12
26 19
15 26
29 13
32 33
31 19
20 14
23 33
23 12
17 11
34 19
34 29
23 27
28 19
24 14
21 14
23 21
18 13
35 12
13 21
32 16
13 19
35 13
23 14
15 21
28 21
21 20
11 11
21 35
11 21
14 15
17 27
20 26
17 19
27 24
35 33
33 13
29 18
14 26
11 20
34 11
20 28
19 24
29 28
22 35
25 33
14 12
26 30
33 34
20 25
35 21
13 13
24 12
17 15
11 15
13 30
20 11
22 13
12 33
22 21
14 30
27 32
24 18
19 18
12 19
28 31
28 12
20 13
34 20
20 23
33 26
33 11
30 21
29 15
24 23
17 32
18 34
30 18
24 20
34 34
29 21
15 29
31 18
14 27
16 24
12 16
14 22
12 13
31 14
25 18
33 19
28 35
12 21
28 11
