47 147
23 19
17 27
11 15
24 26
26 24
18 26
26 23
14 30
16 30
29 24
20 11
29 14
31 15
31 18
11 24
25 35
35 33
28 27
34 22
32 22
13 11
32 25
17 19
25 22
18 15
21 13
14 35
22 17
21 29
30 15
24 32
15 15
33 34
12 14
18 23
30 20
15 35
23 20
14 16
29 12
23 33
35 26
13 13
35 12
31 17
20 33
16 18
19 28
29 20
11 14
20 24
35 31
17 12
20 17
13 29
30 22
34 33
29 28
18 14
24 22
27 19
34 13
24 33
21 15
15 29
20 26
11 22
35 13
20 30
21 28
30 11
30 35
14 17
31 29
16 25
18 24
33 20
30 21
15 18
25 31
30 34
31 22
11 34
34 27
30 31
26 11
32 21
22 33
17 24
12 19
29 15
12 17
18 34
31 24
15 31
20 19
21 12
15 23
24 11
17 33
25 25
29 18
28 31
25 19
20 14
22 14
24 16
14 34
20 16
33 17
19 12
28 25
27 29
32 32
32 34
29 32
19 21
23 18
20 12
22 22
15 19
26 34
19 11
31 14
25 15
22 13
15 21
26 25
22 18
34 15
25 27
18 32
22 12
30 19
30 25
27 22
29 22
22 19
28 20
20 18
11 28
33 22
26 31
27 15
15 20
33 29
31 23
