47 166
29 33
12 33
32 12
16 18
17 11
28 18
12 11
23 17
26 15
27 12
28 20
11 19
11 26
18 29
30 16
26 22
19 28
18 18
16 35
14 30
22 23
13 25
30 18
33 34
20 29
14 29
20 24
26 21
17 30
32 25
13 30
17 28
22 27
20 22
11 11
12 35
27 19
18 33
12 15
34 31
14 12
28 32
33 23
22 12
17 27
26 31
29 32
31 25
35 28
29 26
25 14
27 18
16 22
21 34
30 12
32 18
13 15
29 31
31 32
31 13
31 19
15 11
25 19
12 13
27 15
33 15
33 12
27 22
26 35
15 14
13 34
26 18
27 28
29 23
31 14
29 20
18 19
29 30
33 26
18 27
27 30
14 19
31 31
23 20
35 12
29 14
11 23
23 30
25 32
29 29
14 22
28 16
27 27
24 25
20 21
24 16
33 33
16 12
22 34
32 24
15 27
18 20
30 11
16 26
27 33
28 15
19 12
12 14
15 12
35 23
35 32
23 18
11 31
33 28
28 31
26 23
16 31
23 25
27 29
21 35
34 15
29 24
25 12
31 28
12 22
19 17
31 11
22 11
16 13
25 33
17 25
15 23
22 31
28 33
19 24
32 14
30 30
23 23
19 11
32 21
29 22
28 12
28 19
18 14
28 26
22 25
12 17
26 28
29 11
16 11
34 25
21 23
12 16
32 26
18 17
20 15
33 11
20 32
24 20
19 19
31 30
23 34
33 31
21 14
33 25
11 16
