37
3 19 7 23 11 19 7 15 
3 21 11 21 11 19 3 19 
7 8 7 9 8 9 8 8 
7 18 17 18 17 15 7 15 
7 22 7 23 10 23 10 22 
8 11 15 11 15 9 8 9 
9 9 7 11 8 12 10 10 
9 20 15 14 13 12 7 18 
11 14 13 14 13 12 11 12 
12 16 12 19 14 19 14 16 
12 24 13 23 11 21 10 22 
13 11 17 15 19 13 15 9 
13 18 14 19 18 15 17 14 
13 24 16 21 14 19 11 22 
14 22 14 21 11 21 11 22 
15 8 11 12 13 14 17 10 
15 10 17 12 20 9 18 7 
15 12 15 14 17 14 17 12 
16 11 21 11 21 8 16 8 
16 23 19 20 17 18 14 21 
16 24 16 23 13 23 13 24 
17 13 14 16 18 20 21 17 
18 4 9 13 12 16 21 7 
18 10 20 10 20 9 18 9 
18 12 18 15 23 15 23 12 
18 21 19 21 19 20 18 20 
18 26 21 23 19 21 16 24 
19 23 21 23 21 21 19 21 
20 14 19 14 19 17 20 17 
21 4 18 4 18 7 21 7 
22 11 21 11 21 14 22 14 
24 11 23 10 22 11 23 12 
7 12 8 12 8 11 7 11 
8 21 10 23 11 22 9 20 
9 24 12 24 12 20 9 20 
17 17 15 19 19 23 21 21 
6 13 12 19 13 18 7 12 
