26
9 8 7 10 8 11 10 9 
9 10 9 12 11 12 11 10 
13 8 11 10 19 18 21 16 
13 18 13 23 16 23 16 18 
14 12 22 12 22 7 14 7 
14 17 14 12 11 12 11 17 
15 8 15 16 18 16 18 8 
15 22 16 23 19 20 18 19 
15 25 20 20 18 18 13 23 
16 10 20 14 22 12 18 8 
17 14 13 10 11 12 15 16 
18 17 18 18 19 18 19 17 
18 20 18 19 12 19 12 20 
18 23 19 23 19 20 18 20 
19 22 14 17 13 18 18 23 
21 11 8 11 8 15 21 15 
23 16 23 15 21 15 21 16 
26 18 23 15 18 20 21 23 
9 7 9 8 12 8 12 7 
9 14 8 15 12 19 13 18 
11 5 9 7 14 12 16 10 
12 9 13 9 13 8 12 8 
12 14 16 18 18 16 14 12 
16 9 13 9 13 10 16 10 
26 12 22 12 22 18 26 18 
10 14 12 14 12 9 10 9 
