37
3 14 7 18 12 13 8 9 
5 18 8 21 13 16 10 13 
5 19 7 19 7 18 5 18 
6 15 9 18 11 16 8 13 
6 16 11 16 11 15 6 15 
6 20 9 23 10 22 7 19 
8 10 14 10 14 9 8 9 
9 13 8 13 8 18 9 18 
9 20 9 23 14 23 14 20 
10 11 10 13 11 13 11 11 
10 19 7 19 7 22 10 22 
11 7 8 10 11 13 14 10 
11 22 13 22 13 16 11 16 
12 17 15 17 15 13 12 13 
12 19 18 19 18 18 12 18 
12 21 13 22 18 17 17 16 
13 7 13 8 14 8 14 7 
13 13 11 11 9 13 11 15 
14 14 14 15 21 15 21 14 
15 8 14 7 13 8 14 9 
15 10 19 10 19 8 15 8 
15 20 15 21 18 21 18 20 
16 18 22 12 21 11 15 17 
17 19 16 18 14 20 15 21 
18 11 20 13 21 12 19 10 
18 12 21 12 21 11 18 11 
19 3 14 8 18 12 23 7 
19 17 15 13 14 14 18 18 
19 20 19 22 20 22 20 20 
20 7 19 8 22 11 23 10 
20 8 23 8 23 7 20 7 
20 17 22 17 22 13 20 13 
20 21 19 20 18 21 19 22 
22 20 20 18 18 20 20 22 
16 13 14 15 18 19 20 17 
19 18 20 18 20 17 19 17 
21 18 21 20 22 20 22 18 
