37
7 11 16 20 17 19 8 10 
7 12 11 12 11 11 7 11 
7 18 8 19 9 18 8 17 
7 20 8 21 9 20 8 19 
8 14 16 14 16 13 8 13 
9 17 10 17 10 16 9 16 
9 21 16 21 16 20 9 20 
9 23 10 22 9 21 8 22 
10 9 7 12 8 13 11 10 
10 23 11 23 11 22 10 22 
12 10 12 11 22 11 22 10 
12 13 19 20 20 19 13 12 
12 19 12 17 10 17 10 19 
12 21 14 19 12 17 10 19 
12 23 13 22 12 21 11 22 
13 9 12 10 16 14 17 13 
13 13 11 11 8 14 10 16 
16 8 20 8 20 7 16 7 
16 19 17 19 17 14 16 14 
16 22 13 22 13 23 16 23 
17 6 16 7 21 12 22 11 
17 11 18 12 21 9 20 8 
17 21 20 21 20 19 17 19 
17 24 20 21 19 20 16 23 
18 9 18 12 21 12 21 9 
22 13 22 22 23 22 23 13 
23 8 22 7 16 13 17 14 
8 15 9 16 12 13 11 12 
8 18 9 18 9 17 8 17 
8 23 9 23 9 22 8 22 
9 24 10 23 9 22 8 23 
10 24 10 23 9 23 9 24 
13 6 13 9 17 9 17 6 
14 22 9 17 8 18 13 23 
15 18 16 19 22 13 21 12 
15 21 16 22 17 21 16 20 
7 19 8 19 8 18 7 18 
