50
6 11 11 16 12 15 7 10 
7 11 7 13 11 13 11 11 
7 19 7 20 8 20 8 19 
7 21 9 23 10 22 8 20 
8 10 10 12 11 11 9 9 
8 12 8 14 10 14 10 12 
9 8 8 9 12 13 13 12 
9 10 9 9 8 9 8 10 
9 13 10 14 11 13 10 12 
9 19 11 19 11 16 9 16 
9 20 12 17 11 16 8 19 
10 8 13 11 14 10 11 7 
10 9 17 9 17 8 10 8 
10 20 11 19 10 18 9 19 
11 15 12 15 12 13 11 13 
12 11 13 11 13 7 12 7 
12 16 12 17 19 17 19 16 
12 20 14 22 19 17 17 15 
13 14 14 15 18 11 17 10 
13 18 13 14 10 14 10 18 
14 6 13 7 16 10 17 9 
14 12 14 11 13 11 13 12 
14 14 14 15 17 15 17 14 
15 21 15 20 12 20 12 21 
16 6 14 6 14 10 16 10 
16 21 15 21 15 23 16 23 
17 11 18 11 18 10 17 10 
18 13 23 13 23 11 18 11 
18 22 19 23 20 22 19 21 
18 23 23 18 21 16 16 21 
19 8 21 10 22 9 20 7 
19 13 20 12 18 10 17 11 
19 22 19 21 18 21 18 22 
20 15 18 13 17 14 19 16 
20 23 20 22 19 22 19 23 
22 16 22 18 23 18 23 16 
6 12 7 13 8 12 7 11 
6 18 7 19 11 15 10 14 
8 7 8 8 9 8 9 7 
9 22 10 22 10 20 9 20 
11 24 15 20 13 18 9 22 
15 11 16 12 17 11 16 10 
18 9 19 8 18 7 17 8 
20 9 20 7 18 7 18 9 
21 24 21 19 11 19 11 24 
22 12 22 9 20 9 20 12 
24 12 23 11 22 12 23 13 
6 21 8 23 9 22 7 20 
8 22 8 23 9 23 9 22 
6 20 6 21 7 21 7 20 
