58
5 19 7 21 12 16 10 14 
5 22 8 22 8 19 5 19 
6 13 7 14 10 11 9 10 
6 21 8 23 10 21 8 19 
6 22 7 23 8 22 7 21 
7 12 7 14 10 14 10 12 
8 9 11 9 11 8 8 8 
9 11 10 11 10 10 9 10 
9 21 9 23 10 23 10 21 
10 13 12 15 15 12 13 10 
11 11 10 10 9 11 10 12 
11 15 11 16 12 16 12 15 
11 20 11 22 14 22 14 20 
12 13 14 15 15 14 13 12 
12 14 18 8 17 7 11 13 
12 19 17 19 17 16 12 16 
13 7 13 10 17 10 17 7 
13 17 13 18 15 18 15 17 
13 21 14 22 15 21 14 20 
13 23 15 23 15 21 13 21 
13 24 17 20 15 18 11 22 
14 11 14 9 11 9 11 11 
14 12 14 14 15 14 15 12 
14 17 12 15 11 16 13 18 
14 24 15 23 14 22 13 23 
15 15 17 15 17 14 15 14 
16 11 17 10 15 8 14 9 
16 13 17 14 23 8 22 7 
16 16 15 17 17 19 18 18 
17 13 17 11 16 11 16 13 
18 9 19 9 19 8 18 8 
18 10 17 11 21 15 22 14 
18 21 19 22 22 19 21 18 
19 17 19 19 22 19 22 17 
19 20 19 19 18 19 18 20 
19 24 19 22 14 22 14 24 
20 9 20 15 21 15 21 9 
20 10 21 9 20 8 19 9 
20 18 22 16 21 15 19 17 
21 16 22 16 22 15 21 15 
21 21 23 21 23 18 21 18 
22 8 23 8 23 7 22 7 
22 10 22 12 23 12 23 10 
22 20 21 21 22 22 23 21 
23 16 22 15 21 16 22 17 
6 11 6 13 9 13 9 11 
6 16 6 21 7 21 7 16 
8 17 11 20 12 19 9 16 
10 24 13 24 13 23 10 23 
11 5 9 7 11 9 13 7 
11 14 12 14 12 13 11 13 
12 20 9 23 10 24 13 21 
16 12 14 14 15 15 17 13 
17 18 18 19 21 16 20 15 
17 21 18 21 18 20 17 20 
20 22 21 21 19 19 18 20 
16 20 17 21 18 20 17 19 
20 20 20 22 22 22 22 20 
