57
7 18 11 18 11 17 7 17 
7 23 8 23 8 22 7 22 
8 8 8 12 10 12 10 8 
8 18 9 19 11 17 10 16 
9 13 10 12 9 11 8 12 
9 16 11 18 14 15 12 13 
9 20 10 21 11 20 10 19 
10 13 9 13 9 16 10 16 
10 20 10 19 9 19 9 20 
10 23 12 23 12 21 10 21 
10 25 12 23 10 21 8 23 
11 12 12 12 12 10 11 10 
12 4 8 8 12 12 16 8 
12 15 14 15 14 13 12 13 
12 17 14 17 14 16 12 16 
12 19 13 20 14 19 13 18 
12 20 13 20 13 19 12 19 
14 7 11 10 13 12 16 9 
14 8 14 9 16 9 16 8 
14 20 13 19 12 20 13 21 
14 21 13 20 12 21 13 22 
14 22 14 21 13 21 13 22 
15 13 15 16 16 16 16 13 
15 14 16 13 15 12 14 13 
15 17 14 17 14 19 15 19 
15 18 16 17 15 16 14 17 
16 6 14 8 18 12 20 10 
16 12 18 12 18 9 16 9 
16 19 17 20 20 17 19 16 
16 20 16 19 15 19 15 20 
16 21 17 21 17 20 16 20 
16 22 17 21 16 20 15 21 
17 10 20 13 21 12 18 9 
17 13 20 13 20 10 17 10 
17 15 16 16 20 20 21 19 
17 16 19 16 19 15 17 15 
17 17 17 16 16 16 16 17 
18 21 18 22 21 22 21 21 
19 20 18 21 20 23 21 22 
19 23 20 23 20 20 19 20 
20 8 21 9 22 8 21 7 
20 16 21 15 20 14 19 15 
21 14 22 14 22 12 21 12 
21 25 23 23 21 21 19 23 
22 15 21 15 21 19 22 19 
22 22 22 23 23 23 23 22 
23 17 23 16 20 16 20 17 
24 21 22 19 21 20 23 22 
5 20 7 22 9 20 7 18 
7 21 8 22 10 20 9 19 
8 25 10 25 10 23 8 23 
11 9 12 10 14 8 13 7 
15 15 14 16 15 17 16 16 
15 22 16 22 16 21 15 21 
16 14 17 13 16 12 15 13 
17 22 18 21 17 20 16 21 
20 15 21 14 20 13 19 14 
