44
4 16 7 19 10 16 7 13 
4 17 7 17 7 16 4 16 
5 14 7 16 9 14 7 12 
6 17 10 21 11 20 7 16 
7 9 9 9 9 8 7 8 
8 8 7 9 8 10 9 9 
8 15 11 15 11 10 8 10 
8 16 7 17 11 21 12 20 
8 21 10 21 10 16 8 16 
9 12 10 13 12 11 11 10 
9 13 9 12 7 12 7 13 
10 12 8 10 7 11 9 13 
10 14 10 13 9 13 9 14 
11 17 11 20 12 20 12 17 
12 10 12 11 13 11 13 10 
12 14 13 15 15 13 14 12 
12 16 20 16 20 14 12 14 
12 25 16 21 12 17 8 21 
13 19 15 21 17 19 15 17 
13 25 13 23 12 23 12 25 
14 9 12 7 11 8 13 10 
15 19 15 21 16 21 16 19 
15 25 17 23 15 21 13 23 
17 9 19 11 20 10 18 8 
17 12 17 9 14 9 14 12 
18 12 17 12 17 18 18 18 
18 20 13 20 13 22 18 22 
19 10 19 11 20 11 20 10 
19 13 15 13 15 17 19 17 
19 15 20 16 21 15 20 14 
19 20 22 23 23 22 20 19 
19 23 22 20 21 19 18 22 
20 5 17 8 19 10 22 7 
20 12 19 11 18 12 19 13 
20 23 21 23 21 19 20 19 
21 12 21 11 20 11 20 12 
22 15 23 14 21 12 20 13 
22 17 19 17 19 20 22 20 
11 13 10 14 11 15 12 14 
16 28 21 23 18 20 13 25 
17 26 20 23 16 19 13 22 
18 13 20 11 19 10 17 12 
19 26 19 23 17 23 17 26 
22 12 21 12 21 15 22 15 
