29
6 11 8 13 12 9 10 7 
6 18 8 20 12 16 10 14 
7 11 6 11 6 18 7 18 
7 20 8 20 8 18 7 18 
8 19 11 22 20 13 17 10 
8 22 11 22 11 20 8 20 
9 12 9 14 10 14 10 12 
9 13 10 12 8 10 7 11 
10 15 15 15 15 14 10 14 
10 16 15 21 19 17 14 12 
10 22 11 23 20 14 19 13 
12 8 12 9 14 9 14 8 
12 13 10 15 15 20 17 18 
14 11 17 11 17 10 14 10 
15 9 16 8 15 7 14 8 
16 12 17 11 15 9 14 10 
16 16 16 13 12 13 12 16 
18 12 18 8 16 8 16 12 
19 9 19 7 15 7 15 9 
19 12 19 13 20 13 20 12 
19 14 19 17 20 17 20 14 
19 18 20 17 16 13 15 14 
21 11 20 12 21 13 22 12 
21 16 23 16 23 13 21 13 
22 11 21 11 21 12 22 12 
6 19 7 20 8 19 7 18 
8 15 9 16 10 15 9 14 
9 15 9 16 10 16 10 15 
17 17 17 18 19 18 19 17 
