45
4 11 9 16 13 12 8 7 
4 17 11 17 11 11 4 11 
7 20 7 23 9 23 9 20 
8 10 8 13 16 13 16 10 
8 19 9 20 10 19 9 18 
8 22 10 22 10 19 8 19 
8 24 9 23 8 22 7 23 
9 19 11 21 13 19 11 17 
10 15 14 15 14 8 10 8 
11 19 13 19 13 18 11 18 
11 22 13 22 13 21 11 21 
12 12 15 9 14 8 11 11 
12 17 13 18 15 16 14 15 
12 21 13 22 15 20 14 19 
13 11 13 12 15 12 15 11 
13 14 13 12 12 12 12 14 
13 20 14 20 14 19 13 19 
15 8 15 9 18 9 18 8 
15 22 16 23 18 21 17 20 
16 16 15 16 15 20 16 20 
17 10 15 12 16 13 18 11 
17 15 18 16 21 13 20 12 
17 18 17 20 21 20 21 18 
17 23 17 20 16 20 16 23 
18 12 20 12 20 11 18 11 
18 13 18 16 21 16 21 13 
19 10 20 9 19 8 18 9 
19 15 19 10 17 10 17 15 
20 8 20 9 21 9 21 8 
20 10 18 8 16 10 18 12 
21 15 18 12 13 17 16 20 
21 19 18 16 14 20 17 23 
23 14 20 11 18 13 21 16 
23 17 23 14 13 14 13 17 
23 20 21 20 21 22 23 22 
5 16 4 17 7 20 8 19 
5 18 9 18 9 16 5 16 
9 13 7 15 11 19 13 17 
14 22 15 22 15 20 14 20 
19 20 21 22 23 20 21 18 
13 23 14 23 14 22 13 22 
12 22 13 23 14 22 13 21 
11 23 12 22 11 21 10 22 
10 23 11 23 11 22 10 22 
8 21 10 23 11 22 9 20 
