25
4 14 8 18 14 12 10 8 
5 20 8 23 11 20 8 17 
7 18 7 23 8 23 8 18 
8 20 10 22 12 20 10 18 
9 9 7 9 7 15 9 15 
12 8 12 9 13 9 13 8 
12 16 11 16 11 20 12 20 
13 12 13 15 14 15 14 12 
13 22 10 22 10 23 13 23 
14 6 12 8 13 9 15 7 
15 17 15 15 14 15 14 17 
15 18 19 14 18 13 14 17 
15 20 15 21 17 21 17 20 
16 15 16 18 17 18 17 15 
17 11 18 12 19 11 18 10 
17 14 19 14 19 11 17 11 
18 16 17 15 15 17 16 18 
19 20 22 20 22 15 19 15 
22 11 23 11 23 9 22 9 
23 12 18 12 18 13 23 13 
25 14 23 12 17 18 19 20 
26 20 18 12 15 15 23 23 
6 10 12 16 13 15 7 9 
12 17 15 20 17 18 14 15 
12 25 17 20 15 18 10 23 
