23
6 17 7 18 13 12 12 11 
8 12 12 12 12 11 8 11 
9 19 13 23 14 22 10 18 
10 8 7 8 7 18 10 18 
10 23 13 23 13 18 10 18 
11 8 8 11 17 20 20 17 
11 17 12 17 12 16 11 16 
14 6 8 12 12 16 18 10 
14 7 8 13 11 16 17 10 
14 23 17 23 17 22 14 22 
14 27 23 18 19 14 10 23 
15 19 14 20 17 23 18 22 
16 15 15 14 12 17 13 18 
17 8 17 10 18 10 18 8 
17 15 17 10 16 10 16 15 
17 21 17 20 14 20 14 21 
18 11 18 12 23 12 23 11 
19 12 21 14 23 12 21 10 
19 19 19 14 15 14 15 19 
20 10 18 8 16 10 18 12 
20 14 21 14 21 10 20 10 
22 23 23 23 23 18 22 18 
13 27 14 27 14 23 13 23 
