47
4 16 8 20 13 15 9 11 
4 23 11 23 11 16 4 16 
7 12 9 12 9 11 7 11 
7 20 8 20 8 18 7 18 
8 9 7 10 9 12 10 11 
9 14 11 16 12 15 10 13 
9 19 9 21 12 21 12 19 
10 8 8 8 8 9 10 9 
10 10 10 11 11 11 11 10 
10 14 13 11 10 8 7 11 
10 22 11 23 14 20 13 19 
11 15 12 15 12 11 11 11 
11 18 12 19 15 16 14 15 
12 9 11 10 12 11 13 10 
13 12 17 12 17 11 13 11 
13 13 13 15 14 15 14 13 
14 8 11 11 13 13 16 10 
14 9 17 12 19 10 16 7 
14 14 16 16 19 13 17 11 
14 21 12 21 12 23 14 23 
14 27 18 23 11 16 7 20 
15 10 15 16 16 16 16 10 
15 14 17 16 19 14 17 12 
15 19 16 19 16 17 15 17 
16 8 16 7 14 7 14 8 
16 23 18 21 16 19 14 21 
16 27 16 23 14 23 14 27 
17 23 18 23 18 21 17 21 
18 18 15 21 17 23 20 20 
18 19 16 17 12 21 14 23 
19 8 19 9 20 9 20 8 
19 12 17 12 17 13 19 13 
20 7 19 8 20 9 21 8 
20 14 20 13 19 13 19 14 
20 15 14 15 14 20 20 20 
21 9 20 8 19 9 20 10 
22 10 21 10 21 14 22 14 
22 11 21 10 19 12 20 13 
22 16 20 14 15 19 17 21 
23 9 23 8 21 8 21 9 
24 10 23 9 22 10 23 11 
7 17 8 18 11 15 10 14 
8 22 10 22 10 20 8 20 
9 13 9 14 10 14 10 13 
9 23 10 22 9 21 8 22 
10 21 12 23 14 21 12 19 
12 8 12 9 14 9 14 8 
