41
4 12 7 15 10 12 7 9 
4 14 7 14 7 12 4 12 
6 13 7 14 8 13 7 12 
6 16 8 16 8 13 6 13 
8 6 7 7 11 11 12 10 
9 19 10 18 8 16 7 17 
9 21 17 13 15 11 7 19 
9 22 10 22 10 21 9 21 
10 11 10 12 11 12 11 11 
10 15 10 14 7 14 7 15 
10 16 13 16 13 15 10 15 
10 19 14 19 14 18 10 18 
11 14 17 14 17 13 11 13 
11 18 15 22 17 20 13 16 
11 20 10 21 12 23 13 22 
12 11 15 11 15 10 12 10 
12 16 13 15 11 13 10 14 
13 12 15 10 14 9 12 11 
13 20 17 20 17 16 13 16 
14 8 16 8 16 7 14 7 
15 7 14 8 15 9 16 8 
15 12 17 12 17 11 15 11 
15 13 18 16 20 14 17 11 
15 14 17 16 19 14 17 12 
15 17 15 22 22 22 22 17 
16 17 20 21 21 20 17 16 
17 8 16 9 17 10 18 9 
17 9 17 8 16 8 16 9 
18 22 19 21 15 17 14 18 
19 9 18 8 17 9 18 10 
19 10 19 9 18 9 18 10 
19 12 17 10 15 12 17 14 
20 12 19 12 19 14 20 14 
20 15 22 15 22 14 20 14 
24 15 22 13 20 15 22 17 
6 15 10 19 11 18 7 14 
7 8 7 9 14 9 14 8 
9 17 7 17 7 19 9 19 
11 4 7 8 10 11 14 7 
11 22 13 22 13 20 11 20 
19 15 19 21 20 21 20 15 
