21
6 14 12 20 13 19 7 13 
7 22 15 22 15 14 7 14 
9 15 9 10 8 10 8 15 
10 15 10 20 11 20 11 15 
11 10 7 14 8 15 12 11 
12 17 21 17 21 11 12 11 
13 12 10 15 12 17 15 14 
14 22 15 23 21 17 20 16 
15 9 15 13 16 13 16 9 
15 17 16 18 18 16 17 15 
16 15 16 18 17 18 17 15 
16 19 14 21 15 22 17 20 
18 11 16 13 17 14 19 12 
18 27 23 22 16 15 11 20 
19 10 13 10 13 12 19 12 
20 15 12 7 9 10 17 18 
20 27 20 16 18 16 18 27 
21 22 23 22 23 17 21 17 
21 23 21 22 15 22 15 23 
13 18 13 19 16 19 16 18 
20 14 20 15 22 15 22 14 
