46
5 17 7 19 11 15 9 13 
6 13 8 15 11 12 9 10 
7 15 7 16 8 16 8 15 
7 21 8 21 8 20 7 20 
9 16 8 15 7 16 8 17 
9 17 9 16 8 16 8 17 
9 18 11 20 14 17 12 15 
9 21 11 19 10 18 8 20 
9 23 11 23 11 22 9 22 
10 7 10 12 11 12 11 7 
10 17 9 17 9 18 10 18 
10 21 11 22 12 21 11 20 
10 22 9 21 8 22 9 23 
12 11 13 12 14 11 13 10 
12 13 13 13 13 12 12 12 
12 16 17 16 17 15 12 15 
12 17 12 21 14 21 14 17 
13 9 13 10 17 10 17 9 
13 11 13 10 12 10 12 11 
13 15 12 16 15 19 16 18 
13 18 13 19 15 19 15 18 
14 10 13 9 12 10 13 11 
14 12 13 11 12 12 13 13 
14 14 20 14 20 12 14 12 
15 14 17 16 21 12 19 10 
15 23 18 23 18 19 15 19 
16 14 17 15 20 12 19 11 
16 19 15 18 13 20 14 21 
16 21 18 23 20 21 18 19 
17 11 19 11 19 10 17 10 
17 17 22 22 23 21 18 16 
17 18 17 17 16 17 16 18 
18 17 17 16 16 17 17 18 
19 19 19 21 20 21 20 19 
20 10 22 10 22 7 20 7 
20 22 22 22 22 21 20 21 
21 17 21 20 23 20 23 17 
22 19 21 20 22 21 23 20 
24 18 23 17 19 21 20 22 
6 10 6 13 9 13 9 10 
6 19 7 20 9 18 8 17 
6 20 7 21 8 20 7 19 
9 20 8 21 9 22 10 21 
10 20 10 21 11 21 11 20 
14 15 15 14 13 12 12 13 
6 16 6 19 7 19 7 16 
