43
4 16 7 19 11 15 8 12 
4 19 7 19 7 16 4 16 
5 18 4 19 7 22 8 21 
6 20 8 22 9 21 7 19 
7 10 11 10 11 9 7 9 
7 20 10 20 10 19 7 19 
7 21 7 22 8 22 8 21 
9 8 9 7 7 7 7 8 
9 9 14 14 16 12 11 7 
9 11 11 9 9 7 7 9 
9 12 11 10 9 8 7 10 
9 16 9 15 8 15 8 16 
9 22 13 22 13 21 9 21 
9 23 9 22 8 22 8 23 
9 24 10 23 9 22 8 23 
10 18 11 17 9 15 8 16 
10 22 11 23 13 21 12 20 
10 24 10 23 9 23 9 24 
11 14 11 15 14 15 14 14 
11 19 13 19 13 18 11 18 
12 17 13 18 15 16 14 15 
14 23 15 22 14 21 13 22 
15 7 12 10 18 16 21 13 
15 21 18 21 18 16 15 16 
15 23 15 22 14 22 14 23 
16 9 21 14 22 13 17 8 
16 11 9 11 9 12 16 12 
16 20 14 18 13 19 15 21 
16 22 15 21 14 22 15 23 
17 9 22 9 22 8 17 8 
18 13 21 13 21 7 18 7 
20 7 16 11 18 13 22 9 
20 18 20 22 22 22 22 18 
20 23 20 22 18 22 18 23 
22 6 21 7 22 8 23 7 
23 10 12 10 12 17 23 17 
5 9 7 11 9 9 7 7 
8 17 9 16 8 15 7 16 
9 19 10 20 11 19 10 18 
16 14 16 20 21 20 21 14 
16 15 21 20 23 18 18 13 
18 25 20 23 18 21 16 23 
16 25 18 25 18 23 16 23 
