32
7 8 14 8 14 7 7 7 
8 14 18 14 18 12 8 12 
8 15 8 18 15 18 15 15 
9 15 15 9 14 8 8 14 
9 18 10 19 12 17 11 16 
9 22 11 20 10 19 8 21 
10 9 10 16 11 16 11 9 
10 21 10 19 8 19 8 21 
11 17 20 8 19 7 10 16 
12 16 11 16 11 17 12 17 
13 12 10 9 9 10 12 13 
13 23 13 22 9 22 9 23 
14 10 14 11 19 11 19 10 
14 17 20 11 19 10 13 16 
14 21 14 17 12 17 12 21 
14 24 17 21 16 20 13 23 
17 13 18 14 19 13 18 12 
17 24 17 21 14 21 14 24 
18 18 18 20 22 20 22 18 
19 9 22 9 22 7 19 7 
19 15 20 16 23 13 22 12 
20 12 22 12 22 11 20 11 
20 15 14 21 17 24 23 18 
20 20 22 18 20 16 18 18 
7 17 8 18 10 16 9 15 
7 20 11 20 11 17 7 17 
7 21 9 23 13 19 11 17 
13 20 12 21 13 22 14 21 
14 18 15 19 19 15 18 14 
15 20 15 19 13 19 13 20 
17 15 19 15 19 13 17 13 
19 16 20 16 20 15 19 15 
