40
5 18 9 22 12 19 8 15 
6 14 8 16 9 15 7 13 
7 10 7 13 12 13 12 10 
7 17 9 19 10 18 8 16 
8 14 8 15 9 15 9 14 
8 20 10 22 11 21 9 19 
9 11 13 11 13 9 9 9 
9 17 12 17 12 15 9 15 
9 21 11 21 11 19 9 19 
10 6 9 7 12 10 13 9 
10 15 12 13 11 12 9 14 
11 14 14 14 14 12 11 12 
13 20 12 20 12 21 13 21 
13 22 14 21 13 20 12 21 
14 4 9 9 14 14 19 9 
14 16 16 16 16 14 14 14 
14 22 14 21 13 21 13 22 
15 17 14 16 11 19 12 20 
15 19 15 17 12 17 12 19 
16 8 13 11 14 12 17 9 
16 20 15 19 13 21 14 22 
16 22 19 22 19 20 16 20 
17 17 21 13 20 12 16 16 
18 10 18 9 17 9 17 10 
18 16 17 16 17 17 18 17 
18 21 20 21 20 17 18 17 
19 8 19 9 23 9 23 8 
19 16 18 15 17 16 18 17 
20 10 18 10 18 12 20 12 
20 11 18 13 20 15 22 13 
20 13 20 15 21 15 21 13 
20 19 19 20 20 21 21 20 
21 22 22 22 22 20 21 20 
22 8 20 10 21 11 23 9 
22 17 21 16 20 17 21 18 
7 22 9 22 9 21 7 21 
13 14 12 15 18 21 19 20 
20 23 21 22 20 21 19 22 
5 20 7 22 12 17 10 15 
8 18 5 18 5 20 8 20 
