28
7 10 10 13 13 10 10 7 
7 15 12 15 12 10 7 10 
7 18 8 19 12 15 11 14 
7 19 8 19 8 18 7 18 
8 11 10 11 10 7 8 7 
8 16 13 21 22 12 17 7 
8 17 8 16 7 16 7 17 
8 21 10 23 14 19 12 17 
10 19 14 19 14 13 10 13 
10 21 10 19 8 19 8 21 
11 20 15 20 15 14 11 14 
12 22 21 22 21 17 12 17 
13 9 20 9 20 8 13 8 
13 11 13 12 14 12 14 11 
13 16 13 21 16 21 16 16 
13 23 13 21 10 21 10 23 
14 22 13 21 12 22 13 23 
15 12 14 11 13 12 14 13 
15 16 18 13 13 8 10 11 
15 17 18 20 19 19 16 16 
15 23 18 23 18 20 15 20 
18 19 19 19 19 13 18 13 
19 24 21 22 20 21 18 23 
22 9 20 9 20 12 22 12 
6 16 7 17 8 16 7 15 
6 18 7 19 8 18 7 17 
17 18 15 20 16 21 18 19 
21 6 20 7 22 9 23 8 
