85
7 13 10 16 13 13 10 10 
7 21 10 24 14 20 11 17 
7 22 16 22 16 21 7 21 
9 24 10 25 11 24 10 23 
9 25 10 25 10 24 9 24 
10 12 15 12 15 10 10 10 
10 18 10 20 13 20 13 18 
11 26 11 28 12 28 12 26 
11 27 12 26 10 24 9 25 
12 14 13 14 13 13 12 13 
12 15 19 22 20 21 13 14 
12 19 13 20 14 19 13 18 
12 21 15 24 16 23 13 20 
12 24 15 27 16 26 13 23 
13 12 14 13 15 12 14 11 
13 24 13 27 15 27 15 24 
14 14 14 16 16 16 16 14 
14 23 14 20 13 20 13 23 
14 30 19 30 19 25 14 25 
15 13 14 14 15 15 16 14 
15 17 16 16 15 15 14 16 
15 19 16 18 15 17 14 18 
15 29 13 27 12 28 14 30 
16 10 16 12 18 12 18 10 
16 13 16 12 15 12 15 13 
16 20 18 22 22 18 20 16 
16 24 16 26 17 26 17 24 
16 27 15 27 15 28 16 28 
16 31 20 27 17 24 13 28 
17 11 16 12 17 13 18 12 
17 16 18 17 20 15 19 14 
17 19 17 17 15 17 15 19 
17 22 21 18 20 17 16 21 
17 23 17 22 16 22 16 23 
17 27 20 27 20 26 17 26 
18 15 18 13 17 13 17 15 
18 16 20 16 20 15 18 15 
18 18 20 18 20 17 18 17 
18 19 18 22 19 22 19 19 
18 20 20 22 21 21 19 19 
18 24 19 23 18 22 17 23 
18 27 24 21 23 20 17 26 
18 28 17 27 16 28 17 29 
18 31 18 28 16 28 16 31 
19 24 23 24 23 23 19 23 
20 20 20 21 21 21 21 20 
20 24 19 25 20 26 21 25 
21 13 26 13 26 11 21 11 
21 23 23 25 25 23 23 21 
22 15 21 15 21 18 22 18 
22 19 23 19 23 18 22 18 
22 25 21 25 21 29 22 29 
22 26 24 28 25 27 23 25 
23 10 23 12 25 12 25 10 
23 15 27 11 26 10 22 14 
23 16 26 13 25 12 22 15 
23 27 25 27 25 25 23 25 
24 19 25 20 29 16 28 15 
24 20 25 21 26 20 25 19 
24 29 24 30 26 30 26 29 
25 15 23 15 23 16 25 16 
25 17 27 19 28 18 26 16 
25 29 24 28 23 29 24 30 
26 14 26 16 29 16 29 14 
26 17 26 16 25 16 25 17 
26 19 25 19 25 20 26 20 
26 22 29 22 29 20 26 20 
27 10 26 11 29 14 30 13 
27 27 28 26 26 24 25 25 
27 28 23 24 22 25 26 29 
28 11 28 10 27 10 27 11 
28 28 28 27 27 27 27 28 
29 17 30 17 30 16 29 16 
29 30 30 30 30 29 29 29 
34 21 30 17 24 23 28 27 
34 23 34 21 25 21 25 23 
12 17 11 17 11 19 12 19 
12 27 14 25 13 24 11 26 
12 29 13 28 12 27 11 28 
13 29 15 29 15 28 13 28 
15 23 16 24 17 23 16 22 
20 12 17 15 18 16 21 13 
22 10 21 11 25 15 26 14 
27 31 29 29 28 28 26 30 
19 10 19 14 22 14 22 10 
