55
6 20 10 24 14 20 10 16 
7 15 10 18 14 14 11 11 
9 26 11 28 14 25 12 23 
9 28 11 28 11 26 9 26 
11 16 10 16 10 18 11 18 
11 20 13 20 13 18 11 18 
11 21 11 25 14 25 14 21 
12 14 11 13 10 14 11 15 
12 15 11 16 13 18 14 17 
12 19 11 18 10 19 11 20 
13 13 13 11 11 11 11 13 
13 23 11 25 14 28 16 26 
13 28 17 24 15 22 11 26 
14 15 14 14 12 14 12 15 
14 16 15 17 20 12 19 11 
14 19 13 20 14 21 15 20 
15 11 15 16 17 16 17 11 
15 13 28 26 30 24 17 11 
15 19 15 17 14 17 14 19 
15 21 16 22 17 21 16 20 
15 26 16 26 16 22 15 22 
16 15 17 16 22 11 21 10 
16 17 16 20 18 20 18 17 
16 21 16 20 15 20 15 21 
16 28 17 28 17 26 16 26 
17 23 18 23 18 21 17 21 
18 19 19 18 18 17 17 18 
18 26 21 29 22 28 19 25 
18 28 22 28 22 26 18 26 
19 10 19 11 21 11 21 10 
19 14 19 18 21 18 21 14 
19 19 18 20 28 30 29 29 
19 20 23 24 25 22 21 18 
19 23 27 23 27 20 19 20 
20 30 20 25 19 25 19 30 
22 18 27 23 29 21 24 16 
22 27 20 25 17 28 19 30 
22 30 23 30 23 29 22 29 
23 28 22 29 23 30 24 29 
23 31 24 30 23 29 22 30 
24 15 24 14 23 14 23 15 
24 22 24 29 25 29 25 22 
24 31 24 30 23 30 23 31 
26 26 26 30 28 30 28 26 
28 16 24 16 24 17 28 17 
29 24 29 29 30 29 30 24 
29 27 28 26 25 29 26 30 
7 13 7 15 11 15 11 13 
8 20 16 28 18 26 10 18 
10 23 12 23 12 19 10 19 
12 28 13 28 13 23 12 23 
15 14 14 15 15 16 16 15 
17 20 18 21 19 20 18 19 
21 31 22 30 21 29 20 30 
11 27 12 28 17 23 16 22 
