29
8 17 11 20 14 17 11 14 
8 18 13 23 15 21 10 16 
8 26 10 28 12 26 10 24 
10 13 10 16 18 16 18 13 
10 18 10 24 18 24 18 18 
11 15 11 20 16 20 16 15 
12 19 12 26 19 26 19 19 
13 13 11 15 16 20 18 18 
14 27 24 27 24 17 14 17 
15 28 25 18 24 17 14 27 
16 21 15 21 15 28 16 28 
17 12 20 12 20 11 17 11 
19 10 17 12 18 13 20 11 
19 29 26 29 26 28 19 28 
21 15 29 15 29 11 21 11 
22 16 24 16 24 10 22 10 
22 17 18 13 16 15 20 19 
23 12 20 12 20 19 23 19 
23 21 29 15 24 10 18 16 
23 28 24 27 17 20 16 21 
25 15 21 11 20 12 24 16 
26 30 27 30 27 29 26 29 
27 9 21 15 22 16 28 10 
27 16 27 18 29 18 29 16 
28 30 30 30 30 12 28 12 
29 13 30 12 29 11 28 12 
29 23 22 16 19 19 26 26 
13 22 13 23 29 23 29 22 
25 29 26 30 27 29 26 28 
