83
8 25 12 29 19 22 15 18 
8 27 13 27 13 25 8 25 
9 15 10 16 12 14 11 13 
9 16 10 16 10 15 9 15 
9 17 10 18 11 17 10 16 
9 20 10 21 15 16 14 15 
10 22 14 22 14 21 10 21 
10 29 12 29 12 24 10 24 
11 14 12 14 12 13 11 13 
11 19 17 19 17 17 11 17 
11 25 12 24 11 23 10 24 
12 15 14 15 14 14 12 14 
12 18 12 16 10 16 10 18 
12 26 13 27 14 26 13 25 
12 28 13 29 14 28 13 27 
12 31 16 27 14 25 10 29 
13 14 12 13 11 14 12 15 
13 18 13 24 15 24 15 18 
13 31 13 29 12 29 12 31 
15 10 14 11 18 15 19 14 
15 19 17 17 14 14 12 16 
15 21 12 18 11 19 14 22 
16 13 16 14 19 14 19 13 
16 23 20 19 18 17 14 21 
16 24 19 24 19 23 16 23 
17 15 20 18 22 16 19 13 
17 20 20 20 20 19 17 19 
17 22 14 22 14 25 17 25 
17 26 20 29 22 27 19 24 
17 28 17 26 14 26 14 28 
18 24 17 25 18 26 19 25 
18 28 19 29 21 27 20 26 
18 29 22 25 21 24 17 28 
19 16 21 18 24 15 22 13 
19 17 18 17 18 22 19 22 
19 26 19 29 20 29 20 26 
20 8 16 12 19 15 23 11 
20 11 20 12 21 12 21 11 
20 14 22 14 22 13 20 13 
20 15 20 14 19 14 19 15 
20 22 25 27 28 24 23 19 
20 24 21 25 23 23 22 22 
20 25 20 24 19 24 19 25 
21 10 20 11 21 12 22 11 
21 15 20 15 20 18 21 18 
21 19 22 19 22 18 21 18 
21 21 21 20 20 20 20 21 
21 23 21 24 23 24 23 23 
21 26 22 26 22 25 21 25 
21 30 21 27 16 27 16 30 
22 20 23 20 23 19 22 19 
22 21 25 24 26 23 23 20 
23 14 23 15 24 15 24 14 
23 25 25 25 25 24 23 24 
24 27 24 28 25 28 25 27 
25 15 25 18 27 18 27 15 
25 22 27 22 27 20 25 20 
26 13 29 13 29 11 26 11 
26 28 30 28 30 23 26 23 
28 12 26 14 27 15 29 13 
28 30 30 28 28 26 26 28 
29 20 27 18 25 20 27 22 
29 22 24 27 25 28 30 23 
29 24 28 24 28 26 29 26 
30 18 27 15 26 16 29 19 
30 20 29 20 29 22 30 22 
31 12 30 11 24 17 25 18 
31 17 31 12 28 12 28 17 
35 25 30 20 25 25 30 30 
3 22 8 27 14 21 9 16 
9 14 10 15 11 14 10 13 
17 29 18 29 18 28 17 28 
18 16 19 16 19 15 18 15 
19 19 20 20 21 19 20 18 
19 21 18 22 19 23 20 22 
21 22 22 21 21 20 20 21 
24 16 25 15 24 14 23 15 
25 12 26 13 27 12 26 11 
25 29 26 28 25 27 24 28 
26 17 26 16 24 16 24 17 
26 29 26 28 25 28 25 29 
27 26 27 30 28 30 28 26 
30 27 29 26 26 29 27 30 
