88
9 22 11 24 12 23 10 21 
9 27 11 29 12 28 10 26 
10 18 10 21 11 21 11 18 
10 19 20 29 21 28 11 18 
11 15 16 20 19 17 14 12 
11 16 12 17 13 16 12 15 
11 22 11 24 14 24 14 22 
11 23 17 29 20 26 14 20 
11 28 11 29 12 29 12 28 
12 10 12 11 14 11 14 10 
12 13 11 13 11 15 12 15 
13 12 13 16 14 16 14 12 
13 23 14 22 12 20 11 21 
13 24 10 27 11 28 14 25 
13 28 13 29 15 29 15 28 
13 30 13 29 12 29 12 30 
13 31 14 30 13 29 12 30 
14 15 15 14 13 12 12 13 
14 17 12 17 12 20 14 20 
14 28 15 29 17 27 16 26 
14 29 13 28 12 29 13 30 
14 31 14 30 13 30 13 31 
15 17 18 14 17 13 14 16 
15 18 17 20 18 19 16 17 
15 26 16 26 16 20 15 20 
15 27 15 26 10 26 10 27 
16 9 14 11 16 13 18 11 
16 11 16 13 17 13 17 11 
16 14 15 14 15 17 16 17 
16 18 19 18 19 17 16 17 
16 27 15 28 16 29 17 28 
16 28 17 28 17 27 16 27 
17 19 18 19 18 14 17 14 
17 21 17 22 19 22 19 21 
18 21 17 22 18 23 19 22 
18 26 18 29 20 29 20 26 
19 13 20 13 20 10 19 10 
19 23 20 23 20 22 19 22 
19 24 19 30 23 30 23 24 
20 7 16 11 20 15 24 11 
20 17 21 17 21 15 20 15 
20 19 23 19 23 18 20 18 
20 24 21 23 20 22 19 23 
21 18 20 17 19 18 20 19 
21 21 23 21 23 20 21 20 
21 22 23 24 25 22 23 20 
21 25 21 26 27 26 27 25 
22 14 21 15 25 19 26 18 
22 20 23 19 21 17 20 18 
22 22 23 21 22 20 21 21 
22 23 22 22 21 22 21 23 
22 25 20 23 19 24 21 26 
22 27 21 27 21 28 22 28 
23 16 24 17 26 15 25 14 
23 23 25 23 25 22 23 22 
24 10 24 11 29 11 29 10 
24 12 23 13 26 16 27 15 
24 14 25 14 25 12 24 12 
24 20 27 20 27 17 24 17 
24 22 25 23 26 22 25 21 
24 26 25 27 27 25 26 24 
24 31 27 28 26 27 23 30 
25 20 23 18 21 20 23 22 
25 24 25 27 26 27 26 24 
26 14 26 15 27 15 27 14 
26 21 27 22 28 21 27 20 
26 23 25 24 27 26 28 25 
26 30 29 27 28 26 25 29 
27 21 28 21 28 20 27 20 
27 23 27 22 26 22 26 23 
27 27 28 27 28 26 27 26 
28 22 29 21 28 20 27 21 
28 29 29 29 29 27 28 27 
29 25 29 22 28 22 28 25 
30 24 28 22 27 23 29 25 
32 18 29 15 27 17 30 20 
10 15 10 16 11 16 11 15 
18 12 19 13 21 11 20 10 
21 12 21 11 18 11 18 12 
23 15 23 16 26 16 26 15 
23 25 21 27 22 28 24 26 
26 28 27 28 27 27 26 27 
32 16 26 16 26 18 32 18 
33 15 29 11 28 12 32 16 
33 17 33 15 29 15 29 17 
9 14 10 15 12 13 11 12 
20 9 19 10 21 12 22 11 
16 7 16 9 20 9 20 7 
