77
7 22 11 26 15 22 11 18 
7 24 10 24 10 22 7 22 
8 24 11 27 13 25 10 22 
11 16 14 16 14 15 11 15 
11 25 11 26 13 26 13 25 
12 10 11 11 18 18 19 17 
12 11 11 11 11 14 12 14 
12 28 17 28 17 27 12 27 
13 10 13 12 15 12 15 10 
13 16 22 25 23 24 14 15 
13 17 14 16 12 14 11 15 
13 18 13 17 11 17 11 18 
14 11 13 10 12 11 13 12 
14 25 17 25 17 19 14 19 
14 27 15 26 14 25 13 26 
14 30 17 27 16 26 13 29 
15 24 15 26 16 26 16 24 
15 29 15 26 13 26 13 29 
16 11 15 12 20 17 21 16 
16 15 17 16 21 12 20 11 
16 18 10 24 11 25 17 19 
17 15 17 16 21 16 21 15 
17 26 21 26 21 25 17 25 
18 11 16 11 16 12 18 12 
18 13 21 13 21 12 18 12 
18 26 19 27 21 25 20 24 
19 11 19 17 20 17 20 11 
19 18 19 19 21 19 21 18 
19 30 20 30 20 29 19 29 
19 31 20 30 19 29 18 30 
20 12 21 13 22 12 21 11 
20 19 21 18 20 17 19 18 
21 10 21 11 24 11 24 10 
21 23 24 23 24 19 21 19 
21 30 25 26 24 25 20 29 
22 14 25 17 27 15 24 12 
22 17 25 17 25 14 22 14 
22 20 21 19 16 24 17 25 
22 21 20 19 15 24 17 26 
22 24 22 25 23 25 23 24 
23 20 25 22 26 21 24 19 
23 21 23 20 22 20 22 21 
23 26 23 27 25 27 25 26 
24 7 21 10 25 14 28 11 
24 22 23 21 21 23 22 24 
24 24 24 25 26 25 26 24 
25 12 25 11 24 11 24 12 
25 19 26 20 27 19 26 18 
25 21 25 22 26 22 26 21 
25 25 27 27 28 26 26 24 
26 17 26 18 27 18 27 17 
26 23 28 23 28 22 26 22 
26 28 27 29 28 28 27 27 
27 12 27 15 28 15 28 12 
27 23 28 22 27 21 26 22 
27 25 26 25 26 27 27 27 
28 18 28 21 29 21 29 18 
28 27 30 27 30 26 28 26 
29 16 28 15 26 17 27 18 
30 25 28 23 26 25 28 27 
32 25 28 21 26 23 30 27 
5 22 7 24 13 18 11 16 
15 15 16 15 16 12 15 12 
16 21 19 18 17 16 14 19 
18 21 18 18 16 18 16 21 
18 27 17 28 19 30 20 29 
18 31 19 31 19 30 18 30 
19 13 20 12 19 11 18 12 
20 14 21 15 22 14 21 13 
24 26 25 25 24 24 23 25 
24 28 25 27 24 26 23 27 
25 24 26 23 25 22 24 23 
25 28 26 28 26 27 25 27 
27 28 28 28 28 27 27 27 
29 30 30 29 28 27 27 28 
32 22 30 22 30 25 32 25 
26 29 27 29 27 28 26 28 
