78
7 15 12 20 17 15 12 10 
7 21 10 21 10 15 7 15 
9 16 11 18 12 17 10 15 
9 20 10 21 12 19 11 18 
9 22 12 22 12 20 9 20 
9 26 10 27 15 22 14 21 
9 27 10 27 10 26 9 26 
10 22 11 23 12 22 11 21 
10 28 11 27 10 26 9 27 
11 10 11 12 12 12 12 10 
11 13 13 15 14 14 12 12 
11 24 16 24 16 23 11 23 
11 28 11 27 10 27 10 28 
11 29 12 30 17 25 16 24 
12 13 16 17 17 16 13 12 
12 26 18 20 13 15 7 21 
12 27 13 28 15 26 14 25 
12 29 11 29 11 30 12 30 
13 13 13 12 12 12 12 13 
13 16 17 16 17 15 13 15 
13 19 13 17 12 17 12 19 
14 18 11 18 11 21 14 21 
14 22 15 22 15 21 14 21 
14 27 16 27 16 25 14 25 
15 12 12 15 13 16 16 13 
16 12 16 10 15 10 15 12 
16 19 24 27 27 24 19 16 
16 20 15 21 23 29 24 28 
17 11 17 13 20 13 20 11 
17 14 18 15 20 13 19 12 
17 18 19 18 19 16 17 16 
17 22 18 23 21 20 20 19 
17 29 19 29 19 27 17 27 
18 12 17 11 16 12 17 13 
18 16 21 19 23 17 20 14 
18 19 16 19 16 20 18 20 
18 21 21 21 21 20 18 20 
18 27 27 18 26 17 17 26 
19 15 19 12 18 12 18 15 
19 24 23 24 23 18 19 18 
20 12 22 14 23 13 21 11 
20 15 22 17 24 15 22 13 
20 20 21 21 22 20 21 19 
20 25 20 22 17 22 17 25 
20 29 21 30 23 28 22 27 
20 30 20 29 19 29 19 30 
20 32 22 30 19 27 17 29 
21 12 27 12 27 11 21 11 
21 15 20 15 20 19 21 19 
21 25 25 25 25 21 21 21 
21 27 21 30 22 30 22 27 
21 32 21 30 20 30 20 32 
22 10 22 13 23 13 23 10 
22 11 21 10 20 11 21 12 
23 14 22 14 22 17 23 17 
23 23 25 25 26 24 24 22 
23 27 23 28 24 28 24 27 
24 11 26 13 27 12 25 10 
24 18 26 18 26 17 24 17 
25 19 26 20 27 19 26 18 
25 26 25 27 27 27 27 26 
25 30 25 29 23 29 23 30 
26 15 27 15 27 13 26 13 
26 19 27 19 27 18 26 18 
26 26 25 25 24 26 25 27 
27 20 26 21 28 23 29 22 
27 21 27 20 26 20 26 21 
28 12 29 11 28 10 27 11 
28 22 28 23 29 23 29 22 
30 24 30 23 29 23 29 24 
10 29 11 30 12 29 11 28 
11 15 12 15 12 13 11 13 
16 14 17 14 17 13 16 13 
17 28 19 30 20 29 18 27 
22 24 23 23 21 21 20 22 
26 22 27 21 26 20 25 21 
27 22 26 22 26 24 27 24 
14 17 16 17 16 14 14 14 
