72
6 23 11 28 15 24 10 19 
6 24 10 24 10 23 6 23 
9 17 10 18 12 16 11 15 
10 16 11 16 11 15 10 15 
10 27 11 27 11 24 10 24 
11 14 10 15 11 16 12 15 
11 23 13 25 19 19 17 17 
12 18 13 18 13 16 12 16 
12 19 12 18 10 18 10 19 
12 23 11 22 10 23 11 24 
12 26 11 27 12 28 13 27 
12 27 12 28 13 28 13 27 
14 12 14 11 10 11 10 12 
14 15 13 16 21 24 22 23 
14 19 13 18 12 19 13 20 
14 22 14 26 18 26 18 22 
15 17 15 24 17 24 17 17 
15 25 15 24 13 24 13 25 
15 29 16 30 19 27 18 26 
16 10 14 12 17 15 19 13 
16 12 14 12 14 15 16 15 
16 13 15 14 16 15 17 14 
16 18 13 18 13 20 16 20 
16 24 18 22 16 20 14 22 
16 25 21 30 22 29 17 24 
16 29 16 25 15 25 15 29 
17 13 17 14 19 14 19 13 
17 25 21 25 21 24 17 24 
17 30 22 25 21 24 16 29 
18 9 16 11 19 14 21 12 
18 10 16 10 16 11 18 11 
18 28 24 28 24 26 18 26 
19 11 18 10 16 12 17 13 
19 29 22 29 22 27 19 27 
20 10 20 12 21 12 21 10 
21 13 18 16 20 18 23 15 
21 18 23 18 23 15 21 15 
21 21 22 22 23 21 22 20 
22 21 23 21 23 20 22 20 
22 24 25 24 25 23 22 23 
23 25 24 26 26 24 25 23 
24 15 21 18 23 20 26 17 
24 21 23 20 22 21 23 22 
24 22 24 21 23 21 23 22 
25 19 25 14 19 14 19 19 
25 26 27 28 29 26 27 24 
25 27 25 28 27 28 27 27 
26 7 22 11 25 14 29 10 
26 13 26 12 21 12 21 13 
26 16 30 16 30 13 26 13 
26 21 26 24 27 24 27 21 
26 26 26 24 25 24 25 26 
26 28 27 27 26 26 25 27 
27 19 28 19 28 14 27 14 
28 18 30 16 28 14 26 16 
28 27 29 27 29 26 28 26 
29 25 28 26 29 27 30 26 
31 21 28 18 27 19 30 22 
12 22 11 22 11 23 12 23 
13 9 10 12 13 15 16 12 
16 26 17 25 16 24 15 25 
17 29 16 29 16 30 17 30 
18 17 26 17 26 16 18 16 
20 21 21 21 21 18 20 18 
21 22 22 22 22 21 21 21 
22 26 23 25 22 24 21 25 
23 27 24 28 25 27 24 26 
26 20 27 19 26 18 25 19 
31 19 28 19 28 21 31 21 
12 9 12 15 13 15 13 9 
12 13 14 11 12 9 10 11 
20 30 23 27 22 26 19 29 
