81
9 14 11 16 12 15 10 13 
9 24 11 26 14 23 12 21 
9 27 10 27 10 24 9 24 
10 11 10 12 11 12 11 11 
10 15 12 15 12 13 10 13 
10 28 12 26 11 25 9 27 
10 30 11 30 11 28 10 28 
11 15 12 16 17 11 16 10 
11 19 12 20 15 17 14 16 
11 20 11 21 12 21 12 20 
11 23 11 25 13 25 13 23 
11 27 12 27 12 26 11 26 
12 9 11 10 14 13 15 12 
12 12 15 12 15 10 12 10 
12 17 14 17 14 16 12 16 
12 22 13 21 12 20 11 21 
12 24 13 23 12 22 11 23 
13 11 12 10 11 11 12 12 
13 16 14 17 15 16 14 15 
13 18 19 24 20 23 14 17 
13 19 13 18 11 18 11 19 
13 22 13 21 12 21 12 22 
13 26 12 27 14 29 15 28 
14 9 11 12 12 13 15 10 
14 14 14 15 22 15 22 14 
14 19 15 19 15 17 14 17 
14 25 18 25 18 24 14 24 
14 26 14 25 13 25 13 26 
14 27 14 28 15 28 15 27 
15 23 15 21 14 21 14 23 
15 25 14 24 13 25 14 26 
15 29 17 29 17 28 15 28 
15 30 15 29 14 29 14 30 
16 12 20 12 20 10 16 10 
16 13 16 17 18 17 18 13 
16 16 18 18 22 14 20 12 
16 27 17 28 18 27 17 26 
16 28 15 27 14 28 15 29 
16 31 18 29 17 28 15 30 
17 19 25 27 26 26 18 18 
18 23 20 23 20 18 18 18 
18 30 20 28 19 27 17 29 
19 25 18 25 18 27 19 27 
19 26 21 28 24 25 22 23 
20 13 22 15 24 13 22 11 
20 27 25 27 25 24 20 24 
20 29 21 29 21 28 20 28 
20 30 20 29 18 29 18 30 
21 30 22 29 21 28 20 29 
21 31 22 30 21 29 20 30 
22 8 20 10 23 13 25 11 
22 12 20 12 20 13 22 13 
22 21 25 24 30 19 27 16 
22 31 22 30 21 30 21 31 
23 8 22 8 22 10 23 10 
23 17 17 23 18 24 24 18 
23 25 23 28 24 28 24 25 
23 29 24 28 20 24 19 25 
23 30 25 30 25 29 23 29 
24 8 22 10 26 14 28 12 
24 10 23 10 23 13 24 13 
24 19 30 19 30 18 24 18 
25 10 25 11 28 11 28 10 
26 13 26 14 29 14 29 13 
26 25 23 28 25 30 28 27 
26 30 27 30 27 27 26 27 
27 19 23 15 20 18 24 22 
27 22 26 22 26 25 27 25 
27 29 28 30 29 29 28 28 
28 29 29 29 29 28 28 28 
29 12 29 11 28 11 28 12 
31 13 30 12 29 13 30 14 
12 19 13 18 12 17 11 18 
17 22 24 22 24 19 17 19 
18 15 20 13 18 11 16 13 
20 11 22 13 25 10 23 8 
21 18 18 15 16 17 19 20 
22 17 23 17 23 15 22 15 
25 8 23 10 26 13 28 11 
25 28 27 30 28 29 26 27 
26 28 25 29 26 30 27 29 
