92
6 22 12 28 16 24 10 18 
7 24 10 27 13 24 10 21 
7 25 11 25 11 24 7 24 
8 26 10 28 14 24 12 22 
9 29 10 30 11 29 10 28 
10 12 13 15 14 14 11 11 
10 14 11 14 11 12 10 12 
10 19 13 22 16 19 13 16 
10 25 14 29 15 28 11 24 
10 29 11 29 11 28 10 28 
11 15 13 15 13 14 11 14 
11 26 17 26 17 25 11 25 
12 17 12 22 13 22 13 17 
12 27 12 28 15 28 15 27 
13 23 17 23 17 22 13 22 
13 29 14 29 14 24 13 24 
14 11 14 12 17 12 17 11 
14 13 14 14 15 14 15 13 
14 15 13 15 13 16 14 16 
14 19 10 19 10 20 14 20 
14 23 15 24 17 22 16 21 
15 15 14 16 18 20 19 19 
15 19 14 20 17 23 18 22 
15 21 16 21 16 19 15 19 
16 9 14 11 17 14 19 12 
16 10 14 12 15 13 17 11 
16 11 14 13 15 14 17 12 
16 14 15 14 15 15 16 15 
16 29 17 30 19 28 18 27 
17 16 18 15 17 14 16 15 
17 19 19 19 19 16 17 16 
17 20 19 22 22 19 20 17 
18 17 18 20 20 20 20 17 
18 26 19 26 19 22 18 22 
19 14 20 15 21 14 20 13 
19 17 20 16 17 13 16 14 
19 21 22 21 22 19 19 19 
19 23 17 25 18 26 20 24 
19 27 22 30 28 24 25 21 
20 9 16 9 16 10 20 10 
20 12 19 12 19 13 20 13 
20 29 20 24 16 24 16 29 
21 11 21 10 20 10 20 11 
21 13 23 13 23 12 21 12 
21 15 20 15 20 16 21 16 
21 22 24 25 25 24 22 21 
21 27 19 27 19 28 21 28 
21 30 22 30 22 28 21 28 
22 11 21 10 20 11 21 12 
22 12 21 11 20 12 21 13 
22 22 25 22 25 21 22 21 
22 26 25 29 26 28 23 25 
22 29 21 28 20 29 21 30 
23 16 23 20 27 20 27 16 
23 17 25 15 23 13 21 15 
23 19 28 14 26 12 21 17 
23 24 23 25 24 25 24 24 
23 28 24 29 25 28 24 27 
24 12 24 13 26 13 26 12 
24 21 25 22 27 20 26 19 
24 28 24 29 25 29 25 28 
25 9 23 11 24 12 26 10 
25 14 27 16 28 15 26 13 
25 19 23 17 20 20 22 22 
25 25 26 25 26 24 25 24 
25 27 25 25 24 25 24 27 
26 9 23 12 24 13 27 10 
26 11 27 11 27 10 26 10 
26 15 25 15 25 19 26 19 
26 17 29 20 30 19 27 16 
27 24 26 25 27 26 28 25 
27 25 28 25 28 24 27 24 
28 20 28 21 29 21 29 20 
29 18 29 19 30 19 30 18 
29 26 29 25 28 25 28 26 
30 20 29 19 28 20 29 21 
30 21 29 20 28 21 29 22 
30 22 30 21 29 21 29 22 
9 28 10 29 11 28 10 27 
9 30 10 30 10 29 9 29 
12 11 11 12 13 14 14 13 
17 27 18 27 18 26 17 26 
19 29 20 30 22 28 21 27 
20 14 21 14 21 13 20 13 
21 26 22 26 22 22 21 22 
22 15 23 16 25 14 24 13 
25 23 24 24 25 25 26 24 
26 26 27 26 27 25 26 25 
29 23 29 22 25 22 25 23 
16 30 18 28 17 27 15 29 
28 22 29 23 30 22 29 21 
15 30 16 30 16 29 15 29 
