52
11 14 14 14 14 10 11 10 
11 16 12 15 11 14 10 15 
11 19 15 15 14 14 10 18 
11 25 14 28 16 26 13 23 
12 13 10 13 10 15 12 15 
12 16 15 16 15 15 12 15 
12 19 12 16 11 16 11 19 
12 22 13 21 11 19 10 20 
12 26 16 26 16 22 12 22 
13 12 13 21 16 21 16 12 
13 22 15 24 20 19 18 17 
13 26 16 29 18 27 15 24 
14 15 15 16 18 13 17 12 
14 18 18 18 18 17 14 17 
14 20 14 18 10 18 10 20 
15 19 15 24 20 24 20 19 
15 25 15 24 11 24 11 25 
17 11 17 12 23 12 23 11 
17 21 15 19 14 20 16 22 
18 23 18 27 23 27 23 23 
18 29 18 27 16 27 16 29 
19 13 17 11 16 12 18 14 
19 14 19 13 18 13 18 14 
20 20 23 23 24 22 21 19 
20 23 21 22 15 16 14 17 
21 8 19 10 23 14 25 12 
21 16 22 16 22 10 21 10 
21 25 15 25 15 30 21 30 
21 28 23 30 26 27 24 25 
22 15 20 13 19 14 21 16 
22 20 22 19 21 19 21 20 
22 21 23 20 22 19 21 20 
22 22 22 25 24 25 24 22 
23 15 22 16 26 20 27 19 
23 16 25 18 27 16 25 14 
23 19 27 19 27 16 23 16 
23 21 23 20 22 20 22 21 
23 32 25 30 23 28 21 30 
24 26 23 27 24 28 25 27 
24 27 23 27 23 28 24 28 
25 15 30 15 30 14 25 14 
25 21 25 23 28 23 28 21 
25 22 22 25 24 27 27 24 
25 32 25 30 23 30 23 32 
26 10 26 13 30 13 30 10 
26 14 28 16 30 14 28 12 
28 25 24 25 24 26 28 26 
29 24 29 19 27 19 27 24 
32 22 29 19 25 23 28 26 
11 26 13 28 18 23 16 21 
13 8 11 10 13 12 15 10 
22 12 25 15 26 14 23 11 
