56
9 16 12 19 14 17 11 14 
9 22 11 24 14 21 12 19 
10 11 10 14 11 14 11 11 
10 12 13 15 14 14 11 11 
11 17 11 24 13 24 13 17 
12 15 13 15 13 11 12 11 
12 16 12 15 11 15 11 16 
12 18 16 22 17 21 13 17 
12 21 14 21 14 19 12 19 
14 10 14 11 27 11 27 10 
14 12 13 11 10 14 11 15 
14 13 14 14 17 14 17 13 
14 28 16 28 16 24 14 24 
15 9 14 10 17 13 18 12 
15 15 18 15 18 12 15 12 
15 21 14 21 14 23 15 23 
15 25 16 24 15 23 14 24 
15 29 16 28 15 27 14 28 
16 15 17 14 15 12 14 13 
16 16 12 16 12 18 16 18 
16 17 19 20 21 18 18 15 
16 21 14 19 12 21 14 23 
16 30 23 30 23 28 16 28 
17 17 16 16 15 17 16 18 
17 22 17 21 16 21 16 22 
17 23 17 27 27 27 27 23 
17 29 17 27 15 27 15 29 
18 18 21 21 23 19 20 16 
18 22 19 22 19 20 18 20 
18 33 23 28 17 22 12 27 
19 18 19 15 18 15 18 18 
19 25 20 24 18 22 17 23 
21 15 21 18 23 18 23 15 
22 16 23 15 22 14 21 15 
22 25 26 21 23 18 19 22 
24 13 27 16 30 13 27 10 
24 16 24 18 27 18 27 16 
24 19 24 18 23 18 23 19 
26 25 26 21 22 21 22 25 
27 13 27 14 30 14 30 13 
28 11 29 11 29 10 28 10 
28 12 29 11 28 10 27 11 
28 17 27 18 28 19 29 18 
28 18 29 18 29 17 28 17 
28 20 28 19 24 19 24 20 
29 15 30 14 28 12 27 13 
30 18 29 17 28 18 29 19 
30 19 30 18 29 18 29 19 
31 21 29 19 28 20 30 22 
32 18 29 15 24 20 27 23 
10 16 11 17 12 16 11 15 
10 22 10 16 9 16 9 22 
14 15 14 17 15 17 15 15 
20 14 20 16 22 16 22 14 
26 14 27 13 26 12 25 13 
27 12 28 12 28 11 27 11 
