33
4 16 10 22 16 16 10 10 
9 25 12 28 13 27 10 24 
9 28 12 28 12 25 9 25 
10 13 22 13 22 10 10 10 
10 15 10 17 22 17 22 15 
10 21 16 27 23 20 17 14 
10 28 12 30 15 27 13 25 
11 14 13 12 12 11 10 13 
12 12 13 12 13 11 12 11 
12 21 14 23 19 18 17 16 
12 22 12 21 10 21 10 22 
13 16 13 25 16 25 16 16 
13 32 18 27 16 25 11 30 
14 20 14 21 20 21 20 20 
15 12 15 14 16 14 16 12 
15 32 15 27 13 27 13 32 
18 25 16 25 16 27 18 27 
20 12 25 17 27 15 22 10 
20 15 22 17 24 15 22 13 
23 18 23 20 24 20 24 18 
23 26 23 27 26 27 26 26 
24 17 25 17 25 15 24 15 
24 19 25 18 24 17 23 18 
24 21 24 24 29 24 29 21 
24 29 26 27 20 21 18 23 
25 25 26 26 30 22 29 21 
26 15 28 17 30 15 28 13 
27 22 30 22 30 15 27 15 
28 18 28 17 25 17 25 18 
30 18 29 17 28 18 29 19 
6 23 15 32 22 25 13 16 
22 26 23 27 25 25 24 24 
23 23 28 18 25 15 20 20 
