84
9 23 12 26 14 24 11 21 
10 26 10 28 12 28 12 26 
11 25 14 25 14 24 11 24 
12 12 12 11 11 11 11 12 
12 19 12 20 14 20 14 19 
12 25 17 20 16 19 11 24 
13 11 13 16 14 16 14 11 
13 12 14 11 13 10 12 11 
13 18 14 19 15 18 14 17 
14 14 12 12 10 14 12 16 
14 15 11 12 10 13 13 16 
14 22 19 17 17 15 12 20 
14 26 17 29 19 27 16 24 
14 29 15 30 18 27 17 26 
14 30 14 29 13 29 13 30 
15 19 15 24 16 24 16 19 
15 28 15 30 24 30 24 28 
16 16 14 16 14 17 16 17 
16 25 14 25 14 26 16 26 
16 29 17 29 17 26 16 26 
17 22 20 22 20 20 17 20 
17 27 16 26 13 29 14 30 
18 18 19 18 19 17 18 17 
18 23 17 22 15 24 16 25 
18 24 23 24 23 23 18 23 
18 26 21 26 21 25 18 25 
18 29 19 29 19 27 18 27 
19 15 20 16 25 11 24 10 
19 21 20 22 21 21 20 20 
19 23 15 19 14 20 18 24 
19 24 21 26 23 24 21 22 
20 11 20 13 22 13 22 11 
20 17 19 18 24 23 25 22 
20 19 20 18 19 18 19 19 
21 10 20 11 21 12 22 11 
21 14 22 13 21 12 20 13 
21 17 20 18 24 22 25 21 
21 20 21 21 25 21 25 20 
22 14 26 14 26 13 22 13 
22 24 21 25 23 27 24 26 
22 30 24 28 23 27 21 29 
23 10 23 15 24 15 24 10 
23 14 24 15 26 13 25 12 
24 14 23 15 26 18 27 17 
24 16 24 17 27 17 27 16 
24 25 24 26 27 26 27 25 
25 15 27 15 27 12 25 12 
25 19 27 21 28 20 26 18 
25 23 25 22 24 22 24 23 
25 28 26 29 28 27 27 26 
25 29 26 29 26 28 25 28 
26 15 24 17 25 18 27 16 
26 19 26 18 25 18 25 19 
26 20 26 24 28 24 28 20 
26 27 26 24 25 24 25 27 
26 30 27 29 26 28 25 29 
27 11 28 12 29 11 28 10 
27 18 26 19 29 22 30 21 
27 22 29 22 29 21 27 21 
27 23 26 24 27 25 28 24 
27 27 28 27 28 26 27 26 
27 30 27 29 26 29 26 30 
28 11 28 10 27 10 27 11 
28 14 28 17 29 17 29 14 
28 18 28 17 27 17 27 18 
28 25 29 25 29 24 28 24 
29 12 29 11 28 11 28 12 
29 26 30 25 29 24 28 25 
30 16 28 14 27 15 29 17 
30 26 30 25 29 25 29 26 
31 19 29 17 28 18 30 20 
9 16 12 19 13 18 10 15 
12 18 13 18 13 16 12 16 
15 12 21 12 21 10 15 10 
19 11 17 11 17 15 19 15 
21 15 22 15 22 14 21 14 
21 16 20 16 20 17 21 17 
23 18 24 17 22 15 21 16 
24 19 25 20 26 19 25 18 
24 24 25 23 24 22 23 23 
26 11 27 12 28 11 27 10 
26 26 27 27 28 26 27 25 
21 19 24 19 24 17 21 17 
22 18 23 18 23 15 22 15 
