30
11 16 15 16 15 13 11 13 
12 10 10 12 11 13 13 11 
12 17 14 17 14 10 12 10 
12 21 15 18 14 17 11 20 
13 12 10 12 10 27 13 27 
14 18 15 18 15 17 14 17 
15 24 19 24 19 19 15 19 
15 25 16 26 24 18 23 17 
16 18 15 17 14 18 15 19 
16 21 12 21 12 26 16 26 
17 12 12 17 16 21 21 16 
20 20 20 23 26 23 26 20 
20 29 29 29 29 27 20 27 
21 18 15 24 20 29 26 23 
23 22 27 22 27 17 23 17 
24 16 21 16 21 18 24 18 
25 14 25 10 21 10 21 14 
25 16 26 16 26 14 25 14 
26 15 25 14 24 15 25 16 
26 26 27 26 27 25 26 25 
28 21 27 22 28 23 29 22 
28 28 29 29 30 28 29 27 
29 24 28 23 26 25 27 26 
30 23 28 23 28 28 30 28 
7 26 10 29 15 24 12 21 
7 30 12 30 12 26 7 26 
13 30 19 24 16 21 10 27 
14 24 12 26 13 27 15 25 
14 25 15 25 15 24 14 24 
27 24 29 24 29 22 27 22 
