40
7 21 10 24 18 16 15 13 
9 25 11 27 12 26 10 24 
11 14 17 20 19 18 13 12 
11 20 17 20 17 14 11 14 
11 24 11 22 10 22 10 24 
11 28 23 28 23 27 11 27 
12 12 12 17 13 17 13 12 
12 22 12 26 13 26 13 22 
13 18 19 18 19 17 13 17 
14 10 12 12 15 15 17 13 
14 16 13 17 20 24 21 23 
14 21 12 19 11 20 13 22 
15 20 19 16 17 14 13 18 
15 24 13 22 11 24 13 26 
16 16 16 10 14 10 14 16 
16 29 20 29 20 24 16 24 
17 23 21 23 21 20 17 20 
17 25 16 24 11 29 12 30 
17 30 26 21 25 20 16 29 
18 13 22 13 22 12 18 12 
18 23 23 28 26 25 21 20 
19 14 19 16 21 16 21 14 
22 8 18 12 24 18 28 14 
22 9 18 13 19 14 23 10 
23 14 25 14 25 10 23 10 
23 25 25 25 25 20 23 20 
24 15 23 14 21 16 22 17 
24 26 23 25 22 26 23 27 
25 18 25 15 24 15 24 18 
25 27 26 27 26 25 25 25 
26 16 26 21 27 21 27 16 
27 25 25 27 27 29 29 27 
29 24 28 24 28 27 29 27 
30 21 27 21 27 25 30 25 
31 12 29 10 25 14 27 16 
7 16 7 21 14 21 14 16 
9 23 9 25 17 25 17 23 
14 31 16 29 13 26 11 28 
16 31 16 29 14 29 14 31 
27 26 28 27 30 25 29 24 
