46
3 19 11 27 18 20 10 12 
9 22 14 27 15 26 10 21 
10 15 11 15 11 12 10 12 
10 19 10 20 16 20 16 19 
11 18 10 19 17 26 18 25 
11 21 11 26 15 26 15 21 
11 30 14 30 14 27 11 27 
12 12 13 11 12 10 11 11 
12 16 11 17 15 21 16 20 
12 17 12 16 11 16 11 17 
13 15 15 15 15 11 13 11 
14 26 17 29 20 26 17 23 
14 31 16 29 14 27 12 29 
15 12 11 16 12 17 16 13 
15 18 16 19 20 15 19 14 
16 10 15 11 19 15 20 14 
16 11 23 11 23 10 16 10 
16 16 15 15 10 20 11 21 
16 25 18 25 18 20 16 20 
16 26 16 29 17 29 17 26 
17 22 17 23 19 23 19 22 
17 31 17 30 14 30 14 31 
19 13 16 13 16 14 19 14 
19 16 20 16 20 15 19 15 
19 17 26 24 27 23 20 16 
20 30 23 27 19 23 16 26 
21 23 21 28 24 28 24 23 
22 18 22 17 19 17 19 18 
23 22 24 23 25 22 24 21 
24 10 23 11 27 15 28 14 
24 11 24 14 28 14 28 11 
24 20 24 16 20 16 20 20 
25 15 24 16 27 19 28 18 
25 19 27 19 27 15 25 15 
25 27 27 29 29 27 27 25 
26 22 26 23 27 23 27 22 
27 20 29 22 30 21 28 19 
27 21 30 21 30 20 27 20 
27 26 20 26 20 29 27 29 
28 27 29 27 29 22 28 22 
29 18 28 18 28 19 29 19 
33 16 28 11 22 17 27 22 
15 16 16 16 16 15 15 15 
18 19 19 18 16 15 15 16 
20 33 27 26 24 23 17 30 
23 19 23 22 25 22 25 19 
