70
5 25 10 30 15 25 10 20 
9 24 14 29 16 27 11 22 
10 15 12 17 14 15 12 13 
11 10 11 11 13 11 13 10 
11 16 10 16 10 18 11 18 
11 17 15 13 14 12 10 16 
11 19 12 18 11 17 10 18 
12 12 11 12 11 13 12 13 
12 21 13 21 13 19 12 19 
12 23 12 25 15 25 15 23 
13 15 14 15 14 12 13 12 
13 18 12 17 11 18 12 19 
13 20 15 22 18 19 16 17 
14 16 15 17 16 16 15 15 
14 20 14 22 15 22 15 20 
14 24 14 22 11 22 11 24 
15 12 15 13 16 13 16 12 
15 14 21 20 22 19 16 13 
15 16 15 17 16 17 16 16 
15 21 14 20 13 21 14 22 
16 14 22 14 22 13 16 13 
16 15 16 14 15 14 15 15 
16 19 15 20 19 24 20 23 
16 23 16 27 17 27 17 23 
17 13 18 12 17 11 16 12 
17 17 20 20 25 15 22 12 
17 18 17 17 16 17 16 18 
17 29 18 30 19 29 18 28 
18 16 18 19 22 19 22 16 
18 25 22 29 23 28 19 24 
18 27 17 27 17 28 18 28 
19 18 19 20 20 20 20 18 
19 26 26 26 26 24 19 24 
20 16 23 19 25 17 22 14 
20 24 17 21 15 23 18 26 
20 30 20 28 18 28 18 30 
21 22 21 20 20 20 20 22 
21 29 26 24 25 23 20 28 
22 20 23 20 23 19 22 19 
22 21 22 23 25 23 25 21 
22 24 24 22 22 20 20 22 
23 10 23 14 27 14 27 10 
23 12 22 13 23 14 24 13 
23 22 22 21 21 22 22 23 
23 25 23 28 27 28 27 25 
23 29 26 26 20 20 17 23 
24 16 25 16 25 15 24 15 
24 17 25 18 26 17 25 16 
24 18 25 18 25 17 24 17 
24 19 28 23 29 22 25 18 
24 20 23 20 23 22 24 22 
24 27 29 27 29 22 24 22 
26 9 24 11 25 12 27 10 
26 16 26 17 29 17 29 16 
26 22 30 18 29 17 25 21 
28 17 29 16 27 14 26 15 
28 24 27 25 29 27 30 26 
28 26 30 26 30 24 28 24 
10 12 11 13 12 12 11 11 
11 20 12 21 13 20 12 19 
13 17 12 17 12 18 13 18 
13 26 16 23 15 22 12 25 
14 9 13 10 15 12 16 11 
14 28 14 29 17 29 17 28 
15 26 18 26 18 25 15 25 
16 30 17 29 15 27 14 28 
21 25 21 29 22 29 22 25 
10 19 10 20 11 20 11 19 
13 27 15 27 15 26 13 26 
15 30 16 30 16 27 15 27 
