66
3 19 12 28 21 19 12 10 
3 20 12 20 12 19 3 19 
7 14 11 18 15 14 11 10 
9 20 10 21 12 19 11 18 
10 20 17 27 19 25 12 18 
10 29 11 30 13 28 12 27 
11 29 11 30 13 30 13 29 
12 13 12 10 11 10 11 13 
12 16 11 15 10 16 11 17 
12 17 11 17 11 18 12 18 
12 26 12 27 15 27 15 26 
12 30 13 29 12 28 11 29 
13 20 18 25 19 24 14 19 
13 21 15 23 19 19 17 17 
13 25 13 22 11 22 11 25 
14 13 12 13 12 16 14 16 
14 17 19 22 21 20 16 15 
14 22 19 22 19 19 14 19 
14 28 15 27 13 25 12 26 
15 16 14 16 14 17 15 17 
15 24 19 24 19 23 15 23 
16 10 16 12 17 12 17 10 
16 14 16 15 20 15 20 14 
18 8 16 10 20 14 22 12 
19 20 23 24 28 19 24 15 
19 29 19 25 18 25 18 29 
20 8 18 10 23 15 25 13 
20 10 20 8 18 8 18 10 
20 22 19 23 21 25 22 24 
20 28 24 28 24 22 20 22 
21 17 21 12 17 12 17 17 
22 15 22 21 23 21 23 15 
22 25 19 22 15 26 18 29 
22 27 27 27 27 26 22 26 
22 30 24 28 22 26 20 28 
23 22 30 15 29 14 22 21 
23 23 27 27 28 26 24 22 
23 25 23 24 22 24 22 25 
24 17 27 17 27 15 24 15 
24 18 25 19 27 17 26 16 
25 10 25 13 27 13 27 10 
25 14 25 19 28 19 28 14 
25 20 25 19 21 19 21 20 
25 23 27 23 27 21 25 21 
25 29 25 30 28 30 28 29 
26 14 27 15 28 14 27 13 
26 18 30 18 30 16 26 16 
26 23 22 27 25 30 29 26 
28 12 30 12 30 11 28 11 
28 32 30 30 27 27 25 29 
29 19 28 19 28 26 29 26 
29 29 30 29 30 26 29 26 
30 32 30 30 28 30 28 32 
32 18 30 16 25 21 27 23 
32 19 32 18 30 18 30 19 
33 16 28 11 25 14 30 19 
12 21 13 21 13 20 12 20 
12 23 13 22 12 21 11 22 
14 25 13 25 13 28 14 28 
17 30 22 30 22 27 17 27 
19 8 17 10 22 15 24 13 
21 18 24 18 24 17 21 17 
22 7 17 12 20 15 25 10 
26 7 22 7 22 12 26 12 
10 23 12 23 12 21 10 21 
9 22 10 23 11 22 10 21 
