38
8 24 11 27 14 24 11 21 
9 16 18 25 22 21 13 12 
9 25 18 25 18 16 9 16 
10 27 11 27 11 21 10 21 
11 12 13 12 13 11 11 11 
12 26 13 26 13 17 12 17 
13 27 14 28 15 27 14 26 
14 27 14 26 13 26 13 27 
15 16 10 21 15 26 20 21 
15 19 25 29 28 26 18 16 
15 22 15 26 23 26 23 22 
15 28 15 27 14 27 14 28 
15 29 14 28 13 29 14 30 
16 18 16 14 10 14 10 18 
16 27 15 26 14 27 15 28 
16 29 16 28 15 28 15 29 
17 19 14 22 19 27 22 24 
17 23 21 27 29 19 25 15 
18 31 23 26 21 24 16 29 
19 18 16 18 16 27 19 27 
19 29 20 28 19 27 18 28 
20 14 20 21 22 21 22 14 
20 25 18 25 18 28 20 28 
21 29 21 27 19 27 19 29 
22 25 28 25 28 24 22 24 
24 19 17 19 17 23 24 23 
24 21 28 25 30 23 26 19 
24 25 27 28 30 25 27 22 
25 21 30 21 30 17 25 17 
25 25 26 26 28 24 27 23 
25 26 25 29 26 29 26 26 
26 21 30 17 28 15 24 19 
27 15 28 15 28 11 27 11 
30 26 30 25 28 25 28 26 
32 20 27 15 25 17 30 22 
8 22 8 24 14 24 14 22 
10 24 15 19 13 17 8 22 
11 29 13 29 13 27 11 27 
