43
10 25 15 25 15 21 10 21 
11 13 11 22 24 22 24 13 
11 26 18 19 17 18 10 25 
12 20 19 27 21 25 14 18 
13 14 17 14 17 12 13 12 
14 24 15 25 20 20 19 19 
14 27 15 28 17 26 16 25 
15 27 15 28 19 28 19 27 
16 10 14 10 14 18 16 18 
16 15 10 21 11 22 17 16 
16 26 19 29 24 24 21 21 
17 15 17 16 23 16 23 15 
17 24 17 26 23 26 23 24 
18 8 16 10 23 17 25 15 
18 14 21 17 23 15 20 12 
18 18 18 17 17 17 17 18 
18 20 18 21 20 21 20 20 
18 27 19 28 23 24 22 23 
19 14 19 17 21 17 21 14 
19 18 18 18 18 19 19 19 
19 30 24 30 24 29 19 29 
20 25 21 25 21 21 20 21 
20 31 24 27 23 26 19 30 
21 11 21 12 29 12 29 11 
22 15 21 14 18 17 19 18 
23 14 25 16 26 15 24 13 
23 19 23 17 21 17 21 19 
23 28 28 28 28 26 23 26 
26 16 26 15 25 15 25 16 
26 20 23 17 21 19 24 22 
26 24 26 22 24 22 24 24 
27 27 28 26 26 24 25 25 
29 19 26 16 23 19 26 22 
13 11 17 15 18 14 14 10 
14 26 15 27 16 26 15 25 
15 26 16 26 16 25 15 25 
17 19 18 18 17 17 16 18 
19 10 17 12 19 14 21 12 
25 31 28 28 27 27 24 30 
27 19 27 27 29 27 29 19 
13 24 13 26 14 26 14 24 
16 19 17 19 17 18 16 18 
21 31 25 31 25 25 21 25 
