49
10 20 14 24 19 19 15 15 
10 23 14 23 14 20 10 20 
10 27 11 28 13 26 12 25 
12 12 12 15 15 15 15 12 
12 20 13 21 14 20 13 19 
13 14 12 15 15 18 16 17 
13 18 13 19 15 19 15 18 
13 24 15 26 16 25 14 23 
13 28 15 28 15 26 13 26 
13 30 13 28 11 28 11 30 
14 13 15 12 13 10 12 11 
14 14 14 13 13 13 13 14 
15 7 10 12 17 19 22 14 
15 14 20 19 21 18 16 13 
16 18 16 19 17 19 17 18 
16 21 16 19 15 19 15 21 
17 24 19 24 19 19 17 19 
18 17 18 13 16 13 16 17 
18 18 21 18 21 17 18 17 
18 21 16 21 16 25 18 25 
18 23 17 24 18 25 19 24 
18 26 21 26 21 25 18 25 
19 8 17 10 28 21 30 19 
19 20 17 18 16 19 18 21 
19 22 21 24 23 22 21 20 
20 20 21 20 21 19 20 19 
21 16 18 13 13 18 16 21 
22 27 25 24 24 23 21 26 
23 19 23 22 25 22 25 19 
24 12 24 10 17 10 17 12 
24 18 24 23 27 23 27 18 
24 20 25 19 24 18 23 19 
25 27 29 27 29 24 25 24 
26 26 27 25 21 19 20 20 
26 30 26 26 21 26 21 30 
28 16 28 12 24 12 24 16 
28 19 28 21 30 21 30 19 
28 30 29 29 26 26 25 27 
29 30 29 29 28 29 28 30 
8 12 10 14 12 12 10 10 
8 14 10 14 10 12 8 12 
11 21 11 24 13 24 13 21 
14 27 17 27 17 24 14 24 
14 29 15 28 14 27 13 28 
21 29 27 23 24 20 18 26 
23 29 25 27 17 19 15 21 
24 21 25 22 28 19 27 18 
10 29 14 29 14 27 10 27 
12 29 11 28 10 29 11 30 
