44
9 14 11 16 14 13 12 11 
10 11 10 16 11 16 11 11 
12 22 15 19 14 18 11 21 
12 23 12 22 10 22 10 23 
12 25 10 25 10 27 12 27 
13 18 19 24 24 19 18 13 
13 26 14 26 14 18 13 18 
14 7 10 11 18 19 22 15 
14 12 14 13 18 13 18 12 
14 21 17 24 21 20 18 17 
15 7 14 7 14 10 15 10 
15 11 14 10 13 11 14 12 
15 17 15 19 17 19 17 17 
16 22 20 18 14 12 10 16 
16 25 19 28 20 27 17 24 
17 20 12 25 13 26 18 21 
17 28 19 28 19 24 17 24 
17 29 27 19 24 16 14 26 
18 20 18 19 17 19 17 20 
19 21 19 20 18 20 18 21 
20 10 15 10 15 11 20 11 
20 12 25 12 25 11 20 11 
22 13 18 13 18 15 22 15 
22 14 20 12 15 17 17 19 
23 19 24 19 24 16 23 16 
23 25 23 22 16 22 16 25 
24 18 26 16 20 10 18 12 
24 21 27 21 27 19 24 19 
24 29 28 29 28 28 24 28 
26 22 27 21 24 18 23 19 
26 30 28 28 26 26 24 28 
27 11 26 11 26 16 27 16 
28 13 28 16 29 16 29 13 
29 20 30 20 30 19 29 19 
29 26 26 26 26 30 29 30 
30 10 28 10 28 11 30 11 
30 12 28 10 27 11 29 13 
30 25 25 20 24 21 29 26 
32 25 23 16 19 20 28 29 
8 25 10 27 12 25 10 23 
26 12 27 11 26 10 25 11 
26 17 29 20 30 19 27 16 
27 14 28 13 26 11 25 12 
32 20 30 20 30 25 32 25 
