84
8 20 13 25 16 22 11 17 
8 26 11 29 19 21 16 18 
8 28 15 28 15 26 8 26 
10 12 11 13 13 11 12 10 
10 15 10 16 12 16 12 15 
11 12 10 12 10 13 11 13 
11 15 12 14 11 13 10 14 
11 16 12 15 11 14 10 15 
12 8 10 10 15 15 17 13 
12 13 11 13 11 14 12 14 
12 17 17 22 20 19 15 14 
12 19 14 21 16 19 14 17 
12 20 16 20 16 19 12 19 
12 26 16 30 17 29 13 25 
13 16 12 16 12 17 13 17 
13 21 13 25 14 25 14 21 
13 24 15 22 14 21 12 23 
13 26 14 27 15 26 14 25 
15 10 12 13 15 16 18 13 
15 25 16 25 16 22 15 22 
15 29 17 29 17 28 15 28 
16 10 15 10 15 13 16 13 
16 15 16 18 17 18 17 15 
16 16 20 20 21 19 17 15 
16 23 19 26 20 25 17 22 
16 26 19 26 19 25 16 25 
17 9 16 10 22 16 23 15 
17 19 17 20 20 20 20 19 
17 25 16 26 19 29 20 28 
18 9 17 9 17 13 18 13 
18 15 20 15 20 13 18 13 
19 14 20 15 21 14 20 13 
19 23 20 23 20 21 19 21 
19 30 21 28 19 26 17 28 
20 16 22 16 22 15 20 15 
20 17 17 20 20 23 23 20 
20 24 20 25 21 25 21 24 
20 26 20 28 21 28 21 26 
20 29 20 28 19 28 19 29 
21 6 18 9 22 13 25 10 
21 9 20 10 21 11 22 10 
21 17 25 17 25 14 21 14 
22 11 22 13 23 13 23 11 
22 12 23 13 24 12 23 11 
22 20 19 23 20 24 23 21 
22 21 23 21 23 20 22 20 
22 24 24 26 30 20 28 18 
23 16 23 18 27 18 27 16 
23 24 22 25 25 28 26 27 
23 25 27 25 27 24 23 24 
23 27 26 30 27 29 24 26 
23 30 26 30 26 27 23 27 
24 15 24 13 23 13 23 15 
24 22 24 21 23 21 23 22 
25 11 30 11 30 10 25 10 
25 12 24 13 25 14 26 13 
25 22 24 21 23 22 24 23 
25 23 25 22 24 22 24 23 
25 29 27 29 27 28 25 28 
26 17 27 16 25 14 24 15 
26 23 27 24 28 23 27 22 
27 21 22 16 21 17 26 22 
27 23 27 22 26 22 26 23 
28 8 25 11 27 13 30 10 
28 19 30 17 29 16 27 18 
28 24 29 24 29 23 28 23 
28 26 27 25 26 26 27 27 
29 20 30 20 30 17 29 17 
29 27 29 25 27 25 27 27 
30 24 29 23 28 24 29 25 
5 25 8 28 16 20 13 17 
8 21 12 21 12 20 8 20 
9 20 8 21 11 24 12 23 
10 8 10 10 12 10 12 8 
10 25 12 27 13 26 11 24 
17 30 19 30 19 29 17 29 
22 28 23 27 21 25 20 26 
22 30 22 28 21 28 21 30 
23 14 22 15 23 16 24 15 
24 11 24 12 25 12 25 11 
25 26 26 26 26 23 25 23 
27 19 28 19 28 18 27 18 
5 16 5 25 10 25 10 16 
17 26 15 28 17 30 19 28 
