42
6 19 14 27 18 23 10 15 
6 23 18 23 18 19 6 19 
8 18 16 26 22 20 14 12 
10 26 16 26 16 22 10 22 
11 28 11 30 13 30 13 28 
12 16 12 18 21 18 21 16 
13 32 15 30 13 28 11 30 
14 15 18 19 21 16 17 12 
14 17 14 15 10 15 10 17 
14 30 15 30 15 28 14 28 
14 32 14 30 13 30 13 32 
15 19 19 15 16 12 12 16 
15 32 17 30 15 28 13 30 
16 27 22 27 22 26 16 26 
17 21 22 26 29 19 24 14 
17 28 20 25 19 24 16 27 
17 32 17 30 15 30 15 32 
18 18 10 26 14 30 22 22 
18 21 19 22 22 19 21 18 
20 12 21 13 22 12 21 11 
20 19 22 19 22 12 20 12 
21 20 21 22 22 22 22 20 
21 24 21 22 19 22 19 24 
21 29 23 27 22 26 20 28 
23 20 21 22 23 24 25 22 
23 22 24 22 24 20 23 20 
23 29 23 27 22 27 22 29 
25 12 27 12 27 10 25 10 
25 27 25 22 24 22 24 27 
26 25 23 22 21 24 24 27 
26 28 25 27 23 29 24 30 
28 11 21 11 21 13 28 13 
28 19 28 21 29 21 29 19 
29 12 28 11 27 12 28 13 
29 13 30 13 30 12 29 12 
29 20 28 19 27 20 28 21 
30 14 29 13 23 19 24 20 
7 24 11 28 18 21 14 17 
14 20 16 22 17 21 15 19 
16 21 17 21 17 12 16 12 
17 25 17 28 20 28 20 25 
22 24 23 24 23 22 22 22 
