61
8 19 14 25 18 21 12 15 
8 23 11 26 14 23 11 20 
10 24 10 26 11 26 11 24 
11 17 11 20 13 20 13 17 
11 18 13 20 17 16 15 14 
12 13 12 12 11 12 11 13 
12 16 17 16 17 15 12 15 
12 18 13 17 12 16 11 17 
12 26 17 21 15 19 10 24 
13 10 11 12 12 13 14 11 
13 13 13 14 15 14 15 13 
13 25 14 25 14 23 13 23 
14 10 13 10 13 11 14 11 
14 12 13 11 12 12 13 13 
15 9 14 10 17 13 18 12 
15 21 15 28 17 28 17 21 
16 12 16 11 14 11 14 12 
16 14 18 14 18 12 16 12 
16 19 16 14 15 14 15 19 
16 26 18 24 15 21 13 23 
16 27 15 28 16 29 17 28 
17 19 21 19 21 17 17 17 
18 18 18 21 29 21 29 18 
18 26 16 26 16 27 18 27 
19 12 22 12 22 10 19 10 
19 16 25 16 25 14 19 14 
20 12 25 17 27 15 22 10 
20 18 21 17 18 14 17 15 
20 22 24 26 29 21 25 17 
21 12 20 13 24 17 25 16 
21 28 22 28 22 19 21 19 
21 29 22 28 19 25 18 26 
22 29 28 23 27 22 21 28 
22 30 22 29 21 29 21 30 
22 31 23 30 22 29 21 30 
23 12 25 14 27 12 25 10 
23 13 22 12 17 17 18 18 
23 31 23 30 22 30 22 31 
24 22 24 26 27 26 27 22 
25 8 23 10 28 15 30 13 
25 12 25 10 23 10 23 12 
25 19 25 17 24 17 24 19 
26 12 26 15 27 15 27 12 
27 13 29 11 28 10 26 12 
27 16 29 18 30 17 28 15 
27 28 27 29 28 29 28 28 
27 30 28 29 27 28 26 29 
28 13 28 15 30 15 30 13 
28 16 28 15 27 15 27 16 
29 29 28 28 27 29 28 30 
29 30 29 29 28 29 28 30 
18 13 19 14 20 13 19 12 
18 22 18 24 20 24 20 22 
19 28 20 29 21 28 20 27 
22 13 23 13 23 12 22 12 
23 21 21 19 18 22 20 24 
26 20 29 17 28 16 25 19 
26 30 27 30 27 29 26 29 
15 16 18 13 16 11 13 14 
23 27 26 30 27 29 24 26 
23 24 20 24 20 27 23 27 
