66
13 29 23 39 26 36 16 26 
17 37 27 27 25 25 15 35 
18 24 18 27 27 27 27 24 
19 20 19 32 30 32 30 20 
19 34 19 32 15 32 15 34 
20 29 20 37 22 37 22 29 
20 41 20 37 17 37 17 41 
21 25 21 42 25 42 25 25 
23 12 20 15 23 18 26 15 
23 15 23 18 26 18 26 15 
23 37 23 39 31 39 31 37 
25 38 28 35 22 29 19 32 
25 41 39 27 38 26 24 40 
26 23 39 23 39 18 26 18 
26 47 30 43 25 38 21 42 
27 26 24 23 16 31 19 34 
27 41 31 37 27 33 23 37 
28 23 27 24 36 33 37 32 
28 27 27 27 27 33 28 33 
28 41 28 35 27 35 27 41 
30 19 31 19 31 16 30 16 
30 40 31 39 27 35 26 36 
30 44 31 44 31 43 30 43 
31 29 31 37 42 37 42 29 
31 30 32 31 36 27 35 26 
32 18 31 19 33 21 34 20 
35 34 43 42 44 41 36 33 
36 24 38 26 45 19 43 17 
36 28 39 28 39 27 36 27 
36 35 36 33 28 33 28 35 
36 39 35 38 30 43 31 44 
36 43 36 39 31 39 31 43 
37 30 32 25 20 37 25 42 
37 40 37 32 30 32 30 40 
38 32 40 32 40 26 38 26 
38 33 42 29 41 28 37 32 
38 45 44 39 42 37 36 43 
39 17 39 18 43 18 43 17 
39 35 36 35 36 39 39 39 
39 41 44 41 44 39 39 39 
40 44 42 42 39 39 37 41 
41 26 39 28 43 32 45 30 
41 35 41 28 39 28 39 35 
42 19 45 19 45 15 42 15 
43 37 42 37 42 42 43 42 
44 32 43 32 43 37 44 37 
44 33 43 32 36 39 37 40 
45 31 40 26 39 27 44 32 
13 15 13 29 20 29 20 15 
13 32 15 34 20 29 18 27 
20 12 20 15 23 15 23 12 
21 28 22 29 27 24 26 23 
22 6 13 15 30 32 39 23 
22 20 18 24 27 33 31 29 
23 20 26 23 30 19 27 16 
24 36 26 36 26 23 24 23 
24 43 30 43 30 40 24 40 
25 30 28 33 31 30 28 27 
28 24 28 27 36 27 36 24 
31 38 35 34 32 31 28 35 
34 42 41 35 38 32 31 39 
37 31 45 31 45 30 37 30 
37 49 45 41 39 35 31 43 
39 49 39 41 37 41 37 49 
43 33 41 35 43 37 45 35 
45 25 44 24 37 31 38 32 
