69
6 18 13 25 16 22 9 15 
8 19 12 23 15 20 11 16 
8 25 9 25 9 19 8 19 
9 23 11 25 13 23 11 21 
10 13 12 13 12 10 10 10 
10 15 10 20 13 20 13 15 
10 18 9 19 10 20 11 19 
11 15 16 20 19 17 14 12 
11 17 11 18 16 18 16 17 
11 27 13 27 13 25 11 25 
12 11 19 18 20 17 13 10 
12 21 12 23 13 23 13 21 
12 25 13 24 12 23 11 24 
13 11 12 10 9 13 10 14 
14 6 10 10 15 15 19 11 
14 15 11 18 13 20 16 17 
14 20 15 20 15 15 14 15 
14 31 18 27 12 21 8 25 
15 10 15 9 13 9 13 10 
15 17 16 18 17 17 16 16 
15 21 16 21 16 20 15 20 
15 29 19 25 17 23 13 27 
16 6 13 9 16 12 19 9 
16 9 15 10 18 13 19 12 
16 11 19 11 19 9 16 9 
16 14 19 14 19 12 16 12 
16 15 16 16 21 16 21 15 
17 18 19 18 19 17 17 17 
17 22 18 23 21 20 20 19 
17 24 17 23 13 23 13 24 
19 19 20 19 20 18 19 18 
19 24 20 25 24 21 23 20 
20 10 20 13 24 13 24 10 
20 15 21 14 20 13 19 14 
20 24 19 24 19 25 20 25 
21 9 20 10 22 12 23 11 
21 13 23 15 24 14 22 12 
21 19 22 19 22 18 21 18 
21 23 23 23 23 20 21 20 
21 27 21 23 18 23 18 27 
22 9 21 9 21 12 22 12 
22 15 23 15 23 12 22 12 
22 22 23 23 25 21 24 20 
23 17 24 18 26 16 25 15 
23 28 27 24 26 23 22 27 
24 22 24 24 27 24 27 22 
24 26 21 23 20 24 23 27 
24 29 24 26 15 26 15 29 
25 10 23 12 24 13 26 11 
25 16 25 21 26 21 26 16 
25 18 27 16 24 13 22 15 
25 28 25 27 23 27 23 28 
27 13 24 13 24 14 27 14 
29 16 27 14 25 16 27 18 
29 18 29 16 27 16 27 18 
30 19 29 18 26 21 27 22 
7 12 10 15 12 13 9 10 
9 14 10 14 10 13 9 13 
16 19 25 28 26 27 17 18 
17 19 17 18 16 18 16 19 
17 21 16 21 16 22 17 22 
18 25 19 24 18 23 17 24 
20 16 22 18 23 17 21 15 
20 20 21 19 20 18 19 19 
20 26 21 27 24 24 23 23 
24 15 21 18 22 19 25 16 
24 17 24 15 23 15 23 17 
7 6 7 12 14 12 14 6 
5 8 10 13 12 11 7 6 
