80
5 14 11 20 16 15 10 9 
5 17 9 17 9 14 5 14 
8 12 11 15 14 12 11 9 
8 15 11 18 12 17 9 14 
8 23 9 24 10 23 9 22 
8 24 9 24 9 23 8 23 
8 25 9 26 10 25 9 24 
8 27 10 27 10 25 8 25 
9 18 11 18 11 17 9 17 
9 20 9 22 11 22 11 20 
9 28 10 27 9 26 8 27 
10 11 10 12 14 12 14 11 
10 18 11 17 10 16 9 17 
10 21 11 22 12 21 11 20 
10 22 9 23 12 26 13 25 
11 11 10 12 13 15 14 14 
11 12 12 13 14 11 13 10 
11 13 11 15 12 15 12 13 
11 14 12 15 13 14 12 13 
12 19 12 21 17 21 17 19 
12 22 13 23 17 19 16 18 
12 24 9 24 9 26 12 26 
13 17 13 15 12 15 12 17 
13 22 12 22 12 23 13 23 
13 24 14 23 13 22 12 23 
14 13 14 14 20 14 20 13 
14 18 14 23 16 23 16 18 
14 19 15 20 17 18 16 17 
14 24 14 23 13 23 13 24 
15 8 14 9 16 11 17 10 
15 15 15 17 16 17 16 15 
16 9 16 11 19 11 19 9 
17 17 21 21 22 20 18 16 
17 24 19 22 18 21 16 23 
18 10 19 11 20 10 19 9 
18 12 18 16 19 16 19 12 
18 18 18 17 17 17 17 18 
18 22 17 23 20 26 21 25 
18 26 18 27 20 27 20 26 
19 18 18 18 18 20 19 20 
20 12 22 14 23 13 21 11 
20 15 16 11 15 12 19 16 
20 16 21 16 21 15 20 15 
20 17 19 16 18 17 19 18 
20 21 21 20 20 19 19 20 
21 10 26 10 26 9 21 9 
21 14 24 17 26 15 23 12 
21 17 21 18 23 18 23 17 
21 22 21 21 20 21 20 22 
21 24 21 23 17 23 17 24 
21 26 23 26 23 25 21 25 
22 13 22 14 23 14 23 13 
22 16 21 15 20 16 21 17 
22 18 21 17 18 20 19 21 
22 19 22 20 23 20 23 19 
22 21 26 25 27 24 23 20 
22 22 21 21 20 22 21 23 
23 7 21 9 24 12 26 10 
23 22 23 21 22 21 22 22 
24 7 23 7 23 12 24 12 
24 18 23 19 24 20 25 19 
24 21 26 21 26 20 24 20 
25 8 24 7 21 10 22 11 
25 21 24 20 23 21 24 22 
26 24 26 25 27 25 27 24 
27 16 24 16 24 17 27 17 
27 20 24 17 23 18 26 21 
8 9 8 12 9 12 9 9 
10 13 11 12 10 11 9 12 
14 16 13 17 14 18 15 17 
16 26 17 26 17 24 16 24 
17 22 18 22 18 21 17 21 
19 13 20 12 19 11 18 12 
19 17 20 17 20 16 19 16 
20 11 21 11 21 10 20 10 
20 23 17 26 18 27 21 24 
21 12 20 11 19 12 20 13 
22 12 22 11 21 11 21 12 
22 17 21 18 22 19 23 18 
9 13 10 13 10 12 9 12 
