65
6 15 9 18 12 15 9 12 
6 18 9 18 9 15 6 15 
8 22 10 24 11 23 9 21 
8 25 12 25 12 22 8 22 
9 17 13 21 15 19 11 15 
9 23 11 23 11 21 9 21 
10 10 12 12 13 11 11 9 
11 17 13 15 11 13 9 15 
11 26 11 24 10 24 10 26 
12 13 11 13 11 15 12 15 
13 12 13 15 17 15 17 12 
13 19 13 18 12 18 12 19 
13 23 17 23 17 21 13 21 
13 24 16 27 18 25 15 22 
13 25 12 25 12 27 13 27 
13 26 12 25 11 26 12 27 
14 15 15 14 13 12 12 13 
14 19 14 22 15 22 15 19 
14 24 13 25 14 26 15 25 
15 9 14 10 15 11 16 10 
15 15 12 18 13 19 16 16 
15 20 19 24 21 22 17 18 
15 21 17 23 20 20 18 18 
16 13 16 16 19 16 19 13 
16 24 17 25 18 24 17 23 
16 26 16 24 14 24 14 26 
17 14 13 18 14 19 18 15 
17 20 18 20 18 18 17 18 
17 24 17 25 18 25 18 24 
18 11 18 9 15 9 15 11 
18 28 19 27 17 25 16 26 
19 9 19 10 26 10 26 9 
19 17 21 15 19 13 17 15 
19 19 19 22 21 22 21 19 
19 23 19 24 25 24 25 23 
19 26 16 26 16 27 19 27 
20 17 19 18 22 21 23 20 
20 18 20 17 19 17 19 18 
20 22 18 20 17 21 19 23 
21 8 19 10 22 13 24 11 
21 11 18 11 18 15 21 15 
22 15 18 11 17 12 21 16 
22 16 22 15 21 15 21 16 
22 18 21 17 20 18 21 19 
22 19 22 21 25 21 25 19 
22 27 23 26 22 25 21 26 
23 22 21 22 21 26 23 26 
23 25 24 26 26 24 25 23 
23 27 24 27 24 26 23 26 
24 13 24 11 22 11 22 13 
24 18 24 16 22 16 22 18 
24 28 25 27 24 26 23 27 
25 14 26 14 26 11 25 11 
25 26 26 26 26 24 25 24 
25 28 25 27 24 27 24 28 
26 20 25 21 26 22 27 21 
26 21 25 21 25 22 26 22 
26 27 25 26 24 27 25 28 
27 12 26 11 24 13 25 14 
27 27 27 26 26 26 26 27 
29 20 27 18 23 22 25 24 
10 20 12 18 11 17 9 19 
10 23 11 24 15 20 14 19 
23 15 23 20 26 20 26 15 
23 17 24 16 23 15 22 16 
