42
8 17 10 19 14 15 12 13 
11 10 9 12 12 15 14 13 
11 12 11 10 9 10 9 12 
11 13 12 14 15 11 14 10 
11 14 12 14 12 13 11 13 
11 23 13 21 12 20 10 22 
12 24 11 24 11 27 12 27 
12 25 15 22 14 21 11 24 
13 15 13 21 14 21 14 15 
14 24 16 26 18 24 16 22 
15 16 12 16 12 20 15 20 
15 19 16 20 19 17 18 16 
15 26 16 26 16 22 15 22 
16 19 15 20 20 25 21 24 
17 11 17 9 15 9 15 11 
17 13 14 13 14 14 17 14 
17 17 17 21 19 21 19 17 
17 24 17 21 14 21 14 24 
18 10 18 12 19 12 19 10 
18 14 18 16 21 16 21 14 
18 26 21 26 21 24 18 24 
18 29 20 27 17 24 15 26 
19 11 18 10 17 11 18 12 
19 13 18 12 17 13 18 14 
19 16 21 14 19 12 17 14 
19 27 20 27 20 25 19 25 
20 26 19 25 18 26 19 27 
21 27 22 27 22 26 21 26 
23 13 23 15 24 15 24 13 
23 14 24 15 25 14 24 13 
24 14 23 13 22 14 23 15 
24 16 24 25 25 25 25 16 
24 17 25 16 24 15 23 16 
24 29 26 27 24 25 22 27 
25 11 26 11 26 9 25 9 
11 15 12 16 13 15 12 14 
16 29 18 29 18 26 16 26 
17 12 21 16 23 14 19 10 
18 20 19 21 24 16 23 15 
22 10 24 12 25 11 23 9 
18 19 16 19 16 20 18 20 
26 21 21 16 18 19 23 24 
