59
6 17 9 20 17 12 14 9 
7 17 11 21 15 17 11 13 
8 21 10 23 11 22 9 20 
8 22 11 22 11 21 8 21 
9 16 10 17 12 15 11 14 
9 17 9 18 10 18 10 17 
9 27 10 27 10 23 9 23 
10 24 12 22 11 21 9 23 
11 10 14 10 14 9 11 9 
11 18 13 18 13 14 11 14 
11 27 14 27 14 26 11 26 
13 11 17 15 18 14 14 10 
13 21 13 22 15 22 15 21 
14 15 14 17 15 17 15 15 
14 32 20 26 15 21 9 27 
15 18 15 19 18 19 18 18 
15 20 13 18 11 20 13 22 
15 23 17 21 15 19 13 21 
15 28 21 22 20 21 14 27 
16 10 16 16 19 16 19 10 
16 23 19 20 18 19 15 22 
16 24 16 23 15 23 15 24 
16 26 15 25 14 26 15 27 
17 11 16 10 9 17 10 18 
17 13 17 14 18 14 18 13 
17 17 18 18 21 15 20 14 
18 11 17 11 17 12 18 12 
18 15 17 14 14 17 15 18 
18 17 18 15 17 15 17 17 
18 21 19 21 19 20 18 20 
18 26 21 23 19 21 16 24 
19 12 20 11 19 10 18 11 
19 26 20 26 20 21 19 21 
20 12 20 14 25 14 25 12 
20 27 23 27 23 26 20 26 
20 28 20 27 15 27 15 28 
21 9 21 15 22 15 22 9 
21 16 22 15 19 12 18 13 
21 24 19 26 20 27 22 25 
22 10 20 12 25 17 27 15 
22 18 20 20 25 25 27 23 
22 22 22 25 23 25 23 22 
22 23 25 26 26 25 23 22 
23 15 23 16 27 16 27 15 
23 17 23 16 21 16 21 17 
23 20 19 16 18 17 22 21 
24 13 25 14 26 13 25 12 
24 18 22 18 22 21 24 21 
25 18 27 16 25 14 23 16 
25 20 24 21 25 22 26 21 
26 20 27 19 25 17 24 18 
26 22 25 22 25 25 26 25 
2 16 8 22 15 15 9 9 
10 20 11 20 11 18 10 18 
17 26 18 26 18 21 17 21 
23 13 24 13 24 9 23 9 
24 14 27 11 26 10 23 13 
25 21 26 21 26 20 25 20 
2 11 2 16 9 16 9 11 
