83
7 12 9 14 11 12 9 10 
8 17 10 19 12 17 10 15 
8 18 9 19 10 18 9 17 
9 15 10 16 13 13 12 12 
9 16 10 16 10 15 9 15 
9 18 9 17 8 17 8 18 
9 21 10 21 10 19 9 19 
9 23 11 23 11 22 9 22 
10 11 11 11 11 9 10 9 
10 23 11 22 10 21 9 22 
11 17 12 17 12 12 11 12 
11 18 11 17 10 17 10 18 
11 19 9 21 11 23 13 21 
11 24 12 25 13 24 12 23 
11 29 13 27 11 25 9 27 
12 18 15 15 14 14 11 17 
12 19 12 18 11 18 11 19 
12 24 11 24 11 25 12 25 
13 10 9 10 9 13 13 13 
13 14 14 14 14 13 13 13 
13 19 12 19 12 21 13 21 
14 16 14 21 18 21 18 16 
14 23 17 20 15 18 12 21 
14 24 13 24 13 27 14 27 
15 13 18 13 18 10 15 10 
15 16 16 15 14 13 13 14 
15 17 16 18 18 16 17 15 
15 20 14 21 19 26 20 25 
16 11 19 11 19 9 16 9 
16 14 19 11 18 10 15 13 
16 17 15 17 15 18 16 18 
16 25 20 25 20 24 16 24 
16 27 17 26 16 25 15 26 
17 10 16 9 15 10 16 11 
17 14 16 14 16 15 17 15 
17 19 21 23 23 21 19 17 
17 22 17 26 18 26 18 22 
18 15 20 15 20 13 18 13 
18 19 20 17 18 15 16 17 
19 12 20 13 23 10 22 9 
19 19 20 20 22 18 21 17 
19 23 21 21 20 20 18 22 
20 16 21 16 21 15 20 15 
20 18 21 18 21 17 20 17 
20 21 23 24 24 23 21 20 
20 23 21 23 21 21 20 21 
21 13 22 14 25 11 24 10 
21 19 21 20 24 20 24 19 
21 25 22 24 21 23 20 24 
21 26 21 25 20 25 20 26 
22 16 23 15 22 14 21 15 
22 17 24 19 25 18 23 16 
22 21 22 24 23 24 23 21 
22 27 22 26 21 26 21 27 
22 28 23 27 22 26 21 27 
23 11 19 11 19 12 23 12 
23 17 23 16 22 16 22 17 
23 26 22 25 21 26 22 27 
23 28 23 27 22 27 22 28 
24 13 23 12 20 15 21 16 
24 16 24 18 25 18 25 16 
24 26 24 27 26 27 26 26 
25 13 26 13 26 11 25 11 
25 17 24 16 23 17 24 18 
25 24 23 24 23 25 25 25 
25 27 26 26 25 25 24 26 
26 15 26 19 27 19 27 15 
26 22 24 22 24 23 26 23 
26 25 27 24 26 23 25 24 
27 14 27 9 22 9 22 14 
10 25 11 24 10 23 9 24 
10 29 11 29 11 25 10 25 
13 23 14 23 14 21 13 21 
13 25 14 24 13 23 12 24 
15 12 17 14 18 13 16 11 
15 19 15 20 17 20 17 19 
16 20 17 19 16 18 15 19 
16 26 15 26 15 27 16 27 
17 25 18 26 20 24 19 23 
25 14 26 15 27 14 26 13 
25 26 26 27 27 26 26 25 
14 22 16 24 18 22 16 20 
15 25 16 26 17 25 16 24 
