73
5 14 9 18 14 13 10 9 
8 16 9 17 10 16 9 15 
8 21 10 23 11 22 9 20 
9 13 14 13 14 12 9 12 
9 22 11 22 11 20 9 20 
10 10 13 10 13 9 10 9 
10 14 10 16 12 16 12 14 
10 21 10 16 8 16 8 21 
10 26 12 24 11 23 9 25 
11 15 9 15 9 17 11 17 
11 18 12 18 12 17 11 17 
11 26 11 23 10 23 10 26 
12 20 18 26 19 25 13 19 
12 25 10 23 9 24 11 26 
13 13 10 10 9 11 12 14 
13 15 12 14 11 15 12 16 
13 17 12 16 11 17 12 18 
13 18 13 19 16 19 16 18 
13 22 14 23 17 20 16 19 
14 10 13 9 9 13 10 14 
14 15 13 15 13 17 14 17 
14 16 16 18 18 16 16 14 
15 14 16 15 17 14 16 13 
15 15 16 15 16 14 15 14 
15 18 17 16 16 15 14 17 
15 20 12 20 12 24 15 24 
15 25 19 25 19 24 15 24 
16 11 14 9 13 10 15 12 
16 12 15 12 15 13 16 13 
16 26 15 25 14 26 15 27 
17 15 19 15 19 14 17 14 
17 19 16 19 16 20 17 20 
17 21 18 20 17 19 16 20 
18 10 18 9 14 9 14 10 
18 13 19 14 20 13 19 12 
18 19 18 20 21 20 21 19 
18 21 18 20 17 20 17 21 
18 27 18 26 16 26 16 27 
18 29 21 26 19 24 16 27 
19 11 18 10 16 12 17 13 
19 17 14 17 14 23 19 23 
20 9 20 13 22 13 22 9 
20 14 19 15 20 16 21 15 
20 15 20 16 21 16 21 15 
20 17 22 19 23 18 21 16 
21 6 18 9 21 12 24 9 
21 11 19 11 19 12 21 12 
21 13 24 16 26 14 23 11 
21 21 24 21 24 20 21 20 
21 24 18 21 15 24 18 27 
21 25 23 23 21 21 19 23 
22 18 20 16 19 17 21 19 
22 25 21 25 21 26 22 26 
23 12 25 12 25 11 23 11 
23 15 22 15 22 18 23 18 
23 16 26 13 25 12 22 15 
23 24 23 23 21 23 21 24 
24 13 24 14 26 14 26 13 
24 25 25 24 24 23 23 24 
24 29 24 27 18 27 18 29 
25 10 25 9 24 9 24 10 
25 21 25 24 26 24 26 21 
26 10 25 9 24 10 25 11 
26 12 25 11 23 13 24 14 
26 15 26 19 27 19 27 15 
26 18 24 20 25 21 27 19 
27 23 24 23 24 25 27 25 
28 24 27 23 26 24 27 25 
12 19 13 18 12 17 11 18 
12 27 15 27 15 25 12 25 
15 11 14 12 15 13 16 12 
16 16 17 16 17 15 16 15 
18 22 21 22 21 21 18 21 
