69
5 18 9 22 14 17 10 13 
5 20 12 20 12 18 5 18 
6 18 9 21 12 18 9 15 
7 18 12 23 15 20 10 15 
9 11 10 11 10 9 9 9 
9 13 9 15 10 15 10 13 
11 10 11 11 13 11 13 10 
11 13 15 17 17 15 13 11 
11 15 13 13 11 11 9 13 
11 21 11 23 12 23 12 21 
11 24 11 25 13 25 13 24 
12 25 13 24 12 23 11 24 
13 15 13 13 11 13 11 15 
13 21 14 20 13 19 12 20 
13 27 15 27 15 26 13 26 
14 14 15 15 17 13 16 12 
14 15 14 17 15 17 15 15 
14 19 14 20 15 20 15 19 
15 12 16 12 16 10 15 10 
15 14 11 10 10 11 14 15 
15 21 13 21 13 23 15 23 
15 25 13 23 11 25 13 27 
16 14 18 14 18 12 16 12 
16 15 16 25 17 25 17 15 
16 21 20 25 23 22 19 18 
16 27 17 26 16 25 15 26 
17 10 17 11 22 11 22 10 
17 14 19 12 17 10 15 12 
17 17 20 20 21 19 18 16 
18 20 15 23 17 25 20 22 
18 22 19 22 19 20 18 20 
19 16 17 14 16 15 18 17 
19 17 19 16 18 16 18 17 
19 25 20 25 20 22 19 22 
19 26 19 25 17 25 17 26 
20 8 17 11 18 12 21 9 
20 9 20 13 21 13 21 9 
20 14 19 13 18 14 19 15 
20 23 23 20 22 19 19 22 
21 15 24 15 24 13 21 13 
21 17 21 19 22 19 22 17 
21 23 24 23 24 21 21 21 
22 15 24 13 22 11 20 13 
22 20 23 20 23 19 22 19 
22 22 21 23 24 26 25 25 
22 27 23 27 23 22 22 22 
23 16 22 15 21 16 22 17 
23 18 24 18 24 16 23 16 
24 20 25 20 25 19 24 19 
25 13 22 16 24 18 27 15 
25 23 27 23 27 20 25 20 
27 14 25 14 25 15 27 15 
28 15 27 14 23 18 24 19 
28 18 25 15 24 16 27 19 
28 22 25 19 24 20 27 23 
30 23 27 20 24 23 27 26 
30 26 30 23 27 23 27 26 
13 17 15 19 17 17 15 15 
14 12 14 14 15 14 15 12 
19 14 20 14 20 13 19 13 
20 16 21 17 22 16 21 15 
21 28 22 27 20 25 19 26 
23 21 24 20 23 19 22 20 
24 25 25 25 25 23 24 23 
27 18 28 18 28 15 27 15 
28 17 25 14 24 15 27 18 
18 15 19 15 19 14 18 14 
20 15 20 16 21 16 21 15 
20 26 24 26 24 25 20 25 
