21
7 22 10 25 12 23 9 20 
7 26 9 26 9 22 7 22 
9 12 9 20 26 20 26 12 
12 9 9 12 21 24 24 21 
12 15 13 15 13 9 12 9 
12 19 11 19 11 23 12 23 
14 33 27 20 20 13 7 26 
15 15 11 19 17 25 21 21 
15 23 15 24 21 24 21 23 
16 22 16 25 17 25 17 22 
18 23 17 22 15 24 16 25 
19 16 19 17 22 17 22 16 
20 18 24 22 26 20 22 16 
24 11 21 11 21 21 24 21 
24 25 27 25 27 22 24 22 
27 15 15 15 15 19 27 19 
27 16 20 9 14 15 21 22 
13 33 14 33 14 15 13 15 
15 21 16 22 20 18 19 17 
16 36 27 25 24 22 13 33 
10 36 16 36 16 25 10 25 
