80
6 18 10 22 13 19 9 15 
6 24 9 24 9 18 6 18 
7 16 9 18 11 16 9 14 
7 23 11 23 11 16 7 16 
8 10 9 11 10 10 9 9 
8 11 9 11 9 10 8 10 
9 12 10 13 13 10 12 9 
9 13 10 13 10 12 9 12 
9 17 10 18 12 16 11 15 
9 25 10 26 12 24 11 23 
9 26 10 26 10 25 9 25 
10 24 12 24 12 22 10 22 
10 28 11 27 10 26 9 27 
11 13 17 19 18 18 12 12 
11 25 15 25 15 23 11 23 
11 28 11 27 10 27 10 28 
12 10 13 10 13 9 12 9 
12 13 13 14 14 13 13 12 
12 14 12 16 13 16 13 14 
12 15 13 16 14 15 13 14 
12 18 12 19 13 19 13 18 
12 23 14 21 12 19 10 21 
12 27 11 26 10 27 11 28 
13 13 13 12 12 12 12 13 
14 8 13 9 15 11 16 10 
14 16 19 16 19 15 14 15 
15 19 17 21 21 17 19 15 
16 21 17 21 17 19 16 19 
16 22 16 25 18 25 18 22 
17 14 19 16 21 14 19 12 
17 17 17 14 16 14 16 17 
17 23 18 22 17 21 16 22 
17 27 19 25 17 23 15 25 
18 14 20 12 18 10 16 12 
18 27 19 27 19 25 18 25 
19 14 19 12 18 12 18 14 
19 20 22 17 21 16 18 19 
20 13 20 14 21 14 21 13 
20 17 19 17 19 20 20 20 
20 21 16 25 18 27 22 23 
20 23 20 21 17 21 17 23 
20 28 21 27 20 26 19 27 
21 23 24 26 25 25 22 22 
21 25 22 26 27 21 26 20 
21 28 21 27 20 27 20 28 
22 7 19 10 23 14 26 11 
22 14 24 16 25 15 23 13 
22 16 21 16 21 17 22 17 
22 19 22 22 25 22 25 19 
22 25 20 23 19 24 21 26 
23 10 23 11 24 11 24 10 
23 15 23 14 22 14 22 15 
23 21 24 21 24 16 23 16 
23 22 24 21 22 19 21 20 
24 12 25 11 24 10 23 11 
24 15 23 14 22 15 23 16 
24 25 22 25 22 26 24 26 
25 12 24 12 24 15 25 15 
26 10 26 11 27 11 27 10 
26 21 27 21 27 20 26 20 
26 22 25 22 25 24 26 24 
27 7 22 7 22 9 27 9 
28 10 27 9 26 10 27 11 
8 12 9 13 10 12 9 11 
8 25 9 26 10 25 9 24 
8 26 9 25 7 23 6 24 
8 27 9 27 9 26 8 26 
9 28 10 27 9 26 8 27 
10 14 11 14 11 13 10 13 
10 15 10 14 9 14 9 15 
14 19 16 21 18 19 16 17 
15 18 14 18 14 19 15 19 
15 22 18 25 19 24 16 21 
17 24 12 24 12 27 17 27 
20 25 21 25 21 23 20 23 
21 15 22 14 21 13 20 14 
24 19 26 21 27 20 25 18 
13 21 14 21 14 19 13 19 
14 20 13 21 15 23 16 22 
9 19 12 22 13 21 10 18 
