76
8 10 11 13 12 12 9 9 
9 15 10 15 10 13 9 13 
9 17 10 18 11 17 10 16 
9 18 10 18 10 17 9 17 
9 21 13 21 13 19 9 19 
10 11 9 12 10 13 11 12 
10 19 11 18 10 17 9 18 
10 26 10 27 14 27 14 26 
11 9 9 9 9 12 11 12 
11 16 14 19 16 17 13 14 
11 19 10 18 9 19 10 20 
11 21 13 23 15 21 13 19 
12 10 12 12 13 12 13 10 
12 13 12 12 11 12 11 13 
12 16 14 16 14 13 12 13 
12 17 12 16 11 16 11 17 
12 21 13 22 15 20 14 19 
12 28 14 26 12 24 10 26 
13 17 14 16 13 15 12 16 
14 17 14 18 16 18 16 17 
14 20 15 20 15 19 14 19 
14 23 14 24 15 24 15 23 
15 10 13 12 14 13 16 11 
15 11 16 11 16 10 15 10 
15 17 14 18 15 19 16 18 
15 22 15 21 13 21 13 22 
15 25 16 24 15 23 14 24 
16 12 18 12 18 11 16 11 
16 15 18 17 19 16 17 14 
16 19 17 19 17 18 16 18 
16 23 15 22 14 23 15 24 
16 25 16 24 15 24 15 25 
16 26 17 27 19 25 18 24 
17 11 16 10 15 11 16 12 
17 12 19 14 20 13 18 11 
17 16 19 16 19 14 17 14 
17 20 17 23 18 23 18 20 
17 21 18 20 17 19 16 20 
17 24 18 25 19 24 18 23 
17 25 18 25 18 24 17 24 
17 26 17 27 20 27 20 26 
18 15 18 17 20 17 20 15 
18 19 17 20 20 23 21 22 
19 11 20 11 20 10 19 10 
19 21 19 24 23 24 23 21 
19 28 20 27 18 25 17 26 
20 19 26 19 26 17 20 17 
21 9 21 12 25 12 25 9 
21 13 19 11 18 12 20 14 
21 14 24 14 24 13 21 13 
22 15 21 16 25 20 26 19 
22 28 22 25 19 25 19 28 
23 18 23 15 22 15 22 18 
23 25 24 25 24 24 23 24 
23 26 24 25 23 24 22 25 
24 11 25 12 27 10 26 9 
24 16 25 15 24 14 23 15 
25 13 25 15 26 15 26 13 
25 14 26 13 25 12 24 13 
25 22 26 23 27 22 26 21 
25 24 27 24 27 22 25 22 
26 10 27 10 27 9 26 9 
26 22 22 18 20 20 24 24 
26 24 24 22 20 26 22 28 
26 25 27 24 26 23 25 24 
27 26 26 25 25 26 26 27 
8 12 9 13 12 10 11 9 
9 26 10 27 14 23 13 22 
10 22 11 21 10 20 9 21 
10 23 13 23 13 22 10 22 
13 26 14 27 16 25 15 24 
16 14 13 14 13 15 16 15 
24 27 26 27 26 25 24 25 
26 8 25 9 26 10 27 9 
8 21 10 23 12 21 10 19 
8 26 9 26 9 21 8 21 
