28
8 19 10 21 11 20 9 18 
8 24 10 26 14 22 12 20 
9 21 13 25 17 21 13 17 
9 26 10 26 10 21 9 21 
10 13 10 12 9 12 9 13 
11 10 11 20 12 20 12 10 
12 11 11 10 9 12 10 13 
13 21 13 25 17 25 17 21 
15 10 20 15 21 14 16 9 
15 12 21 12 21 10 15 10 
17 20 21 20 21 14 17 14 
19 8 15 12 17 14 21 10 
19 21 21 23 24 20 22 18 
20 24 23 27 24 26 21 23 
21 13 26 18 27 17 22 12 
21 24 21 23 20 23 20 24 
22 13 22 12 21 12 21 13 
22 21 25 18 24 17 21 20 
23 11 24 12 26 10 25 9 
23 22 22 21 20 23 21 24 
23 26 23 27 24 27 24 26 
25 10 25 18 26 18 26 10 
25 21 25 18 22 18 22 21 
27 12 24 12 24 17 27 17 
14 11 14 22 23 22 23 11 
18 8 18 21 19 21 19 8 
24 9 21 12 22 13 25 10 
26 11 17 20 18 21 27 12 
