49
8 11 10 13 11 12 9 10 
9 12 11 12 11 10 9 10 
9 22 9 25 12 25 12 22 
10 17 13 17 13 13 10 13 
10 19 12 21 13 20 11 18 
10 23 10 27 11 27 11 23 
10 24 9 25 11 27 12 26 
11 20 13 20 13 18 11 18 
13 8 11 10 13 12 15 10 
13 9 13 12 16 12 16 9 
14 17 10 13 9 14 13 18 
14 18 14 20 21 20 21 18 
14 19 18 23 20 21 16 17 
14 23 12 21 10 23 12 25 
14 24 16 22 14 20 12 22 
14 25 15 26 16 25 15 24 
14 26 14 25 12 25 12 26 
15 11 18 11 18 10 15 10 
15 13 15 16 16 16 16 13 
15 15 13 17 14 18 16 16 
15 22 15 24 16 24 16 22 
17 8 16 9 18 11 19 10 
17 17 22 17 22 9 17 9 
17 19 17 17 16 17 16 19 
18 15 21 18 22 17 19 14 
18 18 17 19 21 23 22 22 
18 22 18 23 21 23 21 22 
19 21 20 21 20 14 19 14 
20 19 21 20 22 19 21 18 
21 14 24 17 26 15 23 12 
21 25 22 25 22 23 21 23 
22 12 20 10 18 12 20 14 
22 21 25 24 26 23 23 20 
23 28 24 27 22 25 21 26 
24 19 24 17 22 17 22 19 
24 22 25 23 26 22 25 21 
25 22 25 23 26 23 26 22 
25 27 27 25 25 23 23 25 
26 24 25 24 25 27 26 27 
27 20 23 20 23 25 27 25 
11 11 13 13 15 11 13 9 
12 20 16 24 18 22 14 18 
13 23 14 23 14 20 13 20 
20 25 20 26 21 26 21 25 
22 28 23 28 23 25 22 25 
23 27 21 25 20 26 22 28 
24 21 22 21 22 22 24 22 
19 24 20 25 22 23 21 22 
19 25 19 24 16 24 16 25 
