59
8 15 11 18 15 14 12 11 
8 16 9 17 13 13 12 12 
8 19 12 23 13 22 9 18 
9 11 10 12 12 10 11 9 
9 22 10 23 14 19 13 18 
9 23 9 24 10 24 10 23 
10 11 10 12 12 12 12 11 
11 13 11 18 13 18 13 13 
11 21 11 18 9 18 9 21 
11 24 10 24 10 25 11 25 
11 26 14 26 14 25 11 25 
12 17 14 17 14 12 12 12 
12 22 11 21 9 23 10 24 
12 24 14 26 16 24 14 22 
12 25 11 24 10 25 11 26 
13 19 14 19 14 18 13 18 
13 23 13 22 12 22 12 23 
14 10 14 11 16 11 16 10 
14 20 15 19 14 18 13 19 
15 8 14 9 16 11 17 10 
15 16 15 19 16 19 16 16 
15 20 15 19 14 19 14 20 
15 24 16 24 16 20 15 20 
15 28 19 24 18 23 14 27 
16 21 17 20 16 19 15 20 
18 10 17 10 17 20 18 20 
18 21 18 23 25 23 25 21 
19 17 16 20 22 26 25 23 
19 20 19 24 23 24 23 20 
20 15 21 16 24 13 23 12 
20 21 22 19 21 18 19 20 
20 22 20 25 27 25 27 22 
21 12 21 13 23 13 23 12 
21 15 25 19 26 18 22 14 
21 19 21 26 22 26 22 19 
21 27 21 26 14 26 14 27 
22 8 15 8 15 14 22 14 
22 23 20 25 21 26 23 24 
23 16 21 16 21 18 23 18 
23 19 25 19 25 18 23 18 
23 27 26 27 26 24 23 24 
24 14 25 13 24 12 23 13 
24 20 25 21 26 20 25 19 
24 21 26 19 25 18 23 20 
24 28 27 25 26 24 23 27 
25 12 24 12 24 13 25 13 
25 20 26 20 26 19 25 19 
9 12 14 17 15 16 10 11 
10 17 10 12 9 12 9 17 
14 23 15 24 17 22 16 21 
17 11 18 10 17 9 16 10 
17 23 17 22 14 22 14 23 
20 13 20 15 21 15 21 13 
21 17 18 20 20 22 23 19 
22 28 23 27 22 26 21 27 
23 14 24 14 24 13 23 13 
23 28 23 27 22 27 22 28 
28 23 27 22 22 27 23 28 
18 11 20 13 21 12 19 10 
