65
3 16 10 23 16 17 9 10 
3 21 9 21 9 16 3 16 
6 18 9 21 17 13 14 10 
6 27 11 27 11 18 6 18 
9 24 15 24 15 21 9 21 
9 25 11 27 17 21 15 19 
10 9 9 9 9 10 10 10 
10 11 14 11 14 10 10 10 
10 16 10 17 12 17 12 16 
11 10 13 12 14 11 12 9 
11 16 10 17 11 18 12 17 
11 24 10 23 9 24 10 25 
11 25 13 27 17 23 15 21 
12 12 9 12 9 14 12 14 
12 23 14 25 15 24 13 22 
12 26 17 26 17 23 12 23 
13 13 19 19 22 16 16 10 
13 17 16 17 16 13 13 13 
15 17 12 14 10 16 13 19 
15 18 13 18 13 19 15 19 
15 25 19 25 19 24 15 24 
16 9 16 10 17 10 17 9 
16 19 18 19 18 17 16 17 
17 11 17 13 22 13 22 11 
17 15 18 15 18 14 17 14 
17 22 18 22 18 21 17 21 
17 27 18 27 18 26 17 26 
19 15 19 19 20 19 20 15 
19 21 18 22 22 26 23 25 
20 20 22 22 26 18 24 16 
20 22 20 27 21 27 21 22 
20 23 18 21 17 22 19 24 
20 25 19 24 17 26 18 27 
20 28 21 27 19 25 18 26 
21 10 17 14 18 15 22 11 
21 13 23 15 26 12 24 10 
21 16 23 18 24 17 22 15 
21 20 22 20 22 16 21 16 
22 19 26 23 27 22 23 18 
22 25 23 25 23 22 22 22 
22 29 24 27 22 25 20 27 
23 12 23 13 26 13 26 12 
23 16 24 16 24 15 23 15 
23 17 23 18 24 18 24 17 
24 12 23 13 25 15 26 14 
24 13 26 11 25 10 23 12 
24 20 26 20 26 18 24 18 
24 22 26 20 24 18 22 20 
24 26 25 26 25 25 24 25 
25 16 27 14 26 13 24 15 
25 17 26 17 26 16 25 16 
27 13 26 13 26 14 27 14 
27 24 26 23 24 25 25 26 
14 27 15 27 15 25 14 25 
18 16 19 15 18 14 17 15 
18 28 20 28 20 27 18 27 
19 18 21 16 20 15 18 17 
19 20 20 19 19 18 18 19 
20 21 20 20 19 20 19 21 
22 21 21 20 20 21 21 22 
23 26 23 27 24 27 24 26 
24 21 24 20 22 20 22 21 
27 21 24 21 24 22 27 22 
28 22 27 21 24 24 25 25 
28 24 28 22 27 22 27 24 
