48
7 23 11 27 15 23 11 19 
7 24 15 24 15 23 7 23 
9 11 9 17 10 17 10 11 
9 15 11 17 14 14 12 12 
9 22 13 26 15 24 11 20 
10 12 14 16 17 13 13 9 
10 15 14 19 15 18 11 14 
10 19 11 19 11 18 10 18 
11 16 14 16 14 14 11 14 
12 9 12 12 13 12 13 9 
13 20 13 19 11 19 11 20 
15 22 16 22 16 18 15 18 
15 27 16 27 16 24 15 24 
16 16 13 19 16 22 19 19 
16 21 14 19 13 20 15 22 
17 12 17 13 18 13 18 12 
17 22 20 25 21 24 18 21 
17 24 18 24 18 22 17 22 
18 11 17 12 18 13 19 12 
18 15 20 15 20 13 18 13 
18 25 20 25 20 24 18 24 
18 26 20 24 18 22 16 24 
18 27 23 27 23 26 18 26 
19 16 20 15 19 14 18 15 
19 17 19 18 23 18 23 17 
21 12 19 12 19 14 21 14 
22 12 18 16 19 17 23 13 
22 13 21 12 20 13 21 14 
23 9 23 10 24 10 24 9 
23 12 22 12 22 13 23 13 
24 11 25 10 24 9 23 10 
24 16 24 17 26 17 26 16 
24 19 23 18 17 24 18 25 
25 11 25 10 24 10 24 11 
25 19 24 19 24 22 25 22 
26 15 27 14 24 11 23 12 
26 18 24 16 23 17 25 19 
26 20 25 19 23 21 24 22 
9 18 10 19 11 18 10 17 
16 15 16 16 18 16 18 15 
16 17 18 15 12 9 10 11 
23 11 24 12 25 11 24 10 
23 20 26 20 26 18 23 18 
14 17 16 17 16 16 14 16 
18 20 18 21 23 21 23 20 
19 11 23 11 23 10 19 10 
18 10 17 11 18 12 19 11 
17 10 17 11 18 11 18 10 
