42
8 14 11 17 14 14 11 11 
8 17 9 18 11 16 10 15 
8 23 11 23 11 17 8 17 
11 10 11 11 12 11 12 10 
11 12 10 13 18 21 19 20 
11 24 9 22 8 23 10 25 
12 18 13 18 13 11 12 11 
12 19 14 21 15 20 13 18 
12 24 12 23 11 23 11 24 
13 10 12 11 17 16 18 15 
13 21 11 23 12 24 14 22 
13 22 14 22 14 21 13 21 
13 27 13 22 9 22 9 27 
14 10 13 11 15 13 16 12 
14 12 14 14 16 14 16 12 
14 26 16 26 16 22 14 22 
15 15 15 13 10 13 10 15 
15 22 17 24 22 19 20 17 
17 17 20 17 20 16 17 16 
18 12 17 13 20 16 21 15 
18 16 16 14 15 15 17 17 
18 18 17 19 23 25 24 24 
19 11 25 17 27 15 21 9 
20 18 16 22 20 26 24 22 
20 21 20 18 18 18 18 21 
20 27 25 27 25 26 20 26 
21 12 18 12 18 15 21 15 
21 19 17 19 17 22 21 22 
21 24 24 24 24 22 21 22 
22 9 22 15 27 15 27 9 
26 20 26 11 19 11 19 20 
26 25 26 24 24 24 24 25 
27 26 26 25 25 26 26 27 
8 19 12 23 13 22 9 18 
8 20 9 21 12 18 11 17 
9 19 12 19 12 18 9 18 
11 25 13 27 14 26 12 24 
20 25 21 24 18 21 17 22 
23 21 20 21 20 25 23 25 
10 24 10 25 11 25 11 24 
8 22 10 24 11 23 9 21 
8 26 9 27 11 25 10 24 
