66
6 21 10 25 14 21 10 17 
9 11 9 12 12 12 12 11 
9 14 9 15 12 15 12 14 
9 22 9 25 10 25 10 22 
10 10 9 11 11 13 12 12 
10 13 10 17 11 17 11 13 
10 16 12 14 11 13 9 15 
10 23 14 19 13 18 9 22 
11 10 9 12 10 13 12 11 
11 16 12 15 10 13 9 14 
11 23 12 24 16 20 15 19 
11 24 11 27 12 27 12 24 
12 19 14 19 14 15 12 15 
13 17 13 18 16 18 16 17 
14 12 15 13 16 12 15 11 
14 20 15 20 15 19 14 19 
14 24 16 26 17 25 15 23 
15 9 15 11 18 11 18 9 
15 12 15 11 14 11 14 12 
15 18 16 17 14 15 13 16 
15 26 15 27 16 27 16 26 
16 13 18 15 20 13 18 11 
16 22 16 20 15 20 15 22 
16 23 18 25 19 24 17 22 
17 7 15 9 21 15 23 13 
17 8 14 11 15 12 18 9 
17 18 16 19 20 23 21 22 
17 19 17 18 16 18 16 19 
17 23 17 22 16 22 16 23 
18 14 24 14 24 11 18 11 
18 16 19 16 19 15 18 15 
18 23 17 23 17 25 18 25 
19 17 22 17 22 16 19 16 
19 21 14 21 14 24 19 24 
19 25 20 25 20 24 19 24 
20 16 19 15 18 16 19 17 
20 19 24 19 24 18 20 18 
20 20 20 23 22 23 22 20 
22 21 24 19 22 17 20 19 
22 26 27 26 27 23 22 23 
23 9 20 12 24 16 27 13 
23 17 25 17 25 13 23 13 
23 22 22 23 26 27 27 26 
24 24 20 20 19 21 23 25 
25 12 27 10 26 9 24 11 
26 14 24 14 24 16 26 16 
26 20 24 18 22 20 24 22 
27 20 27 16 26 16 26 20 
8 24 9 25 11 23 10 22 
11 9 10 9 10 10 11 10 
11 22 11 23 15 23 15 22 
13 15 16 18 18 16 15 13 
14 25 16 23 15 22 13 24 
18 20 16 22 17 23 19 21 
20 9 20 12 23 12 23 9 
21 8 20 9 23 12 24 11 
21 19 23 17 22 16 20 18 
21 25 23 25 23 22 21 22 
13 25 14 25 14 24 13 24 
13 28 15 26 14 25 12 27 
13 29 15 27 13 25 11 27 
20 26 21 25 20 24 19 25 
21 7 17 7 17 8 21 8 
21 26 21 25 20 25 20 26 
10 28 13 28 13 25 10 25 
8 26 10 28 11 27 9 25 
