58
8 12 11 15 13 13 10 10 
8 15 11 15 11 12 8 12 
9 13 9 21 13 21 13 13 
10 13 16 19 17 18 11 12 
10 19 14 19 14 16 10 16 
10 22 9 23 12 26 13 25 
10 23 10 22 9 22 9 23 
12 16 11 15 10 16 11 17 
12 25 12 26 13 26 13 25 
13 17 15 19 16 18 14 16 
13 24 11 22 10 23 12 25 
14 21 15 21 15 19 14 19 
14 22 14 26 17 26 17 22 
14 31 19 26 14 21 9 26 
15 14 16 15 17 14 16 13 
15 18 16 18 16 15 15 15 
15 20 17 22 18 21 16 19 
15 24 18 24 18 21 15 21 
15 28 17 26 15 24 13 26 
16 12 15 12 15 13 16 13 
16 14 17 13 16 12 15 13 
16 20 20 20 20 19 16 19 
16 28 22 22 20 20 14 26 
17 11 22 11 22 10 17 10 
17 12 17 13 19 13 19 12 
17 15 17 18 19 18 19 15 
17 25 18 24 15 21 14 22 
17 27 19 27 19 26 17 26 
18 11 17 10 16 11 17 12 
18 14 19 15 20 14 19 13 
18 17 20 17 20 14 18 14 
19 16 18 17 19 18 20 17 
19 17 21 19 23 17 21 15 
19 23 22 23 22 22 19 22 
20 12 21 13 23 11 22 10 
20 18 23 18 23 17 20 17 
21 10 19 12 20 13 22 11 
21 12 21 13 23 13 23 12 
21 22 22 23 24 21 23 20 
21 28 26 23 25 22 20 27 
22 19 22 15 21 15 21 19 
22 27 26 27 26 23 22 23 
23 14 27 14 27 13 23 13 
23 21 24 21 24 20 23 20 
24 9 23 9 23 10 24 10 
24 12 27 12 27 10 24 10 
26 13 27 12 24 9 23 10 
26 14 27 13 25 11 24 12 
26 15 26 21 27 21 27 15 
26 24 27 23 24 20 23 21 
27 28 27 25 21 25 21 28 
29 17 27 15 19 23 21 25 
29 18 26 15 23 18 26 21 
10 26 14 22 13 21 9 25 
13 31 14 31 14 26 13 26 
16 16 17 15 16 14 15 15 
22 13 21 14 22 15 23 14 
10 25 9 25 9 26 10 26 
