37
8 18 15 25 17 23 10 16 
10 18 11 19 15 15 14 14 
11 14 11 19 14 19 14 14 
11 25 12 24 11 23 10 24 
12 13 12 15 15 15 15 13 
12 18 10 18 10 24 12 24 
13 14 15 16 19 12 17 10 
13 18 14 19 16 17 15 16 
13 25 11 25 11 27 13 27 
13 29 15 27 13 25 11 27 
14 22 14 25 15 25 15 22 
15 29 15 27 13 27 13 29 
16 15 16 17 17 17 17 15 
16 20 14 22 19 27 21 25 
16 21 15 22 18 25 19 24 
17 19 18 20 20 18 19 17 
17 28 22 23 19 20 14 25 
18 17 18 20 19 20 19 17 
18 21 18 20 16 20 16 21 
19 10 19 9 17 9 17 10 
19 18 26 25 27 24 20 17 
19 25 19 24 18 24 18 25 
19 28 19 27 17 27 17 28 
20 23 22 23 22 18 20 18 
21 11 19 9 15 13 17 15 
21 15 20 16 22 18 23 17 
21 17 21 25 23 25 23 17 
21 19 24 22 25 21 22 18 
22 24 27 24 27 23 22 23 
24 17 24 18 26 18 26 17 
25 15 25 11 21 11 21 15 
25 19 24 18 18 24 19 25 
25 20 19 20 19 21 25 21 
25 22 24 22 24 27 25 27 
25 23 24 22 22 24 23 25 
27 9 24 9 24 14 27 14 
13 17 13 18 16 18 16 17 
