32
7 27 13 33 20 26 14 20 
10 19 19 28 21 26 12 17 
10 33 13 33 13 19 10 19 
11 25 17 31 20 28 14 22 
15 16 15 19 20 19 20 16 
16 18 14 16 13 17 15 19 
18 13 17 12 14 15 15 16 
18 36 20 38 31 27 29 25 
19 26 19 28 20 28 20 26 
20 20 14 26 15 27 21 21 
20 22 20 20 14 20 14 22 
22 36 22 13 18 13 18 36 
23 13 23 34 28 34 28 13 
26 14 26 25 29 25 29 14 
26 15 27 16 29 14 28 13 
27 27 31 27 31 16 27 16 
28 35 34 35 34 34 28 34 
30 15 31 16 34 13 33 12 
30 33 21 24 19 26 28 35 
31 21 35 25 37 23 33 19 
31 38 33 38 33 27 31 27 
32 19 33 18 31 16 30 17 
32 31 17 31 17 37 32 37 
32 39 33 38 32 37 31 38 
35 30 36 30 36 27 35 27 
37 32 37 30 36 30 36 32 
38 28 35 25 33 27 36 30 
28 24 31 21 23 13 20 16 
30 21 26 25 32 31 36 27 
32 18 32 19 33 19 33 18 
32 33 34 35 37 32 35 30 
21 17 21 21 30 21 30 17 
