108
12 25 15 28 16 27 13 24 
12 32 12 35 14 35 14 32 
13 14 14 15 16 13 15 12 
13 15 13 16 14 16 14 15 
13 19 13 21 15 21 15 19 
13 22 13 24 14 24 14 22 
13 31 14 32 18 28 17 27 
14 14 13 15 14 16 15 15 
14 20 13 21 14 22 15 21 
14 25 16 25 16 24 14 24 
14 28 18 32 19 31 15 27 
14 36 13 37 14 38 15 37 
15 13 16 13 16 12 15 12 
15 16 14 15 13 16 14 17 
15 17 15 16 14 16 14 17 
15 32 18 32 18 28 15 28 
15 33 13 33 13 37 15 37 
16 15 18 15 18 13 16 13 
16 17 18 19 20 17 18 15 
16 18 19 21 20 20 17 17 
16 23 19 26 23 22 20 19 
16 36 17 36 17 27 16 27 
16 38 16 36 14 36 14 38 
17 18 17 17 16 17 16 18 
17 38 18 38 18 37 17 37 
17 39 18 38 17 37 16 38 
18 17 18 19 20 19 20 17 
18 21 18 24 19 24 19 21 
18 29 19 30 29 20 28 19 
19 15 16 12 15 13 18 16 
19 16 19 15 18 15 18 16 
19 22 33 36 36 33 22 19 
19 27 19 30 26 30 26 27 
20 26 20 24 19 24 19 26 
20 35 20 36 29 36 29 35 
21 13 21 14 28 14 28 13 
21 17 30 17 30 15 21 15 
21 22 18 19 16 21 19 24 
21 23 20 24 21 25 22 24 
21 31 25 31 25 25 21 25 
21 40 23 38 20 35 18 37 
22 20 22 19 20 19 20 20 
22 28 23 29 26 26 25 25 
22 38 23 38 23 29 22 29 
23 23 23 22 21 22 21 23 
23 33 25 31 23 29 21 31 
24 18 30 24 34 20 28 14 
24 20 22 20 22 24 24 24 
24 28 24 29 27 29 27 28 
25 26 26 27 29 24 28 23 
25 30 27 28 26 27 24 29 
25 35 23 33 20 36 22 38 
26 9 21 14 33 26 38 21 
26 34 28 34 28 30 26 30 
27 31 28 30 27 29 26 30 
28 32 33 37 35 35 30 30 
29 12 29 13 32 13 32 12 
29 16 29 14 28 14 28 16 
29 18 29 20 34 20 34 18 
29 21 30 22 34 18 33 17 
29 22 29 24 30 24 30 22 
29 25 31 27 32 26 30 24 
29 30 30 30 30 29 29 29 
29 37 33 37 33 36 29 36 
30 33 34 33 34 30 30 30 
30 36 35 31 34 30 29 35 
31 12 29 14 30 15 32 13 
31 13 28 16 34 22 37 19 
31 16 30 15 29 16 30 17 
31 18 32 19 37 14 36 13 
31 23 28 23 28 27 31 27 
32 16 36 16 36 13 32 13 
32 24 32 26 33 26 33 24 
33 23 37 27 38 26 34 22 
33 29 38 29 38 26 33 26 
33 34 34 33 30 29 29 30 
33 38 34 38 34 37 33 37 
34 36 36 36 36 33 34 33 
35 26 38 23 36 21 33 24 
36 19 37 19 37 16 36 16 
36 20 36 21 38 21 38 20 
38 38 38 36 36 36 36 38 
39 29 37 27 36 28 38 30 
39 30 39 29 38 29 38 30 
12 18 13 19 15 17 14 16 
12 28 14 28 14 25 12 25 
13 30 13 31 19 31 19 30 
14 34 15 33 14 32 13 33 
15 23 16 23 16 21 15 21 
15 25 16 24 15 23 14 24 
15 40 17 38 14 35 12 37 
16 39 17 39 17 38 16 38 
17 25 19 27 20 26 18 24 
17 30 15 28 13 30 15 32 
19 40 21 40 21 31 19 31 
20 16 21 17 22 16 21 15 
25 33 26 34 28 32 27 31 
27 24 27 25 29 25 29 24 
27 33 27 31 25 31 25 33 
30 19 31 18 30 17 29 18 
31 15 23 23 24 24 32 16 
32 17 30 17 30 19 32 19 
32 37 33 38 34 37 33 36 
36 40 38 38 36 36 34 38 
34 40 36 40 36 38 34 38 
33 41 34 40 30 36 29 37 
28 41 33 41 33 38 28 38 
21 34 28 41 32 37 25 30 
