107
8 30 15 37 20 32 13 25 
9 28 12 31 15 28 12 25 
11 22 16 27 19 24 14 19 
11 25 12 25 12 22 11 22 
11 32 15 36 16 35 12 31 
12 17 17 17 17 12 12 12 
12 32 14 34 15 33 13 31 
13 19 13 21 14 21 14 19 
13 22 15 24 16 23 14 21 
13 24 13 25 15 25 15 24 
13 27 12 27 12 31 13 31 
13 33 15 33 15 31 13 31 
14 31 16 33 19 30 17 28 
14 35 16 35 16 34 14 34 
15 17 16 18 17 17 16 16 
16 13 15 13 15 16 16 16 
16 15 15 16 22 23 23 22 
16 19 18 21 21 18 19 16 
16 37 19 37 19 35 16 35 
17 18 21 18 21 17 17 17 
17 19 17 18 16 18 16 19 
17 22 17 24 19 24 19 22 
17 25 15 25 15 28 17 28 
17 30 19 30 19 28 17 28 
17 32 17 36 20 36 20 32 
17 33 19 35 24 30 22 28 
18 16 24 22 26 20 20 14 
18 18 17 19 22 24 23 23 
18 25 18 27 25 27 25 25 
18 36 19 37 20 36 19 35 
19 14 17 12 16 13 18 15 
19 15 18 15 18 16 19 16 
19 33 22 33 22 30 19 30 
20 13 25 18 26 17 21 12 
20 23 20 24 22 24 22 23 
20 25 18 27 19 28 21 26 
21 22 23 22 23 18 21 18 
21 30 24 33 29 28 26 25 
21 36 22 37 25 34 24 33 
21 38 21 36 20 36 20 38 
22 13 20 13 20 14 22 14 
22 16 37 16 37 14 22 14 
22 35 22 34 21 34 21 35 
22 39 23 38 22 37 21 38 
23 20 25 22 27 20 25 18 
23 25 22 24 15 31 16 32 
23 30 23 33 24 33 24 30 
24 18 24 22 25 22 25 18 
24 23 24 22 23 22 23 23 
24 28 28 28 28 26 24 26 
24 34 24 38 25 38 25 34 
25 37 22 34 21 35 24 38 
26 15 26 17 32 17 32 15 
26 23 31 28 34 25 29 20 
26 26 25 25 24 26 25 27 
26 28 25 27 24 28 25 29 
26 29 32 35 37 30 31 24 
26 31 26 36 30 36 30 31 
27 15 30 18 33 15 30 12 
27 18 27 20 29 20 29 18 
27 21 29 23 32 20 30 18 
27 25 28 26 29 25 28 24 
27 27 29 27 29 25 27 25 
27 35 25 33 24 34 26 36 
27 39 30 36 29 35 26 38 
28 30 29 30 29 28 28 28 
29 24 29 23 28 23 28 24 
29 36 35 30 29 24 23 30 
30 17 32 19 34 17 32 15 
30 24 31 25 34 22 33 21 
30 25 31 25 31 24 30 24 
30 29 29 30 30 31 31 30 
31 19 31 20 32 20 32 19 
31 26 34 26 34 25 31 25 
31 33 35 33 35 30 31 30 
32 18 34 18 34 17 32 17 
32 32 32 35 34 35 34 32 
32 37 33 36 32 35 31 36 
33 17 32 18 33 19 34 18 
33 31 29 27 28 28 32 32 
33 37 34 37 34 36 33 36 
33 38 33 37 32 37 32 38 
34 20 34 22 37 22 37 20 
35 19 33 19 33 21 35 21 
35 20 36 21 37 20 36 19 
35 25 36 25 36 21 35 21 
35 35 32 32 31 33 34 36 
35 39 36 38 34 36 33 37 
36 20 35 19 34 20 35 21 
36 30 37 30 37 25 36 25 
36 35 36 33 35 33 35 35 
37 24 32 19 31 20 36 25 
37 29 38 28 35 25 34 26 
37 31 36 30 34 32 35 33 
11 31 11 32 12 32 12 31 
13 23 11 25 13 27 15 25 
14 22 17 19 16 18 13 21 
14 23 14 22 13 22 13 23 
18 26 22 30 24 28 20 24 
19 32 21 30 19 28 17 30 
19 39 22 39 22 37 19 37 
24 24 26 24 26 23 24 23 
25 24 26 23 25 22 24 23 
25 30 26 30 26 29 25 29 
26 21 27 21 27 20 26 20 
27 14 26 15 29 18 30 17 
18 38 19 39 20 38 19 37 
