52
8 19 12 23 16 19 12 15 
9 23 13 27 21 19 17 15 
9 27 12 27 12 23 9 23 
11 32 14 35 28 21 25 18 
11 35 14 35 14 32 11 32 
12 21 17 21 17 15 12 15 
13 36 13 27 12 27 12 36 
14 14 14 22 22 22 22 14 
14 25 23 34 27 30 18 21 
14 33 16 35 22 29 20 27 
15 33 14 32 11 35 12 36 
16 33 16 35 19 35 19 33 
16 39 17 38 14 35 13 36 
17 26 17 24 13 24 13 26 
18 26 17 26 17 38 18 38 
18 35 19 36 23 32 22 31 
19 17 30 17 30 15 19 15 
20 21 20 27 28 27 28 21 
21 13 21 19 27 19 27 13 
21 35 19 35 19 36 21 36 
22 24 22 29 29 29 29 24 
22 32 22 34 23 34 23 32 
22 35 13 26 12 27 21 36 
22 39 23 38 21 36 20 37 
23 15 24 16 27 13 26 12 
24 20 22 22 29 29 31 27 
25 32 36 32 36 31 25 31 
26 20 34 28 35 27 27 19 
26 24 31 29 36 24 31 19 
26 32 31 37 34 34 29 29 
27 26 28 27 30 25 29 24 
27 38 27 34 23 34 23 38 
29 37 31 37 31 29 29 29 
30 12 29 13 33 17 34 16 
31 16 30 15 29 16 30 17 
32 12 32 13 33 13 33 12 
33 25 33 17 30 17 30 25 
34 14 34 16 38 16 38 14 
34 19 34 16 31 16 31 19 
34 23 37 23 37 19 34 19 
35 21 31 21 31 27 35 27 
35 28 34 28 34 34 35 34 
36 39 36 35 22 35 22 39 
39 21 37 19 35 21 37 23 
13 31 18 26 14 22 9 27 
14 39 16 39 16 35 14 35 
16 36 18 38 21 35 19 33 
20 16 22 14 21 13 19 15 
20 20 24 20 24 16 20 16 
23 35 26 32 25 31 22 34 
27 17 28 18 33 13 32 12 
32 25 35 28 37 26 34 23 
