39
8 21 15 28 19 24 12 17 
8 28 15 28 15 21 8 21 
10 24 12 26 14 24 12 22 
10 30 14 30 14 24 10 24 
12 31 21 31 21 26 12 26 
13 32 16 29 15 28 12 31 
13 34 15 36 23 28 21 26 
13 35 14 36 26 24 25 23 
14 17 12 17 12 20 14 20 
14 33 24 33 24 30 14 30 
17 14 15 16 28 29 30 27 
17 23 15 21 8 28 10 30 
17 27 14 30 18 34 21 31 
17 34 18 34 18 27 17 27 
17 35 17 34 13 34 13 35 
18 21 23 26 27 22 22 17 
18 23 18 21 17 21 17 23 
18 36 23 36 23 34 18 34 
19 19 19 24 26 24 26 19 
19 29 16 29 16 37 19 37 
19 30 23 34 24 33 20 29 
19 35 18 34 17 35 18 36 
23 38 24 38 24 36 23 36 
24 34 26 36 29 33 27 31 
25 33 24 33 24 34 25 34 
26 27 26 36 30 36 30 27 
27 23 29 23 29 22 27 22 
27 27 24 30 30 36 33 33 
28 15 26 17 34 25 36 23 
29 24 29 33 32 33 32 24 
31 13 15 13 15 16 31 16 
33 38 33 33 32 33 32 38 
36 24 24 36 26 38 38 26 
37 15 37 12 28 12 28 15 
37 26 37 31 38 31 38 26 
38 19 38 14 33 14 33 19 
41 27 33 19 29 23 37 31 
20 15 20 29 28 29 28 15 
36 21 38 19 33 14 31 16 
