54
9 23 14 28 18 24 13 19 
10 30 15 35 19 31 14 26 
12 29 16 33 19 30 15 26 
12 33 16 33 16 29 12 29 
13 34 18 34 18 25 13 25 
14 22 14 26 15 26 15 22 
14 29 22 37 26 33 18 25 
14 32 17 35 18 34 15 31 
14 37 19 37 19 32 14 32 
15 30 15 31 19 31 19 30 
16 18 29 18 29 16 16 16 
17 20 15 18 13 20 15 22 
17 30 19 32 31 20 29 18 
17 40 22 35 19 32 14 37 
18 11 16 13 20 17 22 15 
18 19 31 19 31 13 18 13 
18 21 21 21 21 20 18 20 
19 17 20 17 20 15 19 15 
19 33 20 34 21 33 20 32 
21 17 19 15 16 18 18 20 
21 23 21 33 26 33 26 23 
22 20 23 21 31 13 30 12 
22 23 24 25 26 23 24 21 
23 17 23 21 24 21 24 17 
24 28 27 31 31 27 28 24 
24 32 24 28 20 28 20 32 
25 29 25 38 30 38 30 29 
25 43 30 38 24 32 19 37 
27 27 27 31 31 31 31 27 
27 37 33 37 33 36 27 36 
28 14 28 17 35 17 35 14 
28 21 24 21 24 24 28 24 
28 26 34 26 34 24 28 24 
29 12 24 17 28 21 33 16 
30 30 31 31 35 27 34 26 
31 41 35 37 31 33 27 37 
32 20 32 19 31 19 31 20 
32 31 37 26 35 24 30 29 
32 33 32 31 31 31 31 33 
34 16 31 19 32 20 35 17 
34 27 35 27 35 26 34 26 
35 23 32 20 31 21 34 24 
35 35 31 31 29 33 33 37 
37 21 37 17 35 17 35 21 
42 27 27 12 18 21 33 36 
42 35 42 27 35 27 35 35 
43 34 35 26 34 27 42 35 
6 30 12 36 20 28 14 22 
13 24 17 24 17 20 13 20 
15 40 17 40 17 35 15 35 
18 18 21 21 22 20 19 17 
25 23 24 24 27 27 28 26 
29 41 31 41 31 33 29 33 
31 23 35 23 35 21 31 21 
