61
10 28 16 34 20 30 14 24 
13 14 13 20 26 20 26 14 
15 16 14 17 23 26 24 25 
15 17 15 16 14 16 14 17 
15 34 16 34 16 29 15 29 
16 25 14 27 16 29 18 27 
16 40 19 37 16 34 13 37 
17 25 21 29 22 28 18 24 
17 27 17 29 18 29 18 27 
17 30 21 34 22 33 18 29 
17 33 18 33 18 30 17 30 
17 40 17 34 16 34 16 40 
18 21 18 24 19 24 19 21 
18 34 18 35 21 35 21 34 
19 34 18 33 17 34 18 35 
20 25 19 26 22 29 23 28 
20 29 20 30 21 30 21 29 
21 11 15 17 19 21 25 15 
21 26 23 26 23 21 21 21 
22 35 21 35 21 36 22 36 
23 22 26 25 36 15 33 12 
23 25 22 24 17 29 18 30 
23 27 24 28 27 25 26 24 
23 29 23 28 22 28 22 29 
23 32 24 31 22 29 21 30 
24 24 24 25 26 25 26 24 
25 17 25 15 22 15 22 17 
26 21 25 21 25 22 26 22 
26 28 26 29 27 29 27 28 
26 32 26 29 23 29 23 32 
27 21 26 20 25 21 26 22 
27 31 24 28 23 29 26 32 
27 32 26 32 26 37 27 37 
28 13 28 22 31 22 31 13 
29 19 36 19 36 15 29 15 
30 31 31 32 33 30 32 29 
30 32 30 38 31 38 31 32 
32 12 32 21 33 21 33 12 
32 22 31 22 31 29 32 29 
33 23 32 22 26 28 27 29 
33 25 33 23 27 23 27 25 
35 26 36 25 32 21 31 22 
35 27 35 26 23 26 23 27 
36 29 32 29 32 32 36 32 
37 31 28 22 27 23 36 32 
40 32 35 27 30 32 35 37 
13 19 15 17 14 16 12 18 
16 23 16 25 17 25 17 23 
17 17 21 21 25 17 21 13 
18 25 19 24 17 22 16 23 
20 35 21 36 22 35 21 34 
21 18 25 22 26 21 22 17 
22 22 22 17 17 17 17 22 
25 23 23 21 22 22 24 24 
29 32 30 31 27 28 26 29 
30 16 30 31 37 31 37 16 
32 14 31 13 29 15 30 16 
40 31 37 31 37 32 40 32 
12 13 12 18 21 18 21 13 
15 24 16 23 13 20 12 21 
15 27 15 24 14 24 14 27 
