160
8 34 12 38 17 33 13 29 
8 38 12 38 12 34 8 34 
11 20 12 21 14 19 13 18 
12 14 12 16 13 16 13 14 
12 18 13 19 14 18 13 17 
12 19 13 19 13 18 12 18 
12 20 20 28 21 27 13 19 
12 25 14 25 14 24 12 24 
12 26 13 27 15 25 14 24 
12 27 12 28 13 28 13 27 
13 13 15 13 15 12 13 12 
13 15 15 17 17 15 15 13 
13 24 12 25 13 26 14 25 
13 30 15 30 15 29 13 29 
13 35 14 34 13 33 12 34 
14 27 14 28 15 28 15 27 
14 29 15 28 14 27 13 28 
14 31 15 30 14 29 13 30 
14 36 14 35 13 35 13 36 
14 37 15 36 14 35 13 36 
15 19 21 25 26 20 20 14 
15 21 12 21 12 22 15 22 
15 33 15 36 17 36 17 33 
15 37 15 36 14 36 14 37 
16 15 18 17 20 15 18 13 
16 16 15 16 15 17 16 17 
16 18 18 18 18 17 16 17 
16 20 16 27 20 27 20 20 
16 26 15 27 17 29 18 28 
16 34 16 31 14 31 14 34 
17 12 16 12 16 15 17 15 
17 18 18 19 19 18 18 17 
17 23 22 23 22 22 17 22 
17 28 17 29 18 29 18 28 
17 30 18 29 17 28 16 29 
17 31 19 33 22 30 20 28 
18 14 18 15 20 15 20 14 
18 23 22 19 21 18 17 22 
18 33 16 35 17 36 19 34 
18 35 18 34 16 34 16 35 
19 19 19 18 18 18 18 19 
19 25 19 26 21 26 21 25 
19 30 17 30 17 31 19 31 
19 36 23 36 23 34 19 34 
19 37 19 36 18 36 18 37 
20 25 19 26 20 27 21 26 
20 29 19 30 21 32 22 31 
20 31 22 31 22 30 20 30 
20 33 20 31 19 31 19 33 
21 15 21 18 22 18 22 15 
21 17 19 19 20 20 22 18 
21 28 22 28 22 27 21 27 
21 29 21 28 20 28 20 29 
21 33 22 32 20 30 19 31 
21 38 21 33 20 33 20 38 
21 39 26 34 25 33 20 38 
22 24 25 24 25 23 22 23 
22 26 23 27 26 24 25 23 
22 29 24 29 24 28 22 28 
22 34 21 33 18 36 19 37 
22 35 23 34 21 32 20 33 
22 38 26 38 26 37 22 37 
22 39 22 38 21 38 21 39 
23 28 22 27 21 28 22 29 
23 29 24 28 23 27 22 28 
23 32 23 31 22 31 22 32 
23 38 22 37 21 38 22 39 
24 12 23 12 23 15 24 15 
24 25 26 27 27 26 25 24 
24 30 27 30 27 29 24 29 
25 11 24 12 29 17 30 16 
25 14 23 12 22 13 24 15 
25 22 27 24 29 22 27 20 
25 26 23 26 23 27 25 27 
25 31 26 32 28 30 27 29 
26 15 26 17 28 17 28 15 
26 21 27 21 27 20 26 20 
26 22 27 23 28 22 27 21 
26 23 26 24 27 24 27 23 
26 31 26 27 25 27 25 31 
27 27 28 27 28 26 27 26 
27 31 28 31 28 30 27 30 
27 32 27 31 26 31 26 32 
27 36 27 33 25 33 25 36 
29 10 26 13 28 15 31 12 
29 12 29 13 31 13 31 12 
29 19 30 20 31 19 30 18 
29 20 29 22 30 22 30 20 
29 27 35 27 35 24 29 24 
29 28 27 30 28 31 30 29 
29 30 29 31 30 31 30 30 
29 32 30 33 31 32 30 31 
29 35 30 36 32 34 31 33 
30 14 29 13 21 21 22 22 
30 15 28 17 31 20 33 18 
30 32 29 31 27 33 28 34 
30 38 36 38 36 36 30 36 
31 17 33 17 33 13 31 13 
31 18 28 15 26 17 29 20 
31 28 33 30 35 28 33 26 
31 29 30 30 32 32 33 31 
31 31 30 31 30 32 31 32 
31 34 32 34 32 33 31 33 
31 35 31 34 29 34 29 35 
32 14 35 17 36 16 33 13 
32 15 32 14 30 14 30 15 
32 19 31 19 31 20 32 20 
32 22 36 22 36 20 32 20 
32 25 32 22 30 22 30 25 
32 28 34 26 30 22 28 24 
32 29 32 28 31 28 31 29 
32 31 32 32 33 32 33 31 
32 35 34 35 34 34 32 34 
32 40 36 36 34 34 30 38 
33 14 32 15 34 17 35 16 
33 21 36 18 35 17 32 20 
33 23 33 26 34 26 34 23 
33 34 32 33 31 34 32 35 
34 16 34 17 35 17 35 16 
34 18 34 17 33 17 33 18 
34 22 33 21 32 22 33 23 
34 31 33 30 32 31 33 32 
35 18 36 18 36 17 35 17 
35 30 35 28 33 28 33 30 
36 19 35 18 29 24 30 25 
36 21 34 23 35 24 37 22 
36 23 36 27 38 27 38 23 
36 29 35 30 36 31 37 30 
36 30 35 30 35 31 36 31 
36 37 37 36 35 34 34 35 
37 18 36 18 36 19 37 19 
37 21 38 20 37 19 36 20 
37 26 36 27 37 28 38 27 
11 15 12 16 13 15 12 14 
11 19 11 20 12 20 12 19 
13 31 15 33 17 31 15 29 
14 13 13 14 15 16 16 15 
15 18 14 18 14 19 15 19 
15 26 16 27 19 24 18 23 
16 19 17 18 16 17 15 18 
20 39 21 38 19 36 18 37 
21 24 23 26 24 25 22 23 
24 32 25 31 24 30 23 31 
24 34 26 34 26 32 24 32 
25 21 25 22 26 22 26 21 
25 28 24 29 26 31 27 30 
25 34 27 36 29 34 27 32 
25 37 26 38 29 35 28 34 
28 19 29 19 29 17 28 17 
28 28 29 27 28 26 27 27 
28 32 29 32 29 31 28 31 
29 33 30 33 30 32 29 32 
30 17 30 18 31 18 31 17 
31 40 32 40 32 35 31 35 
12 39 20 39 20 38 12 38 
14 26 15 26 15 25 14 25 
19 21 19 24 21 24 21 21 
20 22 21 21 20 20 19 21 
30 41 31 40 27 36 26 37 
26 41 30 41 30 38 26 38 
