35
8 27 16 35 22 29 14 21 
8 33 21 33 21 27 8 27 
13 28 19 34 27 26 21 20 
14 13 14 21 19 21 19 13 
14 16 12 18 17 23 19 21 
14 26 18 30 21 27 17 23 
16 32 12 32 12 35 16 35 
17 12 17 23 20 23 20 12 
18 15 18 17 27 17 27 15 
19 24 21 24 21 21 19 21 
19 26 14 26 14 34 19 34 
19 35 21 33 18 30 16 32 
20 25 21 24 20 23 19 24 
21 34 25 34 25 33 21 33 
21 35 21 34 19 34 19 35 
22 25 18 29 25 36 29 32 
22 30 26 26 21 21 17 25 
23 17 24 16 20 12 19 13 
24 20 27 17 26 16 23 19 
26 20 26 16 24 16 24 20 
27 20 26 20 26 26 27 26 
28 18 28 20 32 20 32 18 
29 13 27 15 28 16 30 14 
29 36 30 37 37 30 36 29 
30 17 27 20 30 23 33 20 
32 30 34 28 26 20 24 22 
32 34 30 34 30 37 32 37 
33 30 33 20 32 20 32 30 
36 25 22 25 22 29 36 29 
36 30 37 30 37 29 36 29 
36 32 29 32 29 36 36 36 
37 35 32 30 31 31 36 36 
13 33 14 34 16 32 15 31 
35 31 32 34 33 35 36 32 
35 12 31 12 31 31 35 31 
