84
11 30 12 31 15 28 14 27 
11 34 12 35 14 33 13 32 
12 12 12 16 14 16 14 12 
13 16 15 18 17 16 15 14 
13 20 15 20 15 18 13 18 
14 10 12 12 15 15 17 13 
14 19 13 18 12 19 13 20 
14 22 26 34 28 32 16 20 
14 23 12 23 12 27 14 27 
14 28 17 31 23 25 20 22 
14 30 15 30 15 28 14 28 
14 32 13 32 13 33 14 33 
15 22 15 25 20 25 20 22 
15 35 16 34 14 32 13 33 
16 18 16 19 19 19 19 18 
16 31 17 31 17 27 16 27 
16 33 16 34 21 34 21 33 
17 14 21 14 21 13 17 13 
17 17 15 15 14 16 16 18 
17 22 12 27 15 30 20 25 
17 26 22 31 28 25 23 20 
17 33 18 32 17 31 16 32 
18 27 18 32 28 32 28 27 
18 31 16 33 19 36 21 34 
18 36 20 38 23 35 21 33 
18 43 25 36 20 31 13 38 
19 33 21 35 23 33 21 31 
19 37 19 36 18 36 18 37 
20 18 19 19 24 24 25 23 
20 19 29 19 29 18 20 18 
20 20 20 19 19 19 19 20 
20 27 22 29 31 20 29 18 
21 16 19 18 20 19 22 17 
21 17 21 16 17 16 17 17 
21 29 22 29 22 17 21 17 
22 28 24 30 26 28 24 26 
22 30 22 31 24 31 24 30 
23 22 23 25 27 25 27 22 
23 28 23 33 26 33 26 28 
23 34 21 34 21 35 23 35 
24 12 21 15 23 17 26 14 
24 17 28 21 31 18 27 14 
24 20 24 17 23 17 23 20 
25 24 28 27 30 25 27 22 
25 26 25 24 24 24 24 26 
26 15 26 14 21 14 21 15 
27 16 27 21 28 21 28 16 
27 17 29 19 30 18 28 16 
27 32 25 30 24 31 26 33 
27 41 33 35 30 32 24 38 
28 22 28 25 30 25 30 22 
29 17 33 17 33 14 29 14 
29 25 30 26 34 22 33 21 
29 28 32 31 35 28 32 25 
29 29 35 29 35 28 29 28 
29 30 29 31 32 31 32 30 
29 33 26 33 26 34 29 34 
30 15 30 18 31 18 31 15 
31 22 34 22 34 20 31 20 
31 24 31 35 33 35 33 24 
32 26 32 25 30 25 30 26 
32 32 35 29 32 26 29 29 
33 19 33 21 36 21 36 19 
33 37 36 34 34 32 31 35 
35 18 31 22 32 23 36 19 
35 27 30 22 27 25 32 30 
35 30 35 32 36 32 36 30 
36 12 32 16 33 17 37 13 
36 31 35 30 34 31 35 32 
37 12 36 12 36 13 37 13 
37 14 38 13 37 12 36 13 
38 14 38 13 37 13 37 14 
38 27 38 18 35 18 35 27 
39 15 38 14 33 19 34 20 
12 21 14 23 15 22 13 20 
12 28 14 30 17 27 15 25 
13 24 16 27 17 26 14 23 
14 21 14 19 12 19 12 21 
15 31 12 31 12 35 15 35 
19 22 24 17 21 14 16 19 
20 29 20 31 21 31 21 29 
22 23 23 22 20 19 19 20 
24 14 21 17 24 20 27 17 
28 17 30 15 29 14 27 16 
