121
9 18 15 24 18 21 12 15 
10 21 17 28 19 26 12 19 
10 22 18 22 18 21 10 21 
11 34 14 37 15 36 12 33 
11 36 12 37 20 29 19 28 
12 17 15 17 15 15 12 15 
12 27 13 28 14 27 13 26 
13 20 13 25 16 25 16 20 
13 27 13 28 14 28 14 27 
14 16 15 17 16 16 15 15 
14 33 12 33 12 37 14 37 
15 14 15 13 14 13 14 14 
15 19 19 19 19 17 15 17 
15 27 15 29 20 29 20 27 
15 30 19 34 21 32 17 28 
15 33 16 34 19 31 18 30 
15 34 11 34 11 36 15 36 
15 37 18 37 18 36 15 36 
16 12 15 13 19 17 20 16 
16 13 16 16 19 16 19 13 
16 24 17 25 19 23 18 22 
16 26 20 30 21 29 17 25 
16 31 16 34 19 34 19 31 
17 16 18 15 16 13 15 14 
17 19 21 23 23 21 19 17 
17 26 17 25 16 25 16 26 
17 29 16 28 15 29 16 30 
18 26 19 26 19 23 18 23 
18 28 18 26 17 26 17 28 
18 32 20 32 20 30 18 30 
18 38 20 38 20 37 18 37 
19 24 25 30 27 28 21 22 
19 25 20 26 21 25 20 24 
19 37 21 35 20 34 18 36 
19 39 20 38 19 37 18 38 
20 14 24 14 24 13 20 13 
20 15 19 16 24 21 25 20 
21 13 20 12 19 13 20 14 
21 16 21 17 23 17 23 16 
21 20 21 22 25 22 25 20 
21 30 22 30 22 29 21 29 
21 34 21 32 20 32 20 34 
21 37 22 37 22 35 21 35 
22 28 25 31 28 28 25 25 
22 31 23 30 22 29 21 30 
22 33 25 36 26 35 23 32 
23 14 21 12 20 13 22 15 
23 15 21 17 30 26 32 24 
23 24 20 24 20 26 23 26 
23 29 23 30 25 30 25 29 
23 31 23 30 22 30 22 31 
23 35 26 35 26 32 23 32 
24 16 28 16 28 14 24 14 
24 17 23 17 23 21 24 21 
24 27 28 23 27 22 23 26 
24 28 25 29 26 28 25 27 
24 31 29 36 30 35 25 30 
24 32 22 34 23 35 25 33 
25 14 29 18 31 16 27 12 
25 28 25 27 24 27 24 28 
25 34 25 33 22 33 22 34 
25 38 27 38 27 36 25 36 
26 16 28 14 26 12 24 14 
26 22 26 28 27 28 27 22 
26 39 27 38 26 37 25 38 
27 21 28 22 33 17 32 16 
27 31 28 31 28 28 27 28 
28 25 28 23 25 23 25 25 
28 32 27 31 26 32 27 33 
28 36 29 36 29 32 28 32 
28 37 29 38 30 37 29 36 
28 39 28 37 26 37 26 39 
29 19 28 19 28 22 29 22 
30 12 29 13 31 15 32 14 
30 15 30 16 31 16 31 15 
30 27 30 28 32 28 32 27 
31 18 34 21 36 19 33 16 
31 23 31 22 29 22 29 23 
31 33 31 34 33 34 33 33 
31 38 31 36 29 36 29 38 
32 15 32 16 33 16 33 15 
32 18 32 16 31 16 31 18 
32 21 31 22 36 27 37 26 
32 29 33 29 33 28 32 28 
32 32 33 33 35 31 34 30 
32 36 32 38 37 38 37 36 
34 12 34 15 37 15 37 12 
34 22 37 22 37 21 34 21 
34 24 35 25 38 22 37 21 
34 26 34 30 37 30 37 26 
34 31 32 29 29 32 31 34 
34 33 35 33 35 31 34 31 
34 36 33 35 32 36 33 37 
35 24 35 25 38 25 38 24 
35 27 34 26 32 28 33 29 
35 28 36 28 36 27 35 27 
35 40 37 38 33 34 31 36 
36 17 36 16 33 16 33 17 
36 20 38 20 38 19 36 19 
36 35 36 34 33 34 33 35 
38 29 36 27 35 28 37 30 
39 18 37 16 36 17 38 19 
39 32 37 30 34 33 36 35 
12 24 15 24 15 19 12 19 
14 19 18 23 21 20 17 16 
14 24 13 25 15 27 16 26 
14 30 15 30 15 29 14 29 
16 18 15 19 16 20 17 19 
18 14 18 15 20 15 20 14 
19 36 20 37 22 35 21 34 
20 36 20 34 19 34 19 36 
21 33 23 31 22 30 20 32 
27 30 30 27 28 25 25 28 
28 30 31 33 32 32 29 29 
32 22 32 24 34 24 34 22 
33 13 36 16 37 15 34 12 
33 21 32 22 33 23 34 22 
13 29 14 30 15 29 14 28 
14 18 16 18 16 16 14 16 
33 18 32 18 32 21 33 21 
11 23 15 19 14 18 10 22 
