48
10 24 22 36 25 33 13 21 
11 20 14 23 19 18 16 15 
12 24 13 25 20 18 19 17 
13 22 13 25 21 25 21 22 
15 35 16 36 33 19 32 18 
15 38 24 29 23 28 14 37 
16 13 16 15 17 15 17 13 
16 16 16 17 19 17 19 16 
18 11 16 13 19 16 21 14 
19 27 17 27 17 28 19 28 
19 35 15 35 15 38 19 38 
20 15 20 16 28 16 28 15 
20 17 19 17 19 18 20 18 
21 26 28 26 28 25 21 25 
22 24 21 25 33 37 34 36 
22 29 22 36 24 36 24 29 
23 10 16 17 21 22 28 15 
23 23 23 12 14 12 14 23 
24 12 20 16 24 20 28 16 
25 19 25 14 21 14 21 19 
25 31 25 33 36 33 36 31 
26 16 29 19 33 15 30 12 
27 17 27 19 29 19 29 17 
27 22 27 19 25 19 25 22 
28 17 31 20 34 17 31 14 
29 25 33 25 33 19 29 19 
30 14 31 14 31 12 30 12 
30 23 23 23 23 28 30 28 
31 27 29 25 28 26 30 28 
31 32 29 32 29 34 31 34 
33 12 32 13 36 17 37 16 
33 14 31 14 31 15 33 15 
33 16 37 16 37 15 33 15 
34 21 36 21 36 17 34 17 
34 23 34 36 37 36 37 23 
34 27 29 32 31 34 36 29 
35 12 35 13 38 13 38 12 
35 18 35 13 32 13 32 18 
35 23 29 17 27 19 33 25 
10 30 12 30 12 24 10 24 
12 28 19 35 28 26 21 19 
13 13 16 16 17 15 14 12 
14 25 17 28 28 17 25 14 
24 27 31 27 31 20 24 20 
27 20 25 22 28 25 30 23 
27 30 34 23 31 20 24 27 
38 22 27 22 27 30 38 30 
21 40 29 32 27 30 19 38 
