44
12 17 18 23 19 22 13 16 
12 25 14 25 14 21 12 21 
13 15 17 19 18 18 14 14 
13 23 17 23 17 19 13 19 
14 31 14 37 16 37 16 31 
15 32 18 35 19 34 16 31 
15 34 12 34 12 36 15 36 
15 38 16 37 15 36 14 37 
16 14 12 18 13 19 17 15 
16 20 13 23 18 28 21 25 
16 21 25 21 25 20 16 20 
17 12 13 12 13 15 17 15 
17 18 22 23 25 20 20 15 
17 24 30 37 31 36 18 23 
17 25 17 29 21 29 21 25 
18 12 18 18 31 18 31 12 
18 24 18 23 17 23 17 24 
18 30 30 30 30 28 18 28 
18 36 15 36 15 38 18 38 
19 16 19 17 28 17 28 16 
19 29 18 28 17 29 18 30 
20 38 30 28 29 27 19 37 
21 24 32 35 33 34 22 23 
22 28 18 24 17 25 21 29 
24 31 24 35 32 35 32 31 
28 24 38 24 38 17 28 17 
29 14 29 16 32 16 32 14 
29 19 32 22 35 19 32 16 
29 25 35 25 35 19 29 19 
30 16 32 18 34 16 32 14 
30 19 31 18 29 16 28 17 
30 26 33 23 32 22 29 25 
30 34 19 34 19 37 30 37 
31 22 32 22 32 18 31 18 
31 29 30 30 34 34 35 33 
33 31 33 34 34 34 34 31 
34 21 38 17 37 16 33 20 
36 34 36 37 37 37 37 34 
37 14 34 14 34 16 37 16 
39 32 36 29 34 31 37 34 
17 17 12 17 12 18 17 18 
17 37 18 38 19 37 18 36 
21 36 31 36 31 29 21 29 
23 23 26 26 28 24 25 21 
