113
8 26 12 30 18 24 14 20 
10 14 13 17 15 15 12 12 
10 17 12 17 12 14 10 14 
10 22 12 24 16 20 14 18 
10 29 15 29 15 22 10 22 
10 30 12 32 15 29 13 27 
10 32 12 32 12 30 10 30 
11 16 12 17 15 14 14 13 
11 18 15 22 16 21 12 17 
11 20 14 20 14 18 11 18 
12 26 14 26 14 24 12 24 
12 31 18 37 19 36 13 30 
12 34 14 32 12 30 10 32 
13 14 13 15 15 15 15 14 
13 28 18 28 18 27 13 27 
14 12 12 12 12 13 14 13 
14 21 16 21 16 20 14 20 
14 34 14 32 12 32 12 34 
14 35 14 36 19 36 19 35 
15 30 20 30 20 29 15 29 
15 35 14 36 16 38 17 37 
16 12 15 13 18 16 19 15 
16 13 16 12 15 12 15 13 
16 22 17 22 17 21 16 21 
16 31 19 28 18 27 15 30 
17 13 16 13 16 16 17 16 
17 19 18 19 18 16 17 16 
17 33 18 34 21 31 20 30 
17 34 17 37 18 37 18 34 
18 22 19 21 18 20 17 21 
18 23 16 23 16 24 18 24 
18 30 20 28 16 24 14 26 
19 13 19 15 26 15 26 13 
19 18 19 15 15 15 15 18 
19 23 26 23 26 21 19 21 
19 37 20 37 20 36 19 36 
20 21 23 24 26 21 23 18 
20 24 20 28 21 28 21 24 
21 10 19 12 24 17 26 15 
21 16 31 16 31 12 21 12 
21 20 21 19 18 19 18 20 
21 27 22 28 24 26 23 25 
21 29 21 31 30 31 30 29 
21 32 21 36 22 36 22 32 
22 14 22 17 24 17 24 14 
22 26 22 27 24 27 24 26 
22 37 21 36 20 37 21 38 
23 22 23 24 24 24 24 22 
23 33 22 32 19 35 20 36 
24 37 29 37 29 33 24 33 
25 4 16 13 26 23 35 14 
25 12 21 16 22 17 26 13 
25 13 24 14 30 20 31 19 
25 21 24 22 27 25 28 24 
25 32 31 38 36 33 30 27 
25 38 31 32 30 31 24 37 
26 18 25 17 19 23 20 24 
26 25 23 22 21 24 24 27 
26 32 25 32 25 38 26 38 
27 13 27 14 30 14 30 13 
27 23 26 23 26 25 27 25 
28 18 33 18 33 17 28 17 
28 19 28 18 26 18 26 19 
28 21 28 24 29 24 29 21 
28 34 31 37 32 36 29 33 
29 16 28 17 32 21 33 20 
29 28 34 28 34 25 29 25 
30 21 33 18 31 16 28 19 
30 24 29 25 33 29 34 28 
30 37 30 38 31 38 31 37 
31 13 30 14 33 17 34 16 
31 21 30 20 29 21 30 22 
31 22 33 24 34 23 32 21 
31 24 31 23 30 23 30 24 
31 39 32 38 31 37 30 38 
31 42 35 38 25 28 21 32 
32 19 31 19 31 21 32 21 
32 24 33 24 33 21 32 21 
32 26 32 24 31 24 31 26 
32 27 34 25 33 24 31 26 
32 34 34 36 37 33 35 31 
32 39 32 38 31 38 31 39 
33 32 33 29 31 29 31 32 
34 19 36 21 38 19 36 17 
34 22 33 21 31 23 32 24 
34 30 34 33 36 33 36 30 
35 19 38 19 38 14 35 14 
35 23 35 25 37 25 37 23 
35 26 35 28 36 28 36 26 
35 30 32 27 30 29 33 32 
36 23 37 22 36 21 35 22 
36 24 35 25 36 26 37 25 
37 27 38 27 38 25 37 25 
37 37 37 33 36 33 36 37 
38 31 35 31 35 38 38 38 
41 28 38 25 35 28 38 31 
9 28 10 29 16 23 15 22 
16 17 18 19 19 18 17 16 
17 24 21 28 22 27 18 23 
20 34 28 34 28 30 20 30 
24 30 26 32 28 30 26 28 
24 38 28 34 26 32 22 36 
25 25 25 28 26 28 26 25 
28 36 32 36 32 34 28 34 
29 22 30 23 31 22 30 21 
30 25 31 24 30 23 29 24 
31 33 28 36 29 37 32 34 
35 27 36 28 37 27 36 26 
13 16 13 17 16 17 16 16 
22 38 24 38 24 37 22 37 
23 31 24 30 22 28 21 29 
21 39 22 38 20 36 19 37 
21 42 31 42 31 39 21 39 
