119
10 16 12 18 14 16 12 14 
10 17 12 17 12 16 10 16 
12 15 14 17 16 15 14 13 
12 22 15 22 15 19 12 19 
12 26 12 27 15 27 15 26 
12 33 12 34 13 34 13 33 
13 16 14 16 14 13 13 13 
13 23 16 20 15 19 12 22 
13 24 14 25 16 23 15 22 
13 28 15 26 14 25 12 27 
13 29 14 30 15 29 14 28 
14 14 12 16 14 18 16 16 
14 24 13 24 13 25 14 25 
14 29 14 28 13 28 13 29 
15 18 14 17 12 19 13 20 
15 28 18 28 18 27 15 27 
15 30 15 29 14 29 14 30 
15 38 18 38 18 30 15 30 
16 17 16 16 14 16 14 17 
16 21 16 23 20 23 20 21 
16 24 16 29 20 29 20 24 
16 26 14 24 13 25 15 27 
16 28 18 30 22 26 20 24 
16 31 15 30 12 33 13 34 
17 15 17 13 16 13 16 15 
17 26 15 28 16 29 18 27 
17 32 22 37 25 34 20 29 
17 39 18 38 13 33 12 34 
18 15 22 19 25 16 21 12 
18 18 22 22 25 19 21 15 
18 22 22 22 22 19 18 19 
18 23 20 21 18 19 16 21 
18 25 21 28 23 26 20 23 
18 35 20 37 23 34 21 32 
19 15 21 15 21 12 19 12 
19 18 19 15 18 15 18 18 
20 34 23 34 23 29 20 29 
20 36 20 34 13 34 13 36 
21 20 25 24 26 23 22 19 
21 21 25 21 25 20 21 20 
21 23 27 29 28 28 22 22 
21 24 25 24 25 23 21 23 
21 31 21 32 24 32 24 31 
21 39 21 32 17 32 17 39 
22 9 19 12 27 20 30 17 
22 20 24 22 25 21 23 19 
22 28 23 29 29 23 28 22 
22 32 24 30 23 29 21 31 
22 36 20 36 20 37 22 37 
23 16 23 19 25 19 25 16 
23 22 22 22 22 26 23 26 
23 37 22 36 20 38 21 39 
23 39 27 35 24 32 20 36 
24 15 29 15 29 14 24 14 
24 19 25 20 30 15 29 14 
24 34 25 34 25 32 24 32 
25 13 24 14 30 20 31 19 
25 26 25 30 30 30 30 26 
26 13 26 20 27 20 27 13 
26 27 29 27 29 23 26 23 
26 31 25 30 24 31 25 32 
26 35 26 37 27 37 27 35 
26 39 26 37 23 37 23 39 
27 25 27 29 33 29 33 25 
27 33 30 36 32 34 29 31 
27 36 26 37 27 38 28 37 
28 14 29 13 28 12 27 13 
28 21 28 22 34 22 34 21 
28 25 27 24 25 26 26 27 
28 31 29 31 29 28 28 28 
28 33 28 31 27 31 27 33 
28 35 28 37 33 37 33 35 
28 38 28 37 27 37 27 38 
29 17 30 17 30 15 29 15 
29 30 28 31 31 34 32 33 
30 14 29 15 32 18 33 17 
30 23 33 20 31 18 28 21 
30 34 31 34 31 30 30 30 
30 40 32 38 30 36 28 38 
31 15 31 18 32 18 32 15 
31 20 31 23 32 23 32 20 
31 24 31 23 30 23 30 24 
31 36 30 36 30 38 31 38 
32 19 36 19 36 18 32 18 
32 26 33 25 31 23 30 24 
32 30 33 29 30 26 29 27 
33 14 36 17 37 16 34 13 
33 16 36 16 36 14 33 14 
33 19 32 20 34 22 35 21 
33 24 35 22 34 21 32 23 
33 27 30 30 32 32 35 29 
33 28 31 26 29 28 31 30 
33 33 35 33 35 29 33 29 
33 34 33 33 32 33 32 34 
34 28 35 28 35 22 34 22 
34 30 32 30 32 32 34 32 
34 36 33 35 32 36 33 37 
34 38 34 36 32 36 32 38 
35 17 36 18 37 17 36 16 
35 38 38 38 38 33 35 33 
36 26 38 26 38 19 36 19 
36 30 34 32 35 33 37 31 
37 18 38 18 38 17 37 17 
37 20 38 19 37 18 36 19 
37 27 38 26 37 25 36 26 
38 31 35 28 28 35 31 38 
39 37 35 33 34 34 38 38 
3 27 13 37 22 28 12 18 
14 15 16 17 18 15 16 13 
16 33 13 36 15 38 18 35 
17 35 21 31 18 28 14 32 
21 26 21 28 22 28 22 26 
23 36 24 36 24 34 23 34 
28 36 30 38 32 36 30 34 
28 40 30 40 30 38 28 38 
32 24 31 24 31 26 32 26 
35 20 35 21 37 21 37 20 
36 29 36 30 38 30 38 29 
32 17 35 20 36 19 33 16 
