141
11 32 12 33 13 32 12 31 
11 36 13 36 13 32 11 32 
12 18 12 21 13 21 13 18 
12 19 18 25 19 24 13 18 
12 24 12 25 13 25 13 24 
12 30 17 35 19 33 14 28 
13 17 16 20 18 18 15 15 
13 23 12 24 13 25 14 24 
13 31 13 30 12 30 12 31 
13 37 17 37 17 36 13 36 
13 38 13 37 12 37 12 38 
14 11 13 12 16 15 17 14 
14 13 14 14 17 14 17 13 
14 15 13 15 13 17 14 17 
14 23 17 20 15 18 12 21 
14 27 16 29 17 28 15 26 
14 31 14 33 19 33 19 31 
14 35 14 33 12 33 12 35 
14 37 13 36 12 37 13 38 
15 22 15 26 16 26 16 22 
15 31 16 32 18 30 17 29 
16 18 16 15 15 15 15 18 
16 27 20 27 20 26 16 26 
16 28 16 27 14 27 14 28 
17 15 20 15 20 14 17 14 
17 16 17 18 18 18 18 16 
17 21 16 22 20 26 21 25 
17 32 16 32 16 35 17 35 
17 39 18 38 17 37 16 38 
18 15 17 16 22 21 23 20 
18 26 21 23 16 18 13 21 
19 13 17 15 18 16 20 14 
19 14 20 13 19 12 18 13 
19 18 24 18 24 17 19 17 
19 21 19 20 17 20 17 21 
19 23 14 23 14 24 19 24 
19 26 20 27 21 26 20 25 
19 28 14 33 16 35 21 30 
19 29 19 28 17 28 17 29 
19 36 19 37 20 37 20 36 
19 39 19 37 17 37 17 39 
20 12 19 12 19 13 20 13 
20 23 20 25 21 25 21 23 
20 28 24 32 25 31 21 27 
20 30 19 31 20 32 21 31 
20 31 20 32 21 32 21 31 
20 33 22 35 23 34 21 32 
21 13 21 15 23 15 23 13 
21 28 20 28 20 30 21 30 
21 34 21 37 23 37 23 34 
21 35 23 37 26 34 24 32 
21 38 21 37 20 37 20 38 
22 17 20 15 17 18 19 20 
22 25 22 32 24 32 24 25 
23 11 21 13 23 15 25 13 
23 19 25 21 26 20 24 18 
23 22 24 22 24 21 23 21 
23 23 22 23 22 24 23 24 
23 26 24 25 23 24 22 25 
23 27 23 26 21 26 21 27 
23 30 25 28 23 26 21 28 
23 36 22 35 20 37 21 38 
25 20 25 21 26 21 26 20 
25 22 26 21 25 20 24 21 
25 25 25 28 26 28 26 25 
25 30 25 31 27 31 27 30 
26 18 27 19 28 18 27 17 
26 24 24 22 23 23 25 25 
26 27 28 29 29 28 27 26 
26 35 26 36 27 36 27 35 
27 14 24 17 29 22 32 19 
27 15 32 15 32 14 27 14 
27 21 30 24 31 23 28 20 
27 24 27 21 26 21 26 24 
27 25 27 26 28 26 28 25 
27 43 33 37 27 31 21 37 
28 12 28 16 30 16 30 12 
28 17 28 16 27 16 27 17 
28 33 26 35 27 36 29 34 
28 34 27 35 29 37 30 36 
28 37 29 37 29 34 28 34 
29 15 30 16 32 14 31 13 
29 18 29 17 28 17 28 18 
29 25 29 28 32 28 32 25 
30 17 37 17 37 16 30 16 
30 22 32 22 32 19 30 19 
30 23 29 22 27 24 28 25 
30 26 35 26 35 24 30 24 
30 29 30 26 28 26 28 29 
30 33 32 35 34 33 32 31 
30 43 30 36 27 36 27 43 
31 17 35 21 37 19 33 15 
31 25 33 27 37 23 35 21 
31 28 34 31 38 27 35 24 
32 12 31 12 31 13 32 13 
32 30 32 31 34 31 34 30 
32 32 34 30 32 28 30 30 
33 14 34 14 34 13 33 13 
33 21 33 27 34 27 34 21 
33 24 32 25 34 27 35 26 
34 12 33 13 34 14 35 13 
34 34 32 34 32 35 34 35 
34 36 37 36 37 35 34 35 
35 18 35 19 37 19 37 18 
35 30 35 32 38 32 38 30 
36 17 37 16 34 13 33 14 
36 19 37 18 36 17 35 18 
36 30 32 34 34 36 38 32 
36 31 34 31 34 33 36 33 
37 22 32 22 32 23 37 23 
37 32 36 31 35 32 36 33 
38 23 37 23 37 24 38 24 
38 26 33 21 32 22 37 27 
40 20 37 17 35 19 38 22 
43 29 38 24 32 30 37 35 
17 27 19 29 20 28 18 26 
18 35 20 33 16 29 14 31 
18 37 19 36 18 35 17 36 
20 16 19 17 22 20 23 19 
21 16 21 15 20 15 20 16 
21 22 22 23 23 22 22 21 
22 19 22 20 23 20 23 19 
23 38 28 38 28 37 23 37 
24 24 25 24 25 22 24 22 
25 27 26 28 28 26 27 25 
26 23 25 24 26 25 27 24 
27 32 32 32 32 31 27 31 
28 14 27 15 28 16 29 15 
28 30 28 33 30 33 30 30 
29 23 30 23 30 22 29 22 
30 18 31 17 30 16 29 17 
31 14 32 15 33 14 32 13 
35 22 37 20 36 19 34 21 
36 23 37 24 38 23 37 22 
37 26 37 27 38 27 38 26 
40 19 37 19 37 20 40 20 
15 27 16 28 17 27 16 26 
18 21 20 23 21 22 19 20 
20 41 23 38 17 32 14 35 
30 13 27 16 28 17 31 14 
18 41 20 41 20 38 18 38 
