62
9 22 12 25 22 15 19 12 
9 30 16 30 16 22 9 22 
12 28 12 34 20 34 20 28 
13 27 24 27 24 23 13 23 
14 18 14 19 16 19 16 18 
14 24 16 22 15 21 13 23 
14 26 13 27 16 30 17 29 
14 32 14 33 16 33 16 32 
16 34 19 37 24 32 21 29 
17 22 17 29 21 29 21 22 
18 15 14 19 17 22 21 18 
18 17 22 17 22 15 18 15 
18 23 19 24 21 22 20 21 
19 26 30 26 30 24 19 24 
19 30 16 33 18 35 21 32 
19 32 19 37 21 37 21 32 
19 33 20 34 26 28 25 27 
20 10 18 12 27 21 29 19 
20 19 20 21 22 21 22 19 
21 10 20 10 20 18 21 18 
21 30 25 34 28 31 24 27 
22 9 21 10 25 14 26 13 
22 32 22 38 24 38 24 32 
23 35 23 34 20 34 20 35 
24 16 33 25 35 23 26 14 
24 21 19 26 25 32 30 27 
24 22 24 21 22 21 22 22 
24 36 23 35 21 37 22 38 
25 13 25 14 26 14 26 13 
25 19 25 14 23 14 23 19 
26 19 28 21 32 17 30 15 
26 20 26 19 25 19 25 20 
27 23 25 23 25 27 27 27 
27 28 30 28 30 27 27 27 
27 34 25 32 23 34 25 36 
27 36 27 34 25 34 25 36 
27 37 29 37 29 36 27 36 
27 38 27 37 25 37 25 38 
28 26 30 24 27 21 25 23 
29 27 30 28 31 27 30 26 
30 32 34 36 35 35 31 31 
31 25 31 27 33 27 33 25 
31 28 30 28 30 31 31 31 
32 23 27 28 30 31 35 26 
32 26 33 27 34 26 33 25 
33 28 33 32 38 32 38 28 
34 23 32 23 32 26 34 26 
34 31 31 31 31 36 34 36 
34 41 38 37 33 32 29 36 
35 37 37 37 37 35 35 35 
36 16 36 22 37 22 37 16 
37 38 38 38 38 37 37 37 
40 25 37 22 31 28 34 31 
43 23 36 16 31 21 38 28 
43 26 43 23 35 23 35 26 
10 31 18 23 17 22 9 30 
14 36 16 34 14 32 12 34 
19 27 20 28 25 23 24 22 
23 16 22 17 25 20 26 19 
23 36 25 38 27 36 25 34 
28 28 29 27 28 26 27 27 
28 32 30 32 30 31 28 31 
