37
8 22 18 32 22 28 12 18 
8 27 22 27 22 22 8 22 
15 17 15 31 21 31 21 17 
16 32 33 15 32 14 15 31 
17 25 16 26 21 31 22 30 
17 30 22 30 22 28 17 28 
18 8 13 13 22 22 27 17 
18 21 18 32 19 32 19 21 
20 29 22 27 16 21 14 23 
22 36 24 34 21 31 19 33 
23 15 23 27 32 27 32 15 
23 22 24 23 28 19 27 18 
24 31 21 31 21 34 24 34 
24 37 27 34 24 31 21 34 
25 17 25 18 27 18 27 17 
26 25 32 31 36 27 30 21 
27 37 27 34 24 34 24 37 
28 12 19 21 29 31 38 22 
28 18 28 19 31 19 31 18 
28 38 30 36 29 35 27 37 
30 26 30 32 37 32 37 26 
30 33 30 32 19 32 19 33 
32 35 32 31 29 31 29 35 
33 11 28 16 31 19 36 14 
33 22 38 22 38 15 33 15 
33 36 37 32 36 31 32 35 
34 13 30 13 30 21 34 21 
34 15 31 18 34 21 37 18 
38 25 34 21 33 22 37 26 
43 29 38 24 30 32 35 37 
21 12 21 16 28 16 28 12 
23 19 25 17 23 15 21 17 
26 24 26 25 38 25 38 24 
32 11 30 13 32 15 34 13 
33 14 33 11 32 11 32 14 
33 33 30 33 30 36 33 36 
19 14 21 16 23 14 21 12 
