156
11 16 14 19 16 17 13 14 
11 17 13 19 18 14 16 12 
11 27 14 30 15 29 12 26 
11 28 13 30 14 29 12 27 
12 12 12 13 13 13 13 12 
12 14 17 19 18 18 13 13 
12 19 13 19 13 14 12 14 
12 25 15 28 16 27 13 24 
12 28 12 27 11 27 11 28 
12 32 13 33 15 31 14 30 
12 38 18 38 18 32 12 32 
13 20 14 20 14 19 13 19 
13 23 13 24 14 24 14 23 
13 25 13 24 12 24 12 25 
13 26 16 26 16 25 13 25 
13 29 13 30 14 30 14 29 
14 28 15 28 15 24 14 24 
14 31 15 31 15 30 14 30 
15 16 17 16 17 14 15 14 
15 17 15 16 11 16 11 17 
15 27 16 26 14 24 13 25 
15 34 16 35 19 32 18 31 
15 39 20 34 18 32 13 37 
16 15 16 17 19 17 19 15 
16 33 13 33 13 35 16 35 
16 36 20 36 20 35 16 35 
16 37 16 36 13 36 13 37 
17 22 15 24 16 25 18 23 
17 23 14 20 13 21 16 24 
17 29 17 28 15 28 15 29 
17 38 20 35 19 34 16 37 
18 15 19 14 18 13 17 14 
18 16 19 17 20 16 19 15 
18 19 18 23 19 23 19 19 
18 30 19 29 18 28 17 29 
18 34 16 36 18 38 20 36 
19 13 18 13 18 14 19 14 
19 18 21 18 21 17 19 17 
19 27 21 29 22 28 20 26 
19 28 19 29 21 29 21 28 
19 33 19 34 20 34 20 33 
20 14 21 14 21 13 20 13 
20 17 18 15 17 16 19 18 
20 20 22 18 21 17 19 19 
20 21 20 24 22 24 22 21 
20 22 19 23 20 24 21 23 
20 25 21 26 24 23 23 22 
20 27 21 28 22 27 21 26 
20 31 20 32 28 32 28 31 
20 39 21 38 20 37 19 38 
21 19 22 19 22 18 21 18 
21 20 19 18 18 19 20 21 
21 22 21 23 23 23 23 22 
21 25 20 25 20 26 21 26 
21 27 22 27 22 26 21 26 
21 34 23 36 24 35 22 33 
21 36 21 38 23 38 23 36 
22 11 20 13 21 14 23 12 
22 29 24 29 24 28 22 28 
23 15 21 13 20 14 22 16 
23 16 21 18 22 19 24 17 
23 25 24 25 24 23 23 23 
23 30 27 34 28 33 24 29 
23 32 25 34 28 31 26 29 
24 16 23 16 23 17 24 17 
24 19 27 19 27 17 24 17 
24 20 25 21 27 19 26 18 
24 22 23 23 25 25 26 24 
24 26 25 26 25 25 24 25 
24 27 25 28 26 27 25 26 
24 33 24 35 28 35 28 33 
24 38 27 38 27 36 24 36 
25 14 25 15 26 15 26 14 
25 17 26 16 25 15 24 16 
25 20 25 21 28 21 28 20 
26 26 26 27 28 27 28 26 
26 30 28 28 26 26 24 28 
26 35 27 36 28 35 27 34 
27 28 25 28 25 34 27 34 
28 15 28 16 30 16 30 15 
28 18 28 16 26 16 26 18 
28 22 28 25 31 25 31 22 
28 29 30 31 33 28 31 26 
28 30 28 29 26 29 26 30 
28 37 34 37 34 36 28 36 
28 39 28 37 20 37 20 39 
29 16 28 15 24 19 25 20 
29 17 28 16 27 17 28 18 
29 18 30 19 31 18 30 17 
29 20 31 20 31 18 29 18 
29 21 29 23 32 23 32 21 
29 26 32 23 31 22 28 25 
29 28 29 27 28 27 28 28 
29 30 33 30 33 28 29 28 
29 38 28 37 27 38 28 39 
30 21 31 20 30 19 29 20 
30 22 29 21 28 22 29 23 
30 24 28 26 29 27 31 25 
30 32 34 28 32 26 28 30 
30 33 31 34 33 32 32 31 
30 42 34 38 28 32 24 36 
31 17 31 16 30 16 30 17 
31 27 31 29 37 29 37 27 
32 14 30 16 31 17 33 15 
32 25 31 25 31 26 32 26 
32 28 31 29 37 35 38 34 
32 32 33 33 37 29 36 28 
32 33 33 33 33 32 32 32 
32 35 32 33 30 33 30 35 
33 17 37 17 37 15 33 15 
33 18 33 17 32 17 32 18 
33 20 32 21 33 22 34 21 
33 23 34 23 34 22 33 22 
33 26 34 25 33 24 32 25 
33 35 34 36 35 35 34 34 
34 13 33 12 30 15 31 16 
34 20 33 20 33 21 34 21 
34 24 35 23 34 22 33 23 
34 30 35 30 35 28 34 28 
34 31 36 33 37 32 35 30 
34 33 32 35 34 37 36 35 
35 19 33 17 32 18 34 20 
35 24 34 24 34 25 35 25 
35 26 37 26 37 25 35 25 
35 33 35 35 36 35 36 33 
35 36 35 37 37 37 37 36 
36 36 35 37 36 38 37 37 
36 39 38 37 37 36 35 38 
37 20 34 23 35 24 38 21 
38 32 38 29 37 29 37 32 
40 24 38 22 35 25 37 27 
12 21 13 21 13 20 12 20 
15 22 13 20 12 21 14 23 
15 23 17 23 17 22 15 22 
16 13 15 14 16 15 17 14 
17 18 18 18 18 16 17 16 
19 26 19 27 20 27 20 26 
19 30 20 31 22 29 21 28 
19 31 19 30 18 30 18 31 
20 19 20 20 21 20 21 19 
21 33 22 33 22 29 21 29 
22 20 24 20 24 19 22 19 
22 30 21 29 19 31 20 32 
23 27 24 26 23 25 22 26 
27 41 33 35 30 32 24 38 
29 41 29 38 27 38 27 41 
31 28 33 30 35 28 33 26 
31 36 32 35 31 34 30 35 
32 24 33 24 33 23 32 23 
33 31 34 31 34 30 33 30 
33 34 34 34 34 33 33 33 
35 39 36 39 36 38 35 38 
18 27 19 28 20 27 19 26 
23 26 23 27 24 27 24 26 
17 27 18 27 18 23 17 23 
20 23 23 26 24 25 21 22 
