117
10 20 18 28 21 25 13 17 
11 26 13 28 14 27 12 25 
11 30 15 34 17 32 13 28 
12 19 12 24 16 24 16 19 
12 30 12 26 11 26 11 30 
12 31 12 35 14 35 14 31 
12 36 12 37 14 37 14 36 
13 21 13 27 14 27 14 21 
13 29 12 30 16 34 17 33 
13 36 14 37 15 36 14 35 
14 13 17 13 17 12 14 12 
14 15 19 20 22 17 17 12 
14 17 12 19 14 21 16 19 
14 29 14 28 13 28 13 29 
14 39 15 38 14 37 13 38 
15 23 12 26 13 27 16 24 
15 24 18 27 21 24 18 21 
15 35 16 35 16 34 15 34 
16 14 14 12 12 14 14 16 
16 21 18 23 26 15 24 13 
16 25 21 25 21 24 16 24 
16 36 16 38 17 38 17 36 
17 15 21 15 21 13 17 13 
17 16 17 15 14 15 14 16 
17 17 22 22 23 21 18 16 
17 29 17 31 21 31 21 29 
17 35 16 34 15 35 16 36 
18 17 18 16 17 16 17 17 
18 20 22 16 21 15 17 19 
18 30 17 31 20 34 21 33 
18 34 20 34 20 30 18 30 
18 40 20 38 18 36 16 38 
19 17 18 17 18 20 19 20 
20 28 21 29 22 28 21 27 
20 36 20 38 22 38 22 36 
21 32 17 32 17 33 21 33 
21 35 21 34 20 34 20 35 
21 36 22 35 21 34 20 35 
21 37 22 36 21 35 20 36 
21 39 21 37 14 37 14 39 
22 14 22 16 24 16 24 14 
22 21 23 21 23 17 22 17 
22 26 28 26 28 22 22 22 
22 30 26 30 26 28 22 28 
23 20 19 16 18 17 22 21 
23 31 22 30 21 31 22 32 
23 32 24 33 25 32 24 31 
23 34 22 34 22 35 23 35 
24 12 24 13 25 13 25 12 
24 17 33 17 33 16 24 16 
24 32 25 32 25 31 24 31 
25 11 24 12 25 13 26 12 
25 18 32 18 32 13 25 13 
25 24 30 29 34 25 29 20 
25 25 21 25 21 27 25 27 
25 29 26 30 27 29 26 28 
25 33 24 32 22 34 23 35 
26 18 29 21 32 18 29 15 
26 19 32 13 31 12 25 18 
26 32 27 32 27 31 26 31 
26 33 26 32 25 32 25 33 
27 15 27 20 29 20 29 15 
27 27 25 27 25 29 27 29 
27 28 32 33 34 31 29 26 
27 36 35 36 35 32 27 32 
29 24 29 26 32 26 32 24 
29 25 28 26 30 28 31 27 
29 35 30 34 27 31 26 32 
30 24 31 23 29 21 28 22 
30 30 35 30 35 29 30 29 
31 26 29 24 24 29 26 31 
31 40 35 36 32 33 28 37 
32 14 33 15 34 14 33 13 
32 19 32 20 34 20 34 19 
32 21 32 20 29 20 29 21 
32 28 35 28 35 26 32 26 
32 31 32 33 33 33 33 31 
33 14 34 14 34 13 33 13 
33 23 34 23 34 22 33 22 
33 25 32 24 31 25 32 26 
34 24 35 23 34 22 33 23 
35 14 33 16 34 17 36 15 
35 20 34 19 32 21 33 22 
35 24 34 24 34 25 35 25 
35 31 32 28 30 30 33 33 
36 14 35 14 35 15 36 15 
36 21 34 23 35 24 37 22 
36 31 35 32 36 33 37 32 
36 32 36 33 37 33 37 32 
36 37 36 33 33 33 33 37 
37 20 37 22 38 22 38 20 
38 34 37 33 33 37 34 38 
40 20 35 15 33 17 38 22 
41 22 33 14 27 20 35 28 
41 33 41 22 38 22 38 33 
10 34 12 36 17 31 15 29 
11 36 12 37 13 36 12 35 
13 16 13 17 14 17 14 16 
20 22 25 27 32 20 27 15 
20 27 18 27 18 28 20 28 
20 31 16 35 17 36 21 32 
22 31 22 32 23 32 23 31 
23 11 21 13 22 14 24 12 
23 23 25 25 28 22 26 20 
23 33 24 33 24 32 23 32 
24 19 24 20 26 20 26 19 
24 37 25 37 25 33 24 33 
25 19 26 18 24 16 23 17 
26 37 27 38 28 37 27 36 
28 33 26 33 26 37 28 37 
29 23 29 21 23 21 23 23 
31 30 30 29 27 32 28 33 
36 30 35 30 35 31 36 31 
37 34 38 34 38 33 37 33 
40 34 41 33 37 29 36 30 
7 28 13 34 20 27 14 21 
10 29 10 34 13 34 13 29 
