30
13 20 20 20 20 14 13 14 
13 34 20 34 20 26 13 26 
16 13 14 15 20 21 22 19 
16 19 22 19 22 13 16 13 
16 23 15 24 25 34 26 33 
16 29 22 23 21 22 15 28 
17 32 16 31 13 34 14 35 
19 22 17 22 17 32 19 32 
19 25 20 26 26 20 25 19 
22 29 22 23 16 23 16 29 
22 36 24 36 24 29 22 29 
23 17 20 14 17 17 20 20 
24 37 36 37 36 36 24 36 
25 24 32 17 30 15 23 22 
25 28 25 24 15 24 15 28 
25 35 33 35 33 34 25 34 
26 13 26 20 27 20 27 13 
26 21 26 20 20 20 20 21 
26 25 26 26 28 26 28 25 
26 27 27 28 29 26 28 25 
27 37 25 35 24 36 26 38 
28 31 29 31 29 26 28 26 
30 23 27 20 26 21 29 24 
30 28 28 26 20 34 22 36 
30 30 29 31 33 35 34 34 
31 23 31 15 30 15 30 23 
32 22 32 17 23 17 23 22 
14 33 26 33 26 27 14 27 
18 23 24 29 25 28 19 22 
27 23 27 28 30 28 30 23 
