50
12 25 13 26 18 21 17 20 
13 12 12 12 12 19 13 19 
14 20 14 24 17 24 17 20 
15 13 22 20 23 19 16 12 
15 28 20 33 25 28 20 23 
15 29 18 29 18 28 15 28 
16 13 25 13 25 12 16 12 
16 22 14 20 12 22 14 24 
16 25 16 22 12 22 12 25 
16 28 15 29 18 32 19 31 
17 21 23 27 28 22 22 16 
18 33 20 33 20 32 18 32 
19 23 20 23 20 22 19 22 
19 26 19 31 32 31 32 26 
19 35 21 33 20 32 18 34 
19 36 33 36 33 35 19 35 
20 30 22 30 22 23 20 23 
21 27 21 33 23 33 23 27 
22 7 16 13 28 25 34 19 
22 14 22 16 34 16 34 14 
22 17 22 20 36 20 36 17 
22 24 24 22 22 20 20 22 
22 32 23 33 33 23 32 22 
22 39 29 32 26 29 19 36 
23 21 31 21 31 19 23 19 
23 24 24 24 24 22 23 22 
24 23 23 22 22 23 23 24 
24 35 29 30 23 24 18 29 
28 15 28 22 32 22 32 15 
28 28 28 30 29 30 29 28 
28 32 28 30 22 30 22 32 
30 18 31 19 34 16 33 15 
33 30 38 30 38 25 33 25 
33 32 33 30 29 30 29 32 
33 39 33 38 22 38 22 39 
34 17 37 14 35 12 32 15 
34 31 33 30 32 31 33 32 
34 32 35 31 31 27 30 28 
35 15 33 15 33 23 35 23 
35 24 34 24 34 31 35 31 
35 25 36 24 35 23 34 24 
35 32 38 32 38 31 35 31 
36 12 34 14 35 15 37 13 
37 31 38 30 33 25 32 26 
37 36 33 32 32 33 36 37 
38 14 37 14 37 22 38 22 
40 16 38 14 34 18 36 20 
13 20 12 21 16 25 17 24 
34 36 38 32 37 31 33 35 
35 36 35 32 34 32 34 36 
