132
11 14 12 15 14 13 13 12 
11 16 15 20 16 19 12 15 
11 26 12 27 13 26 12 25 
11 33 13 33 13 26 11 26 
12 17 16 17 16 15 12 15 
12 19 12 21 13 21 13 19 
12 23 12 25 15 25 15 23 
12 28 15 28 15 27 12 27 
12 34 13 33 12 32 11 33 
14 20 13 21 15 23 16 22 
14 23 13 22 12 23 13 24 
14 31 12 31 12 32 14 32 
15 16 16 17 17 16 16 15 
15 30 15 33 16 33 16 30 
15 35 17 37 18 36 16 34 
16 13 16 12 14 12 14 13 
16 16 17 15 14 12 13 13 
16 20 16 19 15 19 15 20 
16 21 13 21 13 22 16 22 
16 29 20 25 19 24 15 28 
16 39 20 35 19 34 15 38 
17 17 15 19 16 20 18 18 
17 20 18 21 21 18 20 17 
17 22 16 23 17 24 18 23 
17 23 18 23 18 22 17 22 
17 25 15 27 18 30 20 28 
17 27 15 25 12 28 14 30 
17 31 16 30 14 32 15 33 
17 32 15 30 14 31 16 33 
17 33 17 37 22 37 22 33 
18 15 26 15 26 12 18 12 
18 16 18 18 21 18 21 16 
18 25 18 24 17 24 17 25 
18 28 20 28 20 25 18 25 
18 34 19 34 19 30 18 30 
19 14 17 12 16 13 18 15 
19 21 19 23 20 23 20 21 
19 25 20 24 19 23 18 24 
19 35 20 35 20 34 19 34 
19 38 19 35 15 35 15 38 
20 14 18 16 21 19 23 17 
20 20 20 17 17 17 17 20 
20 32 20 31 17 31 17 32 
20 36 21 36 21 35 20 35 
20 39 22 37 21 36 19 38 
21 20 20 21 24 25 25 24 
21 29 22 30 26 26 25 25 
21 32 25 32 25 29 21 29 
22 14 22 19 24 19 24 14 
22 20 22 19 21 19 21 20 
22 28 20 28 20 30 22 30 
22 32 20 34 21 35 23 33 
23 23 23 33 27 33 27 23 
23 28 28 33 30 31 25 26 
23 30 25 32 33 24 31 22 
24 18 22 20 24 22 26 20 
24 24 24 25 25 25 25 24 
24 37 25 37 25 35 24 35 
25 15 27 13 26 12 24 14 
25 17 26 18 28 16 27 15 
25 23 24 22 23 23 24 24 
26 11 21 16 24 19 29 14 
26 21 24 21 24 22 26 22 
26 25 25 25 25 26 26 26 
26 29 34 37 36 35 28 27 
26 30 31 35 33 33 28 28 
26 32 27 33 32 28 31 27 
26 36 28 34 27 33 25 35 
26 38 27 37 26 36 25 37 
27 17 32 17 32 15 27 15 
27 34 28 34 28 33 27 33 
27 36 26 36 26 37 27 37 
28 17 26 15 22 19 24 21 
28 19 29 20 32 17 31 16 
28 20 26 22 27 23 29 21 
28 21 29 21 29 20 28 20 
28 35 27 34 26 35 27 36 
28 36 31 36 31 35 28 35 
28 37 27 36 26 37 27 38 
28 38 28 37 27 37 27 38 
29 16 31 16 31 14 29 14 
29 35 32 38 34 36 31 33 
29 37 29 38 32 38 32 37 
30 21 30 22 31 22 31 21 
30 39 32 37 31 36 29 38 
31 28 31 27 28 27 28 28 
32 13 33 13 33 12 32 12 
32 18 33 18 33 17 32 17 
32 20 31 21 35 25 36 24 
32 26 32 28 34 28 34 26 
32 33 32 28 31 28 31 33 
33 14 32 13 31 14 32 15 
33 16 35 16 35 14 33 14 
33 23 33 24 36 24 36 23 
33 27 34 26 33 25 32 26 
34 8 29 13 33 17 38 12 
34 17 35 16 34 15 33 16 
34 19 35 19 35 17 34 17 
34 20 35 19 33 17 32 18 
35 12 34 13 35 14 36 13 
35 18 34 17 33 18 34 19 
35 20 34 21 36 23 37 22 
35 21 34 21 34 25 35 25 
35 30 35 29 26 29 26 30 
35 32 38 29 34 25 31 28 
35 35 35 38 36 38 36 35 
36 8 34 8 34 13 36 13 
36 18 38 16 37 15 35 17 
36 26 36 29 38 29 38 26 
37 9 36 8 32 12 33 13 
37 13 37 15 38 15 38 13 
37 27 36 26 34 28 35 29 
37 32 35 30 32 33 34 35 
38 20 38 19 35 19 35 20 
12 39 16 39 16 34 12 34 
15 14 11 14 11 16 15 16 
18 39 20 39 20 36 18 36 
19 13 19 14 20 14 20 13 
19 31 17 33 18 34 20 32 
21 21 22 20 21 19 20 20 
22 25 26 21 24 19 20 23 
22 27 19 30 20 31 23 28 
24 27 24 25 22 25 22 27 
25 38 26 38 26 37 25 37 
26 31 26 32 30 32 30 31 
29 22 30 21 29 20 28 21 
32 19 32 20 34 20 34 19 
33 31 37 31 37 27 33 27 
35 33 37 31 35 29 33 31 
37 33 37 32 35 32 35 33 
11 32 18 39 19 38 12 31 
25 36 24 37 25 38 26 37 
