66
11 24 13 26 15 24 13 22 
11 28 15 28 15 24 11 24 
12 15 13 15 13 14 12 14 
12 29 14 27 13 26 11 28 
12 31 16 35 17 34 13 30 
12 32 13 33 15 31 14 30 
13 16 14 16 14 15 13 15 
13 27 13 30 14 30 14 27 
14 17 15 16 14 15 13 16 
14 28 18 24 17 23 13 27 
15 11 12 14 13 15 16 12 
15 14 22 21 24 19 17 12 
15 17 15 23 17 23 17 17 
15 29 12 29 12 31 15 31 
15 34 17 34 17 31 15 31 
16 16 16 14 15 14 15 16 
16 18 17 17 16 16 15 17 
16 24 18 24 18 18 16 18 
16 28 24 36 31 29 23 21 
16 32 23 32 23 28 16 28 
16 33 16 35 24 35 24 33 
17 13 19 13 19 12 17 12 
18 27 26 19 24 17 16 25 
19 24 22 27 25 24 22 21 
19 27 19 24 18 24 18 27 
19 38 24 33 23 32 18 37 
20 10 17 13 27 23 30 20 
20 20 21 19 19 17 18 18 
20 24 20 27 22 27 22 24 
20 34 20 27 19 27 19 34 
21 17 21 19 24 19 24 17 
21 18 25 22 29 18 25 14 
24 23 26 23 26 19 24 19 
24 31 24 27 22 27 22 31 
24 37 24 36 18 36 18 37 
27 22 31 26 36 21 32 17 
27 37 27 23 26 23 26 37 
28 25 31 28 34 25 31 22 
28 33 28 38 29 38 29 33 
28 36 31 33 22 24 19 27 
29 32 24 27 23 28 28 33 
29 34 30 35 33 32 32 31 
29 37 28 36 27 37 28 38 
30 16 30 17 32 17 32 16 
30 25 34 25 34 20 30 20 
31 10 27 14 29 16 33 12 
31 14 27 14 27 22 31 22 
31 17 17 31 20 34 34 20 
31 23 37 23 37 22 31 22 
32 26 31 26 31 28 32 28 
33 14 34 14 34 12 33 12 
34 24 32 26 33 27 35 25 
34 29 35 29 35 25 34 25 
34 30 35 29 33 27 32 28 
35 37 37 37 37 36 35 36 
37 20 36 20 36 21 37 21 
37 32 37 27 33 27 33 32 
38 18 34 14 32 16 36 20 
15 30 19 34 22 31 18 27 
17 38 19 38 19 34 17 34 
20 17 19 17 19 20 20 20 
25 36 26 37 29 34 28 33 
31 30 34 30 34 29 31 29 
15 36 17 38 18 37 16 35 
18 19 19 20 21 18 20 17 
23 36 24 37 25 36 24 35 
