69
7 26 18 37 26 29 15 18 
7 33 12 33 12 26 7 26 
9 21 17 29 22 24 14 16 
9 28 20 28 20 21 9 21 
11 21 14 24 16 22 13 19 
11 35 12 36 14 34 13 33 
12 19 13 19 13 12 12 12 
13 23 24 23 24 19 13 19 
13 30 14 30 14 24 13 24 
13 32 13 33 15 33 15 32 
13 34 15 36 17 34 15 32 
13 38 15 38 15 36 13 36 
14 27 17 30 23 24 20 21 
14 32 15 33 18 30 17 29 
15 16 15 14 14 14 14 16 
16 13 15 14 17 16 18 15 
16 15 16 22 18 22 18 15 
16 35 21 35 21 27 16 27 
17 17 19 17 19 16 17 16 
17 22 29 34 33 30 21 18 
17 25 20 28 21 27 18 24 
17 32 13 36 15 38 19 34 
17 33 17 34 19 34 19 33 
18 29 22 29 22 24 18 24 
18 32 18 30 17 30 17 32 
18 34 19 33 18 32 17 33 
19 18 23 22 26 19 22 15 
21 17 21 18 27 18 27 17 
22 20 21 21 37 37 38 36 
22 28 20 30 25 35 27 33 
22 36 32 26 31 25 21 35 
23 30 31 22 30 21 22 29 
23 36 23 30 22 30 22 36 
24 36 24 38 27 38 27 36 
25 16 28 13 27 12 24 15 
25 29 25 35 26 35 26 29 
26 22 29 25 34 20 31 17 
26 24 26 22 23 22 23 24 
27 16 31 16 31 12 27 12 
28 15 27 16 33 22 34 21 
28 31 31 34 37 28 34 25 
29 22 29 25 31 25 31 22 
29 33 29 34 31 34 31 33 
30 31 36 25 33 22 27 28 
31 19 36 19 36 17 31 17 
31 28 34 28 34 25 31 25 
32 21 34 21 34 20 32 20 
32 23 24 23 24 26 32 26 
33 10 31 12 35 16 37 14 
33 17 31 19 32 20 34 18 
33 29 29 25 25 29 29 33 
34 14 34 18 37 18 37 14 
34 19 36 17 35 16 33 18 
35 10 33 10 33 16 35 16 
37 33 37 28 34 28 34 33 
37 34 31 34 31 37 37 37 
38 15 38 13 28 13 28 15 
38 19 37 18 36 19 37 20 
38 25 38 19 36 19 36 25 
38 35 38 32 36 32 36 35 
8 34 17 25 16 24 7 33 
10 27 13 30 16 27 13 24 
12 34 13 34 13 33 12 33 
15 31 19 31 19 18 15 18 
17 11 14 14 17 17 20 14 
28 21 28 31 30 31 30 21 
32 38 37 33 36 32 31 37 
35 32 34 33 36 35 37 34 
8 36 12 36 12 34 8 34 
