73
10 28 12 30 14 28 12 26 
10 32 13 32 13 28 10 28 
10 35 12 37 15 34 13 32 
13 16 12 16 12 26 13 26 
13 33 14 34 15 33 14 32 
14 17 18 17 18 15 14 15 
14 18 19 23 21 21 16 16 
14 23 19 28 24 23 19 18 
14 24 17 27 24 20 21 17 
14 33 14 34 15 34 15 33 
14 37 14 34 12 34 12 37 
15 16 14 15 13 16 14 17 
15 21 22 14 21 13 14 20 
15 22 21 22 21 21 15 21 
15 38 18 38 18 34 15 34 
16 14 15 14 15 16 16 16 
16 20 24 20 24 16 16 16 
16 23 16 20 14 20 14 23 
16 28 19 28 19 23 16 23 
16 32 16 28 14 28 14 32 
17 25 30 38 32 36 19 23 
17 39 18 38 14 34 13 35 
18 35 19 34 13 28 12 29 
18 39 20 37 18 35 16 37 
19 29 28 38 32 34 23 25 
19 30 19 29 12 29 12 30 
20 11 17 14 18 15 21 12 
20 13 20 17 21 17 21 13 
20 32 16 32 16 37 20 37 
21 11 20 11 20 12 21 12 
22 21 22 27 27 27 27 21 
23 20 27 16 24 13 20 17 
24 25 35 25 35 23 24 23 
25 26 25 31 28 31 28 26 
25 28 26 29 33 22 32 21 
26 12 26 29 31 29 31 12 
26 25 25 24 24 25 25 26 
27 13 26 12 23 15 24 16 
27 18 30 21 35 16 32 13 
27 33 31 29 29 27 25 31 
28 18 27 19 34 26 35 25 
28 19 28 18 27 18 27 19 
28 39 28 38 18 38 18 39 
29 21 29 27 30 27 30 21 
29 30 29 27 27 27 27 30 
29 31 29 38 30 38 30 31 
29 32 30 31 29 30 28 31 
31 36 32 36 32 34 31 34 
32 16 32 13 27 13 27 16 
33 16 32 17 35 20 36 19 
33 17 33 16 32 16 32 17 
33 26 33 31 34 31 34 26 
33 32 31 34 33 36 35 34 
34 13 34 14 38 14 38 13 
34 16 33 15 32 16 33 17 
34 20 35 20 35 16 34 16 
34 24 34 20 25 20 25 24 
35 31 34 31 34 34 35 34 
37 21 32 21 32 27 37 27 
41 24 37 20 30 27 34 31 
10 33 10 35 13 35 13 33 
11 31 10 32 12 34 13 33 
15 36 14 37 15 38 16 37 
18 30 19 29 17 27 16 28 
19 24 22 27 24 25 21 22 
19 33 27 33 27 30 19 30 
20 29 29 38 31 36 22 27 
26 19 25 20 32 27 33 26 
31 19 35 23 37 21 33 17 
17 31 19 33 20 32 18 30 
18 29 19 30 20 29 19 28 
22 31 22 27 17 27 17 31 
11 39 17 39 17 31 11 31 
