86
8 21 12 25 17 20 13 16 
8 26 13 26 13 21 8 21 
10 15 15 20 18 17 13 12 
10 24 8 26 15 33 17 31 
10 26 12 28 17 23 15 21 
12 16 13 16 13 12 12 12 
12 23 12 25 17 25 17 23 
13 34 13 36 15 36 15 34 
14 21 15 21 15 20 14 20 
14 22 14 24 20 24 20 22 
14 25 15 26 24 17 23 16 
14 33 13 32 12 33 13 34 
14 35 15 36 16 35 15 34 
15 28 15 30 20 30 20 28 
15 32 15 30 13 30 13 32 
16 29 19 29 19 18 16 18 
16 33 16 34 20 34 20 33 
17 27 19 29 20 28 18 26 
18 15 18 17 20 17 20 15 
18 25 17 25 17 26 18 26 
18 27 17 26 15 28 16 29 
18 30 19 31 20 30 19 29 
18 31 20 33 23 30 21 28 
18 32 16 34 18 36 20 34 
18 33 20 35 25 30 23 28 
18 35 16 35 16 36 18 36 
19 24 15 20 14 21 18 25 
19 32 19 31 18 31 18 32 
20 14 16 18 20 22 24 18 
20 26 24 26 24 24 20 24 
20 27 20 26 18 26 18 27 
21 15 21 17 24 17 24 15 
21 16 20 17 24 21 25 20 
21 23 20 24 23 27 24 26 
21 33 24 36 27 33 24 30 
21 34 25 34 25 33 21 33 
21 35 21 34 20 34 20 35 
22 27 22 28 23 28 23 27 
23 13 23 16 31 16 31 13 
23 23 24 24 27 21 26 20 
23 36 24 36 24 30 23 30 
24 23 25 24 27 22 26 21 
25 21 26 21 26 20 25 20 
25 23 25 21 24 21 24 23 
26 10 23 13 31 21 34 18 
26 22 27 22 27 21 26 21 
26 27 28 27 28 25 26 25 
27 29 25 29 25 30 27 30 
27 31 35 31 35 30 27 30 
28 11 24 15 29 20 33 16 
28 19 28 14 27 14 27 19 
28 20 28 21 29 21 29 20 
29 18 29 17 24 17 24 18 
29 23 25 23 25 24 29 24 
30 18 28 20 29 21 31 19 
30 24 30 28 32 28 32 24 
30 30 29 29 27 31 28 32 
30 31 32 29 28 25 26 27 
31 18 31 19 34 19 34 18 
31 22 29 24 34 29 36 27 
31 25 30 24 26 28 27 29 
31 29 29 29 29 33 31 33 
31 32 32 33 35 30 34 29 
31 34 32 34 32 33 31 33 
32 11 31 12 34 15 35 14 
32 21 34 19 31 16 29 18 
32 22 32 21 31 21 31 22 
33 12 33 15 34 15 34 12 
33 13 35 15 36 14 34 12 
34 28 32 28 32 29 34 29 
34 30 31 33 32 34 35 31 
36 15 36 14 35 14 35 15 
38 17 36 15 26 25 28 27 
11 28 13 30 15 28 13 26 
11 33 12 33 12 28 11 28 
15 27 17 27 17 26 15 26 
17 30 15 32 16 33 18 31 
19 26 20 27 24 23 23 22 
25 39 31 33 27 29 21 35 
28 39 28 34 25 34 25 39 
29 36 31 34 27 30 25 32 
31 27 30 28 31 29 32 28 
8 30 11 33 17 27 14 24 
27 36 29 36 29 33 27 33 
31 26 31 27 36 27 36 26 
25 38 27 36 25 34 23 36 
