63
11 15 12 16 14 14 13 13 
11 19 20 28 22 26 13 17 
11 22 13 22 13 19 11 19 
12 14 14 14 14 12 12 12 
12 15 12 16 14 16 14 15 
12 34 12 35 15 35 15 34 
13 27 15 29 22 22 20 20 
13 32 15 34 16 33 14 31 
14 17 19 22 22 19 17 14 
14 30 18 30 18 19 14 19 
14 36 15 35 13 33 12 34 
15 12 15 29 16 29 16 12 
15 17 18 14 17 13 14 16 
15 24 20 19 18 17 13 22 
16 17 14 15 12 17 14 19 
16 32 13 32 13 33 16 33 
16 34 33 34 33 33 16 33 
17 17 18 17 18 14 17 14 
17 24 19 26 21 24 19 22 
17 31 15 29 14 30 16 32 
19 16 19 22 21 22 21 16 
19 23 19 22 13 22 13 23 
19 28 19 30 20 30 20 28 
20 13 20 19 22 19 22 13 
20 31 23 31 23 30 20 30 
20 33 23 30 19 26 16 29 
21 28 25 28 25 24 21 24 
21 39 25 35 20 30 16 34 
22 23 19 23 19 26 22 26 
22 30 20 28 18 30 20 32 
23 19 22 19 22 22 23 22 
23 25 30 25 30 22 23 22 
24 19 21 16 18 19 21 22 
24 25 25 24 23 22 22 23 
24 31 25 32 30 27 29 26 
24 32 26 30 25 29 23 31 
24 35 25 35 25 32 24 32 
24 36 24 35 15 35 15 36 
25 26 20 31 24 35 29 30 
26 15 25 15 25 16 26 16 
26 23 26 30 28 30 28 23 
26 32 26 36 28 36 28 32 
27 15 29 13 28 12 26 14 
27 18 31 18 31 15 27 15 
27 24 32 24 32 20 27 20 
27 31 28 32 29 31 28 30 
28 17 27 18 33 24 34 23 
28 18 26 16 23 19 25 21 
28 31 29 31 29 30 28 30 
29 15 30 16 31 15 30 14 
29 17 32 20 33 19 30 16 
31 19 33 19 33 18 31 18 
34 16 34 14 30 14 30 16 
34 22 32 20 30 22 32 24 
34 27 34 25 30 25 30 27 
35 20 34 20 34 22 35 22 
36 19 34 17 33 18 35 20 
8 31 12 35 19 28 15 24 
17 32 20 32 20 31 17 31 
18 33 20 31 19 30 17 32 
24 15 25 16 26 15 25 14 
27 22 26 23 27 24 28 23 
8 30 8 31 14 31 14 30 
