36
6 21 14 29 22 21 14 13 
6 23 22 23 22 21 6 21 
12 28 19 28 19 25 12 25 
13 22 19 28 29 18 23 12 
13 30 13 31 18 31 18 30 
13 32 13 33 18 33 18 32 
14 25 13 26 18 31 19 30 
14 27 14 29 15 29 15 27 
14 34 13 33 12 34 13 35 
16 14 14 16 24 26 26 24 
16 22 13 22 13 26 16 26 
16 29 24 29 24 26 16 26 
17 12 17 13 23 13 23 12 
17 16 17 13 14 13 14 16 
17 27 15 29 18 32 20 30 
17 34 18 33 14 29 13 30 
18 11 17 12 24 19 25 18 
18 15 18 19 24 19 24 15 
18 35 36 35 36 33 18 33 
20 10 17 13 20 16 23 13 
20 27 20 16 17 16 17 27 
20 28 36 28 36 27 20 27 
20 36 20 30 19 30 19 36 
22 34 27 34 27 32 22 32 
23 22 23 23 34 23 34 22 
24 32 20 28 18 30 22 34 
25 15 25 18 28 18 28 15 
25 30 24 29 18 35 19 36 
26 31 32 31 32 24 26 24 
27 18 23 22 32 31 36 27 
31 9 25 15 28 18 34 12 
31 31 36 26 28 18 23 23 
35 24 34 23 26 31 27 32 
38 26 34 22 32 24 36 28 
15 34 16 34 16 29 15 29 
38 22 36 22 36 26 38 26 
