112
8 16 12 20 16 16 12 12 
8 26 13 26 13 16 8 16 
10 21 12 23 14 21 12 19 
10 24 13 27 15 25 12 22 
10 25 15 25 15 24 10 24 
11 33 12 34 14 32 13 31 
12 14 13 14 13 12 12 12 
12 15 13 16 14 15 13 14 
12 21 12 22 14 22 14 21 
12 29 13 30 15 28 14 27 
12 31 12 34 13 34 13 31 
14 14 13 14 13 15 14 15 
14 26 13 26 13 27 14 27 
14 28 15 28 15 27 14 27 
14 30 16 32 18 30 16 28 
15 13 16 13 16 12 15 12 
15 14 17 16 18 15 16 13 
15 15 18 15 18 14 15 14 
15 19 12 19 12 20 15 20 
15 29 15 34 19 34 19 29 
16 19 13 16 12 17 15 20 
16 20 16 21 17 21 17 20 
16 22 17 23 18 22 17 21 
16 30 14 30 14 32 16 32 
16 33 13 30 12 31 15 34 
16 34 17 35 23 29 22 28 
17 13 16 13 16 16 17 16 
17 15 20 18 21 17 18 14 
17 22 17 23 18 23 18 22 
17 28 21 24 20 23 16 27 
17 38 23 32 19 28 13 34 
18 13 21 13 21 12 18 12 
18 21 17 20 16 21 17 22 
18 26 21 23 20 22 17 25 
18 27 18 26 16 26 16 27 
18 35 27 35 27 30 18 30 
19 25 19 28 22 28 22 25 
19 36 24 36 24 34 19 34 
20 17 20 18 21 18 21 17 
20 24 21 24 21 23 20 23 
21 15 22 16 24 14 23 13 
21 16 30 25 34 21 25 12 
21 21 22 22 25 19 24 18 
21 28 25 32 27 30 23 26 
21 32 16 32 16 33 21 33 
21 39 24 36 21 33 18 36 
22 15 21 15 21 16 22 16 
22 20 22 22 23 22 23 20 
22 23 23 22 17 16 16 17 
22 26 23 27 25 25 24 24 
22 29 23 29 23 28 22 28 
23 23 22 23 22 24 23 24 
23 31 23 32 25 32 25 31 
24 15 24 18 30 18 30 15 
24 21 24 23 25 23 25 21 
24 26 24 24 23 24 23 26 
25 16 28 16 28 12 25 12 
25 24 27 24 27 23 25 23 
25 26 28 29 30 27 27 24 
25 33 24 34 26 36 27 35 
25 39 25 33 21 33 21 39 
26 19 29 19 29 17 26 17 
26 22 27 23 30 20 29 19 
26 28 29 31 30 30 27 27 
26 32 30 28 29 27 25 31 
26 33 26 36 32 36 32 33 
27 14 36 14 36 13 27 13 
27 22 30 22 30 20 27 20 
27 34 29 32 28 31 26 33 
28 14 31 17 33 15 30 12 
28 21 28 24 34 24 34 21 
28 27 28 24 27 24 27 27 
28 34 29 34 29 32 28 32 
29 25 31 23 30 22 28 24 
29 26 29 25 25 25 25 26 
29 28 30 28 30 27 29 27 
29 29 28 29 28 31 29 31 
29 33 30 32 29 31 28 32 
30 19 33 19 33 18 30 18 
30 31 32 31 32 30 30 30 
31 16 30 15 26 19 27 20 
31 22 30 22 30 23 31 23 
31 26 33 26 33 25 31 25 
31 37 32 36 29 33 28 34 
32 17 33 18 35 16 34 15 
32 22 35 22 35 20 32 20 
32 25 33 26 36 23 35 22 
33 12 32 12 32 15 33 15 
33 13 32 12 28 16 29 17 
33 31 33 33 35 33 35 31 
33 32 35 30 34 29 32 31 
34 26 35 25 34 24 33 25 
34 27 34 26 33 26 33 27 
34 28 33 27 31 29 32 30 
36 28 34 28 34 29 36 29 
38 30 36 28 33 31 35 33 
10 23 13 26 15 24 12 21 
13 21 14 22 16 20 15 19 
15 30 19 34 21 32 17 28 
16 14 17 13 16 12 15 13 
17 36 18 36 18 35 17 35 
22 19 25 19 25 16 22 16 
24 22 25 23 26 22 25 21 
24 25 25 24 24 23 23 24 
25 18 23 20 24 21 26 19 
27 15 28 14 27 13 26 14 
29 20 28 21 30 23 31 22 
31 28 32 29 34 27 33 26 
32 16 31 16 31 17 32 17 
32 28 31 28 31 29 32 29 
38 25 35 25 35 30 38 30 
10 22 10 23 12 23 12 22 
