62
8 21 13 26 20 19 15 14 
8 22 13 22 13 21 8 21 
11 23 16 28 18 26 13 21 
11 27 15 31 16 30 12 26 
11 30 12 31 21 22 20 21 
12 14 12 20 15 20 15 14 
13 28 16 28 16 26 13 26 
13 30 13 31 15 31 15 30 
13 36 13 31 12 31 12 36 
15 13 14 12 12 14 13 15 
15 22 21 22 21 20 15 20 
16 31 18 29 17 28 15 30 
16 39 26 29 23 26 13 36 
17 14 20 17 21 16 18 13 
17 30 17 28 16 28 16 30 
18 36 22 36 22 29 18 29 
19 27 19 23 11 23 11 27 
19 28 21 26 15 20 13 22 
19 35 15 31 14 32 18 36 
20 35 28 35 28 34 20 34 
21 17 21 16 20 16 20 17 
21 24 18 24 18 26 21 26 
21 31 23 29 18 24 16 26 
21 39 21 31 16 31 16 39 
22 15 26 15 26 14 22 14 
22 16 22 24 25 24 25 16 
22 32 21 31 19 33 20 34 
23 12 23 18 27 18 27 12 
23 14 25 16 26 15 24 13 
23 19 23 26 27 26 27 19 
23 28 22 29 28 35 29 34 
24 18 22 16 21 17 23 19 
25 20 27 18 25 16 23 18 
26 18 27 19 30 16 29 15 
26 28 23 28 23 29 26 29 
28 21 25 24 27 26 30 23 
29 13 29 15 33 15 33 13 
29 26 29 27 33 27 33 26 
29 31 33 27 30 24 26 28 
30 12 30 16 31 16 31 12 
30 25 30 24 25 24 25 25 
31 11 30 12 32 14 33 13 
31 31 31 35 32 35 32 31 
31 37 34 34 31 31 28 34 
33 30 32 31 33 32 34 31 
34 13 34 14 35 14 35 13 
34 19 34 14 32 14 32 19 
34 22 26 14 21 19 29 27 
35 30 35 27 33 27 33 30 
35 31 23 19 19 23 31 35 
35 34 35 31 34 31 34 34 
36 19 34 19 34 22 36 22 
41 24 36 19 30 25 35 30 
19 19 21 17 20 16 18 18 
19 21 20 21 20 19 19 19 
23 31 26 28 22 24 19 27 
24 21 29 26 30 25 25 20 
24 30 24 32 33 32 33 30 
28 37 31 37 31 35 28 35 
30 9 27 12 31 16 34 13 
30 39 35 34 33 32 28 37 
17 20 21 24 24 21 20 17 
