74
11 27 18 34 23 29 16 22 
11 30 13 32 15 30 13 28 
13 12 13 16 17 16 17 12 
13 18 13 20 17 20 17 18 
13 27 13 28 15 28 15 27 
14 23 15 22 13 20 12 21 
15 26 16 26 16 22 15 22 
15 29 15 30 17 30 17 29 
16 28 17 27 16 26 15 27 
16 30 17 29 16 28 15 29 
16 31 16 35 19 35 19 31 
16 37 24 29 22 27 14 35 
17 21 22 26 26 22 21 17 
17 25 18 26 22 22 21 21 
17 26 16 26 16 27 17 27 
18 27 22 27 22 26 18 26 
18 29 16 27 15 28 17 30 
18 37 20 35 18 33 16 35 
19 14 17 16 24 23 26 21 
19 16 17 18 19 20 21 18 
19 21 19 20 17 20 17 21 
20 13 20 25 25 25 25 13 
20 23 19 24 20 25 21 24 
20 29 20 35 23 35 23 29 
20 30 19 31 21 33 22 32 
21 22 21 24 22 24 22 22 
21 37 21 34 18 34 18 37 
22 19 23 20 30 13 29 12 
23 16 23 14 19 14 19 16 
23 23 22 24 24 26 25 25 
23 26 24 26 24 23 23 23 
23 36 31 36 31 35 23 35 
24 9 20 13 23 16 27 12 
24 12 24 18 27 18 27 12 
24 21 24 18 21 18 21 21 
24 22 26 22 26 21 24 21 
25 19 30 14 29 13 24 18 
25 26 24 26 24 28 25 28 
25 38 29 34 27 32 23 36 
26 15 30 15 30 14 26 14 
26 26 28 28 32 24 30 22 
27 11 25 13 26 14 28 12 
27 27 22 27 22 32 27 32 
28 13 29 13 29 12 28 12 
28 16 23 16 23 20 28 20 
28 26 28 22 26 22 26 26 
29 16 27 18 31 22 33 20 
29 18 34 18 34 16 29 16 
29 21 34 16 33 15 28 20 
29 26 33 22 31 20 27 24 
29 28 29 26 28 26 28 28 
30 19 34 15 33 14 29 18 
30 20 30 22 31 22 31 20 
30 26 30 32 31 32 31 26 
31 31 30 32 33 35 34 34 
32 23 27 23 27 24 32 24 
33 19 33 15 30 15 30 19 
33 24 32 24 32 35 33 35 
34 28 29 28 29 34 34 34 
35 32 35 35 36 35 36 32 
36 20 36 19 33 19 33 20 
38 28 35 25 28 32 31 35 
38 33 31 26 29 28 36 35 
12 25 17 25 17 21 12 21 
14 37 16 37 16 35 14 35 
22 23 25 26 27 24 24 21 
26 29 32 35 35 32 29 26 
27 21 29 21 29 18 27 18 
35 21 36 20 34 18 33 19 
11 34 14 37 16 35 13 32 
15 34 15 30 11 30 11 34 
24 31 26 31 26 29 24 29 
29 25 35 25 35 21 29 21 
30 24 28 22 27 23 29 25 
