42
14 24 18 24 18 15 14 15 
14 32 15 33 27 21 26 20 
15 14 15 20 26 20 26 14 
15 17 25 27 30 22 20 12 
17 16 15 14 14 15 16 17 
17 36 19 36 19 23 17 23 
18 22 17 23 18 24 19 23 
21 12 20 12 20 34 21 34 
21 18 24 15 21 12 18 15 
21 36 24 36 24 34 21 34 
21 40 27 34 23 30 17 36 
22 16 22 18 30 18 30 16 
22 21 22 22 23 22 23 21 
22 27 29 34 31 32 24 25 
22 29 25 29 25 27 22 27 
22 30 14 30 14 32 22 32 
22 36 24 34 22 32 20 34 
24 17 33 17 33 15 24 15 
24 40 32 32 22 22 14 30 
25 36 27 36 27 34 25 34 
25 40 25 36 24 36 24 40 
27 42 36 33 34 31 25 40 
28 20 28 32 31 32 31 20 
28 40 32 36 28 32 24 36 
29 11 26 14 30 18 33 15 
29 18 31 20 36 15 34 13 
29 22 29 24 30 24 30 22 
29 25 33 29 34 28 30 24 
29 40 29 34 28 34 28 40 
30 42 30 36 27 36 27 42 
31 36 32 36 32 32 31 32 
32 27 36 23 33 20 29 24 
32 30 28 34 30 36 34 32 
34 23 31 20 29 22 32 25 
34 27 34 28 36 28 36 27 
35 15 35 23 36 23 36 15 
16 25 24 25 24 17 16 17 
17 24 22 29 29 22 24 17 
19 40 21 40 21 36 19 36 
21 42 27 36 25 34 19 40 
24 42 24 40 21 40 21 42 
29 27 32 27 32 25 29 25 
