37
11 24 12 25 14 23 13 22 
11 34 19 34 19 24 11 24 
12 16 22 26 23 25 13 15 
12 23 12 25 14 25 14 23 
13 19 16 19 16 15 13 15 
14 22 25 33 33 25 22 14 
14 30 16 30 16 25 14 25 
16 12 15 13 26 24 27 23 
16 21 19 24 20 23 17 20 
17 15 17 20 25 20 25 15 
17 31 21 35 26 30 22 26 
18 26 18 27 22 27 22 26 
19 14 19 13 15 13 15 14 
19 21 22 21 22 14 19 14 
20 15 19 14 15 18 16 19 
20 21 16 25 18 27 22 23 
20 26 17 23 13 27 16 30 
20 35 29 26 28 25 19 34 
21 32 21 33 25 33 25 32 
23 18 25 20 26 19 24 17 
23 23 27 23 27 22 23 22 
23 28 24 27 23 26 22 27 
25 24 27 22 25 20 23 22 
25 26 26 26 26 24 25 24 
25 28 25 26 23 26 23 28 
26 32 31 32 31 30 26 30 
27 18 27 14 23 14 23 18 
27 25 28 25 28 23 27 23 
27 30 25 32 29 36 31 34 
28 31 33 31 33 25 28 25 
28 32 30 34 33 31 31 29 
29 33 29 36 32 36 32 33 
34 29 28 23 25 26 31 32 
20 33 20 35 21 35 21 33 
22 25 23 25 23 23 22 23 
25 25 26 26 27 25 26 24 
34 20 31 20 31 29 34 29 
