95
8 28 14 34 19 29 13 23 
8 33 12 33 12 28 8 28 
12 18 14 20 17 17 15 15 
12 20 12 21 13 21 13 20 
12 27 13 28 16 25 15 24 
13 17 14 17 14 12 13 12 
13 25 16 25 16 23 13 23 
13 33 16 33 16 30 13 30 
13 38 18 33 13 28 8 33 
14 23 15 22 14 21 13 22 
14 27 18 27 18 26 14 26 
14 31 12 33 13 34 15 32 
14 32 14 34 15 34 15 32 
14 36 14 34 13 34 13 36 
15 13 16 13 16 12 15 12 
15 20 15 17 14 17 14 20 
15 21 14 21 14 22 15 22 
16 14 19 14 19 13 16 13 
17 13 16 12 15 13 16 14 
17 18 18 19 19 18 18 17 
17 21 19 23 21 21 19 19 
17 22 15 22 15 24 17 24 
17 28 17 35 28 35 28 28 
18 15 21 18 22 17 19 14 
18 18 19 18 19 17 18 17 
18 22 19 22 19 19 18 19 
18 23 17 22 16 23 17 24 
18 24 19 24 19 23 18 23 
18 31 18 33 24 33 24 31 
19 30 20 29 18 27 17 28 
19 33 16 30 14 32 17 35 
20 18 24 14 23 13 19 17 
20 21 21 21 21 18 20 18 
20 24 19 24 19 29 20 29 
20 30 32 30 32 29 20 29 
20 33 21 32 19 30 18 31 
21 16 23 16 23 13 21 13 
21 22 20 21 19 22 20 23 
21 27 22 27 22 22 21 22 
22 15 22 17 26 17 26 15 
22 24 26 20 19 13 15 17 
23 22 25 24 27 22 25 20 
23 24 23 26 25 26 25 24 
23 32 21 32 21 36 23 36 
24 13 22 15 23 16 25 14 
24 16 25 16 25 14 24 14 
24 18 24 16 23 16 23 18 
24 19 26 17 25 16 23 18 
24 25 25 26 26 25 25 24 
24 39 27 36 24 33 21 36 
25 18 25 20 26 20 26 18 
25 21 25 20 22 20 22 21 
25 25 27 27 30 24 28 22 
25 27 25 32 27 32 27 27 
25 34 25 36 27 36 27 34 
26 21 26 22 27 22 27 21 
28 27 24 31 25 32 29 28 
28 30 29 31 35 25 34 24 
28 31 23 26 22 27 27 32 
28 32 31 35 32 34 29 31 
29 18 28 18 28 22 29 22 
29 24 30 24 30 22 29 22 
29 35 34 30 26 22 21 27 
30 10 24 16 26 18 32 12 
30 18 35 13 34 12 29 17 
30 31 27 34 28 35 31 32 
30 35 30 31 29 31 29 35 
31 22 29 24 34 29 36 27 
32 16 32 17 33 17 33 16 
32 25 36 21 35 20 31 24 
33 18 34 17 33 16 32 17 
33 39 33 33 24 33 24 39 
34 18 34 17 33 17 33 18 
34 22 31 22 31 24 34 24 
34 27 34 29 36 29 36 27 
34 31 36 29 34 27 32 29 
35 12 35 13 36 13 36 12 
35 33 35 36 36 36 36 33 
39 27 34 22 28 28 33 33 
11 18 13 20 18 15 16 13 
11 27 12 28 14 26 13 25 
13 35 14 36 15 35 14 34 
17 25 18 24 15 21 14 22 
18 25 18 24 17 24 17 25 
21 28 22 27 19 24 18 25 
23 27 25 25 22 22 20 24 
25 35 28 32 23 27 20 30 
29 21 30 22 34 18 33 17 
32 9 26 15 29 18 35 12 
32 20 32 25 35 25 35 20 
32 31 34 31 34 30 32 30 
32 37 36 33 34 31 30 35 
34 9 32 9 32 12 34 12 
11 21 11 27 12 27 12 21 
12 22 13 21 12 20 11 21 
