148
7 17 13 23 18 18 12 12 
7 19 13 19 13 17 7 17 
11 14 13 16 15 14 13 12 
11 15 13 17 16 14 14 12 
11 16 13 16 13 15 11 15 
11 25 12 26 14 24 13 23 
11 28 13 30 15 28 13 26 
11 34 15 34 15 28 11 28 
12 14 12 18 15 18 15 14 
12 17 14 19 15 18 13 16 
12 20 13 21 14 20 13 19 
12 21 12 23 13 23 13 21 
12 29 13 29 13 26 12 26 
12 32 15 35 19 31 16 28 
12 33 14 33 14 32 12 32 
13 20 14 20 14 19 13 19 
13 34 12 33 11 34 12 35 
14 21 18 21 18 20 14 20 
14 23 14 24 15 24 15 23 
15 13 17 13 17 12 15 12 
15 20 14 19 13 20 14 21 
16 25 19 22 18 21 15 24 
16 26 15 26 15 27 16 27 
16 34 15 34 15 35 16 35 
17 15 17 16 18 16 18 15 
17 23 15 25 16 26 18 24 
17 26 16 25 15 26 16 27 
17 29 17 31 18 31 18 29 
17 30 14 33 15 34 18 31 
17 34 19 36 20 35 18 33 
17 35 17 36 19 36 19 35 
18 17 19 16 18 15 17 16 
18 19 18 18 15 18 15 19 
18 36 19 35 18 34 17 35 
19 15 18 16 19 17 20 16 
19 24 18 24 18 25 19 25 
19 33 19 31 18 31 18 33 
19 34 22 34 22 33 19 33 
20 17 20 16 19 16 19 17 
20 19 20 23 23 23 23 19 
20 20 22 18 21 17 19 19 
20 24 22 22 21 21 19 23 
20 25 21 24 20 23 19 24 
20 26 20 27 21 27 21 26 
20 28 20 27 16 27 16 28 
21 10 19 12 22 15 24 13 
21 16 21 17 26 17 26 16 
21 18 21 21 22 21 22 18 
21 22 22 21 20 19 19 20 
21 25 20 24 19 25 20 26 
21 28 20 28 20 29 21 29 
21 32 25 32 25 29 21 29 
21 35 22 34 20 32 19 33 
22 14 20 14 20 15 22 15 
22 17 21 16 20 17 21 18 
22 19 27 24 33 18 28 13 
22 24 22 22 21 22 21 24 
22 26 23 27 24 26 23 25 
22 28 23 28 23 27 22 27 
22 29 23 28 22 27 21 28 
23 24 22 24 22 25 23 25 
23 26 24 26 24 25 23 25 
23 29 24 28 23 27 22 28 
23 36 23 35 21 35 21 36 
24 24 25 25 27 23 26 22 
25 13 24 13 24 20 25 20 
25 15 26 16 29 13 28 12 
25 17 23 19 24 20 26 18 
25 18 27 20 28 19 26 17 
25 22 26 22 26 20 25 20 
25 24 25 22 24 22 24 24 
25 26 24 25 23 26 24 27 
25 27 25 26 24 26 24 27 
25 28 21 32 22 33 26 29 
25 34 26 33 25 32 24 33 
26 24 25 24 25 25 26 25 
26 26 31 31 34 28 29 23 
26 27 25 27 25 28 26 28 
26 30 28 30 28 29 26 29 
26 32 23 35 24 36 27 33 
26 36 26 33 24 33 24 36 
27 13 27 12 26 12 26 13 
27 18 27 17 26 17 26 18 
27 19 26 20 28 22 29 21 
27 21 27 23 29 23 29 21 
27 29 26 28 25 29 26 30 
27 34 29 36 30 35 28 33 
28 16 28 13 27 13 27 16 
28 18 27 18 27 19 28 19 
28 32 34 32 34 30 28 30 
28 34 28 33 27 33 27 34 
29 16 30 17 33 14 32 13 
29 17 28 16 27 17 28 18 
29 25 29 27 36 27 36 25 
29 29 29 31 31 31 31 29 
29 30 35 24 34 23 28 29 
29 33 31 35 33 33 31 31 
29 35 30 35 30 33 29 33 
30 11 29 12 30 13 31 12 
30 14 32 14 32 13 30 13 
30 15 30 17 31 17 31 15 
30 19 28 19 28 22 30 22 
30 20 33 23 34 22 31 19 
30 23 26 27 27 28 31 24 
31 11 30 11 30 12 31 12 
31 13 30 14 31 15 32 14 
31 23 31 24 32 24 32 23 
31 28 31 24 27 24 27 28 
31 37 33 35 31 33 29 35 
32 15 33 15 33 14 32 14 
32 16 35 19 36 18 33 15 
32 18 33 18 33 16 32 16 
32 19 32 18 31 18 31 19 
32 31 31 31 31 33 32 33 
32 35 33 35 33 33 32 33 
32 37 32 35 31 35 31 37 
33 21 35 21 35 19 33 19 
33 22 33 23 34 23 34 22 
33 26 33 28 34 28 34 26 
34 14 35 14 35 13 34 13 
34 15 33 16 34 17 35 16 
34 29 35 29 35 28 34 28 
34 33 32 31 30 33 32 35 
35 25 33 23 32 24 34 26 
35 33 35 32 34 32 34 33 
5 21 13 29 15 27 7 19 
14 18 15 19 18 16 17 15 
16 24 15 24 15 25 16 25 
17 22 17 23 19 23 19 22 
17 33 17 34 18 34 18 33 
19 26 20 27 21 26 20 25 
19 27 20 28 21 27 20 26 
19 28 20 29 21 28 20 27 
23 15 25 13 24 12 22 14 
27 31 28 32 29 31 28 30 
27 37 29 35 28 34 26 36 
28 17 29 17 29 16 28 16 
29 18 30 19 31 18 30 17 
29 20 32 23 33 22 30 19 
30 16 31 17 32 16 31 15 
30 18 30 17 29 17 29 18 
30 26 32 24 31 23 29 25 
32 10 31 11 34 14 35 13 
32 28 30 26 29 27 31 29 
33 29 33 28 32 28 32 29 
33 30 34 29 33 28 32 29 
25 37 27 37 27 34 25 34 
28 15 27 16 28 17 29 16 
