136
9 20 12 23 16 19 13 16 
9 23 12 23 12 20 9 20 
10 22 9 23 12 26 13 25 
11 27 13 29 14 28 12 26 
11 28 14 28 14 27 11 27 
12 14 12 15 13 15 13 14 
12 29 13 30 15 28 14 27 
12 30 13 30 13 29 12 29 
12 35 12 36 13 36 13 35 
13 17 14 18 15 17 14 16 
13 26 13 25 12 25 12 26 
13 32 15 34 18 31 16 29 
13 33 13 32 12 32 12 33 
13 37 14 36 13 35 12 36 
14 14 15 15 17 13 16 12 
14 15 13 15 13 16 14 16 
14 17 15 17 15 16 14 16 
14 20 16 20 16 19 14 19 
14 22 13 23 14 24 15 23 
14 23 14 24 15 24 15 23 
14 34 15 34 15 32 14 32 
14 37 14 36 13 36 13 37 
15 26 16 26 16 25 15 25 
15 31 13 29 12 30 14 32 
15 33 14 32 13 33 14 34 
15 35 20 35 20 34 15 34 
16 14 16 12 14 12 14 14 
16 23 15 24 16 25 17 24 
16 24 15 25 16 26 17 25 
16 27 16 29 17 29 17 27 
16 31 15 32 19 36 20 35 
16 32 18 32 18 31 16 31 
16 35 15 34 13 36 14 37 
17 15 17 18 18 18 18 15 
17 20 19 22 24 17 22 15 
17 21 17 24 21 24 21 21 
17 26 16 25 15 26 16 27 
17 28 18 29 19 28 18 27 
17 30 17 36 19 36 19 30 
17 31 18 32 20 30 19 29 
17 37 20 34 18 32 15 35 
18 16 19 17 20 16 19 15 
18 19 18 22 19 22 19 19 
18 20 17 19 16 20 17 21 
18 26 18 25 17 25 17 26 
18 28 18 29 19 29 19 28 
19 11 18 12 19 13 20 12 
19 23 21 21 20 20 18 22 
19 25 18 26 19 27 20 26 
19 26 18 26 18 27 19 27 
20 13 23 13 23 12 20 12 
20 15 20 13 19 13 19 15 
20 18 19 17 18 18 19 19 
20 23 18 25 19 26 21 24 
20 25 20 23 19 23 19 25 
20 29 19 30 22 33 23 32 
21 25 22 25 22 24 21 24 
21 29 21 26 20 26 20 29 
21 33 21 35 22 35 22 33 
21 34 22 35 23 34 22 33 
22 14 22 15 25 15 25 14 
22 16 20 16 20 18 22 18 
22 17 25 14 23 12 20 15 
22 26 23 25 22 24 21 25 
22 36 27 36 27 35 22 35 
23 17 22 16 21 17 22 18 
23 18 24 18 24 17 23 17 
23 20 23 18 22 18 22 20 
23 26 23 25 22 25 22 26 
23 28 23 31 25 31 25 28 
23 29 25 31 29 27 27 25 
23 35 25 33 23 31 21 33 
23 42 31 34 25 28 17 36 
24 12 23 13 25 15 26 14 
24 23 24 24 27 24 27 23 
25 19 24 18 22 20 23 21 
25 22 23 20 22 21 24 23 
25 24 24 23 22 25 23 26 
25 29 29 33 31 31 27 27 
25 32 26 32 26 31 25 31 
26 13 26 14 27 14 27 13 
26 23 27 24 28 23 27 22 
26 25 26 27 27 27 27 25 
26 35 27 36 28 35 27 34 
27 15 27 16 35 16 35 15 
27 19 25 19 25 22 27 22 
27 31 29 31 29 27 27 27 
27 32 32 27 31 26 26 31 
27 33 25 33 25 34 27 34 
28 13 27 12 26 13 27 14 
28 17 28 19 29 19 29 17 
28 20 28 23 32 23 32 20 
29 11 27 13 33 19 35 17 
29 21 29 24 30 24 30 21 
29 22 31 24 32 23 30 21 
29 34 31 34 31 33 29 33 
29 35 31 33 29 31 27 33 
29 36 29 35 28 35 28 36 
30 20 29 19 28 20 29 21 
30 27 31 27 31 26 30 26 
30 28 32 30 33 29 31 27 
31 11 27 15 29 17 33 13 
31 23 30 24 33 27 34 26 
32 24 32 25 34 25 34 24 
32 28 32 30 35 30 35 28 
32 31 32 30 31 30 31 31 
33 16 31 18 33 20 35 18 
33 18 35 18 35 17 33 17 
33 21 34 20 33 19 32 20 
33 34 34 35 36 33 35 32 
34 19 33 19 33 20 34 20 
34 27 31 30 32 31 35 28 
34 29 34 27 33 27 33 29 
35 21 35 26 36 26 36 21 
35 33 36 33 36 32 35 32 
36 19 35 19 35 20 36 20 
37 17 35 15 33 17 35 19 
37 20 36 19 35 20 36 21 
10 27 11 28 13 26 12 25 
10 33 12 35 15 32 13 30 
13 13 12 14 13 15 14 14 
13 18 14 18 14 17 13 17 
13 22 14 22 14 20 13 20 
14 31 15 31 15 28 14 28 
16 28 17 29 18 28 17 27 
18 13 15 16 17 18 20 15 
22 27 23 28 24 27 23 26 
22 29 25 32 26 31 23 28 
22 30 23 29 22 28 21 29 
23 23 24 24 28 20 27 19 
26 19 28 17 27 16 25 18 
12 19 13 20 14 19 13 18 
17 12 17 13 18 13 18 12 
21 30 22 30 22 29 21 29 
22 23 23 23 23 21 22 21 
16 11 13 14 14 15 17 12 
