108
12 30 13 31 16 28 15 27 
12 31 12 33 13 33 13 31 
13 14 15 16 17 14 15 12 
13 16 13 18 15 18 15 16 
13 19 12 20 15 23 16 22 
14 27 15 28 16 27 15 26 
14 28 15 28 15 27 14 27 
14 29 15 30 16 29 15 28 
14 31 12 33 13 34 15 32 
14 32 15 33 17 31 16 30 
14 33 15 33 15 32 14 32 
14 34 14 33 13 33 13 34 
15 10 13 12 15 14 17 12 
15 15 17 15 17 14 15 14 
15 17 16 18 18 16 17 15 
15 20 19 20 19 19 15 19 
15 29 16 29 16 28 15 28 
15 34 20 34 20 33 15 33 
16 23 15 23 15 26 16 26 
16 35 22 29 21 28 15 34 
16 36 17 35 15 33 14 34 
17 10 15 10 15 12 17 12 
17 16 15 14 13 16 15 18 
17 18 15 16 13 18 15 20 
17 22 17 18 16 18 16 22 
17 24 22 24 22 22 17 22 
17 27 22 22 21 21 16 26 
18 15 17 15 17 16 18 16 
18 23 20 25 25 20 23 18 
18 30 18 29 16 29 16 30 
19 14 19 16 25 16 25 14 
19 27 17 27 17 31 19 31 
19 29 20 30 21 29 20 28 
19 36 19 35 17 35 17 36 
20 27 20 28 21 28 21 27 
20 32 21 31 20 30 19 31 
21 12 20 13 24 17 25 16 
21 15 21 13 20 13 20 15 
21 18 21 21 22 21 22 18 
21 19 23 21 24 20 22 18 
21 22 22 21 20 19 19 20 
21 25 22 24 16 18 15 19 
22 17 20 15 19 16 21 18 
22 25 22 26 27 26 27 25 
22 28 21 28 21 29 22 29 
23 23 23 24 25 24 25 23 
23 25 22 26 24 28 25 27 
23 26 25 28 27 26 25 24 
23 29 22 29 22 34 23 34 
24 16 26 18 28 16 26 14 
24 18 24 20 25 20 25 18 
24 27 24 28 25 28 25 27 
25 19 27 21 28 20 26 18 
25 22 28 25 29 24 26 21 
25 32 29 36 30 35 26 31 
25 33 34 33 34 32 25 32 
26 22 25 23 27 25 28 24 
26 24 28 24 28 22 26 22 
27 14 32 19 34 17 29 12 
27 15 27 14 26 14 26 15 
27 18 26 18 26 21 27 21 
27 30 27 35 30 35 30 30 
28 18 28 20 30 20 30 18 
28 27 30 27 30 25 28 25 
28 31 31 34 34 31 31 28 
29 14 30 14 30 12 29 12 
29 19 29 24 32 24 32 19 
29 26 30 27 31 26 30 25 
29 28 31 28 31 26 29 26 
29 31 28 31 28 36 29 36 
30 15 32 17 34 15 32 13 
30 36 31 35 24 28 23 29 
31 14 31 17 32 17 32 14 
31 19 30 18 29 19 30 20 
31 21 30 22 32 24 33 23 
31 36 31 35 30 35 30 36 
32 12 30 14 33 17 35 15 
32 21 33 20 32 19 31 20 
32 29 32 31 34 31 34 29 
33 13 33 12 32 12 32 13 
33 15 33 17 34 17 34 15 
33 25 32 26 35 29 36 28 
34 23 33 23 33 25 34 25 
34 34 30 30 29 31 33 35 
35 16 36 16 36 15 35 15 
35 28 35 29 36 29 36 28 
35 30 36 29 35 28 34 29 
36 18 33 15 31 17 34 20 
36 26 36 24 32 24 32 26 
12 32 13 33 14 32 13 31 
13 35 14 34 13 33 12 34 
13 36 16 36 16 35 13 35 
14 21 16 23 17 22 15 20 
14 30 15 30 15 29 14 29 
18 32 20 32 20 30 18 30 
20 20 21 19 20 18 19 19 
20 23 22 25 23 24 21 22 
20 26 21 27 22 26 21 25 
21 23 20 23 20 25 21 25 
21 26 22 27 23 26 22 25 
26 13 25 14 26 15 27 14 
26 17 27 18 30 15 29 14 
28 17 28 16 26 16 26 17 
28 29 29 28 28 27 27 28 
30 21 31 21 31 20 30 20 
17 33 19 35 20 34 18 32 
19 26 20 27 21 26 20 25 
19 25 19 26 20 26 20 25 
