36
12 17 20 17 20 16 12 16 
12 26 13 27 19 21 18 20 
13 21 22 30 30 22 21 13 
13 25 13 27 18 27 18 25 
14 13 19 18 20 17 15 12 
14 21 14 23 19 23 19 21 
15 15 21 15 21 13 15 13 
16 20 19 23 23 19 20 16 
17 12 17 24 24 24 24 12 
17 34 17 36 22 36 22 34 
18 23 23 18 17 12 12 17 
19 9 15 13 21 19 25 15 
19 24 18 23 17 24 18 25 
21 18 21 19 23 19 23 18 
21 25 18 28 22 32 25 29 
21 28 21 30 22 30 22 28 
22 39 26 35 21 30 17 34 
23 22 19 18 14 23 18 27 
23 26 26 29 28 27 25 24 
25 19 25 24 26 24 26 19 
25 26 25 24 24 24 24 26 
25 35 26 35 26 29 25 29 
27 26 34 26 34 21 27 21 
28 16 24 12 21 15 25 19 
28 30 22 30 22 32 28 32 
28 38 31 35 28 32 25 35 
30 28 26 24 24 26 28 30 
31 23 31 17 20 17 20 23 
32 28 34 26 31 23 29 25 
32 35 33 35 33 28 32 28 
34 28 27 21 24 24 31 31 
34 38 34 32 28 32 28 38 
12 22 12 26 23 26 23 22 
27 41 33 35 28 30 22 36 
30 25 29 25 29 28 30 28 
37 24 34 21 30 25 33 28 
