111
11 34 12 35 13 34 12 33 
12 15 13 16 14 15 13 14 
12 19 14 21 16 19 14 17 
12 20 14 22 15 21 13 19 
12 27 12 29 15 29 15 27 
13 13 13 14 22 14 22 13 
13 15 13 16 14 16 14 15 
13 17 12 17 12 19 13 19 
13 21 13 22 14 22 14 21 
13 25 14 25 14 24 13 24 
13 26 13 28 14 28 14 26 
13 27 14 28 15 27 14 26 
13 31 15 29 14 28 12 30 
13 32 13 34 14 34 14 32 
14 14 13 15 14 16 15 15 
14 23 13 24 14 25 15 24 
14 27 13 26 12 27 13 28 
14 29 13 28 12 29 13 30 
15 16 19 20 23 16 19 12 
15 17 15 16 14 16 14 17 
15 22 17 24 25 16 23 14 
15 23 15 22 14 22 14 23 
15 31 15 30 13 30 13 31 
15 33 15 36 16 36 16 33 
16 20 19 20 19 19 16 19 
16 24 15 24 15 26 16 26 
16 25 17 26 18 25 17 24 
16 29 15 30 18 33 19 32 
16 32 21 27 20 26 15 31 
16 34 17 33 16 32 15 33 
17 12 17 15 18 15 18 12 
17 17 19 19 21 17 19 15 
17 21 17 17 15 17 15 21 
17 22 19 24 21 22 19 20 
17 27 17 33 18 33 18 27 
17 35 17 36 21 36 21 35 
18 16 19 16 19 15 18 15 
18 22 17 21 15 23 16 24 
18 24 19 25 23 21 22 20 
18 37 23 32 22 31 17 36 
18 39 21 36 18 33 15 36 
19 11 18 12 21 15 22 14 
19 21 22 21 22 20 19 20 
19 22 18 22 18 24 19 24 
19 28 23 24 22 23 18 27 
19 29 16 29 16 32 19 32 
19 33 23 33 23 32 19 32 
19 37 21 35 19 33 17 35 
19 39 19 37 18 37 18 39 
20 23 20 26 22 26 22 23 
21 12 18 15 19 16 22 13 
21 16 23 16 23 15 21 15 
21 31 22 31 22 27 21 27 
22 16 27 21 28 20 23 15 
23 25 23 24 19 24 19 25 
23 29 27 33 30 30 26 26 
23 36 26 33 25 32 22 35 
24 23 27 26 28 25 25 22 
24 25 25 26 30 21 29 20 
24 29 24 25 23 25 23 29 
24 32 25 32 25 29 24 29 
25 13 25 14 28 14 28 13 
25 17 21 17 21 22 25 22 
25 23 27 25 29 23 27 21 
25 33 24 32 23 33 24 34 
25 36 25 33 23 33 23 36 
26 12 25 13 27 15 28 14 
26 21 27 21 27 15 26 15 
26 23 25 23 25 26 26 26 
26 28 25 29 29 33 30 32 
26 32 27 32 27 28 26 28 
26 34 28 36 29 35 27 33 
27 12 25 14 26 15 28 13 
27 34 27 33 26 33 26 34 
28 19 28 20 29 20 29 19 
28 21 27 21 27 25 28 25 
29 14 28 15 31 18 32 17 
29 18 29 15 28 15 28 18 
29 26 29 25 28 25 28 26 
29 28 28 29 34 35 35 34 
29 30 30 30 30 28 29 28 
29 32 29 33 30 33 30 32 
29 34 29 35 31 35 31 34 
30 16 32 14 31 13 29 15 
30 17 32 17 32 16 30 16 
30 18 31 19 33 17 32 16 
30 19 31 19 31 18 30 18 
30 20 30 21 32 21 32 20 
30 27 32 29 36 25 34 23 
30 35 31 34 30 33 29 34 
31 14 32 14 32 13 31 13 
31 20 32 21 35 18 34 17 
31 21 32 20 31 19 30 20 
31 27 29 25 28 26 30 28 
32 28 32 29 34 29 34 28 
33 13 33 17 34 17 34 13 
34 14 35 13 34 12 33 13 
34 32 32 32 32 35 34 35 
35 20 36 20 36 18 35 18 
13 23 14 24 15 23 14 22 
13 33 14 34 15 33 14 32 
14 18 15 17 14 16 13 17 
15 35 16 36 17 35 16 34 
17 25 18 25 18 24 17 24 
18 26 17 25 16 26 17 27 
19 26 19 25 18 25 18 26 
20 28 20 26 19 26 19 28 
21 11 19 11 19 12 21 12 
29 17 28 18 29 19 30 18 
13 35 14 36 15 35 14 34 
12 34 12 35 13 35 13 34 
