137
8 22 12 26 17 21 13 17 
11 24 13 26 15 24 13 22 
12 20 13 21 16 18 15 17 
12 22 12 26 13 26 13 22 
12 31 13 32 14 31 13 30 
12 32 12 33 13 33 13 32 
13 15 14 16 16 14 15 13 
13 18 15 18 15 17 13 17 
13 29 16 29 16 28 13 28 
13 34 15 34 15 33 13 33 
14 13 13 14 18 19 19 18 
14 14 14 13 13 13 13 14 
14 19 14 16 12 16 12 19 
14 27 16 29 17 28 15 26 
14 33 13 32 12 33 13 34 
15 12 15 13 17 13 17 12 
15 19 16 19 16 18 15 18 
15 20 16 19 15 18 14 19 
15 25 16 24 13 21 12 22 
16 20 18 20 18 19 16 19 
16 21 15 21 15 24 16 24 
16 26 16 25 15 25 15 26 
16 30 18 32 20 30 18 28 
16 31 16 33 23 33 23 31 
17 17 17 21 23 21 23 17 
17 26 17 27 22 27 22 26 
17 29 16 29 16 30 17 30 
17 34 20 34 20 30 17 30 
18 16 18 14 16 14 16 16 
18 23 20 23 20 20 18 20 
19 11 17 13 18 14 20 12 
19 16 18 16 18 18 19 18 
19 17 18 18 20 20 21 19 
19 24 18 23 16 25 17 26 
19 32 19 36 22 36 22 32 
20 16 25 21 28 18 23 13 
20 19 21 19 21 16 20 16 
20 31 18 29 17 30 19 32 
21 8 17 12 21 16 25 12 
21 18 23 16 21 14 19 16 
21 20 29 20 29 19 21 19 
21 23 24 26 26 24 23 21 
21 26 22 27 25 24 24 23 
21 28 23 30 24 29 22 27 
21 29 21 28 18 28 18 29 
21 30 23 30 23 29 21 29 
21 32 23 34 25 32 23 30 
21 34 19 32 17 34 19 36 
22 13 22 16 23 16 23 13 
22 19 21 18 20 19 21 20 
22 21 21 20 19 22 20 23 
22 23 25 26 27 24 24 21 
22 30 23 31 24 30 23 29 
22 35 23 36 24 35 23 34 
23 26 24 26 24 23 23 23 
23 28 25 28 25 27 23 27 
24 13 24 15 26 15 26 13 
24 27 25 28 26 27 25 26 
24 28 25 29 26 28 25 27 
24 32 24 35 25 35 25 32 
24 34 23 33 21 35 22 36 
25 13 31 19 32 18 26 12 
25 18 28 21 29 20 26 17 
25 19 33 27 34 26 26 18 
25 22 19 22 19 24 25 24 
26 21 28 21 28 18 26 18 
26 25 26 27 28 27 28 25 
26 29 29 29 29 28 26 28 
26 30 26 29 25 29 25 30 
26 32 26 34 27 34 27 32 
26 35 25 35 25 36 26 36 
27 12 26 13 29 16 30 15 
27 13 29 13 29 12 27 12 
27 16 30 13 29 12 26 15 
27 26 28 27 29 26 28 25 
27 30 29 28 28 27 26 29 
27 33 26 34 28 36 29 35 
28 15 26 15 26 17 28 17 
28 24 33 24 33 21 28 21 
28 28 29 29 30 28 29 27 
28 31 28 32 30 32 30 31 
29 15 30 15 30 13 29 13 
29 18 30 17 29 16 28 17 
29 31 28 32 29 33 30 32 
29 32 30 31 29 30 28 31 
29 36 32 36 32 35 29 35 
29 39 32 36 29 33 26 36 
30 20 32 22 33 21 31 19 
30 26 29 26 29 27 30 27 
30 30 30 29 29 29 29 30 
31 16 31 19 34 19 34 16 
31 20 31 26 34 26 34 20 
31 34 29 32 27 34 29 36 
32 11 31 12 34 15 35 14 
32 16 33 17 34 16 33 15 
32 31 32 33 33 33 33 31 
33 14 33 15 34 15 34 14 
33 28 33 27 30 27 30 28 
33 29 32 30 33 31 34 30 
34 21 35 22 36 21 35 20 
34 23 35 24 36 23 35 22 
34 27 34 30 35 30 35 27 
34 32 33 33 34 34 35 33 
35 13 34 14 35 15 36 14 
35 16 35 19 36 19 36 16 
35 36 35 33 33 33 33 36 
36 13 35 13 35 14 36 14 
36 29 34 27 33 28 35 30 
37 26 35 24 30 29 32 31 
37 29 37 26 36 26 36 29 
38 18 36 16 28 24 30 26 
38 28 36 26 35 27 37 29 
38 33 35 30 32 33 35 36 
12 27 12 31 14 31 14 27 
12 28 13 29 16 26 15 25 
13 20 14 19 13 18 12 19 
14 20 15 20 15 19 14 19 
14 21 14 20 13 20 13 21 
15 22 16 21 15 20 14 21 
15 29 12 32 13 33 16 30 
15 30 16 31 17 30 16 29 
16 35 17 34 16 33 15 34 
17 15 16 16 17 17 18 16 
20 28 21 29 23 27 22 26 
20 35 21 35 21 34 20 34 
26 26 28 24 25 21 23 23 
26 31 27 32 28 31 27 30 
27 31 27 30 26 30 26 31 
28 23 31 20 29 18 26 21 
28 39 29 39 29 36 28 36 
29 38 26 35 25 36 28 39 
31 32 31 34 34 34 34 32 
32 29 33 28 31 26 30 27 
33 30 33 29 32 29 32 30 
12 35 12 36 16 36 16 35 
25 31 26 32 27 31 26 30 
24 31 25 31 25 30 24 30 
