38
9 30 12 33 22 23 19 20 
10 22 12 24 15 21 13 19 
13 21 15 21 15 19 13 19 
13 24 12 24 12 28 13 28 
14 22 14 27 19 27 19 22 
14 31 19 31 19 29 14 29 
15 28 14 27 13 28 14 29 
15 35 16 36 20 32 19 31 
16 35 16 36 21 36 21 35 
18 29 22 33 32 23 28 19 
19 14 19 15 26 15 26 14 
20 28 19 27 18 28 19 29 
20 33 22 33 22 32 20 32 
21 13 19 15 28 24 30 22 
21 29 23 29 23 27 21 27 
22 26 21 27 22 28 23 27 
22 30 23 29 22 28 21 29 
23 33 23 36 33 36 33 33 
27 14 26 15 29 18 30 17 
27 23 22 23 22 26 27 26 
27 27 33 33 36 30 30 24 
27 29 23 33 24 34 28 30 
27 30 33 36 36 33 30 27 
28 22 28 24 30 24 30 22 
28 29 27 29 27 30 28 30 
30 26 27 26 27 27 30 27 
30 29 27 26 20 33 23 36 
31 15 31 23 32 23 32 15 
32 34 32 25 24 25 24 34 
33 17 31 15 26 20 28 22 
35 37 36 36 33 33 32 34 
36 22 36 17 33 17 33 22 
15 25 15 28 18 28 18 25 
15 31 18 28 15 25 12 28 
18 23 26 31 27 30 19 22 
20 26 20 28 22 28 22 26 
20 34 21 35 23 33 22 32 
12 34 20 34 20 33 12 33 
