60
11 28 13 30 15 28 13 26 
11 32 15 32 15 28 11 28 
11 33 12 34 17 29 16 28 
11 35 20 35 20 33 11 33 
12 19 20 27 24 23 16 15 
12 23 12 34 23 34 23 23 
13 14 13 16 21 16 21 14 
13 25 13 26 17 26 17 25 
13 29 16 32 20 28 17 25 
13 34 15 32 13 30 11 32 
14 18 17 18 17 13 14 13 
14 19 14 24 16 24 16 19 
14 23 17 26 23 20 20 17 
15 18 16 19 17 18 16 17 
15 36 16 36 16 32 15 32 
16 27 16 28 20 28 20 27 
16 29 20 33 28 25 24 21 
16 30 16 29 13 29 13 30 
17 22 26 22 26 18 17 18 
18 22 14 18 12 20 16 24 
18 26 29 26 29 24 18 24 
18 29 18 26 17 26 17 29 
19 28 17 26 16 27 18 29 
20 12 20 17 26 17 26 12 
20 31 23 34 27 30 24 27 
21 36 24 36 24 27 21 27 
22 4 13 13 23 23 32 14 
23 7 17 13 26 22 32 16 
23 15 21 13 12 22 14 24 
23 38 25 36 23 34 21 36 
25 12 21 16 29 24 33 20 
25 15 27 13 26 12 24 14 
25 20 25 15 23 15 23 20 
25 23 29 23 29 20 25 20 
26 29 26 28 20 28 20 29 
26 31 26 33 34 33 34 31 
27 35 34 28 29 23 22 30 
28 29 29 28 28 27 27 28 
29 12 29 14 32 14 32 12 
29 21 35 15 32 12 26 18 
29 30 29 28 27 28 27 30 
31 12 29 14 33 18 35 16 
31 28 31 30 34 30 34 28 
32 15 32 16 35 16 35 15 
32 20 33 19 28 14 27 15 
32 21 32 27 34 27 34 21 
32 29 32 27 28 27 28 29 
33 28 32 27 31 28 32 29 
33 31 34 30 26 22 25 23 
33 32 34 31 32 29 31 30 
36 19 33 19 33 20 36 20 
36 32 33 32 33 35 36 35 
37 33 36 32 33 35 34 36 
37 36 37 33 34 33 34 36 
40 17 36 13 29 20 33 24 
12 17 14 19 15 18 13 16 
18 31 20 31 20 29 18 29 
22 20 18 24 21 27 25 23 
22 35 27 35 27 30 22 30 
12 15 12 17 16 17 16 15 
