118
9 31 12 34 15 31 12 28 
10 21 13 24 17 20 14 17 
10 31 13 34 15 32 12 29 
12 20 12 24 13 24 13 20 
12 25 15 28 16 27 13 24 
12 27 13 27 13 25 12 25 
12 32 12 34 13 34 13 32 
12 35 13 36 14 35 13 34 
13 15 24 26 25 25 14 14 
13 21 15 23 20 18 18 16 
13 28 15 28 15 27 13 27 
13 29 13 28 12 28 12 29 
13 35 12 35 12 36 13 36 
13 37 14 36 13 35 12 36 
14 11 12 13 13 14 15 12 
14 15 14 14 13 14 13 15 
14 16 14 17 18 17 18 16 
14 28 16 30 17 29 15 27 
14 34 14 35 17 35 17 34 
14 37 14 36 13 36 13 37 
15 14 14 15 17 18 18 17 
16 14 15 14 15 23 16 23 
16 24 17 25 18 24 17 23 
16 28 15 28 15 30 16 30 
16 32 16 31 15 31 15 32 
16 33 17 34 25 26 24 25 
16 34 17 33 16 32 15 33 
16 39 19 36 17 34 14 37 
17 13 20 16 21 15 18 12 
17 22 14 19 13 20 16 23 
17 24 17 25 18 25 18 24 
17 26 25 34 26 33 18 25 
17 32 16 32 16 33 17 33 
18 29 18 26 17 26 17 29 
18 32 20 34 23 31 21 29 
18 34 18 36 19 36 19 34 
19 19 19 22 24 22 24 19 
19 25 24 25 24 23 19 23 
19 35 18 34 17 35 18 36 
20 19 18 21 19 22 21 20 
20 24 23 21 22 20 19 23 
20 26 19 25 18 26 19 27 
20 29 21 29 21 26 20 26 
20 30 18 30 18 32 20 32 
21 27 18 30 20 32 23 29 
21 31 23 31 23 29 21 29 
21 32 19 34 21 36 23 34 
21 34 21 32 20 32 20 34 
22 15 21 15 21 20 22 20 
22 21 24 23 26 21 24 19 
22 25 21 26 25 30 26 29 
22 30 24 30 24 26 22 26 
22 34 21 34 21 36 22 36 
23 17 24 18 25 17 24 16 
23 20 22 20 22 21 23 21 
23 33 26 33 26 31 23 31 
23 35 24 34 23 33 22 34 
24 14 28 18 29 17 25 13 
24 17 24 18 25 18 25 17 
24 28 28 24 26 22 22 26 
24 35 24 34 23 34 23 35 
25 12 25 13 27 13 27 12 
25 19 28 19 28 18 25 18 
25 22 25 25 26 25 26 22 
25 31 28 34 31 31 28 28 
26 30 28 30 28 29 26 29 
27 14 24 17 25 18 28 15 
27 16 27 14 24 14 24 16 
27 23 27 24 28 24 28 23 
27 30 26 31 27 32 28 31 
27 31 27 32 28 32 28 31 
28 21 30 21 30 19 28 19 
28 25 26 25 26 28 28 28 
28 36 29 35 28 34 27 35 
29 15 29 12 28 12 28 15 
29 20 30 19 29 18 28 19 
29 22 30 21 29 20 28 21 
29 24 30 23 29 22 28 23 
29 26 29 27 30 27 30 26 
29 29 29 30 36 30 36 29 
29 33 29 35 33 35 33 33 
30 14 28 12 27 13 29 15 
30 15 29 15 29 17 30 17 
30 24 34 20 29 15 25 19 
30 25 29 24 28 25 29 26 
30 28 31 28 31 27 30 27 
31 13 31 15 35 15 35 13 
31 32 31 31 29 31 29 32 
31 36 32 36 32 32 31 32 
32 9 29 12 33 16 36 13 
32 16 35 13 34 12 31 15 
32 17 33 17 33 16 32 16 
32 18 32 17 30 17 30 18 
32 29 36 25 35 24 31 28 
33 23 30 23 30 24 33 24 
33 27 35 27 35 24 33 24 
33 36 36 33 32 29 29 32 
34 14 34 12 30 12 30 14 
34 22 34 20 29 20 29 22 
34 24 35 23 34 22 33 23 
34 30 31 27 30 28 33 31 
34 32 33 31 32 32 33 33 
35 18 33 16 32 17 34 19 
35 36 35 35 33 35 33 36 
36 19 36 14 34 14 34 19 
9 21 9 31 10 31 10 21 
13 31 12 32 14 34 15 33 
14 26 16 24 15 23 13 25 
15 13 16 14 17 13 16 12 
16 13 16 12 15 12 15 13 
17 28 15 30 16 31 18 29 
25 36 28 36 28 34 25 34 
26 35 25 34 24 35 25 36 
27 26 28 25 27 24 26 25 
27 28 28 29 30 27 29 26 
27 33 26 33 26 35 27 35 
29 25 30 25 30 24 29 24 
31 25 30 24 29 25 30 26 
