128
6 28 12 34 19 27 13 21 
10 28 13 31 15 29 12 26 
12 15 17 15 17 13 12 13 
12 19 12 20 14 20 14 19 
12 27 15 30 19 26 16 23 
12 29 13 30 16 27 15 26 
13 20 14 19 13 18 12 19 
13 29 13 30 15 30 15 29 
13 32 12 33 14 35 15 34 
14 16 15 17 17 15 16 14 
14 18 14 16 13 16 13 18 
14 22 17 22 17 20 14 20 
15 14 13 16 17 20 19 18 
15 23 16 23 16 21 15 21 
15 25 16 26 18 24 17 23 
15 33 12 33 12 34 15 34 
16 17 20 17 20 14 16 14 
16 18 15 17 14 18 15 19 
16 20 15 19 14 20 15 21 
16 25 15 25 15 26 16 26 
16 28 19 28 19 27 16 27 
16 29 16 32 18 32 18 29 
16 38 20 34 18 32 14 36 
17 17 20 20 22 18 19 15 
17 27 16 26 15 27 16 28 
17 35 18 34 16 32 15 33 
17 36 17 35 14 35 14 36 
18 13 18 15 19 15 19 13 
18 19 18 20 20 20 20 19 
18 21 17 20 16 21 17 22 
18 23 18 24 27 24 27 23 
19 16 20 17 24 13 23 12 
19 29 23 29 23 28 19 28 
19 30 19 34 20 34 20 30 
20 12 19 13 20 14 21 13 
20 18 22 18 22 17 20 17 
20 22 22 22 22 21 20 21 
20 25 20 22 19 22 19 25 
20 29 19 28 18 29 19 30 
20 32 22 34 24 32 22 30 
21 14 24 14 24 13 21 13 
21 18 22 19 23 18 22 17 
21 21 22 22 24 20 23 19 
21 24 19 22 18 23 20 25 
21 30 22 31 24 29 23 28 
21 31 22 31 22 30 21 30 
22 26 23 27 27 23 26 22 
22 28 23 29 24 28 23 27 
22 35 26 35 26 34 22 34 
22 38 24 36 22 34 20 36 
23 20 23 22 24 22 24 20 
23 26 23 22 22 22 22 26 
23 30 24 30 24 29 23 29 
23 38 26 35 22 31 19 34 
24 19 23 20 27 24 28 23 
24 26 26 26 26 22 24 22 
24 27 24 26 23 26 23 27 
25 15 28 15 28 12 25 12 
25 16 25 15 19 15 19 16 
25 17 26 17 26 16 25 16 
25 24 28 21 26 19 23 22 
25 33 26 34 28 32 27 31 
26 18 30 18 30 17 26 17 
26 25 25 24 23 26 24 27 
26 32 26 31 24 31 24 32 
26 39 30 35 26 31 22 35 
27 11 24 14 25 15 28 12 
27 14 25 16 26 17 28 15 
27 15 30 18 33 15 30 12 
27 17 26 16 25 17 26 18 
27 27 29 25 28 24 26 26 
27 28 29 30 30 29 28 27 
28 19 29 20 31 18 30 17 
28 20 28 21 29 21 29 20 
28 22 29 21 28 20 27 21 
28 25 29 25 29 24 28 24 
28 26 27 26 27 27 28 27 
28 31 28 28 27 28 27 31 
28 36 32 36 32 32 28 32 
29 29 34 24 33 23 28 28 
29 34 35 34 35 33 29 33 
29 39 29 35 26 35 26 39 
30 13 30 15 32 15 32 13 
30 21 30 22 32 22 32 21 
30 23 30 22 28 22 28 23 
30 25 29 25 29 29 30 29 
31 16 31 18 33 18 33 16 
31 20 32 21 33 20 32 19 
31 21 32 22 33 21 32 20 
31 22 30 23 35 28 36 27 
31 24 31 28 34 28 34 24 
32 27 31 28 34 31 35 30 
32 31 34 31 34 30 32 30 
33 14 32 15 33 16 34 15 
33 19 32 19 32 20 33 20 
33 29 34 30 35 29 34 28 
33 35 33 29 30 29 30 35 
34 14 33 14 33 15 34 15 
34 16 35 16 35 15 34 15 
34 17 33 16 32 17 33 18 
34 29 35 29 35 28 34 28 
34 35 35 36 36 35 35 34 
34 36 34 35 33 35 33 36 
35 13 34 14 35 15 36 14 
35 21 33 21 33 23 35 23 
36 22 32 22 32 27 36 27 
36 34 35 33 33 35 34 36 
37 21 36 20 35 21 36 22 
11 16 12 17 13 16 12 15 
13 38 16 38 16 32 13 32 
14 11 12 13 16 17 18 15 
15 18 16 18 16 17 15 17 
19 21 20 22 21 21 20 20 
20 35 20 36 22 36 22 35 
21 20 22 21 23 20 22 19 
21 27 19 29 20 30 22 28 
23 36 22 36 22 38 23 38 
24 18 23 18 23 19 24 19 
25 29 26 30 28 28 27 27 
26 29 26 30 29 30 29 29 
26 33 28 31 26 29 24 31 
26 36 29 39 32 36 29 33 
29 26 30 25 29 24 28 25 
30 20 31 20 31 18 30 18 
31 14 30 15 31 16 32 15 
35 35 36 35 36 34 35 34 
19 20 20 21 21 20 20 19 
31 11 27 11 27 14 31 14 
