117
11 25 12 26 16 22 15 21 
11 26 12 26 12 25 11 25 
11 29 13 31 16 28 14 26 
12 14 12 18 13 18 13 14 
12 20 13 20 13 19 12 19 
12 24 22 24 22 23 12 23 
12 27 14 27 14 26 12 26 
12 32 13 32 13 31 12 31 
13 21 15 21 15 20 13 20 
13 24 12 25 14 27 15 26 
13 34 12 35 13 36 14 35 
14 12 14 15 16 15 16 12 
14 13 13 14 14 15 15 14 
14 14 16 16 18 14 16 12 
14 19 17 16 16 15 13 18 
14 20 13 19 12 20 13 21 
14 21 15 20 14 19 13 20 
15 17 16 18 17 17 16 16 
15 19 17 19 17 17 15 17 
15 27 21 27 21 26 15 26 
15 28 12 31 13 32 16 29 
15 29 16 29 16 28 15 28 
15 35 16 34 13 31 12 32 
16 20 17 19 16 18 15 19 
16 21 16 22 17 22 17 21 
16 24 21 29 28 22 23 17 
16 35 17 36 19 34 18 33 
17 15 16 15 16 16 17 16 
17 24 14 21 13 22 16 25 
17 30 21 34 22 33 18 29 
17 34 17 36 19 36 19 34 
18 32 18 29 16 29 16 32 
19 15 19 17 23 17 23 15 
19 20 17 22 20 25 22 23 
19 21 23 21 23 20 19 20 
19 22 19 25 20 25 20 22 
19 23 21 25 22 24 20 22 
19 33 22 30 21 29 18 32 
20 16 19 17 23 21 24 20 
20 23 23 20 22 19 19 22 
20 26 21 27 22 26 21 25 
20 30 21 30 21 29 20 29 
20 36 21 36 21 35 20 35 
20 37 21 36 20 35 19 36 
21 33 22 33 22 30 21 30 
22 15 19 18 26 25 29 22 
22 34 26 30 25 29 21 33 
22 35 23 35 23 34 22 34 
22 36 23 35 22 34 21 35 
23 13 29 13 29 12 23 12 
23 18 29 18 29 17 23 17 
23 23 24 24 30 18 29 17 
23 28 25 30 28 27 26 25 
23 29 23 30 25 30 25 29 
24 16 25 16 25 15 24 15 
24 23 24 24 30 24 30 23 
24 26 24 24 22 24 22 26 
24 35 23 34 22 35 23 36 
24 36 24 35 23 35 23 36 
25 14 24 15 25 16 26 15 
25 17 26 16 25 15 24 16 
25 32 27 30 25 28 23 30 
25 35 25 36 26 36 26 35 
25 37 26 36 25 35 24 36 
26 17 25 16 23 18 24 19 
26 32 26 30 25 30 25 32 
26 37 27 36 26 35 25 36 
27 16 27 15 26 15 26 16 
27 31 26 32 27 33 28 32 
27 37 27 36 26 36 26 37 
28 19 31 19 31 15 28 15 
28 20 28 19 24 19 24 20 
28 26 32 30 34 28 30 24 
28 33 27 33 27 35 28 35 
29 16 35 16 35 13 29 13 
29 20 28 20 28 22 29 22 
29 24 31 26 32 25 30 23 
29 30 27 30 27 31 29 31 
29 33 30 34 33 31 32 30 
30 11 29 12 32 15 33 14 
30 12 29 13 31 15 32 14 
30 17 34 21 36 19 32 15 
30 19 29 18 28 19 29 20 
30 25 30 29 32 29 32 25 
30 27 32 29 33 28 31 26 
30 30 29 31 33 35 34 34 
31 21 34 21 34 19 31 19 
31 30 30 30 30 34 31 34 
32 11 28 15 29 16 33 12 
32 12 32 11 30 11 30 12 
33 11 32 12 34 14 35 13 
33 15 33 14 32 14 32 15 
33 27 33 28 34 28 34 27 
33 33 29 33 29 35 33 35 
33 38 36 35 31 30 28 33 
34 32 34 34 36 34 36 32 
35 11 33 11 33 12 35 12 
35 19 35 21 36 21 36 19 
35 25 35 21 34 21 34 25 
35 27 36 27 36 25 35 25 
35 29 32 29 32 30 35 30 
35 36 36 36 36 35 35 35 
36 18 36 17 33 17 33 18 
37 16 36 15 35 16 36 17 
37 17 34 14 33 15 36 18 
37 35 36 34 35 35 36 36 
38 19 36 17 34 19 36 21 
14 31 14 35 15 35 15 31 
19 32 18 32 18 33 19 33 
19 35 20 36 21 35 20 34 
19 37 20 37 20 36 19 36 
20 33 20 34 21 34 21 33 
22 27 20 29 21 30 23 28 
24 27 28 27 28 26 24 26 
24 37 25 37 25 36 24 36 
28 29 29 30 30 29 29 28 
33 21 35 19 33 17 31 19 
